-0 260 1
-0 260 1
-0 260 1
-0 260 1
-0 260 1
-0 260 1
-0 260 1
-0 260 1
-16.6036 245.567 1
-22.0518 241.166 1
-26.8116 237.502 1
-27.7785 237.101 1
-32.6401 233.569 1
-43.0435 225.762 1
-40.9766 227.986 1
-26.974 239.302 1
-26.355 240.14 1
-26.5273 240.371 1
-27.5066 240.015 1
-26.8658 240.837 1
-25.3937 242.219 1
-25.5479 242.441 1
-25.7002 242.665 1
-27.5182 241.786 1
-26.8375 242.572 1
-26.9885 242.806 1
-27.1375 243.043 1
-28.1371 242.758 1
-27.4294 243.519 1
-27.5721 243.759 1
-27.7128 244 1
-26.981 244.735 1
-27.9878 244.486 1
-28.1222 244.731 1
-29.1373 244.507 1
-31.0454 243.839 1
-30.2942 244.564 1
-30.4278 244.829 1
-30.559 245.095 1
-30.6879 245.363 1
-31.7208 245.208 1
-32.7586 245.071 1
-32.8876 245.357 1
-32.0971 246.044 1
-34.9792 245.152 1
-34.1835 245.841 1
-34.3058 246.14 1
-34.4255 246.439 1
-36.4096 246.024 1
-36.5302 246.342 1
-39.4671 245.635 1
-42.4189 244.979 1
-0 260 1
-0 260 1
-70.3782 237.133 1
-72.4825 237.146 1
-0 260 1
-0 260 1
-0 260 1
-0 260 1
-0 260 1
-0 260 1
-0 260 1
-0 260 1
-0 260 1
-0 260 1
-0 260 1
-0 260 1
-0 260 1
-0 260 1
-0 260 1
-0 260 1
-915.587 114.985 1
-938.576 119.729 1
-940.755 127.786 1
-937.907 136.522 1
-964.755 141.543 1
-967.739 149.74 1
-967.67 158.294 1
-974.493 166.167 1
-976.271 174.588 1
-986.948 182.326 1
-1005.54 189.686 1
-958.209 201.394 1
-878.794 213.944 1
-868.173 222.095 1
-981.402 225.729 1
-986.662 234.164 1
-1018.84 242.216 1
-987.962 251.378 1
-987 260 1
-874.967 267.636 1
-937.857 276.37 1
-947.675 284.816 1
-931.432 292.526 1
-900.142 299.301 1
-933.719 308.934 1
-944.236 317.752 1
-942.698 325.92 1
-919.158 332.339 1
-937.419 342.014 1
-949.608 351.437 1
-952.752 360.138 1
-947.868 367.996 1
-953.837 377.117 1
-954.761 385.697 1
-960.56 394.998 1
-955.389 402.784 1
-948.181 410.177 1
-942.889 417.786 1
-922.765 422.708 1
-1060.93 456.632 1
-1061.14 466.265 1
-1080.86 479.903 1
-1090.63 491.822 1
-0 260 1
-0 260 1
-0 260 1
-0 260 1
-0 260 1
-0 260 1
-0 260 1
-0 260 1
-0 260 1
-0 260 1
-0 260 1
-0 260 1
-0 260 1
-0 260 1
-0 260 1
-0 260 1
-0 260 1
-0 260 1
-0 260 1
-0 260 1
-0 260 1
-0 260 1
-0 260 1
-0 260 1
-0 260 1
-0 260 1
-0 260 1
-0 260 1
-0 260 1
-0 260 1
-0 260 1
-0 260 1
-0 260 1
-0 260 1
-0 260 1
-0 260 1
-0 260 1
-0 260 1
-0 260 1
-0 260 1
-0 260 1
-0 260 1
-0 260 1
-0 260 1
-0 260 1
-0 260 1
-0 260 1
-0 260 1
-0 260 1
-0 260 1
-0 260 1
-0 260 1
-0 260 1
-0 260 1
-0 260 1
-0 260 1
-0 260 1
-0 260 1
-0 260 1
-0 260 1
-0 260 1
-0 260 1
-0 260 1
-0 260 1
-0 260 1
-0 260 1
-0 260 1
-0 260 1
-0 260 1
-0 260 1
-0 260 1
-0 260 1
-0 260 1
-0 260 1
-0 260 1
-0 260 1
-0 260 1
-0 260 1
-0 260 1
-0 260 1
-0 260 1
-0 260 1
-0 260 1
-0 260 1
-0 260 1
-0 260 1
-0 260 1
-0 260 1
-0 260 1
-0 260 1
-0 260 1
-0 260 1
-0 260 1
-0 260 1
-0 260 1
-0 260 1
-0 260 1
-0 260 1
-0 260 1
-0 260 1
-0 260 1
-0 260 1
-0 260 1
-0 260 1
-0 260 1
-0 260 1
-0 260 1
-0 260 1
-0 260 1
-0 260 1
-0 260 1
-0 260 1
-0 260 1
-0 260 1
-0 260 1
-0 260 1
-0 260 1
-0 260 1
-0 260 1
-0 260 1
-0 260 1
-0 260 1
-0 260 1
-0 260 1
-0 260 1
-0 260 1
-0 260 1
-0 260 1
-0 260 1
-0 260 1
-0 260 1
-0 260 1
-0 260 1
-0 260 1
-0 260 1
-0 260 1
-0 260 1
-0 260 1
-0 260 1
-0 260 1
-0 260 1
-0 260 1
-0 260 1
-0 260 1
-0 260 1
-0 260 1
-0 260 1
-0 260 1
-0 260 1
-0 260 1
0 260 1
0 260 1
0 260 1
0 260 1
0 260 1
0 260 1
0 260 1
0 260 1
0 260 1
0 260 1
0 260 1
0 260 1
0 260 1
0 260 1
0 260 1
0 260 1
0 260 1
0 260 1
0 260 1
0 260 1
0 260 1
0 260 1
0 260 1
0 260 1
0 260 1
0 260 1
0 260 1
0 260 1
0 260 1
0 260 1
0 260 1
0 260 1
0 260 1
0 260 1
0 260 1
0 260 1
0 260 1
0 260 1
0 260 1
0 260 1
0 260 1
0 260 1
0 260 1
0 260 1
0 260 1
0 260 1
0 260 1
0 260 1
0 260 1
0 260 1
0 260 1
0 260 1
0 260 1
0 260 1
0 260 1
0 260 1
0 260 1
0 260 1
0 260 1
0 260 1
0 260 1
0 260 1
0 260 1
0 260 1
0 260 1
0 260 1
0 260 1
0 260 1
0 260 1
0 260 1
0 260 1
0 260 1
0 260 1
0 260 1
0 260 1
0 260 1
0 260 1
0 260 1
0 260 1
0 260 1
0 260 1
0 260 1
0 260 1
0 260 1
0 260 1
0 260 1
0 260 1
0 260 1
0 260 1
0 260 1
0 260 1
0 260 1
0 260 1
0 260 1
0 260 1
0 260 1
0 260 1
0 260 1
0 260 1
0 260 1
0 260 1
0 260 1
0 260 1
0 260 1
0 260 1
0 260 1
0 260 1
0 260 1
0 260 1
0 260 1
0 260 1
0 260 1
0 260 1
0 260 1
0 260 1
0 260 1
0 260 1
0 260 1
0 260 1
0 260 1
0 260 1
0 260 1
0 260 1
0 260 1
0 260 1
0 260 1
0 260 1
0 260 1
0 260 1
0 260 1
0 260 1
0 260 1
0 260 1
0 260 1
0 260 1
0 260 1
0 260 1
0 260 1
0 260 1
0 260 1
0 260 1
0 260 1
0 260 1
0 260 1
0 260 1
0 260 1
0 260 1
0 260 1
0 260 1
0 260 1
0 260 1
0 260 1
0 260 1
0 260 1
0 260 1
0 260 1
0 260 1
0 260 1
0 260 1
0 260 1
0 260 1
0 260 1
0 260 1
0 260 1
0 260 1
0 260 1
0 260 1
0 260 1
0 260 1
0 260 1
0 260 1
1148.45 350.385 1
1150.19 340.429 1
348.349 281.306 1
346.524 278.161 1
351.665 275.354 1
354.784 272.389 1
356.878 269.345 1
361.945 266.318 1
362.986 263.168 1
368 260 1
373.986 256.736 1
372.943 253.49 1
365.875 250.419 1
361.779 247.366 1
374.643 243.643 1
385.471 239.798 1
394.263 235.886 1
396.033 232.307 1
394.779 228.93 1
391.505 225.748 1
386.214 222.812 1
366.979 221.429 1
353.712 219.7 1
342.428 217.955 1
341.057 215.099 1
362.438 209.063 1
343.189 208.71 1
1187.77 39.8595 1
1145.56 37.3259 1
1124.95 31.1256 1
1074.98 31.5051 1
0 260 1
0 260 1
0 260 1
0 260 1
0 260 1
0 260 1
0 260 1
0 260 1
0 260 1
70.7666 238.364 1
70.5751 237.748 1
0 260 1
0 260 1
0 260 1
39.5909 245.98 1
37.5877 246.319 1
37.4669 245.992 1
35.4761 246.382 1
35.3559 246.073 1
36.1602 245.39 1
34.1835 245.841 1
34.9792 245.152 1
33.0142 245.645 1
33.8012 244.951 1
32.7586 245.071 1
31.7208 245.208 1
33.3957 244.071 1
33.2554 243.78 1
33.1126 243.491 1
31.1852 244.11 1
31.0454 243.839 1
30.9032 243.568 1
29.001 244.254 1
29.7371 243.516 1
28.7217 243.75 1
28.5788 243.5 1
28.4338 243.251 1
29.1437 242.489 1
28.9898 242.235 1
29.6817 241.453 1
27.8319 242.269 1
28.5148 241.482 1
28.3521 241.234 1
26.5292 242.106 1
26.372 241.875 1
27.032 241.072 1
26.0517 241.418 1
24.2705 242.366 1
24.1157 242.155 1
23.9591 241.946 1
36.4943 231.997 1
40.9766 227.986 1
33.6522 233.232 1
26.423 238.603 1
26.2352 238.373 1
22.9813 240.716 1
0 260 1
0 260 1
0 260 1
0 260 1
0 260 1
0 260 1
0 260 1
0 260 1
0 260 1
0 260 1
0 260 1
