-0 260 37
-0 260 37
-0 260 37
-0 260 37
-0 260 37
-0 260 37
-0 260 37
-0 260 37
-16.6036 245.567 37
-22.8122 240.517 37
-26.0455 238.145 37
-27.0069 237.737 37
-34.1944 232.31 37
-43.8261 225.139 37
-41.7646 227.37 37
-28.5607 238.085 37
-26.355 240.14 37
-27.3311 239.776 37
-25.8885 241.191 37
-26.8658 240.837 37
-26.2129 241.646 37
-25.5479 242.441 37
-26.5292 242.106 37
-26.6843 242.338 37
-27.6761 242.027 37
-26.9885 242.806 37
-27.9856 242.513 37
-28.1371 242.758 37
-27.4294 243.519 37
-28.4338 243.251 37
-28.5788 243.5 37
-28.7217 243.75 37
-27.9878 244.486 37
-29.8798 243.777 37
-30.0202 244.038 37
-31.0454 243.839 37
-29.4032 245.018 37
-29.5328 245.275 37
-30.559 245.095 37
-31.5905 244.932 37
-31.7208 245.208 37
-32.7586 245.071 37
-33.8012 244.951 37
-33.0142 245.645 37
-34.9792 245.152 37
-34.1835 245.841 37
-35.233 245.765 37
-35.3559 246.073 37
-36.4096 246.024 37
-37.4669 245.992 37
-40.4068 245.293 37
-0 260 37
-0 260 37
-0 260 37
-72.2803 236.515 37
-71.5288 237.447 37
-0 260 37
-0 260 37
-0 260 37
-0 260 37
-0 260 37
-0 260 37
-0 260 37
-0 260 37
-0 260 37
-0 260 37
-0 260 37
-0 260 37
-0 260 37
-0 260 37
-0 260 37
-578.95 163.117 37
-581.748 167.86 37
-890.114 126.972 37
-901.144 133.353 37
-906.181 140.699 37
-911.157 148.124 37
-919.054 155.287 37
-910.982 164.252 37
-905.811 172.781 37
-908.53 180.514 37
-906.198 188.681 37
-912.771 196.173 37
-911.297 204.263 37
-901.762 212.741 37
-902.141 220.612 37
-906.447 228.346 37
-905.69 236.284 37
-904.862 244.206 37
-903.966 252.111 37
-909 260 37
-919.965 268.029 37
-920.86 276.074 37
-938.678 284.58 37
-978.404 294.167 37
-1172.39 321.443 37
-1176.8 331.976 37
-1182.11 342.662 37
-1188.33 353.523 37
-1191.45 364.238 37
-1195.47 375.111 37
-0 260 37
-0 260 37
-1056.36 474.919 37
-1035.86 480.179 37
-0 260 37
-0 260 37
-0 260 37
-0 260 37
-0 260 37
-0 260 37
-0 260 37
-0 260 37
-0 260 37
-0 260 37
-0 260 37
-0 260 37
-0 260 37
-0 260 37
-0 260 37
-0 260 37
-0 260 37
-0 260 37
-0 260 37
-0 260 37
-0 260 37
-0 260 37
-0 260 37
-0 260 37
-0 260 37
-0 260 37
-0 260 37
-0 260 37
-0 260 37
-0 260 37
-0 260 37
-0 260 37
-0 260 37
-0 260 37
-0 260 37
-0 260 37
-0 260 37
-0 260 37
-0 260 37
-0 260 37
-0 260 37
-0 260 37
-0 260 37
-0 260 37
-0 260 37
-0 260 37
-0 260 37
-0 260 37
-0 260 37
-0 260 37
-0 260 37
-0 260 37
-0 260 37
-0 260 37
-0 260 37
-0 260 37
-0 260 37
-0 260 37
-0 260 37
-0 260 37
-0 260 37
-0 260 37
-0 260 37
-0 260 37
-0 260 37
-0 260 37
-0 260 37
-0 260 37
-0 260 37
-0 260 37
-0 260 37
-0 260 37
-0 260 37
-0 260 37
-0 260 37
-0 260 37
-0 260 37
-0 260 37
-0 260 37
-0 260 37
-0 260 37
-0 260 37
-0 260 37
-0 260 37
-0 260 37
-0 260 37
-0 260 37
-0 260 37
-0 260 37
-0 260 37
-0 260 37
-0 260 37
-0 260 37
-0 260 37
-0 260 37
-0 260 37
-0 260 37
-0 260 37
-0 260 37
-0 260 37
-0 260 37
-0 260 37
-0 260 37
-0 260 37
-0 260 37
-0 260 37
-0 260 37
-0 260 37
-0 260 37
-0 260 37
-0 260 37
-0 260 37
-0 260 37
-0 260 37
-0 260 37
-0 260 37
-0 260 37
-0 260 37
-0 260 37
-0 260 37
-0 260 37
-0 260 37
-0 260 37
-0 260 37
-0 260 37
-0 260 37
-0 260 37
-0 260 37
-0 260 37
-0 260 37
0 260 37
0 260 37
0 260 37
0 260 37
0 260 37
0 260 37
0 260 37
0 260 37
0 260 37
0 260 37
0 260 37
0 260 37
0 260 37
0 260 37
0 260 37
0 260 37
0 260 37
0 260 37
0 260 37
0 260 37
0 260 37
0 260 37
0 260 37
0 260 37
0 260 37
0 260 37
0 260 37
0 260 37
0 260 37
0 260 37
0 260 37
0 260 37
0 260 37
0 260 37
0 260 37
0 260 37
0 260 37
0 260 37
0 260 37
0 260 37
0 260 37
0 260 37
0 260 37
0 260 37
0 260 37
0 260 37
0 260 37
0 260 37
0 260 37
0 260 37
0 260 37
0 260 37
0 260 37
0 260 37
0 260 37
0 260 37
0 260 37
0 260 37
0 260 37
0 260 37
0 260 37
0 260 37
0 260 37
0 260 37
0 260 37
0 260 37
0 260 37
0 260 37
0 260 37
0 260 37
0 260 37
0 260 37
0 260 37
0 260 37
0 260 37
0 260 37
0 260 37
0 260 37
0 260 37
0 260 37
0 260 37
0 260 37
0 260 37
0 260 37
0 260 37
0 260 37
0 260 37
0 260 37
0 260 37
0 260 37
0 260 37
0 260 37
0 260 37
0 260 37
0 260 37
0 260 37
0 260 37
0 260 37
0 260 37
0 260 37
0 260 37
0 260 37
0 260 37
0 260 37
0 260 37
0 260 37
0 260 37
0 260 37
0 260 37
0 260 37
0 260 37
0 260 37
0 260 37
0 260 37
0 260 37
0 260 37
0 260 37
0 260 37
0 260 37
0 260 37
0 260 37
0 260 37
0 260 37
0 260 37
0 260 37
0 260 37
0 260 37
0 260 37
0 260 37
0 260 37
0 260 37
0 260 37
0 260 37
0 260 37
0 260 37
0 260 37
0 260 37
0 260 37
0 260 37
0 260 37
0 260 37
0 260 37
0 260 37
0 260 37
0 260 37
0 260 37
0 260 37
0 260 37
0 260 37
0 260 37
0 260 37
0 260 37
0 260 37
0 260 37
0 260 37
0 260 37
0 260 37
0 260 37
0 260 37
0 260 37
0 260 37
803.823 394.514 37
814.843 389.058 37
0 260 37
0 260 37
435.244 317.301 37
458.556 316.304 37
453.069 311.621 37
0 260 37
0 260 37
0 260 37
774.605 320.963 37
733.21 311.271 37
756.586 306.275 37
781.927 300.979 37
722.312 291.537 37
696.575 284.325 37
682.766 277.879 37
691.895 272.077 37
724.972 266.327 37
715 260 37
482.982 255.785 37
469.928 251.797 37
475.837 247.54 37
436.734 244.749 37
412.607 241.985 37
421.422 237.914 37
421.213 234.238 37
446.909 228.749 37
873.3 191.27 37
431.352 222.262 37
426.03 218.978 37
857.278 169.896 37
856.459 162.419 37
450.572 196.676 37
444.068 193.634 37
432.607 191.482 37
422.13 189.36 37
418.543 186.2 37
410.017 184.008 37
1109.24 44.3858 37
1086.74 38.901 37
1033.9 40.2374 37
980.201 42.6946 37
0 260 37
0 260 37
0 260 37
0 260 37
0 260 37
0 260 37
0 260 37
0 260 37
72.6792 237.78 37
71.5288 237.447 37
0 260 37
0 260 37
0 260 37
39.5909 245.98 37
38.5274 245.977 37
37.4669 245.992 37
37.3432 245.665 37
35.3559 246.073 37
36.1602 245.39 37
35.1074 245.458 37
34.9792 245.152 37
33.9312 245.246 37
32.8876 245.357 37
31.8486 245.486 37
32.6271 244.786 37
33.3957 244.071 37
33.2554 243.78 37
33.1126 243.491 37
32.9672 243.202 37
31.9324 243.377 37
30.9032 243.568 37
30.7586 243.299 37
29.7371 243.516 37
29.5921 243.258 37
27.7128 244 37
28.4338 243.251 37
29.1437 242.489 37
29.8424 241.713 37
28.8336 241.983 37
28.6753 241.732 37
28.5148 241.482 37
28.3521 241.234 37
27.3582 241.547 37
26.372 241.875 37
25.3937 242.219 37
26.8658 240.837 37
25.8885 241.191 37
24.9196 241.56 37
24.7577 241.344 37
35.7009 232.606 37
40.1885 228.601 37
34.4348 232.609 37
26.423 238.603 37
26.2352 238.373 37
23.7474 240.074 37
0 260 37
0 260 37
0 260 37
0 260 37
0 260 37
0 260 37
0 260 37
0 260 37
0 260 37
0 260 37
0 260 37
