-0 260 156
-0 260 156
-0 260 156
-0 260 156
-0 260 156
-0 260 156
-0 260 156
-0 260 156
-15.8489 246.223 156
-22.8122 240.517 156
-26.0455 238.145 156
-28.5501 236.465 156
-33.4173 232.939 156
-40.6956 227.629 156
-41.7646 227.37 156
-27.7674 238.693 156
-27.1536 239.538 156
-27.3311 239.776 156
-27.5066 240.015 156
-26.0517 241.418 156
-25.3937 242.219 156
-26.372 241.875 156
-25.7002 242.665 156
-27.5182 241.786 156
-25.9988 243.116 156
-27.8319 242.269 156
-27.1375 243.043 156
-28.1371 242.758 156
-29.1437 242.489 156
-28.4338 243.251 156
-28.5788 243.5 156
-28.7217 243.75 156
-27.9878 244.486 156
-29.001 244.254 156
-30.0202 244.038 156
-30.1584 244.301 156
-31.1852 244.11 156
-30.4278 244.829 156
-31.4578 244.657 156
-31.5905 244.932 156
-31.7208 245.208 156
-31.8486 245.486 156
-33.8012 244.951 156
-33.9312 245.246 156
-34.0587 245.543 156
-35.1074 245.458 156
-35.233 245.765 156
-35.3559 246.073 156
-38.2768 245.307 156
-38.4036 245.642 156
-40.4068 245.293 156
-0 260 156
-0 260 156
-0 260 156
-71.3292 236.824 156
-70.5751 237.748 156
-0 260 156
-0 260 156
-0 260 156
-0 260 156
-0 260 156
-0 260 156
-0 260 156
-0 260 156
-0 260 156
-0 260 156
-0 260 156
-0 260 156
-0 260 156
-0 260 156
-0 260 156
-0 260 156
-715.086 146.742 156
-717.037 152.838 156
-716.954 159.239 156
-718.798 165.369 156
-717.611 171.889 156
-718.352 178.154 156
-720.034 184.322 156
-719.671 190.704 156
-721.245 196.899 156
-720.771 203.274 156
-719.244 209.706 156
-720.653 215.923 156
-721.011 222.214 156
-720.314 228.551 156
-719.561 234.872 156
-720.753 241.127 156
-719.89 247.434 156
-718.973 253.726 156
-720 260 156
-718.973 266.274 156
-718.89 272.548 156
-718.754 278.821 156
-717.563 285.058 156
-717.317 291.319 156
-717.016 297.577 156
-716.661 303.833 156
-714.256 309.946 156
-713.793 316.177 156
-712.279 322.316 156
-711.708 328.53 156
-711.083 334.738 156
-710.404 340.94 156
-709.67 347.137 156
-706.9 353.065 156
-706.061 359.231 156
-704.179 365.24 156
-703.234 371.381 156
-701.249 377.349 156
-700.198 383.464 156
-699.094 389.57 156
-695.974 395.284 156
-694.767 401.352 156
-692.528 407.202 156
-690.241 413.023 156
-688.88 419.04 156
-685.521 424.579 156
-685.029 430.797 156
-681.576 436.268 156
-680.012 442.209 156
-676.469 447.601 156
-674.806 453.498 156
-672.133 459.095 156
-669.413 464.66 156
-667.602 470.494 156
-663.837 475.694 156
-660.982 481.161 156
-659.026 486.921 156
-656.078 492.33 156
-653.086 497.704 156
-650.05 503.044 156
-646.971 508.349 156
-642.919 513.252 156
-640.684 518.853 156
-637.477 524.052 156
-634.228 529.214 156
-630.02 533.941 156
-624.865 538.208 156
-624.233 544.48 156
-620.821 549.494 156
-617.368 554.47 156
-612.978 558.969 156
-609.45 563.861 156
-606.775 569.168 156
-602.28 573.527 156
-599.521 578.771 156
-594.959 583.037 156
-591.243 587.731 156
-587.49 592.386 156
-581.969 596 156
-580.738 602.081 156
-576.016 606.106 156
-572.974 611.119 156
-568.192 615.046 156
-564.229 619.454 156
-560.232 623.819 156
-555.368 627.59 156
-551.31 631.863 156
-548.044 636.66 156
-542.279 639.708 156
-538.944 644.425 156
-533.951 647.938 156
-529.742 651.988 156
-525.502 655.994 156
-521.233 659.956 156
-516.147 663.258 156
-511.043 666.502 156
-505.922 669.688 156
-503.099 674.723 156
-497.929 677.812 156
-492.743 680.842 156
-487.542 683.814 156
-483.825 688.053 156
-478.585 690.92 156
-474.807 695.08 156
-468.066 696.479 156
-463.514 699.859 156
-459.658 703.887 156
-455.054 707.18 156
-449.72 709.72 156
-445.077 712.914 156
-439.719 715.342 156
-434.352 717.711 156
-428.977 720.022 156
-423.595 722.273 156
-418.207 724.466 156
-414.8 728.846 156
-410.037 731.694 156
-404.606 733.733 156
-399.814 736.48 156
-394.368 738.407 156
-388.92 740.276 156
-382.846 741.304 156
-378.632 744.627 156
-372.562 745.532 156
-368.311 748.765 156
-363.437 751.157 156
-357.961 752.691 156
-353.067 754.982 156
-347.587 756.406 156
-341.543 756.948 156
-336.634 759.081 156
-331.162 760.332 156
-326.783 763.202 156
-320.768 763.505 156
-315.302 764.589 156
-310.364 766.468 156
-296.662 753.728 156
-282.699 739.927 156
-278 741.51 156
-272.31 741.307 156
-270.039 747.163 156
-276.752 769.714 156
-273.702 774.758 156
-268.738 776.24 156
-263.768 777.675 156
-257.902 777.272 156
-252.502 777.705 156
-247.544 778.987 156
-242.16 779.314 156
-236.79 779.588 156
-231.84 780.721 156
-226.489 780.89 156
-221.545 781.926 156
-216.216 781.992 156
-210.903 782.005 156
-205.607 781.964 156
-200.686 782.805 156
-195.416 782.663 156
-190.163 782.469 156
-185.263 783.166 156
-180.039 782.872 156
-174.835 782.526 156
-169.959 783.081 156
-165.087 783.591 156
-160.22 784.055 156
-154.788 782.557 156
-149.671 781.965 156
-145.11 783.251 156
-139.762 781.6 156
-134.955 781.832 156
-130.154 782.019 156
-125.36 782.163 156
-120.349 781.288 156
-115.579 781.342 156
-110.609 780.375 156
-105.864 780.34 156
-100.938 779.281 156
-96.4025 780.142 156
-91.3389 778.009 156
-86.6499 777.8 156
-81.9716 777.549 156
-77.1565 776.266 156
-72.37 774.939 156
-67.7431 774.56 156
-63.0064 773.146 156
-58.526 773.677 156
-53.7276 771.184 156
-49.1688 770.638 156
-44.6237 770.052 156
-40.0926 769.425 156
-35.506 767.76 156
-30.9516 766.054 156
-26.5343 766.305 156
-21.9841 763.52 156
-17.4846 760.695 156
-13.1408 761.828 156
-8.72617 759.924 156
-4.36323 759.981 156
3.7598e-05 758 156
4.3284 755.981 156
8.63898 754.925 156
12.9314 753.831 156
17.1706 751.7 156
21.3735 749.534 156
25.5923 748.33 156
29.7917 747.09 156
33.9017 744.816 156
38.1312 744.502 156
42.2706 743.154 156
46.2935 740.776 156
50.3828 739.36 156
54.1112 734.927 156
58.1317 733.445 156
62.261 732.919 156
66.2464 731.368 156
70.3573 730.772 156
74.15 728.164 156
78.0675 726.513 156
81.962 724.829 156
85.4685 721.147 156
89.2986 719.402 156
93.1049 717.625 156
96.8869 715.817 156
100.644 713.978 156
104.377 712.108 156
107.852 709.235 156
111.526 707.306 156
114.924 704.38 156
118.539 702.394 156
122.128 700.379 156
125.139 696.413 156
128.375 693.387 156
132.152 692.25 156
136.22 692.034 156
139.367 688.926 156
142.787 686.746 156
145.855 683.592 156
148.878 680.418 156
152.541 679.103 156
156.193 677.756 156
159.474 675.443 156
161.994 671.245 156
165.576 669.815 156
168.763 667.431 156
171.14 663.181 156
175.051 662.589 156
178.151 660.133 156
181.221 657.653 156
183.839 654.244 156
186.842 651.722 156
189.815 649.178 156
193.65 648.402 156
195.67 644.024 156
198.09 640.528 156
200.934 637.902 156
204.701 637.013 156
206.529 632.588 156
209.772 630.772 156
213 628.927 156
215.196 625.331 156
217.861 622.582 156
220.494 619.814 156
222.566 616.18 156
225.666 614.224 156
228.748 612.242 156
231.814 610.232 156
233.743 606.538 156
236.191 603.661 156
238.608 600.767 156
240.411 597.044 156
243.343 594.933 156
246.851 593.601 156
247.948 589.038 156
250.81 586.862 156
253.653 584.66 156
255.231 580.869 156
257.392 577.853 156
260.156 575.594 156
261.615 571.78 156
264.975 570.246 156
265.704 565.657 156
269.024 564.076 156
270.998 560.974 156
272.938 557.86 156
274.163 554.004 156
276.03 550.875 156
279.947 549.894 156
279.663 544.587 156
280.721 540.721 156
283.874 538.962 156
286.297 536.474 156
286.523 531.9 156
288.885 529.389 156
291.225 526.858 156
292.799 523.637 156
295.089 521.072 156
295.846 517.175 156
298.84 515.233 156
300.289 511.973 156
302.477 509.343 156
303.087 505.435 156
305.217 502.781 156
307.324 500.108 156
307.821 496.199 156
311.468 494.708 156
311.093 490.196 156
313.899 488.061 156
315.877 485.313 156
317.012 481.974 156
318.113 478.633 156
320.838 476.408 156
321.046 472.496 156
321.211 468.597 156
323.019 465.786 156
326.499 464.019 156
327.414 460.639 156
328.295 457.26 156
329.142 453.88 156
331.688 451.5 156
331.606 447.613 156
333.23 444.712 156
333.951 441.32 156
337.286 439.338 156
337.951 435.926 156
338.582 432.516 156
338.285 428.663 156
340.643 426.143 156
342.08 423.164 156
342.584 419.75 156
342.145 415.925 156
345.32 413.746 156
345.732 410.328 156
347.951 407.696 156
346.455 403.506 156
348.621 400.852 156
349.837 397.804 156
350.093 394.388 156
352.189 391.678 156
353.324 388.6 156
350.663 384.176 156
352.678 381.437 156
353.725 378.355 156
354.744 375.263 156
355.736 372.163 156
356.702 369.055 156
354.763 365.086 156
357.589 362.537 156
358.471 359.413 156
359.324 356.281 156
361.119 353.392 156
360.95 349.995 156
360.749 346.608 156
361.491 343.457 156
362.206 340.299 156
361.915 336.927 156
362.572 333.766 156
364.184 330.79 156
364.788 327.609 156
363.394 324.076 156
364.926 321.068 156
366.432 318.037 156
363.958 314.394 156
364.419 311.216 156
367.826 308.425 156
366.25 304.97 156
366.628 301.772 156
366.979 298.571 156
367.301 295.367 156
368.592 292.248 156
366.866 288.873 156
367.104 285.67 156
368.312 282.527 156
367.496 279.26 156
370.647 276.183 156
369.775 272.913 156
369.873 269.685 156
369.944 266.457 156
368.986 263.22 156
370 260 156
369.986 256.771 156
368.944 253.56 156
369.873 250.315 156
369.775 247.087 156
368.649 243.904 156
369.493 240.636 156
370.308 237.351 156
367.104 234.33 156
369.856 230.892 156
366.6 227.927 156
370.287 224.345 156
368.968 221.22 156
369.609 217.888 156
368.235 214.786 156
367.826 211.575 156
368.38 208.228 156
366.925 205.163 156
365.445 202.119 156
365.912 198.767 156
366.348 195.403 156
364.788 192.391 156
364.184 189.21 156
364.532 185.835 156
361.915 183.073 156
361.23 179.917 156
0 260 156
0 260 156
0 260 156
0 260 156
0 260 156
0 260 156
0 260 156
0 260 156
72.6792 237.78 156
72.4825 237.146 156
0 260 156
0 260 156
0 260 156
40.5336 245.646 156
37.5877 246.319 156
36.5302 246.342 156
36.4096 246.024 156
36.2863 245.706 156
35.233 245.765 156
35.1074 245.458 156
34.9792 245.152 156
33.9312 245.246 156
33.8012 244.951 156
32.7586 245.071 156
32.6271 244.786 156
34.2982 243.641 156
33.2554 243.78 156
33.1126 243.491 156
32.0762 243.656 156
31.0454 243.839 156
30.9032 243.568 156
29.8798 243.777 156
28.8625 244.001 156
29.5921 243.258 156
27.7128 244 156
28.4338 243.251 156
30.0009 241.974 156
29.8424 241.713 156
27.9856 242.513 156
28.6753 241.732 156
29.3535 240.938 156
28.3521 241.234 156
26.5292 242.106 156
27.1962 241.309 156
26.2129 241.646 156
26.0517 241.418 156
25.8885 241.191 156
25.7234 240.966 156
24.7577 241.344 156
34.9075 233.214 156
41.7646 227.37 156
34.4348 232.609 156
26.423 238.603 156
26.2352 238.373 156
22.9813 240.716 156
0 260 156
0 260 156
0 260 156
0 260 156
0 260 156
0 260 156
0 260 156
0 260 156
0 260 156
0 260 156
0 260 156
