-0 260 70
-0 260 70
-0 260 70
-0 260 70
-0 260 70
-0 260 70
-0 260 70
-0 260 70
-16.6036 245.567 70
-22.8122 240.517 70
-26.0455 238.145 70
-25.4636 239.009 70
-33.4173 232.939 70
-43.8261 225.139 70
-40.1886 228.601 70
-26.974 239.302 70
-26.355 240.14 70
-27.3311 239.776 70
-27.5066 240.015 70
-26.0517 241.418 70
-26.2129 241.646 70
-24.7238 243.008 70
-26.5292 242.106 70
-27.5182 241.786 70
-26.8375 242.572 70
-26.9885 242.806 70
-27.1375 243.043 70
-27.2845 243.28 70
-28.2865 243.004 70
-27.5721 243.759 70
-27.7128 244 70
-26.981 244.735 70
-28.8625 244.001 70
-28.1222 244.731 70
-30.0202 244.038 70
-31.0454 243.839 70
-30.2942 244.564 70
-30.4278 244.829 70
-30.559 245.095 70
-30.6879 245.363 70
-31.7208 245.208 70
-30.9387 245.9 70
-32.8876 245.357 70
-33.9312 245.246 70
-34.0587 245.543 70
-33.2597 246.223 70
-34.3058 246.14 70
-34.4255 246.439 70
-36.4096 246.024 70
-36.5302 246.342 70
-39.4671 245.635 70
-0 260 70
-0 260 70
-0 260 70
-70.3782 237.133 70
-70.5751 237.748 70
-0 260 70
-70.9527 238.983 70
-0 260 70
-0 260 70
-0 260 70
-0 260 70
-0 260 70
-0 260 70
-0 260 70
-0 260 70
-0 260 70
-0 260 70
-0 260 70
-0 260 70
-0 260 70
-0 260 70
-701.259 148.932 70
-702.201 155.055 70
-703.09 161.187 70
-702.934 167.457 70
-703.715 173.595 70
-703.449 179.852 70
-704.122 185.994 70
-704.741 192.141 70
-705.306 198.294 70
-705.817 204.451 70
-705.278 210.682 70
-705.681 216.839 70
-706.031 222.999 70
-705.328 229.205 70
-705.57 235.361 70
-705.758 241.519 70
-704.893 247.696 70
-703.973 253.857 70
-705 260 70
-705.973 266.161 70
-702.893 272.269 70
-702.759 278.402 70
-703.571 284.569 70
-703.33 290.708 70
-702.037 296.792 70
-700.691 302.856 70
-700.29 308.969 70
-698.839 315 70
-697.336 321.009 70
-695.782 326.996 70
-696.165 333.17 70
-694.507 339.129 70
-693.79 345.187 70
-691.037 350.977 70
-690.217 357.004 70
-689.344 363.023 70
-688.419 369.035 70
-685.468 374.708 70
-684.441 380.686 70
-683.362 386.654 70
-681.249 392.422 70
-680.068 398.361 70
-677.856 404.083 70
-674.621 409.56 70
-673.29 415.441 70
-670.935 421.077 70
-668.534 426.684 70
-667.054 432.512 70
-664.557 438.068 70
-662.978 443.86 70
-660.387 449.363 70
-656.791 454.551 70
-654.112 459.982 70
-651.389 465.382 70
-649.572 471.059 70
-646.757 476.402 70
-642.953 481.386 70
-640.054 486.655 70
-638.051 492.232 70
-636 497.791 70
-632.034 502.615 70
-628.962 507.755 70
-625.849 512.86 70
-621.771 517.546 70
-619.5 522.962 70
-615.347 527.561 70
-612.075 532.514 70
-609.674 537.845 70
-607.226 543.154 70
-602.927 547.581 70
-598.597 551.955 70
-596.026 557.168 70
-591.628 561.45 70
-588.975 566.601 70
-585.394 571.26 70
-581.777 575.879 70
-577.249 579.974 70
-574.435 585 70
-570.711 589.5 70
-566.09 593.453 70
-563.159 598.38 70
-557.627 601.714 70
-553.775 606.037 70
-550.735 610.857 70
-546.813 615.105 70
-541.192 618.207 70
-538.874 623.475 70
-534.858 627.598 70
-529.991 631.104 70
-525.104 634.553 70
-521.816 639.122 70
-516.88 642.471 70
-511.925 645.763 70
-499.813 643.52 70
-472.018 628.781 70
-463.304 628.529 70
-465.51 636.963 70
-483.809 658.821 70
-487.97 669.456 70
-482.097 671.75 70
-477.731 675.285 70
-473.34 678.776 70
-468.924 682.221 70
-464.485 685.622 70
-460.021 688.977 70
-454.81 691.598 70
-449.587 694.162 70
-445.068 697.367 70
-440.527 700.528 70
-435.265 702.929 70
-431.383 706.71 70
-426.091 709.007 70
-422.157 712.708 70
-416.839 714.9 70
-411.515 717.034 70
-407.511 720.608 70
-401.508 721.882 70
-396.813 724.608 70
-390.815 725.755 70
-386.736 729.148 70
-382.627 732.505 70
-377.866 735.043 70
-373.091 737.535 70
-367.692 739.185 70
-362.293 740.779 70
-356.894 742.314 70
-353.259 746.219 70
-346.68 746.027 70
-342.425 749.034 70
-338.144 752.003 70
-332.72 753.277 70
-327.851 755.328 70
-321.882 755.654 70
-317.007 757.601 70
-311.063 757.804 70
-306.707 760.5 70
-301.812 762.3 70
-296.402 763.191 70
-292 765.759 70
-286.59 766.547 70
-282.159 769.029 70
-275.798 767.956 70
-270.885 769.461 70
-265.505 770.031 70
-260.59 771.438 70
-254.779 771.008 70
-250.748 774.11 70
-245.822 775.376 70
-240.047 774.783 70
-234.716 775.038 70
-229.806 776.153 70
-224.894 777.222 70
-219.591 777.324 70
-214.685 778.296 70
-209.78 779.223 70
-204.874 780.103 70
-199.611 780.004 70
-194.715 780.79 70
-189.479 780.59 70
-184.261 780.338 70
-179.388 780.981 70
-174.2 780.63 70
-169.341 781.179 70
-164.787 782.637 70
-159.635 782.142 70
-154.504 781.598 70
-149.395 781.004 70
-144.576 781.324 70
-139.762 781.6 70
-134.955 781.832 70
-130.154 782.019 70
-125.127 781.19 70
-120.124 780.314 70
-115.362 780.366 70
-110.401 779.396 70
-105.665 779.36 70
-100.747 778.299 70
-96.2203 779.159 70
-91.3389 778.009 70
-86.6499 777.8 70
-81.9716 777.549 70
-77.1565 776.266 70
-72.37 774.939 70
-67.7431 774.56 70
-63.2501 775.131 70
-58.526 773.677 70
-53.9366 773.173 70
-49.1688 770.638 70
-44.7109 771.048 70
-40.0926 769.425 70
-35.6455 769.755 70
-31.0126 767.052 70
-26.5343 766.305 70
-22.0714 765.518 70
-17.6242 764.692 70
-13.167 762.828 70
-8.77852 762.923 70
-4.38068 761.981 70
3.7598e-05 758 70
4.34585 757.981 70
8.67388 756.924 70
12.9838 755.83 70
17.2753 754.698 70
21.548 753.53 70
25.7493 751.326 70
29.9749 750.084 70
34.1807 748.806 70
38.1312 744.502 70
42.4449 745.147 70
46.5811 743.763 70
50.6963 742.343 70
54.7904 740.889 70
58.8629 739.4 70
62.7831 736.885 70
66.9423 736.319 70
70.8007 733.739 70
74.7757 732.115 70
78.5627 729.472 70
82.4829 727.784 70
86.5619 727.046 70
90.0619 723.328 70
93.5036 719.585 70
98.1343 721.686 70
101.51 717.883 70
104.827 714.056 70
109.252 715.069 70
112.252 710.217 70
116.677 711.157 70
119.833 707.224 70
123.464 705.197 70
127.344 704.103 70
130.931 702.016 70
134.491 699.9 70
138.325 698.71 70
140.603 692.731 70
140.249 679.159 70
133.483 647.663 70
136.527 645.54 70
140.57 646.214 70
144.636 646.846 70
147.648 644.635 70
153.931 650.775 70
167.075 673.524 70
171.442 673.898 70
174.657 671.466 70
178.241 669.926 70
180.184 664.701 70
183.709 663.113 70
187.643 662.401 70
189.855 658.04 70
193.322 656.368 70
195.881 652.876 70
199.302 651.152 70
203.169 650.285 70
205.629 646.731 70
208.518 644.043 70
210.892 640.46 70
213.712 637.734 70
216.5 634.989 70
220.272 633.947 70
222.496 630.296 70
225.719 628.341 70
227.335 623.813 70
230.502 621.815 70
233.65 619.79 70
235.677 616.069 70
238.216 613.17 70
240.723 610.254 70
243.77 608.14 70
246.799 605.999 70
249.809 603.832 70
252.205 600.835 70
253.966 597.024 70
255.68 593.208 70
259.193 591.753 70
260.834 587.913 70
263.056 584.847 70
266.517 583.311 70
268.685 580.207 70
272.119 578.61 70
273.577 574.714 70
274.987 570.817 70
277.689 568.405 70
279.694 565.233 70
282.347 562.78 70
284.979 560.305 70
286.894 557.087 70
288.775 553.859 70
290.621 550.621 70
291.719 546.672 70
293.491 543.421 70
295.953 540.849 70
296.93 536.891 70
299.335 534.29 70
301.717 531.667 70
303.327 528.361 70
306.412 526.36 70
308.725 523.676 70
311.014 520.972 70
310.965 516.34 70
314.744 514.875 70
314.608 510.251 70
317.568 508.112 70
319.721 505.331 70
321.85 502.531 70
321.543 497.929 70
323.607 495.114 70
324.832 491.7 70
326.023 488.283 70
328.002 485.43 70
330.786 483.118 70
332.72 480.223 70
334.63 477.311 70
334.826 473.308 70
336.675 470.378 70
338.498 467.432 70
340.295 464.47 70
341.205 460.985 70
342.08 457.5 70
344.661 455 70
345.475 451.5 70
346.254 448.001 70
348.764 445.441 70
351.256 442.852 70
351.057 438.872 70
350.814 434.91 70
352.327 431.841 70
355.619 429.621 70
356.179 426.089 70
358.525 423.389 70
359.023 419.847 70
359.488 416.31 70
361.758 413.557 70
361.237 409.629 70
362.529 406.471 70
364.724 403.668 70
365.03 400.122 70
366.239 396.931 70
368.36 394.072 70
366.688 389.851 70
369.698 387.297 70
370.795 384.066 70
371.863 380.826 70
372.903 377.576 70
372.003 373.733 70
373.94 370.766 70
374.892 367.499 70
374.852 363.956 70
375.745 360.681 70
376.609 357.398 70
375.504 353.624 70
376.307 350.343 70
379.03 347.506 70
379.779 344.195 70
380.499 340.878 70
378.251 336.956 70
379.89 333.843 70
380.52 330.525 70
382.105 327.375 70
381.693 323.873 70
384.211 320.853 70
383.738 317.35 70
385.214 314.138 70
384.681 310.644 70
384.115 307.163 70
383.519 303.696 70
386.869 300.662 70
385.218 297.092 70
386.524 293.816 70
386.804 290.442 70
388.052 287.135 70
388.274 283.748 70
387.468 280.306 70
387.631 276.924 70
387.764 273.541 70
386.867 270.13 70
387.941 266.772 70
386.985 263.377 70
389 260 70
386.985 256.623 70
388.941 253.211 70
387.867 249.843 70
388.763 246.424 70
388.63 243.032 70
387.468 239.694 70
389.273 236.191 70
390.048 232.725 70
389.795 229.322 70
388.516 226.009 70
389.2 222.524 70
388.858 219.129 70
387.493 215.851 70
388.086 212.349 70
388.646 208.834 70
388.185 205.444 70
388.683 201.911 70
388.162 198.521 70
385.638 195.466 70
386.045 191.93 70
384.453 188.746 70
383.816 185.394 70
385.11 181.648 70
382.456 178.707 70
382.708 175.156 70
0 260 70
0 260 70
0 260 70
0 260 70
0 260 70
0 260 70
0 260 70
0 260 70
72.6792 237.78 70
72.4825 237.146 70
72.2803 236.515 70
0 260 70
0 260 70
39.5909 245.98 70
37.5877 246.319 70
36.5302 246.342 70
34.5425 246.74 70
36.2863 245.706 70
35.233 245.765 70
35.1074 245.458 70
34.9792 245.152 70
33.9312 245.246 70
32.8876 245.357 70
32.7586 245.071 70
31.7208 245.208 70
33.3957 244.071 70
32.3566 244.219 70
33.1126 243.491 70
32.0762 243.656 70
31.9324 243.377 70
30.9032 243.568 70
29.001 244.254 70
28.8625 244.001 70
28.7217 243.75 70
27.7128 244 70
29.2954 242.744 70
28.2865 243.004 70
29.8424 241.713 70
28.8336 241.983 70
27.8319 242.269 70
28.5148 241.482 70
28.3521 241.234 70
26.5292 242.106 70
26.372 241.875 70
26.2129 241.646 70
26.8658 240.837 70
25.0795 241.779 70
24.1157 242.155 70
24.7577 241.344 70
35.7009 232.606 70
39.4005 229.217 70
33.6522 233.232 70
25.6458 239.232 70
25.4636 239.009 70
22.9813 240.716 70
0 260 70
0 260 70
0 260 70
0 260 70
0 260 70
0 260 70
0 260 70
0 260 70
0 260 70
0 260 70
0 260 70
