-0 260 142
-0 260 142
-0 260 142
-0 260 142
-0 260 142
-0 260 142
-0 260 142
-0 260 142
-15.8489 246.223 142
-22.8122 240.517 142
-26.0455 238.145 142
-27.0069 237.737 142
-34.1944 232.31 142
-43.8261 225.139 142
-40.9766 227.986 142
-26.1807 239.911 142
-26.355 240.14 142
-27.3311 239.776 142
-25.8885 241.191 142
-27.6799 240.256 142
-26.2129 241.646 142
-26.372 241.875 142
-26.5292 242.106 142
-27.5182 241.786 142
-26.8375 242.572 142
-26.9885 242.806 142
-27.9856 242.513 142
-27.2845 243.28 142
-28.2865 243.004 142
-27.5721 243.759 142
-27.7128 244 142
-27.8514 244.242 142
-27.9878 244.486 142
-29.001 244.254 142
-30.9032 243.569 142
-31.0454 243.839 142
-31.1852 244.11 142
-30.4278 244.829 142
-31.4578 244.657 142
-32.4931 244.502 142
-32.6271 244.786 142
-31.8486 245.486 142
-32.8876 245.357 142
-33.0142 245.645 142
-34.9792 245.152 142
-35.1074 245.458 142
-35.233 245.765 142
-37.2167 245.34 142
-36.4096 246.024 142
-37.4669 245.992 142
-39.4671 245.635 142
-0 260 142
-0 260 142
-0 260 142
-71.3292 236.824 142
-70.5751 237.748 142
-0 260 142
-70.9527 238.983 142
-0 260 142
-0 260 142
-0 260 142
-0 260 142
-0 260 142
-0 260 142
-0 260 142
-0 260 142
-0 260 142
-0 260 142
-0 260 142
-0 260 142
-0 260 142
-0 260 142
-727.926 144.708 142
-726.927 151.36 142
-728.837 157.569 142
-729.703 163.933 142
-730.514 170.304 142
-730.275 176.796 142
-730.974 183.172 142
-731.616 189.553 142
-733.199 195.853 142
-732.734 202.333 142
-732.212 208.799 142
-733.629 215.129 142
-733.993 221.533 142
-733.301 227.983 142
-733.553 234.384 142
-733.748 240.786 142
-734.888 247.173 142
-734.972 253.586 142
-733 260 142
-732.972 266.397 142
-732.888 272.793 142
-731.749 279.162 142
-731.554 285.547 142
-730.304 291.886 142
-731.995 298.362 142
-730.635 304.688 142
-730.217 311.062 142
-728.747 317.354 142
-728.218 323.711 142
-727.635 330.063 142
-726.001 336.306 142
-724.314 342.525 142
-724.559 348.965 142
-722.763 355.154 142
-721.905 361.457 142
-720.004 367.605 142
-718.049 373.728 142
-716.043 379.825 142
-713.986 385.895 142
-713.843 392.303 142
-711.68 398.337 142
-710.445 404.542 142
-707.201 410.32 142
-705.862 416.486 142
-703.495 422.415 142
-702.051 428.548 142
-699.583 434.426 142
-696.098 440.023 142
-695.467 446.35 142
-692.85 452.144 142
-690.186 457.908 142
-686.515 463.355 142
-685.67 469.631 142
-681.908 475.005 142
-680.005 480.947 142
-677.103 486.556 142
-673.209 491.805 142
-671.161 497.671 142
-667.182 502.834 142
-665.037 508.647 142
-661.908 514.083 142
-658.736 519.483 142
-654.592 524.472 142
-651.335 529.792 142
-648.956 535.466 142
-645.61 540.719 142
-642.222 545.936 142
-637.883 550.7 142
-634.415 555.833 142
-631.81 561.358 142
-628.257 566.422 142
-623.769 571 142
-620.141 575.977 142
-616.472 580.915 142
-611 584.874 142
-609.02 590.671 142
-605.237 595.488 142
-600.545 599.772 142
-595.825 604 142
-592.801 609.186 142
-588.017 613.316 142
-584.911 618.434 142
-580.065 622.465 142
-576.88 627.513 142
-571.135 630.899 142
-567.876 635.869 142
-562.916 639.692 142
-557.933 643.457 142
-553.747 647.738 142
-548.714 651.394 142
-544.468 655.58 142
-540.192 659.721 142
-535.884 663.818 142
-531.547 667.87 142
-525.603 670.646 142
-521.217 674.595 142
-516.025 677.869 142
-511.587 681.72 142
-506.355 684.883 142
-501.868 688.636 142
-496.599 691.687 142
-492.064 695.341 142
-487.503 698.95 142
-482.179 701.836 142
-476.843 704.663 142
-471.493 707.431 142
-465.413 709.444 142
-461.473 713.488 142
-457.498 717.498 142
-450.685 718.62 142
-446.665 722.536 142
-441.924 725.69 142
-435.797 727.335 142
-430.351 729.646 142
-425.567 732.64 142
-419.438 734.089 142
-415.285 737.731 142
-409.802 739.816 142
-405.599 743.374 142
-398.821 743.809 142
-394.584 747.271 142
-387.827 747.565 142
-382.326 749.355 142
-377.432 751.879 142
-371.922 753.557 142
-366.411 755.176 142
-362.076 758.355 142
-357.132 760.681 142
-351.029 761.321 142
-345.508 762.717 142
-339.43 763.226 142
-333.922 764.501 142
-329.507 767.396 142
-323.454 767.722 142
-308.943 754.412 142
-295.734 742.594 142
-289.451 741.728 142
-283.714 741.651 142
-283.5 751.036 142
-290.53 773.51 142
-285.553 775.151 142
-280.569 776.744 142
-275.11 777.407 142
-270.123 778.901 142
-264.676 779.457 142
-259.241 779.957 142
-254.255 781.301 142
-248.835 781.694 142
-243.005 781.127 142
-238.034 782.318 142
-232.653 782.548 142
-226.888 781.807 142
-222.326 783.767 142
-216.599 782.916 142
-211.653 783.859 142
-205.974 782.895 142
-201.044 783.739 142
-195.766 783.6 142
-190.847 784.349 142
-185.263 783.166 142
-180.365 783.817 142
-175.152 783.475 142
-169.65 782.13 142
-164.486 781.683 142
-159.927 783.099 142
-154.788 782.557 142
-149.671 781.965 142
-144.576 781.324 142
-139.762 781.6 142
-134.704 780.863 142
-129.428 779.108 142
-124.893 780.218 142
-120.124 780.314 142
-115.146 779.389 142
-110.193 778.418 142
-105.266 777.4 142
-100.365 776.336 142
-95.6736 776.209 142
-90.818 775.054 142
-86.1548 774.841 142
-81.1894 772.61 142
-76.5652 772.31 142
-71.9525 771.969 142
-67.3515 771.586 142
-62.6408 770.169 142
-57.96 768.709 142
-53.3095 767.206 142
-48.6896 765.661 142
-44.0136 763.078 142
-39.5433 762.446 142
-35.0875 761.775 142
-30.6463 761.064 142
-26.1679 759.315 142
-21.6788 756.527 142
-17.345 756.697 142
-12.9837 755.83 142
-8.604 752.925 142
-4.28469 750.981 142
3.70695e-05 751 142
4.26731 748.981 142
8.49936 746.926 142
12.722 745.833 142
16.8914 743.705 142
21.0246 741.541 142
25.1736 740.341 142
29.3033 739.105 142
33.3436 736.836 142
37.3466 734.533 142
41.3119 732.196 142
45.3351 730.822 142
49.3375 729.414 142
53.2055 726.979 142
57.1568 725.504 142
60.8252 722.013 142
64.8547 721.465 142
68.5836 718.903 142
72.2728 716.312 142
76.252 715.664 142
79.8782 713.012 142
83.4639 710.331 142
86.8181 706.64 142
90.7124 705.866 142
94.5998 705.057 142
97.6143 700.309 142
101.453 699.441 142
105.05 697.566 142
108.623 695.663 142
111.92 692.762 142
115.692 691.769 142
118.921 688.816 142
121.832 684.878 142
125.251 682.839 142
128.351 679.818 142
132.01 678.682 142
135.349 676.563 142
138.662 674.417 142
141.622 671.301 142
144.872 669.106 142
148.095 666.887 142
151.29 664.642 142
154.457 662.373 142
157.229 659.149 142
159.957 655.907 142
163.023 653.573 142
166.451 652.135 142
169.468 649.751 142
171.643 645.516 142
174.171 642.184 142
177.5 640.649 142
180.815 639.086 142
183.239 635.696 142
186.065 633.188 142
188.406 629.768 142
192.087 628.996 142
193.892 624.657 142
196.589 622.073 142
199.257 619.469 142
201.894 616.846 142
204.5 614.204 142
207.076 611.545 142
210.136 609.724 142
212.134 606.172 142
214.087 602.611 142
217.606 601.574 142
220.034 598.823 142
222.983 596.89 142
223.677 591.615 142
226.563 589.65 142
228.857 586.842 142
231.12 584.018 142
234.526 582.798 142
235.55 578.327 142
237.717 575.461 142
239.852 572.581 142
241.955 569.688 142
244.026 566.782 142
246.694 564.641 142
248.707 561.705 142
251.973 560.289 142
253.285 556.558 142
255.207 553.582 142
257.097 550.595 142
259.623 548.34 142
260.102 543.852 142
263.251 542.303 142
264.328 538.544 142
266.749 536.226 142
267.747 532.462 142
269.408 529.408 142
271.748 527.046 142
272.63 523.276 142
274.917 520.886 142
275.72 517.113 142
278.691 515.373 142
280.909 512.931 142
282.356 509.808 142
283.016 506.022 142
284.392 502.894 142
286.501 500.403 142
288.588 497.893 142
290.653 495.366 142
292.695 492.82 142
293.14 489.026 142
295.127 486.459 142
296.294 483.273 142
299.035 481.274 142
300.145 478.068 142
300.409 474.279 142
301.448 471.076 142
304.103 469.004 142
305.086 465.783 142
307.704 463.665 142
307.792 459.883 142
309.525 457.189 142
311.234 454.48 142
312.066 451.234 142
312.009 447.474 142
314.495 445.251 142
314.367 441.5 142
317.68 439.735 142
319.236 436.956 142
319.011 433.209 142
320.51 430.418 142
321.985 427.615 142
323.435 424.799 142
324.861 421.97 142
325.363 418.69 142
324.931 414.984 142
327.177 412.565 142
326.676 408.875 142
328.876 406.425 142
330.142 403.55 142
330.461 400.272 142
329.825 396.618 142
332.859 394.484 142
334.02 391.574 142
334.222 388.296 142
332.519 384.324 142
334.531 381.759 142
336.523 379.169 142
337.55 376.228 142
338.552 373.278 142
337.625 369.701 142
339.523 367.051 142
340.444 364.084 142
341.34 361.109 142
340.287 357.576 142
342.089 354.87 142
340.972 351.363 142
344.661 349.135 142
342.514 345.398 142
344.219 342.64 142
344.927 339.633 142
346.585 336.836 142
345.286 333.393 142
344.933 330.178 142
347.496 327.546 142
348.072 324.511 142
347.637 321.298 142
347.173 318.097 142
349.642 315.378 142
350.112 312.325 142
349.565 309.128 142
349.98 306.076 142
349.376 302.898 142
350.731 299.961 142
348.083 296.585 142
350.379 293.738 142
351.657 290.766 142
351.912 287.696 142
350.145 284.485 142
351.343 281.489 142
351.518 278.422 142
352.664 275.398 142
351.786 272.285 142
350.88 269.188 142
351.946 266.143 142
352.987 263.08 142
352 260 142
351.987 256.928 142
350.947 253.874 142
352.879 250.76 142
351.786 247.715 142
352.664 244.602 142
352.516 241.525 142
352.342 238.45 142
351.143 235.446 142
351.912 232.304 142
352.653 229.147 142
351.375 226.166 142
351.066 223.101 142
349.737 220.152 142
351.361 216.858 142
351.963 213.663 142
352.535 210.454 142
351.101 207.528 142
350.629 204.466 142
351.118 201.243 142
348.622 198.529 142
348.072 195.489 142
348.478 192.263 142
347.873 189.224 142
346.264 186.399 142
344.632 183.597 142
0 260 142
0 260 142
0 260 142
0 260 142
0 260 142
0 260 142
0 260 142
0 260 142
73.6355 237.487 142
71.5288 237.447 142
0 260 142
0 260 142
42.5483 245.349 142
39.5909 245.98 142
37.5877 246.319 142
37.4669 245.992 142
36.4096 246.024 142
35.3559 246.073 142
37.0874 245.016 142
36.0313 245.075 142
34.9792 245.152 142
33.9312 245.246 142
34.7147 244.544 142
31.8486 245.486 142
33.5334 244.363 142
34.2982 243.641 142
33.2554 243.78 142
33.1126 243.491 142
32.0762 243.656 142
31.0454 243.839 142
30.9032 243.568 142
29.001 244.254 142
29.7371 243.516 142
28.7217 243.75 142
28.5788 243.5 142
29.2954 242.744 142
29.1437 242.489 142
29.8424 241.713 142
28.8336 241.983 142
28.6753 241.732 142
27.6761 242.027 142
27.5182 241.786 142
27.3582 241.547 142
26.372 241.875 142
27.032 241.072 142
26.8658 240.837 142
25.8885 241.191 142
25.7234 240.966 142
24.7577 241.344 142
35.7009 232.606 142
40.1885 228.601 142
35.2174 231.987 142
27.9773 237.344 142
27.0069 237.737 142
24.5134 239.431 142
0 260 142
0 260 142
0 260 142
0 260 142
0 260 142
0 260 142
0 260 142
0 260 142
0 260 142
0 260 142
0 260 142
