-0 260 275
-0 260 275
-0 260 275
-0 260 275
-0 260 275
-0 260 275
-0 260 275
-0 260 275
-15.0942 246.879 275
-22.8122 240.517 275
-26.8116 237.502 275
-27.0069 237.737 275
-34.9716 231.681 275
-43.0435 225.762 275
-40.9766 227.986 275
-27.7674 238.693 275
-26.355 240.14 275
-27.3311 239.776 275
-26.6976 240.603 275
-26.8658 240.837 275
-26.2129 241.646 275
-26.372 241.875 275
-26.5292 242.106 275
-26.6843 242.338 275
-25.9988 243.116 275
-27.8319 242.269 275
-27.1375 243.043 275
-27.2845 243.28 275
-27.4294 243.519 275
-28.4338 243.251 275
-27.7128 244 275
-27.8514 244.242 275
-27.9878 244.486 275
-28.1222 244.731 275
-30.0202 244.038 275
-30.1584 244.301 275
-30.2942 244.564 275
-30.4278 244.829 275
-30.559 245.095 275
-30.6879 245.363 275
-32.6271 244.786 275
-31.8486 245.486 275
-31.9741 245.764 275
-33.0142 245.645 275
-34.9792 245.152 275
-34.1835 245.841 275
-34.3058 246.14 275
-35.3559 246.073 275
-36.4096 246.024 275
-37.4669 245.992 275
-38.5274 245.977 275
-0 260 275
-0 260 275
-0 260 275
-72.2803 236.515 275
-70.5751 237.748 275
-0 260 275
-69.9938 239.267 275
-0 260 275
-0 260 275
-0 260 275
-0 260 275
-0 260 275
-0 260 275
-0 260 275
-0 260 275
-0 260 275
-0 260 275
-0 260 275
-0 260 275
-0 260 275
-0 260 275
-811.88 131.411 275
-794.18 141.309 275
-792.214 148.662 275
-810.01 153.36 275
-779.149 164.333 275
-761.076 173.286 275
-763.793 179.722 275
-763.469 186.486 275
-765.078 193.065 275
-784.574 198.253 275
-802.042 203.916 275
-799.506 211.1 275
-803.897 217.87 275
-798.24 225.148 275
-809.507 231.732 275
-812.721 238.718 275
-826.874 245.567 275
-803.969 252.984 275
-807 260 275
-810.969 267.077 275
-832.873 274.538 275
-838.712 281.963 275
-822.499 288.722 275
-816.222 295.637 275
-837.85 303.91 275
-899.319 315.005 275
-882.844 321.735 275
-884.266 329.593 275
-887.609 337.656 275
-893.866 346.07 275
-924.905 357.212 275
-927.003 365.619 275
-991.554 381.748 275
-944.847 384.392 275
-934.813 391.38 275
-960.334 403.523 275
-769.409 381.863 275
-0 260 275
-0 260 275
-0 260 275
-0 260 275
-0 260 275
-0 260 275
-0 260 275
-0 260 275
-0 260 275
-0 260 275
-0 260 275
-0 260 275
-0 260 275
-0 260 275
-0 260 275
-0 260 275
-0 260 275
-0 260 275
-0 260 275
-0 260 275
-0 260 275
-0 260 275
-0 260 275
-0 260 275
-0 260 275
-0 260 275
-0 260 275
-0 260 275
-0 260 275
-0 260 275
-0 260 275
-0 260 275
-0 260 275
-0 260 275
-0 260 275
-0 260 275
-0 260 275
-0 260 275
-0 260 275
-0 260 275
-0 260 275
-0 260 275
-0 260 275
-0 260 275
-0 260 275
-0 260 275
-0 260 275
-0 260 275
-0 260 275
-0 260 275
-0 260 275
-0 260 275
-0 260 275
-0 260 275
-0 260 275
-0 260 275
-0 260 275
-0 260 275
-0 260 275
-0 260 275
-0 260 275
-0 260 275
-0 260 275
-0 260 275
-0 260 275
-0 260 275
-0 260 275
-0 260 275
-0 260 275
-0 260 275
-0 260 275
-0 260 275
-0 260 275
-0 260 275
-0 260 275
-0 260 275
-0 260 275
-0 260 275
-0 260 275
-0 260 275
-0 260 275
-0 260 275
-0 260 275
-0 260 275
-0 260 275
-0 260 275
-0 260 275
-0 260 275
-0 260 275
-0 260 275
-0 260 275
-0 260 275
-0 260 275
-0 260 275
-0 260 275
-0 260 275
-0 260 275
-0 260 275
-0 260 275
-0 260 275
-0 260 275
-0 260 275
-0 260 275
-0 260 275
-0 260 275
-0 260 275
-0 260 275
-0 260 275
-0 260 275
-0 260 275
-0 260 275
-0 260 275
-0 260 275
-0 260 275
-0 260 275
-0 260 275
-0 260 275
-0 260 275
-0 260 275
-0 260 275
-0 260 275
-0 260 275
-0 260 275
-0 260 275
-0 260 275
-0 260 275
-0 260 275
-0 260 275
-0 260 275
-0 260 275
-0 260 275
-0 260 275
-0 260 275
-0 260 275
-0 260 275
-0 260 275
-0 260 275
-0 260 275
-0 260 275
-0 260 275
-0 260 275
0 260 275
0 260 275
0 260 275
0 260 275
0 260 275
0 260 275
0 260 275
0 260 275
0 260 275
0 260 275
0 260 275
0 260 275
0 260 275
0 260 275
0 260 275
0 260 275
0 260 275
0 260 275
0 260 275
0 260 275
0 260 275
0 260 275
0 260 275
0 260 275
0 260 275
0 260 275
0 260 275
0 260 275
0 260 275
0 260 275
0 260 275
0 260 275
0 260 275
0 260 275
0 260 275
0 260 275
0 260 275
0 260 275
0 260 275
0 260 275
0 260 275
0 260 275
0 260 275
0 260 275
0 260 275
0 260 275
0 260 275
0 260 275
0 260 275
0 260 275
0 260 275
0 260 275
0 260 275
0 260 275
0 260 275
0 260 275
0 260 275
0 260 275
0 260 275
0 260 275
0 260 275
0 260 275
0 260 275
0 260 275
0 260 275
0 260 275
0 260 275
0 260 275
0 260 275
0 260 275
0 260 275
0 260 275
0 260 275
0 260 275
0 260 275
0 260 275
0 260 275
0 260 275
0 260 275
0 260 275
0 260 275
0 260 275
0 260 275
0 260 275
0 260 275
0 260 275
0 260 275
0 260 275
0 260 275
0 260 275
0 260 275
0 260 275
0 260 275
0 260 275
0 260 275
0 260 275
0 260 275
0 260 275
0 260 275
0 260 275
0 260 275
0 260 275
0 260 275
0 260 275
0 260 275
0 260 275
0 260 275
0 260 275
0 260 275
0 260 275
0 260 275
0 260 275
0 260 275
0 260 275
0 260 275
0 260 275
0 260 275
0 260 275
0 260 275
0 260 275
0 260 275
0 260 275
0 260 275
0 260 275
0 260 275
0 260 275
0 260 275
0 260 275
0 260 275
0 260 275
0 260 275
0 260 275
0 260 275
0 260 275
0 260 275
0 260 275
0 260 275
0 260 275
0 260 275
0 260 275
0 260 275
0 260 275
0 260 275
0 260 275
0 260 275
0 260 275
0 260 275
0 260 275
0 260 275
0 260 275
0 260 275
0 260 275
0 260 275
0 260 275
0 260 275
0 260 275
0 260 275
0 260 275
0 260 275
0 260 275
0 260 275
686.455 374.873 275
684.468 368.409 275
690.333 363.171 275
704.081 358.952 275
683.106 349.933 275
687.834 344.455 275
685.565 338.11 275
687.215 332.229 275
693.791 326.804 275
681.397 319.615 275
669.928 312.725 275
660.387 306.179 275
655.775 300.109 275
643.117 293.704 275
648.382 288.309 275
652.602 282.789 275
658.774 277.251 275
705.892 272.321 275
676.974 265.908 275
656 260 275
738.972 253.551 275
755.885 246.806 275
757.74 240.158 275
0 260 275
740.295 227.678 275
0 260 275
0 260 275
438.705 206.134 275
434.178 195.112 275
430.632 191.795 275
417.199 190.185 275
992.686 84.9626 275
993.087 75.9421 275
913.895 82.3568 275
410.588 176.465 275
923.371 63.7314 275
913.813 57.4125 275
0 260 275
0 260 275
0 260 275
0 260 275
0 260 275
0 260 275
0 260 275
0 260 275
71.7229 238.072 275
71.5288 237.447 275
74.1824 235.897 275
0 260 275
0 260 275
38.6483 246.314 275
36.648 246.661 275
37.4669 245.992 275
36.4096 246.024 275
35.3559 246.073 275
36.1602 245.39 275
35.1074 245.458 275
34.0587 245.543 275
33.9312 245.246 275
31.9741 245.764 275
32.7586 245.071 275
32.6271 244.786 275
32.4931 244.502 275
34.1542 243.342 275
33.1126 243.491 275
31.1852 244.11 275
31.0454 243.839 275
30.9032 243.568 275
29.8798 243.777 275
30.6117 243.032 275
28.7217 243.75 275
27.7128 244 275
28.4338 243.251 275
29.1437 242.489 275
28.9898 242.235 275
28.8336 241.983 275
27.8319 242.269 275
28.5148 241.482 275
27.5182 241.786 275
27.3582 241.547 275
26.372 241.875 275
27.032 241.072 275
26.8658 240.837 275
25.8885 241.191 275
24.9196 241.56 275
23.9591 241.946 275
31.7341 235.65 275
39.4005 229.217 275
33.6522 233.232 275
26.423 238.603 275
27.0069 237.737 275
23.7474 240.074 275
0 260 275
0 260 275
0 260 275
0 260 275
0 260 275
0 260 275
0 260 275
0 260 275
0 260 275
0 260 275
0 260 275
