-0 260 165
-0 260 165
-0 260 165
-0 260 165
-0 260 165
-0 260 165
-0 260 165
-0 260 165
-15.8489 246.223 165
-22.8122 240.517 165
-26.8116 237.502 165
-26.2352 238.373 165
-34.1944 232.31 165
-43.0435 225.762 165
-40.1886 228.601 165
-26.1807 239.911 165
-24.7577 241.344 165
-26.5273 240.371 165
-25.8885 241.191 165
-26.0517 241.418 165
-26.2129 241.646 165
-26.372 241.875 165
-26.5292 242.106 165
-26.6843 242.338 165
-26.8375 242.572 165
-26.1451 243.344 165
-26.2895 243.573 165
-27.2845 243.28 165
-28.2865 243.004 165
-27.5721 243.759 165
-27.7128 244 165
-26.981 244.735 165
-27.9878 244.486 165
-28.1222 244.731 165
-28.2543 244.977 165
-29.2714 244.762 165
-31.1852 244.11 165
-30.4278 244.829 165
-30.559 245.095 165
-30.6879 245.363 165
-31.7208 245.208 165
-31.8486 245.486 165
-32.8876 245.357 165
-33.9312 245.246 165
-34.0587 245.543 165
-35.1074 245.458 165
-33.3786 246.514 165
-35.3559 246.073 165
-36.4096 246.024 165
-37.4669 245.992 165
-39.4671 245.635 165
-0 260 165
-0 260 165
-0 260 165
-71.3292 236.824 165
-71.5288 237.447 165
-0 260 165
-70.9527 238.983 165
-0 260 165
-0 260 165
-0 260 165
-0 260 165
-0 260 165
-0 260 165
-0 260 165
-0 260 165
-0 260 165
-0 260 165
-0 260 165
-0 260 165
-0 260 165
-0 260 165
-709.16 147.68 165
-710.113 153.873 165
-709.032 160.352 165
-709.875 166.543 165
-711.656 172.62 165
-712.391 178.833 165
-712.078 185.158 165
-712.704 191.375 165
-712.279 197.684 165
-713.793 203.823 165
-713.258 210.124 165
-713.666 216.35 165
-713.021 222.632 165
-714.319 228.812 165
-713.565 235.082 165
-713.755 241.31 165
-712.891 247.557 165
-712.973 253.778 165
-713 260 165
-711.973 266.213 165
-712.891 272.444 165
-711.756 278.638 165
-711.566 284.849 165
-710.323 291.013 165
-709.027 297.159 165
-708.676 303.345 165
-708.27 309.527 165
-707.811 315.706 165
-705.306 321.706 165
-704.74 327.859 165
-704.121 334.006 165
-703.449 340.148 165
-700.738 346.04 165
-698.969 352.021 165
-699.129 358.256 165
-697.256 364.206 165
-696.32 370.286 165
-693.359 376.029 165
-692.32 382.075 165
-691.228 388.112 165
-689.102 393.948 165
-687.907 399.956 165
-684.703 405.538 165
-683.407 411.508 165
-682.059 417.466 165
-679.687 423.178 165
-677.266 428.862 165
-673.831 434.265 165
-671.318 439.879 165
-669.723 445.731 165
-665.193 450.741 165
-665.421 457.107 165
-662.719 462.614 165
-659.972 468.089 165
-658.131 473.84 165
-655.292 479.258 165
-651.462 484.317 165
-648.537 489.659 165
-646.508 495.31 165
-641.62 499.892 165
-638.569 505.124 165
-637.336 511.053 165
-633.267 515.856 165
-629.162 520.608 165
-625.943 525.697 165
-623.601 531.149 165
-619.384 535.768 165
-616.044 540.747 165
-611.758 545.267 165
-610.148 551.026 165
-606.686 555.901 165
-604.081 561.184 165
-600.538 565.99 165
-596.958 570.757 165
-593.341 575.485 165
-588.807 579.696 165
-585.121 584.338 165
-580.527 588.447 165
-578.505 594 165
-573.845 598.021 165
-570.016 602.5 165
-567.006 607.462 165
-562.256 611.337 165
-558.325 615.692 165
-554.361 620.006 165
-549.531 623.727 165
-546.336 628.508 165
-541.451 632.129 165
-538.183 636.84 165
-534.06 640.941 165
-529.097 644.412 165
-524.918 648.419 165
-520.71 652.383 165
-516.473 656.304 165
-511.419 659.564 165
-507.913 664.012 165
-502.813 667.17 165
-497.698 670.271 165
-493.333 673.955 165
-487.42 676.296 165
-483.014 679.878 165
-479.332 684.077 165
-474.126 686.905 165
-469.646 690.351 165
-465.141 693.751 165
-460.613 697.105 165
-455.342 699.719 165
-450.061 702.274 165
-445.477 705.477 165
-441.573 709.348 165
-435.551 711.026 165
-430.91 714.084 165
-427.613 718.559 165
-420.893 719.324 165
-416.868 722.979 165
-411.487 725.102 165
-406.757 727.92 165
-402.008 730.691 165
-396.6 732.649 165
-391.824 735.321 165
-385.773 736.391 165
-380.979 738.956 165
-374.938 739.899 165
-370.736 743.152 165
-365.903 745.57 165
-361.057 747.941 165
-356.198 750.264 165
-350.164 750.912 165
-344.719 752.31 165
-340.41 755.3 165
-335.516 757.423 165
-328.954 756.996 165
-324.06 759.009 165
-318.619 760.131 165
-314.242 762.893 165
-308.797 763.91 165
-303.357 764.872 165
-296.91 764.053 165
-281 746.706 165
-270.34 737.825 165
-265.191 738.417 165
-260.529 739.834 165
-269.007 765.929 165
-266.891 772.692 165
-262.406 775.002 165
-256.564 774.587 165
-250.748 774.11 165
-246.252 776.279 165
-241.315 777.502 165
-235.546 776.858 165
-231.026 778.894 165
-225.692 779.056 165
-220.372 779.165 165
-215.068 779.22 165
-210.154 780.15 165
-205.241 781.034 165
-199.969 780.938 165
-195.065 781.726 165
-189.821 781.529 165
-184.929 782.223 165
-179.714 781.926 165
-174.835 782.526 165
-169.959 783.081 165
-164.787 782.637 165
-159.635 782.142 165
-155.072 783.516 165
-149.671 781.965 165
-145.11 783.251 165
-140.28 783.532 165
-134.704 780.863 165
-129.912 781.049 165
-125.127 781.19 165
-119.899 779.339 165
-115.362 780.366 165
-110.401 779.396 165
-105.665 779.36 165
-100.938 779.281 165
-96.0381 778.175 165
-91.1652 777.024 165
-86.4849 776.814 165
-81.8152 776.561 165
-77.1565 776.266 165
-72.2308 773.949 165
-67.7431 774.56 165
-63.1283 774.139 165
-58.4128 772.683 165
-53.9366 773.173 165
-49.1688 770.638 165
-44.6237 770.052 165
-40.0926 769.425 165
-35.5758 768.758 165
-31.0737 768.051 165
-26.5343 766.305 165
-22.0714 765.518 165
-17.5544 762.694 165
-13.1408 761.828 165
-8.74362 760.924 165
-4.3545 758.981 165
3.76735e-05 759 165
4.34585 757.981 165
8.63898 754.925 165
12.9314 753.831 165
17.2055 752.7 165
21.5044 752.531 165
25.6447 749.328 165
29.9138 749.086 165
34.111 747.809 165
38.2096 745.499 165
42.3577 744.151 165
46.3894 741.772 165
50.4873 740.354 165
54.4508 737.908 165
58.2536 734.437 165
62.3916 733.911 165
66.6639 734.338 165
70.6529 732.75 165
74.4628 730.14 165
78.3976 728.486 165
82.1356 725.814 165
85.833 723.113 165
89.4894 720.383 165
93.5036 719.585 165
96.8869 715.817 165
101.077 715.93 165
104.377 712.108 165
108.552 712.152 165
112.252 710.217 165
115.926 708.252 165
119.057 704.326 165
122.93 703.27 165
126.242 700.258 165
130.079 699.139 165
133.614 697.031 165
137.122 694.895 165
140.294 691.78 165
143.739 689.591 165
146.831 686.429 165
149.879 683.246 165
153.909 682.862 165
157.243 680.566 165
160.907 679.178 165
164.193 676.827 165
167.075 673.524 165
170.294 671.126 165
173.485 668.704 165
175.848 664.423 165
178.557 661.046 165
182.465 660.383 165
185.107 656.963 165
188.564 655.332 165
190.691 650.975 165
194.988 651.086 165
197.486 647.588 165
199.937 644.076 165
202.342 640.55 165
205.178 637.891 165
208.953 636.961 165
212.235 635.123 165
214.5 631.525 165
217.734 629.639 165
219.406 625.153 165
223.107 624.077 165
225.216 620.42 165
227.278 616.755 165
230.382 614.758 165
232.917 611.9 165
235.979 609.854 165
239.023 607.781 165
241.476 604.863 165
242.734 600.3 165
245.694 598.169 165
248.636 596.012 165
251.559 593.83 165
252.636 589.242 165
256.115 587.812 165
258.966 585.565 165
260.539 581.738 165
261.428 577.138 165
264.186 574.844 165
266.923 572.527 165
267.672 567.921 165
271.674 567.072 165
273.674 563.946 165
275.641 560.809 165
277.573 557.661 165
280.849 555.953 165
282.726 552.771 165
283.167 548.153 165
284.257 544.257 165
288.866 543.868 165
289.894 539.947 165
292.326 537.407 165
293.273 533.481 165
295.648 530.912 165
297.258 527.652 165
298.084 523.723 165
298.865 519.799 165
301.881 517.831 165
303.354 514.544 165
306.335 512.523 165
306.973 508.582 165
309.913 506.516 165
310.476 502.571 165
312.581 499.852 165
314.662 497.115 165
315.112 493.171 165
317.135 490.412 165
319.947 488.216 165
321.108 484.842 165
322.233 481.465 165
323.325 478.085 165
326.049 475.807 165
327.92 472.954 165
327.236 468.472 165
329.043 465.609 165
331.677 463.252 165
334.295 460.865 165
336.035 457.94 165
335.152 453.5 165
337.698 451.06 165
339.352 448.106 165
340.981 445.138 165
339.935 440.747 165
342.386 438.235 165
343.038 434.786 165
344.55 431.786 165
346.036 428.773 165
346.593 425.316 165
348.022 422.285 165
349.425 419.242 165
351.715 416.594 165
350.317 412.322 165
352.553 409.65 165
351.998 405.802 165
354.184 403.1 165
355.42 400.003 165
356.628 396.897 165
358.745 394.129 165
356.144 389.626 165
358.204 386.847 165
359.297 383.716 165
361.311 380.893 165
360.45 377.117 165
361.459 373.967 165
361.483 370.516 165
363.393 367.642 165
362.396 363.915 165
364.252 361.016 165
365.12 357.834 165
366.928 354.894 165
367.742 351.688 165
365.611 347.775 165
367.338 344.807 165
369.04 341.814 165
368.762 338.383 165
367.472 334.763 165
370.073 331.935 165
370.687 328.703 165
373.242 325.813 165
371.83 322.223 165
373.346 319.132 165
371.87 315.576 165
372.341 312.329 165
370.8 308.817 165
373.197 305.823 165
374.577 302.678 165
374.935 299.407 165
375.264 296.134 165
374.569 292.771 165
374.841 289.501 165
376.082 286.298 165
373.302 282.832 165
374.486 279.626 165
376.641 276.445 165
376.77 273.157 165
376.871 269.869 165
375.943 266.562 165
376.986 263.29 165
376 260 165
378.986 256.693 165
378.942 253.386 165
375.871 250.157 165
376.77 246.843 165
377.64 243.512 165
376.483 240.269 165
378.293 236.863 165
376.082 233.702 165
375.838 230.421 165
375.565 227.142 165
375.264 223.866 165
375.929 220.488 165
374.577 217.322 165
375.182 213.933 165
374.766 210.661 165
376.302 207.114 165
374.837 203.98 165
373.346 200.868 165
373.802 197.447 165
373.242 194.187 165
373.637 190.751 165
371.055 187.874 165
372.371 184.24 165
370.718 181.201 165
368.064 178.402 165
0 260 165
0 260 165
0 260 165
0 260 165
0 260 165
0 260 165
0 260 165
0 260 165
69.8102 238.657 165
72.4825 237.146 165
0 260 165
0 260 165
41.6028 245.675 165
40.5336 245.646 165
36.648 246.661 165
36.5302 246.342 165
36.4096 246.024 165
35.3559 246.073 165
35.233 245.765 165
35.1074 245.458 165
34.0587 245.543 165
33.0142 245.645 165
31.9741 245.764 165
32.7586 245.071 165
33.5334 244.363 165
33.3957 244.071 165
33.2554 243.78 165
33.1126 243.491 165
31.1852 244.11 165
31.9324 243.377 165
30.0202 244.038 165
29.001 244.254 165
28.8625 244.001 165
28.7217 243.75 165
29.4449 243 165
28.4338 243.251 165
29.1437 242.489 165
28.9898 242.235 165
27.9856 242.513 165
26.9885 242.806 165
27.6761 242.027 165
27.5182 241.786 165
28.1873 240.987 165
27.1962 241.309 165
26.2129 241.646 165
25.2376 241.998 165
25.8885 241.191 165
24.1157 242.155 165
23.9591 241.946 165
35.7009 232.606 165
40.1885 228.601 165
33.6522 233.232 165
25.6458 239.232 165
27.0069 237.737 165
23.7474 240.074 165
0 260 165
0 260 165
0 260 165
0 260 165
0 260 165
0 260 165
0 260 165
0 260 165
0 260 165
0 260 165
0 260 165
