-0 260 105
-0 260 105
-0 260 105
-0 260 105
-0 260 105
-0 260 105
-0 260 105
-0 260 105
-17.3583 244.911 105
-22.8122 240.517 105
-26.0455 238.145 105
-27.0069 237.737 105
-33.4173 232.939 105
-43.8261 225.139 105
-40.1886 228.601 105
-27.7674 238.693 105
-26.355 240.14 105
-26.5273 240.371 105
-26.6976 240.603 105
-26.8658 240.837 105
-26.2129 241.646 105
-26.372 241.875 105
-27.3582 241.547 105
-26.6843 242.338 105
-26.8375 242.572 105
-27.8319 242.269 105
-27.1375 243.043 105
-27.2845 243.28 105
-27.4294 243.519 105
-28.4338 243.251 105
-26.8468 244.5 105
-27.8514 244.242 105
-27.9878 244.486 105
-29.001 244.254 105
-30.0202 244.038 105
-30.1584 244.301 105
-31.1852 244.11 105
-31.3227 244.383 105
-31.4578 244.657 105
-31.5905 244.932 105
-30.8145 245.631 105
-31.8486 245.486 105
-33.8012 244.951 105
-33.9312 245.246 105
-34.0587 245.543 105
-36.0313 245.075 105
-35.233 245.765 105
-35.3559 246.073 105
-36.4096 246.024 105
-37.4669 245.992 105
-40.4068 245.293 105
-0 260 105
-0 260 105
-0 260 105
-72.2803 236.515 105
-72.4825 237.146 105
-0 260 105
-0 260 105
-0 260 105
-0 260 105
-0 260 105
-0 260 105
-0 260 105
-0 260 105
-0 260 105
-0 260 105
-0 260 105
-0 260 105
-0 260 105
-0 260 105
-0 260 105
-0 260 105
-702.246 148.775 105
-703.19 154.908 105
-703.09 161.187 105
-703.926 167.327 105
-703.715 173.595 105
-705.436 179.626 105
-704.122 185.994 105
-704.741 192.141 105
-706.302 198.207 105
-705.817 204.451 105
-706.275 210.613 105
-706.679 216.778 105
-707.03 222.946 105
-707.326 229.118 105
-707.569 235.291 105
-706.758 241.493 105
-706.892 247.661 105
-705.973 253.839 105
-706 260 105
-706.973 266.17 105
-705.892 272.322 105
-704.758 278.455 105
-705.57 284.639 105
-704.329 290.752 105
-703.035 296.845 105
-702.687 302.978 105
-701.288 309.039 105
-701.83 315.235 105
-700.325 321.271 105
-698.768 327.284 105
-698.154 333.379 105
-697.487 339.469 105
-695.775 345.431 105
-695.003 351.499 105
-693.188 357.421 105
-691.322 363.319 105
-691.382 369.504 105
-689.414 375.368 105
-688.381 381.38 105
-685.329 387.018 105
-685.176 393.185 105
-682.028 398.76 105
-678.834 404.291 105
-678.526 410.426 105
-676.213 416.116 105
-674.825 422.011 105
-672.415 427.652 105
-669.958 433.263 105
-668.421 439.103 105
-665.869 444.662 105
-663.271 450.19 105
-660.627 455.687 105
-658.894 461.444 105
-656.157 466.886 105
-651.474 471.677 105
-651.498 477.988 105
-648.626 483.34 105
-644.767 488.324 105
-643.689 494.284 105
-639.747 499.192 105
-635.768 504.049 105
-633.614 509.587 105
-630.485 514.733 105
-628.238 520.225 105
-625.023 525.307 105
-621.767 530.352 105
-617.557 534.954 105
-615.134 540.333 105
-610.851 544.845 105
-608.342 550.165 105
-604.888 555.024 105
-601.396 559.845 105
-596.083 563.72 105
-594.297 569.372 105
-590.692 574.077 105
-586.171 578.265 105
-583.371 583.368 105
-579.657 587.954 105
-574.175 591.5 105
-572.122 597.006 105
-568.302 601.47 105
-565.3 606.417 105
-560.56 610.277 105
-556.638 614.618 105
-552.684 618.917 105
-547.863 622.623 105
-543.849 626.831 105
-538.978 630.43 105
-535.725 635.119 105
-532.432 639.78 105
-528.288 643.824 105
-524.115 647.825 105
-519.113 651.18 105
-514.886 655.086 105
-511.419 659.564 105
-506.347 662.767 105
-502.036 666.541 105
-496.926 669.634 105
-493.333 673.955 105
-488.941 677.595 105
-485.278 681.846 105
-480.081 684.74 105
-474.126 686.905 105
-470.383 691.027 105
-465.141 693.751 105
-461.338 697.794 105
-456.061 700.413 105
-451.487 703.676 105
-446.184 706.184 105
-442.975 710.774 105
-436.245 711.745 105
-431.598 714.81 105
-426.931 717.827 105
-422.244 720.798 105
-418.207 724.466 105
-412.15 725.851 105
-408.725 730.184 105
-403.307 732.212 105
-397.885 734.182 105
-392.46 736.092 105
-387.661 738.722 105
-382.224 740.521 105
-377.4 743.051 105
-372.562 745.532 105
-367.709 747.966 105
-362.247 749.549 105
-356.786 751.073 105
-351.325 752.54 105
-347.014 755.587 105
-341.543 756.948 105
-336.634 759.081 105
-331.162 760.332 105
-326.239 762.364 105
-321.842 765.192 105
-316.362 766.285 105
-311.409 768.174 105
-306.448 770.015 105
-299.955 769.223 105
-283.5 751.036 105
-273.787 743.918 105
-268.584 744.539 105
-262.914 744.228 105
-269.007 765.929 105
-269.661 778.014 105
-265.13 780.348 105
-259.241 779.957 105
-253.817 780.402 105
-248.835 781.694 105
-243.005 781.127 105
-238.449 783.228 105
-233.06 783.462 105
-228.084 784.558 105
-222.326 783.767 105
-217.747 785.687 105
-212.402 785.713 105
-207.806 787.547 105
-202.478 787.473 105
-197.167 787.346 105
-191.873 787.168 105
-186.598 786.937 105
-181.993 788.545 105
-177.056 789.165 105
-171.813 788.787 105
-166.892 789.313 105
-161.682 788.837 105
-156.492 788.31 105
-151.876 789.655 105
-146.447 788.07 105
-141.574 788.361 105
-136.707 788.609 105
-131.605 787.841 105
-126.761 787.997 105
-121.923 788.109 105
-117.094 788.176 105
-112.064 787.222 105
-107.26 787.2 105
-102.274 786.152 105
-97.3137 785.058 105
-92.7281 785.887 105
-87.8053 784.704 105
-83.0667 784.463 105
-78.1911 783.189 105
-73.3442 781.871 105
-68.6567 781.5 105
-63.9814 781.087 105
-59.3184 780.632 105
-54.5638 779.14 105
-49.8397 777.606 105
-45.2338 777.025 105
-40.5633 775.406 105
-36.0641 775.741 105
-31.44 774.039 105
-26.9006 773.296 105
-22.3767 772.512 105
-17.8336 770.689 105
-13.3502 769.825 105
-8.88324 768.922 105
-4.42432 766.981 105
3.82019e-05 766 105
4.40694 764.981 105
8.79605 763.923 105
13.1409 761.828 105
17.5196 761.694 105
21.7225 757.526 105
26.011 756.319 105
30.3412 756.073 105
34.5992 754.792 105
38.7588 752.477 105
42.9678 751.124 105
47.0603 748.74 105
51.3235 748.31 105
55.4696 746.85 105
59.4723 744.363 105
63.4358 741.842 105
67.499 740.28 105
71.5398 738.684 105
75.7143 738.041 105
79.553 735.39 105
83.5248 733.693 105
87.1086 729.996 105
91.2067 729.218 105
95.0985 727.424 105
98.7581 724.62 105
102.809 723.741 105
106.402 720.877 105
110.186 718.959 105
113.945 717.009 105
117.679 715.029 105
121.127 712.053 105
124.533 709.052 105
127.896 706.025 105
132.067 705.851 105
135.66 703.725 105
139.227 701.571 105
142.766 699.388 105
146.595 698.126 105
149.761 694.939 105
152.55 690.787 105
155.961 688.5 105
159.695 687.123 105
162.699 683.846 105
166.758 683.34 105
169.322 679.087 105
173.356 678.517 105
176.61 676.068 105
179.836 673.594 105
183.032 671.095 105
184.953 665.843 105
188.91 665.12 105
192.438 663.456 105
195.514 660.862 105
198.112 657.351 105
201.118 654.716 105
203.631 651.172 105
206.568 648.497 105
208.996 644.922 105
213.316 644.833 105
215.682 641.216 105
218.5 638.453 105
220.272 633.947 105
224.042 632.868 105
227.287 630.898 105
229.455 627.205 105
232.113 624.345 105
235.829 623.144 105
237.885 619.405 105
240.453 616.486 105
243.555 614.374 105
246.064 611.416 105
248.541 608.441 105
250.984 605.45 105
252.8 601.639 105
256.373 600.219 105
256.897 594.795 105
260.425 593.329 105
263.946 591.826 105
266.203 588.733 105
267.789 584.854 105
269.971 581.739 105
272.119 578.61 105
274.233 575.469 105
277.638 573.812 105
279.027 569.891 105
281.721 567.445 105
283.711 564.243 105
286.356 561.756 105
288.283 558.526 105
288.775 553.859 105
290.621 550.621 105
292.433 547.373 105
295.649 545.505 105
297.404 542.225 105
299.855 539.619 105
302.284 536.992 105
303.203 533.005 105
305.574 530.349 105
306.412 526.36 105
308.725 523.676 105
308.716 519.043 105
311.736 516.976 105
313.967 514.245 105
316.956 512.118 105
317.568 508.112 105
318.135 504.113 105
321.85 502.531 105
321.543 497.929 105
324.416 495.702 105
324.832 491.7 105
327.661 489.431 105
327.178 484.863 105
330.786 483.118 105
331.053 479.119 105
332.952 476.222 105
334.826 473.308 105
337.523 470.908 105
338.498 467.432 105
339.438 463.955 105
340.344 460.478 105
342.08 457.5 105
342.92 454.015 105
343.726 450.53 105
345.375 447.523 105
346.998 444.502 105
348.595 441.467 105
349.275 437.964 105
349.919 434.463 105
351.428 431.403 105
352.911 428.33 105
354.366 425.244 105
354.885 421.73 105
356.283 418.627 105
358.57 415.911 105
358.076 411.994 105
359.389 408.864 105
360.675 405.722 105
361.002 402.202 105
360.362 398.33 105
363.429 395.88 105
362.721 392.02 105
364.802 389.183 105
364.97 385.669 105
366.053 382.48 105
368.059 379.59 105
368.135 376.072 105
369.134 372.855 105
369.146 369.346 105
371.047 366.396 105
372.925 363.421 105
369.95 359.128 105
370.801 355.896 105
374.534 353.382 105
371.445 349.176 105
374.158 346.381 105
373.921 342.896 105
376.587 340.046 105
375.311 336.358 105
375.963 333.08 105
375.603 329.614 105
377.181 326.507 105
378.734 323.378 105
379.272 320.071 105
377.804 316.463 105
379.273 313.303 105
379.723 309.992 105
380.145 306.676 105
378.551 303.13 105
380.902 300.034 105
380.241 296.613 105
381.543 293.381 105
381.819 290.05 105
383.065 286.786 105
383.284 283.443 105
382.475 280.045 105
380.637 276.619 105
381.767 273.332 105
382.869 270.026 105
381.942 266.667 105
382.985 263.342 105
383 260 105
384.985 256.64 105
381.942 253.333 105
381.869 250 105
381.767 246.668 105
383.635 243.25 105
383.474 239.903 105
384.282 236.496 105
383.065 233.214 105
381.819 229.95 105
383.535 226.445 105
383.228 223.099 105
379.907 220.07 105
380.538 216.643 105
383.123 212.958 105
382.698 209.617 105
379.273 206.697 105
380.771 203.093 105
380.26 199.773 105
379.72 196.457 105
378.166 193.319 105
379.536 189.657 105
377.926 186.539 105
378.251 183.044 105
376.587 179.954 105
375.874 176.671 105
0 260 105
0 260 105
0 260 105
0 260 105
0 260 105
0 260 105
0 260 105
0 260 105
73.6355 237.487 105
72.4825 237.146 105
0 260 105
0 260 105
43.4939 245.024 105
40.5336 245.646 105
38.5274 245.977 105
37.4669 245.992 105
35.4761 246.382 105
36.2863 245.706 105
35.233 245.765 105
35.1074 245.458 105
34.0587 245.543 105
33.0142 245.645 105
33.8012 244.951 105
32.7586 245.071 105
32.6271 244.786 105
33.3957 244.071 105
33.2554 243.78 105
34.0075 243.044 105
31.1852 244.11 105
31.0454 243.839 105
30.0202 244.038 105
29.001 244.254 105
28.8625 244.001 105
28.7217 243.75 105
28.5788 243.5 105
29.2954 242.744 105
29.1437 242.489 105
28.9898 242.235 105
29.6817 241.453 105
28.6753 241.732 105
28.5148 241.482 105
28.3521 241.234 105
27.3582 241.547 105
26.372 241.875 105
26.2129 241.646 105
26.0517 241.418 105
25.8885 241.191 105
24.9196 241.56 105
24.7577 241.344 105
34.9075 233.214 105
39.4005 229.217 105
34.4348 232.609 105
26.423 238.603 105
25.4636 239.009 105
23.7474 240.074 105
0 260 105
0 260 105
0 260 105
0 260 105
0 260 105
0 260 105
0 260 105
0 260 105
0 260 105
0 260 105
0 260 105
