-0 260 116
-0 260 116
-0 260 116
-0 260 116
-0 260 116
-0 260 116
-0 260 116
-0 260 116
-17.3583 244.911 116
-23.5726 239.867 116
-25.2795 238.788 116
-27.7785 237.101 116
-33.4173 232.939 116
-41.4782 227.007 116
-39.4005 229.217 116
-27.7674 238.693 116
-26.355 240.14 116
-26.5273 240.371 116
-27.5066 240.015 116
-27.6799 240.256 116
-26.2129 241.646 116
-26.372 241.875 116
-26.5292 242.106 116
-26.6843 242.338 116
-27.6761 242.027 116
-26.1451 243.344 116
-27.1375 243.043 116
-28.1371 242.758 116
-27.4294 243.519 116
-28.4338 243.251 116
-27.7128 244 116
-28.7217 243.75 116
-27.9878 244.486 116
-29.8798 243.777 116
-30.0202 244.038 116
-30.1584 244.301 116
-30.2942 244.564 116
-31.3227 244.383 116
-31.4578 244.657 116
-31.5905 244.932 116
-33.5334 244.363 116
-32.7586 245.071 116
-33.8012 244.951 116
-33.9312 245.246 116
-34.9792 245.152 116
-35.1074 245.458 116
-35.233 245.765 116
-35.3559 246.073 116
-36.4096 246.024 116
-37.4669 245.992 116
-39.4671 245.635 116
-0 260 116
-0 260 116
-0 260 116
-71.3292 236.824 116
-72.4825 237.146 116
-0 260 116
-0 260 116
-0 260 116
-0 260 116
-0 260 116
-0 260 116
-0 260 116
-0 260 116
-0 260 116
-0 260 116
-0 260 116
-0 260 116
-0 260 116
-0 260 116
-0 260 116
-0 260 116
-692.37 150.34 116
-691.322 156.681 116
-692.197 162.718 116
-693.02 168.762 116
-693.79 174.813 116
-693.513 180.984 116
-695.171 186.935 116
-694.787 193.1 116
-695.344 199.165 116
-695.848 205.236 116
-694.305 211.45 116
-696.698 217.388 116
-696.045 223.522 116
-696.337 229.597 116
-696.575 235.675 116
-695.762 241.781 116
-695.894 247.853 116
-695.973 253.926 116
-696 260 116
-695.973 266.074 116
-694.894 272.13 116
-694.762 278.193 116
-695.576 284.29 116
-694.339 290.316 116
-693.049 296.321 116
-692.706 302.368 116
-692.309 308.411 116
-691.861 314.451 116
-689.367 320.312 116
-688.814 326.325 116
-689.204 332.438 116
-688.545 338.45 116
-686.842 344.334 116
-686.08 350.324 116
-684.275 356.169 116
-683.41 362.136 116
-681.505 367.94 116
-679.551 373.718 116
-679.517 379.817 116
-677.463 385.56 116
-675.359 391.277 116
-675.168 397.365 116
-672.966 403.043 116
-670.715 408.694 116
-669.392 414.541 116
-668.018 420.377 116
-664.653 425.717 116
-663.181 431.51 116
-660.693 437.032 116
-659.123 442.791 116
-656.542 448.26 116
-653.915 453.699 116
-651.244 459.105 116
-648.527 464.48 116
-646.718 470.132 116
-643.912 475.45 116
-641.062 480.735 116
-638.168 485.987 116
-636.172 491.548 116
-633.19 496.74 116
-631.1 502.257 116
-627.101 507.022 116
-623.068 511.736 116
-621.771 517.546 116
-618.579 522.571 116
-616.264 527.959 116
-612.989 532.92 116
-608.764 537.43 116
-605.414 542.309 116
-602.927 547.581 116
-599.496 552.394 116
-595.131 556.722 116
-592.519 561.904 116
-588.975 566.601 116
-586.277 571.729 116
-582.656 576.356 116
-578.124 580.459 116
-575.305 585.492 116
-572.443 590.5 116
-566.952 593.96 116
-564.016 598.895 116
-561.037 603.804 116
-557.168 608.157 116
-553.265 612.469 116
-549.329 616.739 116
-543.694 619.863 116
-540.532 624.594 116
-536.506 628.731 116
-532.449 632.825 116
-529.175 637.457 116
-525.861 642.06 116
-521.703 646.04 116
-515.918 648.773 116
-512.506 653.26 116
-508.267 657.102 116
-502.434 659.654 116
-498.928 664.024 116
-495.383 668.362 116
-490.268 671.384 116
-485.139 674.348 116
-481.505 678.566 116
-477.085 682.089 116
-472.64 685.567 116
-468.171 689 116
-462.947 691.705 116
-457.711 694.352 116
-453.184 697.635 116
-448.634 700.872 116
-444.063 704.063 116
-439.47 707.208 116
-435.551 711.026 116
-430.222 713.359 116
-424.203 714.902 116
-420.217 718.587 116
-414.861 720.75 116
-410.162 723.604 116
-405.444 726.411 116
-400.709 729.171 116
-395.314 731.117 116
-389.916 733.006 116
-385.144 735.613 116
-380.979 738.956 116
-375.553 740.687 116
-370.736 743.152 116
-365.903 745.57 116
-360.463 747.137 116
-355.61 749.455 116
-350.745 751.726 116
-345.867 753.949 116
-340.41 755.3 116
-334.397 755.765 116
-329.506 757.83 116
-324.605 759.848 116
-320.231 762.661 116
-314.772 763.741 116
-309.842 765.616 116
-304.902 767.443 116
-298.94 767.5 116
-294 769.223 116
-289.053 770.899 116
-280.22 765.53 116
-261.96 742.471 116
-256.331 742.089 116
-251.653 743.421 116
-247.425 745.599 116
-254.333 770.113 116
-252.502 777.705 116
-247.544 778.987 116
-243.005 781.127 116
-237.619 781.408 116
-232.247 781.634 116
-227.287 782.724 116
-222.717 784.688 116
-216.981 783.84 116
-211.653 783.859 116
-206.707 784.756 116
-202.119 786.539 116
-196.816 786.41 116
-191.531 786.228 116
-186.264 785.994 116
-181.667 787.599 116
-176.421 787.268 116
-171.504 787.836 116
-165.99 786.452 116
-161.389 787.88 116
-156.492 788.31 116
-151.325 787.733 116
-146.447 788.07 116
-141.315 787.396 116
-136.457 787.64 116
-131.364 786.871 116
-126.527 787.025 116
-121.698 787.134 116
-117.094 788.176 116
-112.064 787.222 116
-107.26 787.2 116
-102.274 786.152 116
-97.6782 787.025 116
-92.5544 784.903 116
-87.8053 784.704 116
-83.0667 784.463 116
-78.3389 784.178 116
-73.4834 782.862 116
-68.7873 782.491 116
-64.1032 782.079 116
-59.4316 781.625 116
-54.6683 780.135 116
-50.1273 780.592 116
-45.4081 779.017 116
-40.7987 778.397 116
-36.2036 777.736 116
-31.5621 776.036 116
-27.0576 776.291 116
-22.4203 773.511 116
-17.8685 771.688 116
-13.3764 770.825 116
-8.91814 770.922 116
-4.45049 769.981 116
3.84284e-05 769 116
4.43312 767.981 116
8.84841 766.923 116
13.1932 763.827 116
17.5545 762.694 116
21.8533 760.523 116
26.2204 760.313 116
30.4633 758.069 116
34.8085 757.784 116
39.0727 756.465 116
43.2293 754.113 116
47.4437 752.721 116
51.5326 750.299 116
55.8092 749.831 116
59.8379 747.34 116
64.0884 746.799 116
68.0557 744.241 116
72.131 742.64 116
76.1836 741.004 116
80.2132 739.335 116
84.2194 737.632 116
88.0198 734.912 116
92.1608 734.126 116
95.896 731.344 116
100.006 730.489 116
103.675 727.646 116
107.527 725.749 116
111.353 723.82 116
114.913 720.89 116
118.931 719.87 116
122.68 717.849 116
126.137 714.834 116
129.825 712.754 116
133.771 711.604 116
137.415 709.463 116
140.43 705.386 116
144.311 704.143 116
147.547 700.97 116
151.389 699.666 116
154.886 697.386 116
158.355 695.078 116
161.796 692.743 116
165.566 691.314 116
168.591 687.992 116
171.944 685.577 116
175.269 683.137 116
178.955 681.591 116
180.633 675.428 116
185.065 675.663 116
188.271 673.122 116
191.446 670.557 116
194.591 667.969 116
198.144 666.255 116
201.235 663.615 116
203.388 659.171 116
205.94 655.607 116
210.323 655.561 116
212.813 651.952 116
216.225 650.08 116
219.621 648.179 116
222 644.515 116
224.332 640.84 116
227.132 638.011 116
229.899 635.162 116
233.164 633.141 116
235.337 629.405 116
238.552 627.338 116
241.748 625.242 116
244.367 622.289 116
246.387 618.495 116
248.932 615.512 116
252.025 613.326 116
255.687 611.922 116
256.369 606.462 116
259.382 604.212 116
262.985 602.729 116
265.35 599.633 116
267.681 596.521 116
269.349 592.618 116
270.969 588.712 116
275.113 587.867 116
277.314 584.693 116
280.137 582.261 116
281.614 578.306 116
283.711 575.093 116
286.45 572.606 116
288.485 569.363 116
291.174 566.833 116
293.146 563.561 116
294.382 559.565 116
296.985 556.985 116
299.565 554.382 116
302.123 551.757 116
303.206 547.732 116
304.243 543.711 116
305.97 540.37 116
308.405 537.689 116
310.068 534.325 116
313.959 532.921 116
315.568 529.521 116
318.674 527.4 116
319.453 523.336 116
320.961 519.909 116
321.652 515.854 116
323.872 513.037 116
324.482 508.983 116
327.441 506.744 116
328.777 503.283 116
330.888 500.404 116
332.159 496.927 116
335.033 494.593 116
335.419 490.527 116
337.418 487.592 116
338.558 484.086 116
341.339 481.668 116
344.104 479.218 116
345.156 475.677 116
346.172 472.134 116
346.296 468.075 116
349.821 466.061 116
350.74 462.5 116
350.753 458.447 116
354.221 456.348 116
355.921 453.249 116
355.828 449.197 116
358.352 446.546 116
359.076 442.958 116
360.659 439.818 116
362.214 436.664 116
363.742 433.496 116
365.242 430.315 116
364.894 426.292 116
368.159 423.915 116
368.658 420.297 116
369.122 416.683 116
370.476 413.456 116
371.801 410.217 116
372.167 406.6 116
373.432 403.347 116
374.669 400.083 116
377.756 397.492 116
377.999 393.857 116
377.262 389.902 116
377.433 386.287 116
379.472 383.298 116
379.579 379.681 116
380.609 376.364 116
380.651 372.754 116
382.582 369.704 116
385.452 366.895 116
384.438 363.01 116
385.323 359.651 116
386.178 356.285 116
386.031 352.678 116
386.825 349.306 116
388.566 346.143 116
389.303 342.749 116
387.07 338.75 116
390.688 335.942 116
392.319 332.712 116
390.969 328.938 116
390.569 325.359 116
392.112 322.104 116
392.639 318.68 116
393.136 315.252 116
395.587 312.08 116
395.033 308.504 116
395.442 305.055 116
394.825 301.498 116
394.177 297.955 116
394.493 294.514 116
395.776 291.148 116
397.03 287.763 116
398.256 284.358 116
398.453 280.882 116
397.621 277.361 116
397.758 273.89 116
396.864 270.392 116
398.939 266.964 116
397.985 263.473 116
397 260 116
398.985 256.518 116
396.94 253.071 116
396.864 249.608 116
398.757 246.075 116
397.621 242.639 116
397.455 239.17 116
398.256 235.642 116
399.026 232.097 116
399.764 228.538 116
398.478 225.138 116
397.163 221.758 116
397.809 218.189 116
396.435 214.832 116
396.026 211.374 116
396.578 207.79 116
398.088 204.052 116
394.617 201.024 116
396.063 197.27 116
396.487 193.651 116
393.923 190.541 116
394.285 186.924 116
392.651 183.676 116
391.97 180.253 116
393.215 176.42 116
389.542 173.641 116
0 260 116
0 260 116
0 260 116
0 260 116
0 260 116
0 260 116
0 260 116
0 260 116
72.6792 237.78 116
72.4825 237.146 116
0 260 116
0 260 116
42.5483 245.349 116
39.5909 245.98 116
39.4671 245.635 116
37.4669 245.992 116
37.3432 245.665 116
36.2863 245.706 116
36.1602 245.39 116
35.1074 245.458 116
35.8997 244.761 116
34.8483 244.848 116
33.8012 244.951 116
33.6686 244.656 116
32.6271 244.786 116
34.2982 243.641 116
34.1542 243.342 116
33.1126 243.491 116
32.0762 243.656 116
31.9324 243.377 116
31.7861 243.099 116
29.8798 243.777 116
30.6117 243.032 116
29.5921 243.258 116
29.4449 243 116
30.157 242.236 116
30.0009 241.974 116
29.8424 241.713 116
29.6817 241.453 116
28.6753 241.732 116
29.3535 240.938 116
28.3521 241.234 116
27.3582 241.547 116
27.1962 241.309 116
27.032 241.072 116
26.0517 241.418 116
25.0795 241.779 116
24.9196 241.56 116
25.5563 240.742 116
35.7009 232.606 116
41.7646 227.37 116
32.8695 233.854 116
25.6458 239.232 116
26.2352 238.373 116
23.7474 240.074 116
0 260 116
0 260 116
0 260 116
0 260 116
0 260 116
0 260 116
0 260 116
0 260 116
0 260 116
0 260 116
0 260 116
