-0 260 109
-0 260 109
-0 260 109
-0 260 109
-0 260 109
-0 260 109
-0 260 109
-0 260 109
-16.6036 245.567 109
-23.5726 239.867 109
-26.8116 237.502 109
-27.0069 237.737 109
-34.9716 231.681 109
-43.0435 225.762 109
-40.9766 227.986 109
-26.974 239.302 109
-25.5563 240.742 109
-28.135 239.181 109
-27.5066 240.015 109
-26.0517 241.418 109
-26.2129 241.646 109
-26.372 241.875 109
-26.5292 242.106 109
-25.8505 242.89 109
-27.6761 242.027 109
-26.9885 242.806 109
-27.1375 243.043 109
-28.1371 242.758 109
-28.2865 243.004 109
-28.4338 243.251 109
-27.7128 244 109
-27.8514 244.242 109
-27.9878 244.486 109
-29.001 244.254 109
-29.1373 244.507 109
-31.0454 243.839 109
-29.4032 245.018 109
-29.5328 245.275 109
-31.4578 244.657 109
-31.5905 244.932 109
-30.8145 245.631 109
-31.8486 245.486 109
-31.9741 245.764 109
-33.9312 245.246 109
-34.0587 245.543 109
-34.1835 245.841 109
-35.233 245.765 109
-34.4255 246.439 109
-37.3432 245.665 109
-36.5302 246.342 109
-39.4671 245.635 109
-0 260 109
-0 260 109
-0 260 109
-71.3292 236.824 109
-71.5288 237.447 109
-0 260 109
-71.9115 238.699 109
-0 260 109
-0 260 109
-0 260 109
-0 260 109
-0 260 109
-0 260 109
-0 260 109
-0 260 109
-0 260 109
-0 260 109
-0 260 109
-0 260 109
-0 260 109
-0 260 109
-697.308 149.557 109
-697.256 155.794 109
-699.129 161.744 109
-699.96 167.849 109
-699.745 174.082 109
-700.468 180.192 109
-701.138 186.308 109
-700.759 192.525 109
-701.321 198.642 109
-698.839 205 109
-702.285 210.892 109
-701.689 217.083 109
-702.037 223.208 109
-702.331 229.336 109
-702.572 235.466 109
-702.759 241.598 109
-701.893 247.749 109
-701.973 253.874 109
-702 260 109
-700.973 266.117 109
-700.893 272.234 109
-699.76 278.324 109
-699.574 284.43 109
-699.334 290.534 109
-699.041 296.635 109
-697.696 302.673 109
-698.295 308.83 109
-695.848 314.765 109
-696.34 320.922 109
-694.787 326.9 109
-695.171 333.065 109
-693.513 339.016 109
-690.812 344.821 109
-689.054 350.716 109
-689.227 356.865 109
-687.366 362.728 109
-686.443 368.722 109
-683.496 374.378 109
-682.472 380.338 109
-682.379 386.472 109
-677.323 391.658 109
-678.108 397.963 109
-676.878 403.875 109
-674.621 409.56 109
-672.315 415.216 109
-669.963 420.844 109
-667.563 426.442 109
-664.149 431.761 109
-663.591 437.809 109
-661.05 443.326 109
-659.425 449.087 109
-655.833 454.267 109
-654.112 459.982 109
-651.389 465.382 109
-649.572 471.059 109
-646.757 476.402 109
-642.953 481.386 109
-640.996 486.989 109
-636.172 491.548 109
-634.127 497.09 109
-632.034 502.615 109
-628.962 507.755 109
-626.776 513.234 109
-622.695 517.929 109
-619.5 522.962 109
-617.181 528.358 109
-613.903 533.327 109
-611.494 538.674 109
-607.226 543.154 109
-603.83 548.012 109
-600.394 552.832 109
-597.816 558.06 109
-593.41 562.358 109
-589.862 567.063 109
-587.16 572.199 109
-582.656 576.356 109
-578.124 580.459 109
-575.305 585.492 109
-572.443 590.5 109
-568.675 594.975 109
-564.873 599.41 109
-561.89 604.327 109
-557.168 608.157 109
-554.108 613.006 109
-548.491 616.194 109
-543.694 619.863 109
-541.361 625.153 109
-537.33 629.297 109
-533.268 633.398 109
-529.175 637.457 109
-525.861 642.06 109
-520.095 644.85 109
-516.717 649.374 109
-511.713 652.651 109
-507.479 656.486 109
-502.434 659.654 109
-498.151 663.394 109
-493.84 667.09 109
-489.502 670.741 109
-485.899 674.997 109
-482.259 679.222 109
-475.587 680.764 109
-472.64 685.567 109
-466.697 687.649 109
-462.215 691.023 109
-457.711 694.352 109
-454.623 699.024 109
-449.348 701.573 109
-444.77 704.77 109
-438.769 706.495 109
-434.856 710.307 109
-429.533 712.634 109
-424.885 715.633 109
-420.217 718.587 109
-415.53 721.493 109
-410.824 724.353 109
-406.1 727.165 109
-400.06 728.41 109
-395.314 731.117 109
-390.552 733.778 109
-385.773 736.391 109
-380.356 738.174 109
-375.553 740.687 109
-371.344 743.946 109
-366.505 746.369 109
-360.463 747.137 109
-355.022 748.646 109
-350.164 750.912 109
-345.293 753.13 109
-340.977 756.124 109
-334.397 755.765 109
-330.058 758.664 109
-325.149 760.686 109
-320.231 762.661 109
-315.832 765.437 109
-309.319 764.763 109
-303.872 765.729 109
-299.448 768.361 109
-293.5 768.357 109
-276.742 749.14 109
-267.13 741.915 109
-261.96 742.471 109
-256.801 742.972 109
-261.35 762.048 109
-262.86 775.893 109
-257.902 777.272 109
-252.94 778.604 109
-247.974 779.889 109
-243.428 782.033 109
-237.619 781.408 109
-232.653 782.548 109
-228.084 784.558 109
-222.326 783.767 109
-216.981 783.84 109
-212.402 785.713 109
-207.073 785.686 109
-202.119 786.539 109
-196.466 785.473 109
-191.873 787.168 109
-186.932 787.879 109
-181.341 786.654 109
-176.421 787.268 109
-171.504 787.836 109
-166.591 788.359 109
-161.389 787.88 109
-156.776 789.269 109
-151.325 787.733 109
-146.179 787.106 109
-141.574 788.361 109
-136.457 787.64 109
-131.605 787.841 109
-126.761 787.997 109
-121.698 787.134 109
-116.661 786.224 109
-111.856 786.243 109
-107.061 786.22 109
-102.083 785.171 109
-97.3137 785.058 109
-92.5544 784.903 109
-87.8053 784.704 109
-82.9102 783.475 109
-78.1911 783.189 109
-73.4834 782.862 109
-68.6567 781.5 109
-63.8595 780.094 109
-59.3184 780.632 109
-54.5638 779.14 109
-49.9356 778.601 109
-45.3209 778.021 109
-40.7202 777.4 109
-36.0641 775.741 109
-31.501 775.038 109
-26.953 774.294 109
-22.4203 773.511 109
-17.8336 770.689 109
-13.3764 770.825 109
-8.90069 769.922 109
-4.43304 767.981 109
3.82774e-05 767 109
4.41566 765.981 109
8.8135 764.923 109
13.167 762.828 109
17.4847 760.695 109
21.8097 759.524 109
26.1157 758.316 109
30.4633 758.069 109
34.669 755.789 109
38.8373 753.474 109
43.1421 753.116 109
47.252 750.73 109
51.428 749.305 109
55.3564 745.857 109
59.716 746.348 109
63.8273 744.817 109
67.9165 743.251 109
71.6876 739.673 109
75.8707 739.029 109
79.718 736.376 109
83.6985 734.677 109
87.1086 729.996 109
91.3975 730.199 109
95.2979 728.404 109
99.3818 727.555 109
103.025 724.717 109
107.077 723.8 109
110.653 720.903 109
114.429 718.95 109
117.679 715.029 109
121.904 714.951 109
125.335 711.943 109
129.274 710.832 109
132.351 706.81 109
135.368 702.769 109
139.828 703.478 109
143.384 701.29 109
146.595 698.126 109
149.761 694.939 109
153.551 693.615 109
157.329 692.259 109
160.395 688.996 109
164.133 687.58 109
166.392 682.41 109
169.697 680.014 109
174.504 681.289 109
176.61 676.068 109
179.836 673.594 109
183.845 672.923 109
187.027 670.393 109
190.178 667.838 109
192.869 664.358 109
195.952 661.761 109
199.897 660.931 109
202.026 656.498 109
204.555 652.946 109
207.976 651.146 109
211.381 649.316 109
214.771 647.457 109
217.159 643.827 109
220.5 641.917 109
222.809 638.255 109
225.072 634.582 109
228.332 632.604 109
231.045 629.749 109
233.725 626.875 109
236.918 624.822 109
239.541 621.906 109
242.69 619.802 109
245.254 616.847 109
247.785 613.874 109
250.283 610.884 109
251.572 606.259 109
253.989 603.247 109
256.975 601.017 109
260.55 599.555 109
262.887 596.481 109
265.191 593.391 109
267.461 590.287 109
269.061 586.397 109
271.256 583.271 109
273.418 580.131 109
276.201 577.733 109
279.626 576.059 109
281.704 572.864 109
283.748 569.656 109
284.393 564.974 109
287.044 562.481 109
289.673 559.965 109
291.578 556.712 109
292.742 552.742 109
295.999 550.877 109
298.526 548.283 109
301.03 545.667 109
302.049 541.665 109
303.021 537.668 109
305.433 535.013 109
307.072 531.674 109
308.676 528.328 109
310.246 524.975 109
314.078 523.543 109
315.594 520.156 109
317.076 516.763 109
317.739 512.741 109
319.932 509.959 109
322.101 507.157 109
322.649 503.133 109
326.366 501.498 109
327.652 498.053 109
330.531 495.765 109
331.757 492.298 109
333.771 489.395 109
334.102 485.355 109
336.056 482.431 109
336.307 478.4 109
340.73 477.069 109
340.915 473.028 109
342.761 470.044 109
342.867 466.015 109
345.513 463.523 109
346.41 460 109
349.013 457.462 109
348.973 453.439 109
349.769 449.909 109
352.296 447.319 109
353.03 443.776 109
355.512 441.142 109
355.289 437.141 109
356.821 434.033 109
359.229 431.343 109
358.898 427.357 109
362.165 425.048 109
359.937 420.254 109
361.322 417.107 109
364.52 414.73 109
365.856 411.543 109
365.31 407.595 109
367.515 404.768 109
368.764 401.555 109
369.049 397.982 109
368.36 394.072 109
373.286 392.188 109
371.589 387.948 109
373.64 385.018 109
372.814 381.135 109
375.764 378.478 109
375.828 374.902 109
376.816 371.618 109
374.892 367.499 109
376.78 364.49 109
377.677 361.198 109
381.45 358.65 109
380.356 354.833 109
380.197 351.277 109
380.979 347.956 109
383.684 345.061 109
383.434 341.501 109
382.171 337.753 109
383.816 334.606 109
385.436 331.436 109
386.045 328.07 109
385.638 324.534 109
386.186 321.166 109
386.705 317.793 109
386.205 314.278 109
389.638 311.297 109
387.093 307.529 109
389.48 304.376 109
388.858 300.871 109
387.209 297.284 109
389.512 294.078 109
388.798 290.599 109
390.048 287.275 109
389.273 283.809 109
389.466 280.411 109
390.628 277.055 109
392.761 273.716 109
391.866 270.261 109
390.94 266.824 109
390.985 263.412 109
393 260 109
389.985 256.597 109
390.94 253.176 109
390.866 249.765 109
392.761 246.284 109
392.626 242.858 109
391.463 239.484 109
391.269 236.069 109
392.043 232.586 109
389.795 229.322 109
390.508 225.835 109
391.191 222.333 109
389.853 219.025 109
390.474 215.511 109
392.056 211.862 109
389.638 208.703 109
390.166 205.166 109
388.683 201.911 109
388.162 198.521 109
388.597 194.971 109
388.999 191.409 109
387.402 188.199 109
387.743 184.63 109
387.07 181.25 109
385.39 178.083 109
383.684 174.939 109
0 260 109
0 260 109
0 260 109
0 260 109
0 260 109
0 260 109
0 260 109
71.9115 238.699 109
72.6792 237.78 109
72.4825 237.146 109
0 260 109
0 260 109
42.5483 245.349 109
39.5909 245.98 109
37.5877 246.319 109
36.5302 246.342 109
36.4096 246.024 109
35.3559 246.073 109
35.233 245.765 109
35.1074 245.458 109
34.0587 245.543 109
34.8483 244.848 109
33.8012 244.951 109
32.7586 245.071 109
32.6271 244.786 109
34.2982 243.641 109
32.3566 244.219 109
33.1126 243.491 109
32.0762 243.656 109
30.1584 244.301 109
30.9032 243.568 109
29.8798 243.777 109
28.8625 244.001 109
29.5921 243.258 109
29.4449 243 109
29.2954 242.744 109
28.2865 243.004 109
29.8424 241.713 109
27.9856 242.513 109
27.8319 242.269 109
27.6761 242.027 109
28.3521 241.234 109
27.3582 241.547 109
28.0203 240.742 109
26.2129 241.646 109
26.0517 241.418 109
25.8885 241.191 109
24.9196 241.56 109
23.9591 241.946 109
35.7009 232.606 109
40.1885 228.601 109
33.6522 233.232 109
26.423 238.603 109
26.2352 238.373 109
23.7474 240.074 109
0 260 109
0 260 109
0 260 109
0 260 109
0 260 109
0 260 109
0 260 109
0 260 109
0 260 109
0 260 109
0 260 109
