-0 260 188
-0 260 188
-0 260 188
-0 260 188
-0 260 188
-0 260 188
-0 260 188
-0 260 188
-16.6036 245.567 188
-23.5726 239.867 188
-26.8116 237.502 188
-26.2352 238.373 188
-34.9716 231.681 188
-43.8261 225.139 188
-40.1886 228.601 188
-28.5607 238.085 188
-25.5563 240.742 188
-27.3311 239.776 188
-26.6976 240.603 188
-26.8658 240.837 188
-26.2129 241.646 188
-26.372 241.875 188
-26.5292 242.106 188
-26.6843 242.338 188
-26.8375 242.572 188
-26.1451 243.344 188
-27.1375 243.043 188
-28.9898 242.235 188
-27.4294 243.519 188
-28.4338 243.251 188
-28.5788 243.5 188
-26.1107 245.227 188
-27.9878 244.486 188
-28.1222 244.731 188
-30.0202 244.038 188
-30.1584 244.301 188
-31.1852 244.11 188
-30.4278 244.829 188
-30.559 245.095 188
-30.6879 245.363 188
-31.7208 245.208 188
-32.7586 245.071 188
-32.8876 245.357 188
-33.0142 245.645 188
-34.0587 245.543 188
-34.1835 245.841 188
-34.3058 246.14 188
-35.3559 246.073 188
-36.4096 246.024 188
-36.5302 246.342 188
-39.4671 245.635 188
-0 260 188
-0 260 188
-0 260 188
-72.2803 236.515 188
-70.5751 237.748 188
-0 260 188
-71.9115 238.699 188
-0 260 188
-0 260 188
-0 260 188
-0 260 188
-0 260 188
-0 260 188
-0 260 188
-0 260 188
-0 260 188
-0 260 188
-0 260 188
-0 260 188
-0 260 188
-0 260 188
-714.099 146.898 188
-714.069 153.282 188
-714.974 159.517 188
-715.823 165.76 188
-715.626 172.132 188
-716.365 178.381 188
-716.056 184.74 188
-717.681 190.895 188
-718.256 197.161 188
-717.78 203.51 188
-717.249 209.845 188
-718.657 216.045 188
-719.013 222.318 188
-718.316 228.638 188
-717.563 234.942 188
-718.754 241.179 188
-717.891 247.469 188
-717.973 253.734 188
-718 260 188
-716.973 266.257 188
-717.891 272.531 188
-716.754 278.769 188
-716.563 285.023 188
-716.318 291.275 188
-716.017 297.525 188
-715.663 303.772 188
-714.256 309.946 188
-712.796 316.098 188
-712.279 322.316 188
-711.708 328.53 188
-709.094 334.529 188
-708.417 340.714 188
-706.693 346.771 188
-706.9 353.065 188
-706.061 359.231 188
-704.179 365.24 188
-702.246 371.225 188
-701.249 377.349 188
-699.213 383.29 188
-698.111 389.387 188
-696.955 395.474 188
-693.787 401.153 188
-691.55 406.994 188
-690.241 413.023 188
-688.88 419.04 188
-686.493 424.813 188
-683.088 430.313 188
-682.544 436.518 188
-679.046 441.95 188
-677.432 447.869 188
-673.844 453.222 188
-672.133 459.095 188
-670.37 464.953 188
-666.648 470.193 188
-664.788 476.003 188
-662.878 481.796 188
-659.026 486.921 188
-656.078 492.33 188
-653.086 497.704 188
-650.987 503.394 188
-647.905 508.707 188
-643.849 513.619 188
-641.611 519.228 188
-638.401 524.434 188
-634.228 529.214 188
-631.854 534.738 188
-626.692 539.021 188
-623.323 544.065 188
-620.821 549.494 188
-618.271 554.9 188
-613.876 559.408 188
-611.24 564.753 188
-607.666 569.622 188
-604.054 574.451 188
-599.521 578.771 188
-596.717 583.991 188
-592.992 588.701 188
-588.36 592.878 188
-584.567 597.5 188
-580.738 602.081 188
-576.874 606.621 188
-572.974 611.119 188
-569.04 615.576 188
-565.072 619.991 188
-559.393 623.274 188
-554.534 627.038 188
-551.31 631.863 188
-548.044 636.66 188
-543.917 640.855 188
-538.944 644.425 188
-533.951 647.938 188
-529.742 651.988 188
-524.703 655.393 188
-520.44 659.348 188
-514.571 662.027 188
-512.608 667.747 188
-508.253 671.576 188
-503.099 674.723 188
-497.163 677.169 188
-494.264 682.141 188
-489.052 685.126 188
-483.076 687.39 188
-479.328 691.589 188
-474.807 695.08 188
-469.529 697.843 188
-464.24 700.547 188
-460.377 704.581 188
-455.054 707.18 188
-449.72 709.72 188
-444.376 712.201 188
-439.024 714.623 188
-434.352 717.711 188
-428.977 720.022 188
-424.946 723.747 188
-418.207 724.466 188
-414.137 728.097 188
-410.037 731.694 188
-405.256 734.493 188
-398.528 734.948 188
-393.732 737.636 188
-388.291 739.499 188
-382.846 741.304 188
-378.632 744.627 188
-373.171 746.326 188
-367.709 747.966 188
-362.247 749.549 188
-357.373 751.882 188
-352.487 754.168 188
-347.014 755.587 188
-341.543 756.948 188
-337.193 759.91 188
-331.162 760.332 188
-326.239 762.364 188
-321.305 764.348 188
-315.832 765.437 188
-310.364 766.468 188
-304.902 767.443 188
-299.955 769.223 188
-285.5 754.501 188
-272.803 742.177 188
-267.615 742.79 188
-261.96 742.471 188
-264.782 757.982 188
-268.738 776.24 188
-262.86 775.893 188
-257.456 776.377 188
-252.94 778.604 188
-247.544 778.987 188
-241.315 777.502 188
-236.79 779.588 188
-231.84 780.721 188
-226.888 781.807 188
-221.154 781.006 188
-216.216 781.992 188
-210.903 782.005 188
-205.974 782.895 188
-200.686 782.805 188
-195.065 781.726 188
-190.163 782.469 188
-185.263 783.166 188
-180.039 782.872 188
-175.152 783.475 188
-170.268 784.032 188
-164.486 781.683 188
-159.927 783.099 188
-154.788 782.557 188
-149.671 781.965 188
-144.843 782.288 188
-140.021 782.566 188
-134.704 780.863 188
-130.154 782.019 188
-125.127 781.19 188
-120.349 781.288 188
-115.362 780.366 188
-110.401 779.396 188
-105.466 778.38 188
-100.938 779.281 188
-95.8558 777.192 188
-91.3389 778.009 188
-86.6499 777.8 188
-81.6587 775.573 188
-76.8609 774.288 188
-72.37 774.939 188
-67.6125 773.568 188
-62.7627 771.161 188
-58.2996 771.69 188
-53.7276 771.184 188
-49.073 769.643 188
-44.3622 767.063 188
-39.9356 767.431 188
-35.4362 766.763 188
-30.9516 766.054 188
-26.4296 764.308 188
-21.8969 761.522 188
-17.4846 760.695 188
-13.0623 758.829 188
-8.70871 758.924 188
-4.34578 757.981 188
3.73715e-05 755 188
4.29349 751.981 188
8.60407 752.925 188
12.8529 750.832 188
17.0659 748.702 188
21.2863 747.536 188
25.4876 746.333 188
29.6696 745.094 188
33.8319 743.819 188
37.8958 741.511 188
41.7476 737.177 188
46.006 737.79 188
49.8601 734.387 188
53.7716 731.947 188
58.0098 732.452 188
61.8694 729.945 188
65.9681 729.387 188
69.7661 726.815 188
73.6807 725.201 188
77.5724 723.554 188
81.441 721.875 188
85.104 719.18 188
89.1078 718.42 188
92.5068 714.685 188
95.8473 710.926 188
99.9951 711.049 188
103.702 709.185 188
106.918 705.345 188
111.042 705.366 188
114.173 701.475 188
117.245 697.564 188
121.326 697.488 188
125.139 696.413 188
127.807 691.469 188
131.86 691.293 188
135.318 689.173 188
138.749 687.024 188
141.835 683.901 188
145.203 681.701 188
147.543 676.648 188
151.857 677.224 188
154.792 674.009 188
158.399 672.643 188
161.627 670.314 188
164.452 667.034 188
167.615 664.659 188
170.359 661.34 188
173.855 659.838 188
176.117 655.565 188
179.562 654.013 188
182.571 651.525 188
185.55 649.014 188
188.5 646.481 188
191.865 644.822 188
194.308 641.351 188
196.705 637.867 188
200.464 637.019 188
203.27 634.376 188
205.559 630.839 188
207.31 626.42 188
211.5 626.329 188
214.181 623.607 188
215.801 619.153 188
218.927 617.256 188
220.976 613.636 188
224.591 612.538 188
226.57 608.887 188
229.054 606.063 188
232.065 604.051 188
234.492 601.188 188
235.166 595.852 188
238.669 594.601 188
241.58 592.506 188
242.688 587.974 188
246.142 586.642 188
247.157 582.101 188
251.19 581.508 188
253.363 578.522 188
254.875 574.744 188
257.612 572.508 188
260.329 570.248 188
260.429 564.923 188
264.392 564.148 188
264.385 558.833 188
267.652 557.258 188
270.236 554.911 188
272.117 551.81 188
273.965 548.699 188
275.779 545.578 188
277.56 542.447 188
277.893 537.893 188
280.307 535.457 188
284.139 534.39 188
284.347 529.835 188
285.959 526.661 188
288.275 524.156 188
291.313 522.299 188
292.093 518.422 188
294.337 515.863 188
295.038 511.986 188
297.991 510.044 188
299.39 506.798 188
300.755 503.547 188
303.652 501.536 188
304.172 497.645 188
307.028 495.591 188
306.676 491.097 188
308.681 488.412 188
309.854 485.122 188
310.992 481.829 188
313.735 479.68 188
315.64 476.934 188
316.692 473.612 188
318.544 470.84 188
320.372 468.052 188
321.332 464.711 188
323.954 462.429 188
323.151 458.027 188
326.581 456.229 188
328.281 453.372 188
329.09 450 188
329.865 446.629 188
331.481 443.743 188
331.314 439.889 188
331.988 436.521 188
334.403 434.079 188
335.909 431.154 188
338.285 428.663 188
337.947 424.828 188
338.469 421.442 188
339.865 418.482 188
340.326 415.095 188
342.58 412.526 188
342.063 408.733 188
344.269 406.133 188
346.455 403.506 188
347.694 400.477 188
347.046 396.705 188
348.226 393.671 188
350.315 390.978 188
352.385 388.258 188
349.72 383.842 188
351.733 381.111 188
353.725 378.355 188
353.793 374.954 188
353.829 371.562 188
352.876 367.885 188
355.722 365.37 188
355.667 361.986 188
358.471 359.413 188
357.393 355.763 188
356.278 352.14 188
359.009 349.511 188
357.832 345.908 188
359.543 343.007 188
362.206 340.299 188
361.915 336.927 188
359.632 333.168 188
364.184 330.79 188
363.804 327.427 188
365.364 324.423 188
365.912 321.233 188
364.457 317.724 188
365.936 314.689 188
366.399 311.494 188
365.843 308.164 188
366.25 304.97 188
367.622 301.885 188
367.973 298.676 188
369.292 295.559 188
367.596 292.16 188
367.862 288.951 188
369.099 285.81 188
368.312 282.527 188
367.496 279.26 188
369.648 276.139 188
368.775 272.878 188
368.874 269.659 188
368.944 266.44 188
370.986 263.238 188
370 260 188
370.986 256.762 188
367.944 253.578 188
368.874 250.341 188
370.774 247.052 188
370.647 243.817 188
371.49 240.531 188
370.308 237.351 188
369.099 234.19 188
370.853 230.813 188
367.596 227.84 188
370.287 224.345 188
369.962 221.115 188
370.602 217.775 188
370.22 214.543 188
368.817 211.444 188
368.38 208.228 188
368.903 204.867 188
367.42 201.806 188
367.885 198.437 188
368.318 195.056 188
367.737 191.844 188
367.129 188.637 188
365.512 185.636 188
363.871 182.657 188
364.158 179.268 188
0 260 188
0 260 188
0 260 188
0 260 188
0 260 188
0 260 188
0 260 188
0 260 188
71.7229 238.072 188
71.5288 237.447 188
0 260 188
0 260 188
0 260 188
39.5909 245.98 188
37.5877 246.319 188
37.4669 245.992 188
36.4096 246.024 188
35.3559 246.073 188
36.1602 245.39 188
35.1074 245.458 188
34.9792 245.152 188
33.9312 245.246 188
32.8876 245.357 188
32.7586 245.071 188
31.7208 245.208 188
33.3957 244.071 188
33.2554 243.78 188
33.1126 243.491 188
32.0762 243.656 188
31.0454 243.839 188
30.0202 244.038 188
29.8798 243.777 188
29.7371 243.516 188
29.5921 243.258 188
29.4449 243 188
28.4338 243.251 188
29.1437 242.489 188
28.9898 242.235 188
27.9856 242.513 188
27.8319 242.269 188
27.6761 242.027 188
28.3521 241.234 188
27.3582 241.547 188
28.0203 240.742 188
27.032 241.072 188
26.8658 240.837 188
25.8885 241.191 188
24.9196 241.56 188
23.9591 241.946 188
35.7009 232.606 188
41.7646 227.37 188
34.4348 232.609 188
26.423 238.603 188
26.2352 238.373 188
22.2153 241.359 188
0 260 188
0 260 188
0 260 188
0 260 188
0 260 188
0 260 188
0 260 188
0 260 188
0 260 188
0 260 188
0 260 188
