-0 260 250
-0 260 250
-0 260 250
-0 260 250
-0 260 250
-0 260 250
-0 260 250
-0 260 250
-15.8489 246.223 250
-22.0518 241.166 250
-26.8116 237.502 250
-26.2352 238.373 250
-34.1944 232.31 250
-42.2608 226.384 250
-40.9766 227.986 250
-26.974 239.302 250
-26.355 240.14 250
-26.5273 240.371 250
-25.8885 241.191 250
-26.0517 241.418 250
-25.3937 242.219 250
-24.7238 243.008 250
-26.5292 242.106 250
-26.6843 242.338 250
-25.9988 243.116 250
-26.9885 242.806 250
-27.9856 242.513 250
-26.4318 243.803 250
-27.4294 243.519 250
-27.5721 243.759 250
-27.7128 244 250
-26.981 244.735 250
-27.9878 244.486 250
-28.1222 244.731 250
-30.0202 244.038 250
-29.2714 244.762 250
-30.2942 244.564 250
-30.4278 244.829 250
-29.6602 245.534 250
-30.6879 245.363 250
-30.8145 245.631 250
-31.8486 245.486 250
-32.8876 245.357 250
-33.0142 245.645 250
-33.1382 245.934 250
-34.1835 245.841 250
-33.3786 246.514 250
-35.3559 246.073 250
-35.4761 246.382 250
-37.4669 245.992 250
-38.5274 245.977 250
-42.4189 244.979 250
-0 260 250
-0 260 250
-72.2803 236.515 250
-70.5751 237.748 250
-0 260 250
-72.8703 238.415 250
-0 260 250
-0 260 250
-0 260 250
-0 260 250
-0 260 250
-0 260 250
-0 260 250
-0 260 250
-0 260 250
-0 260 250
-0 260 250
-0 260 250
-0 260 250
-0 260 250
-686.443 151.278 250
-686.377 157.42 250
-687.246 163.414 250
-688.063 169.415 250
-688.827 175.423 250
-688.545 181.55 250
-689.204 187.562 250
-688.814 193.675 250
-689.367 199.688 250
-689.867 205.706 250
-690.314 211.729 250
-690.709 217.755 250
-691.052 223.784 250
-691.341 229.815 250
-691.578 235.85 250
-692.763 241.859 250
-690.895 247.94 250
-690.974 253.97 250
-691 260 250
-689.974 266.021 250
-690.895 272.06 250
-689.764 278.062 250
-689.58 284.081 250
-688.344 290.054 250
-688.056 296.06 250
-685.719 301.94 250
-687.322 308.062 250
-686.876 314.058 250
-685.382 319.963 250
-684.833 325.942 250
-683.237 331.811 250
-681.59 337.658 250
-680.887 343.602 250
-680.131 349.541 250
-678.334 355.334 250
-678.465 361.397 250
-674.591 366.845 250
-674.619 372.893 250
-672.624 378.602 250
-671.563 384.467 250
-670.451 390.323 250
-667.329 395.77 250
-667.097 401.796 250
-663.881 407.179 250
-662.572 412.967 250
-659.267 418.276 250
-657.86 424.023 250
-656.404 429.758 250
-653.932 435.221 250
-652.378 440.92 250
-649.813 446.331 250
-648.162 451.994 250
-645.506 457.351 250
-642.805 462.676 250
-639.11 467.66 250
-638.222 473.546 250
-635.388 478.782 250
-632.512 483.984 250
-629.594 489.154 250
-627.57 494.639 250
-624.565 499.748 250
-621.519 504.823 250
-618.432 509.863 250
-616.228 515.25 250
-611.215 519.446 250
-609.845 525.168 250
-606.594 530.073 250
-603.304 534.942 250
-600.882 540.196 250
-596.609 544.568 250
-594.103 549.763 250
-588.867 553.598 250
-587.173 559.18 250
-582.766 563.369 250
-580.097 568.443 250
-576.504 573.016 250
-573.75 578.035 250
-569.213 582.045 250
-565.515 586.5 250
-563.505 591.93 250
-576.874 606.621 250
-574.679 612.164 250
-569.888 616.106 250
-563.385 618.916 250
-545.974 614.56 250
-537.856 615.999 250
-536.387 621.798 250
-531.561 625.332 250
-527.534 629.383 250
-522.662 632.811 250
-519.389 637.358 250
-515.272 641.281 250
-511.127 645.162 250
-506.159 648.39 250
-501.963 652.176 250
-498.521 656.542 250
-492.71 658.989 250
-489.982 663.91 250
-485.672 667.527 250
-480.577 670.451 250
-475.467 673.317 250
-471.842 677.451 250
-465.952 679.545 250
-463.01 684.271 250
-458.559 687.613 250
-453.359 690.222 250
-448.149 692.772 250
-443.642 695.966 250
-440.527 700.528 250
-433.863 701.502 250
-430.688 705.991 250
-425.403 708.281 250
-420.793 711.245 250
-416.164 714.163 250
-410.177 715.548 250
-406.186 719.11 250
-400.852 721.128 250
-396.813 724.608 250
-390.815 725.755 250
-386.736 729.148 250
-381.997 731.728 250
-376.621 733.478 250
-371.859 735.959 250
-367.692 739.185 250
-361.691 739.98 250
-356.299 741.51 250
-352.083 744.601 250
-347.26 746.841 250
-342.425 749.034 250
-338.144 752.003 250
-332.161 752.448 250
-327.299 754.494 250
-321.882 755.654 250
-316.469 756.758 250
-311.592 758.652 250
-307.229 761.352 250
-302.327 763.157 250
-297.417 764.915 250
-292 765.759 250
-286.098 765.677 250
-281.19 767.279 250
-277.706 771.472 250
-274.641 776.524 250
-269.199 777.127 250
-251.965 754.509 250
-242.732 746.844 250
-237.159 746.248 250
-231.615 745.591 250
-229.482 752.125 250
-234.716 775.038 250
-231.026 778.894 250
-225.692 779.056 250
-220.372 779.165 250
-215.068 779.22 250
-210.529 781.077 250
-205.241 781.034 250
-200.328 781.871 250
-195.065 781.726 250
-190.163 782.469 250
-185.263 783.166 250
-180.365 783.817 250
-175.152 783.475 250
-170.268 784.032 250
-165.087 783.591 250
-160.512 785.011 250
-155.356 784.474 250
-150.222 783.888 250
-145.378 784.215 250
-140.539 784.498 250
-135.456 783.768 250
-130.88 784.93 250
-126.06 785.08 250
-120.799 783.237 250
-116.012 783.295 250
-111.233 783.309 250
-106.462 783.28 250
-101.51 782.226 250
-96.9493 783.092 250
-92.0335 781.948 250
-87.3101 781.745 250
-82.4409 780.512 250
-77.7477 780.222 250
-73.0658 779.891 250
-68.3957 779.517 250
-63.6158 778.109 250
-58.9788 777.651 250
-54.3548 777.151 250
-49.6481 775.615 250
-45.1466 776.029 250
-40.4849 774.409 250
-35.9245 773.745 250
-31.3179 772.043 250
-26.8483 772.297 250
-22.2895 770.514 250
-17.7987 769.689 250
-13.324 768.826 250
-8.84833 766.923 250
-4.42432 766.981 250
3.81264e-05 765 250
4.39821 763.981 250
8.7786 762.923 250
13.1409 761.828 250
17.4498 759.695 250
21.7661 758.525 250
26.011 756.319 250
30.2801 755.075 250
34.4597 752.797 250
38.8373 753.474 250
42.9678 751.124 250
47.1561 749.735 250
51.3235 748.31 250
55.4696 746.85 250
59.716 746.348 250
63.4358 741.842 250
67.6382 741.27 250
71.2442 736.706 250
75.7143 738.041 250
79.718 736.376 250
83.3512 732.708 250
87.6553 732.946 250
91.5883 731.181 250
95.4973 729.384 250
98.7581 724.62 250
103.025 724.717 250
107.077 723.8 250
110.653 720.903 250
114.429 718.95 250
118.179 716.966 250
121.386 713.019 250
125.602 712.906 250
129.274 710.832 250
132.351 706.81 250
136.245 705.638 250
140.129 704.432 250
143.693 702.241 250
147.229 700.022 250
149.761 694.939 250
154.219 695.5 250
157.671 693.198 250
160.045 688.059 250
164.491 688.513 250
167.858 686.131 250
171.195 683.723 250
174.504 681.289 250
177.783 678.83 250
181.431 677.262 250
184.252 673.836 250
186.612 669.483 250
189.333 666.026 250
193.3 665.261 250
196.829 663.559 250
199.897 660.931 250
202.48 657.389 250
205.478 654.72 250
208.915 652.912 250
211.381 649.316 250
213.801 645.707 250
217.159 643.827 250
221 642.783 250
223.317 639.117 250
226.617 637.154 250
229.377 634.309 250
232.635 632.293 250
234.263 627.719 250
238.007 626.499 250
240.093 622.74 250
243.249 620.631 250
245.82 617.671 250
248.932 615.512 250
250.864 611.698 250
257.45 614.349 250
267.075 620.932 250
272.02 620.983 250
275.16 618.596 250
278.279 616.181 250
280.754 612.956 250
283.194 609.716 250
277.966 597.2 250
273.828 586.335 250
276.015 583.173 250
277.513 579.242 250
279.626 576.059 250
282.373 573.607 250
285.099 571.131 250
287.121 567.9 250
289.109 564.657 250
292.451 562.842 250
293.681 558.852 250
296.278 556.278 250
298.139 552.98 250
300.684 550.367 250
301.756 546.355 250
304.243 543.711 250
306.707 541.046 250
308.405 537.689 250
309.319 533.662 250
310.94 530.296 250
314.048 528.222 250
317.142 526.114 250
317.909 522.064 250
319.407 518.651 250
321.652 515.854 250
324.66 513.653 250
326.068 510.201 250
326.642 506.142 250
328.777 503.283 250
331.697 500.992 250
331.345 496.346 250
334.214 494.019 250
337.068 491.66 250
338.247 488.151 250
338.558 484.086 250
341.339 481.668 250
343.26 478.681 250
346.004 476.207 250
347.025 472.657 250
347.153 468.59 250
348.96 465.553 250
351.606 463 250
352.494 459.432 250
353.346 455.863 250
355.042 452.772 250
355.828 449.197 250
356.578 445.623 250
359.967 443.412 250
360.659 439.818 250
361.315 436.225 250
361.937 432.635 250
364.336 429.893 250
365.804 426.707 250
366.332 423.101 250
366.824 419.5 250
368.202 416.292 250
370.476 413.456 250
372.728 410.592 250
374.028 407.333 250
373.432 403.347 250
375.606 400.433 250
375.877 396.808 250
376.114 393.189 250
376.316 389.576 250
378.381 386.605 250
379.472 383.298 250
380.533 379.982 250
382.522 376.949 250
382.569 373.322 250
383.543 369.979 250
385.452 366.895 250
386.37 363.528 250
386.291 359.902 250
387.148 356.527 250
387.976 353.145 250
388.774 349.755 250
389.542 346.359 250
389.303 342.749 250
389.03 339.149 250
389.706 335.751 250
389.369 332.165 250
392.938 329.286 250
392.542 325.689 250
393.1 322.261 250
393.628 318.828 250
394.127 315.391 250
396.578 312.21 250
394.041 308.382 250
394.448 304.942 250
395.82 301.602 250
399.154 298.434 250
397.482 294.775 250
396.773 291.227 250
398.028 287.833 250
398.256 284.358 250
398.453 280.882 250
399.619 277.448 250
399.756 273.96 250
400.863 270.497 250
399.939 266.981 250
399.985 263.491 250
399 260 250
399.985 256.509 250
397.939 253.054 250
398.863 249.555 250
401.755 245.97 250
400.618 242.509 250
397.455 239.17 250
398.256 235.642 250
399.026 232.097 250
399.764 228.538 250
398.478 225.138 250
398.158 221.662 250
399.798 217.98 250
400.409 214.379 250
399.996 210.887 250
399.552 207.398 250
399.078 203.913 250
399.562 200.285 250
398.038 196.957 250
398.459 193.321 250
397.862 189.846 250
396.252 186.559 250
396.577 182.913 250
395.89 179.455 250
394.193 176.212 250
391.495 173.208 250
0 260 250
0 260 250
0 260 250
0 260 250
0 260 250
0 260 250
0 260 250
0 260 250
72.6792 237.78 250
70.5751 237.748 250
0 260 250
0 260 250
0 260 250
38.6483 246.314 250
38.5274 245.977 250
36.5302 246.342 250
36.4096 246.024 250
36.2863 245.706 250
35.233 245.765 250
34.1835 245.841 250
34.9792 245.152 250
34.8483 244.848 250
33.8012 244.951 250
31.8486 245.486 250
32.6271 244.786 250
33.3957 244.071 250
33.2554 243.78 250
34.0075 243.044 250
31.1852 244.11 250
31.0454 243.839 250
30.0202 244.038 250
30.7586 243.299 250
28.8625 244.001 250
28.7217 243.75 250
28.5788 243.5 250
28.4338 243.251 250
29.1437 242.489 250
29.8424 241.713 250
28.8336 241.983 250
27.8319 242.269 250
28.5148 241.482 250
28.3521 241.234 250
26.5292 242.106 250
27.1962 241.309 250
27.032 241.072 250
25.2376 241.998 250
25.8885 241.191 250
24.9196 241.56 250
23.9591 241.946 250
36.4943 231.997 250
40.1885 228.601 250
32.8695 233.854 250
26.423 238.603 250
26.2352 238.373 250
22.9813 240.716 250
0 260 250
0 260 250
0 260 250
0 260 250
0 260 250
0 260 250
0 260 250
0 260 250
0 260 250
0 260 250
0 260 250
