-0 260 67
-0 260 67
-0 260 67
-0 260 67
-0 260 67
-0 260 67
-0 260 67
-0 260 67
-15.0942 246.879 67
-22.0518 241.166 67
-26.8116 237.502 67
-27.7785 237.101 67
-33.4173 232.939 67
-43.8261 225.139 67
-40.9766 227.986 67
-26.974 239.302 67
-26.355 240.14 67
-25.7234 240.966 67
-26.6976 240.603 67
-26.0517 241.418 67
-26.2129 241.646 67
-25.5479 242.441 67
-26.5292 242.106 67
-27.5182 241.786 67
-27.6761 242.027 67
-26.9885 242.806 67
-27.1375 243.043 67
-28.1371 242.758 67
-29.1437 242.489 67
-27.5721 243.759 67
-27.7128 244 67
-27.8514 244.242 67
-27.9878 244.486 67
-29.001 244.254 67
-30.0202 244.038 67
-30.1584 244.301 67
-30.2942 244.564 67
-30.4278 244.829 67
-30.559 245.095 67
-30.6879 245.363 67
-31.7208 245.208 67
-31.8486 245.486 67
-33.8012 244.951 67
-32.0971 246.044 67
-34.0587 245.543 67
-35.1074 245.458 67
-35.233 245.765 67
-35.3559 246.073 67
-36.4096 246.024 67
-37.4669 245.992 67
-39.4671 245.635 67
-42.4189 244.979 67
-0 260 67
-0 260 67
-73.2314 236.206 67
-72.4825 237.146 67
-0 260 67
-72.8703 238.415 67
-0 260 67
-0 260 67
-0 260 67
-0 260 67
-0 260 67
-0 260 67
-0 260 67
-0 260 67
-0 260 67
-0 260 67
-0 260 67
-0 260 67
-0 260 67
-0 260 67
-701.259 148.932 67
-703.19 154.908 67
-703.09 161.187 67
-703.926 167.327 67
-703.715 173.595 67
-705.436 179.626 67
-705.116 185.889 67
-705.736 192.045 67
-705.306 198.294 67
-705.817 204.451 67
-706.275 210.613 67
-705.681 216.839 67
-707.03 222.946 67
-706.327 229.161 67
-706.569 235.326 67
-705.758 241.519 67
-705.892 247.679 67
-705.973 253.839 67
-706 260 67
-705.973 266.161 67
-704.893 272.304 67
-704.758 278.455 67
-704.571 284.604 67
-703.33 290.708 67
-703.035 296.845 67
-701.689 302.917 67
-702.285 309.109 67
-700.833 315.157 67
-699.329 321.183 67
-698.768 327.284 67
-697.16 333.275 67
-694.507 339.129 67
-694.782 345.309 67
-694.011 351.368 67
-692.197 357.282 67
-691.322 363.319 67
-689.406 369.191 67
-688.427 375.203 67
-686.411 381.033 67
-685.329 387.018 67
-681.249 392.422 67
-681.048 398.561 67
-677.856 404.083 67
-677.549 410.209 67
-675.238 415.891 67
-672.88 421.544 67
-671.445 427.41 67
-669.958 433.263 67
-666.489 438.585 67
-663.941 444.127 67
-661.348 449.639 67
-660.627 455.687 67
-656.981 460.859 67
-654.25 466.284 67
-652.425 471.986 67
-649.602 477.354 67
-646.735 482.689 67
-642.881 487.656 67
-639.931 492.916 67
-637.874 498.491 67
-634.835 503.69 67
-631.753 508.854 67
-628.631 513.983 67
-625.466 519.077 67
-622.261 524.134 67
-619.016 529.156 67
-613.903 533.327 67
-611.494 538.674 67
-608.132 543.577 67
-605.635 548.873 67
-602.192 553.709 67
-598.711 558.506 67
-594.301 562.812 67
-592.523 568.448 67
-588.043 572.668 67
-582.656 576.356 67
-579.873 581.429 67
-577.046 586.477 67
-573.309 591 67
-568.675 594.975 67
-564.873 599.41 67
-561.89 604.327 67
-558.016 608.687 67
-553.265 612.469 67
-547.652 615.649 67
-544.527 620.415 67
-541.361 625.153 67
-537.33 629.297 67
-531.63 632.251 67
-529.175 637.457 67
-524.243 640.885 67
-520.095 644.85 67
-515.12 648.171 67
-499.813 643.52 67
-472.018 628.781 67
-466.434 631.019 67
-471.728 641.998 67
-490.753 664.546 67
-489.502 670.741 67
-483.618 673.049 67
-479.995 677.254 67
-474.838 680.101 67
-469.667 682.891 67
-465.959 686.973 67
-461.484 690.341 67
-456.986 693.663 67
-451.745 696.246 67
-446.495 698.769 67
-441.942 701.942 67
-437.367 705.068 67
-432.772 708.149 67
-427.468 710.458 67
-422.839 713.439 67
-418.19 716.375 67
-412.854 718.52 67
-408.174 721.357 67
-403.476 724.146 67
-397.462 725.368 67
-393.386 728.819 67
-388.644 731.463 67
-383.256 733.282 67
-377.866 735.043 67
-373.091 737.535 67
-367.692 739.185 67
-362.293 740.779 67
-357.488 743.118 67
-353.259 746.219 67
-347.26 746.841 67
-341.852 748.215 67
-337.578 751.179 67
-332.161 752.448 67
-327.299 754.494 67
-321.882 755.654 67
-316.469 756.758 67
-311.592 758.652 67
-306.184 759.647 67
-301.812 762.3 67
-296.402 763.191 67
-291 764.027 67
-286.098 765.677 67
-280.705 766.405 67
-275.798 767.956 67
-269.946 767.695 67
-265.044 769.144 67
-259.683 769.656 67
-255.225 771.902 67
-249.433 771.414 67
-244.961 773.571 67
-239.625 773.877 67
-234.716 775.038 67
-228.993 774.326 67
-224.097 775.388 67
-218.809 775.483 67
-213.92 776.449 67
-208.656 776.441 67
-204.141 778.243 67
-198.894 778.137 67
-193.665 777.98 67
-189.137 779.65 67
-183.26 777.51 67
-178.737 779.09 67
-173.566 778.733 67
-168.414 778.326 67
-163.584 778.822 67
-158.758 779.273 67
-153.936 779.68 67
-148.844 779.081 67
-143.507 777.47 67
-138.727 777.736 67
-133.953 777.959 67
-128.944 777.168 67
-124.193 777.301 67
-119.449 777.391 67
-114.497 776.461 67
-109.777 776.462 67
-104.867 775.44 67
-100.175 775.354 67
-95.4914 775.226 67
-90.818 775.054 67
-86.1548 774.841 67
-81.3459 773.598 67
-76.5652 772.31 67
-72.0916 772.959 67
-67.3515 771.586 67
-62.7627 771.161 67
-58.1864 770.696 67
-53.6231 770.19 67
-48.8813 767.652 67
-44.4494 768.059 67
-39.9356 767.431 67
-35.3665 765.765 67
-30.8905 765.056 67
-26.4296 764.308 67
-21.9841 763.52 67
-17.5195 761.694 67
-13.0623 758.829 67
-8.70871 758.924 67
-4.34578 757.981 67
3.75225e-05 757 67
4.31967 754.981 67
8.62153 753.925 67
12.9053 752.831 67
17.1706 751.7 67
21.4172 750.533 67
25.4876 746.333 67
29.7307 746.092 67
33.9714 745.814 67
37.8958 741.511 67
42.1834 742.158 67
46.1977 739.781 67
50.3828 739.36 67
54.4508 737.908 67
58.4973 736.422 67
62.3916 733.911 67
66.5248 733.348 67
70.3573 730.772 67
73.8371 726.189 67
78.0675 726.513 67
81.7883 723.844 67
85.833 723.113 67
89.6803 721.365 67
93.5036 719.585 67
97.5106 718.751 67
100.861 714.954 67
104.152 711.133 67
108.552 712.152 67
111.768 708.277 67
115.676 707.284 67
119.316 705.292 67
122.93 703.27 67
126.518 701.219 67
130.079 699.139 67
133.029 695.119 67
136.52 692.987 67
133.804 671.807 67
129.46 646.916 67
133.483 647.663 67
137.528 648.368 67
140.912 647.153 67
144.636 646.846 67
151.948 655.838 67
163.46 674.966 67
167.075 673.524 67
169.529 669.279 67
173.485 668.704 67
176.646 666.258 67
179.778 663.787 67
183.294 662.203 67
185.529 657.869 67
188.133 654.43 67
190.691 650.975 67
182.495 626.028 67
186.136 625.313 67
187.932 621.013 67
192.014 621.126 67
195.158 619.436 67
199.742 620.343 67
201.401 615.975 67
205.5 615.936 67
209.106 614.991 67
219.921 626.01 67
223.629 624.93 67
226.805 622.965 67
229.427 620.128 67
231.472 616.435 67
234.573 614.401 67
235.979 609.854 67
239.023 607.781 67
242.049 605.682 67
245.057 603.557 67
248.045 601.405 67
249.826 597.62 67
252.161 594.628 67
254.462 591.622 67
257.962 590.176 67
258.966 585.565 67
262.427 584.07 67
263.336 579.453 67
267.4 578.674 67
268.222 574.048 67
270.296 570.94 67
271.012 566.323 67
276.351 566.919 67
279.019 564.496 67
280.301 560.586 67
282.914 558.129 67
284.115 554.21 67
285.27 550.293 67
289.207 549.207 67
288.866 543.868 67
291.333 541.337 67
293.051 538.095 67
296.198 536.209 67
298.597 533.614 67
299.487 529.66 67
302.578 527.698 67
303.393 523.736 67
304.923 520.429 67
307.184 517.758 67
310.193 515.703 67
312.413 512.987 67
312.261 508.383 67
315.204 506.265 67
317.341 503.505 67
317.857 499.522 67
319.131 496.145 67
321.18 493.351 67
322.39 489.958 67
323.565 486.563 67
327.178 484.863 67
329.128 482 67
330.219 478.567 67
330.436 474.588 67
333.14 472.233 67
334.131 468.788 67
335.94 465.864 67
337.724 462.925 67
337.759 458.955 67
341.214 457 67
343.791 454.507 67
342.851 450.045 67
344.496 447.046 67
346.115 444.033 67
346.821 440.544 67
347.493 437.056 67
349.919 434.463 67
352.327 431.841 67
352.911 428.33 67
354.366 425.244 67
354.885 421.73 67
357.196 419.034 67
356.736 415.113 67
357.156 411.604 67
359.389 408.864 67
360.675 405.722 67
361.002 402.202 67
363.163 399.405 67
362.492 395.53 67
364.601 392.704 67
364.802 389.183 67
364.97 385.669 67
367.001 382.797 67
369.01 379.899 67
370.996 376.975 67
371.046 373.44 67
371.063 369.914 67
372.008 366.672 67
371.961 363.154 67
373.813 360.163 67
374.673 356.897 67
376.475 353.866 67
377.28 350.577 67
377.081 347.056 67
375.874 343.329 67
377.565 340.254 67
378.251 336.956 67
376.945 333.271 67
380.52 330.525 67
380.136 327.028 67
381.693 323.873 67
380.26 320.227 67
379.782 316.759 67
382.243 313.721 67
382.698 310.383 67
380.145 306.676 67
382.525 303.583 67
383.885 300.348 67
384.223 296.996 67
385.527 293.729 67
383.813 290.207 67
385.06 286.926 67
386.278 283.626 67
386.47 280.254 67
384.634 276.793 67
387.764 273.541 67
387.867 270.157 67
387.941 266.772 67
385.985 263.368 67
387 260 67
386.985 256.623 67
386.941 253.246 67
385.868 249.896 67
386.764 246.494 67
386.632 243.119 67
387.468 239.694 67
386.278 236.374 67
386.057 233.004 67
387.801 229.479 67
386.524 226.184 67
386.214 222.812 67
385.874 219.443 67
387.493 215.851 67
388.086 212.349 67
385.672 209.225 67
386.205 205.722 67
385.716 202.354 67
384.211 199.147 67
385.638 195.466 67
384.075 192.277 67
384.453 188.746 67
383.816 185.394 67
384.13 181.848 67
381.478 178.914 67
379.779 175.805 67
0 260 67
0 260 67
0 260 67
0 260 67
0 260 67
0 260 67
0 260 67
0 260 67
71.7229 238.072 67
71.5288 237.447 67
0 260 67
0 260 67
42.5483 245.349 67
38.6483 246.314 67
37.5877 246.319 67
36.5302 246.342 67
36.4096 246.024 67
36.2863 245.706 67
36.1602 245.39 67
35.1074 245.458 67
34.9792 245.152 67
33.9312 245.246 67
32.8876 245.357 67
31.8486 245.486 67
31.7208 245.208 67
33.3957 244.071 67
32.3566 244.219 67
32.2176 243.937 67
32.0762 243.656 67
30.1584 244.301 67
30.0202 244.038 67
29.001 244.254 67
28.8625 244.001 67
29.5921 243.258 67
29.4449 243 67
28.4338 243.251 67
28.2865 243.004 67
29.8424 241.713 67
27.9856 242.513 67
29.5187 241.195 67
28.5148 241.482 67
27.5182 241.786 67
27.3582 241.547 67
25.5479 242.441 67
27.032 241.072 67
26.0517 241.418 67
25.0795 241.779 67
23.3118 242.75 67
23.9591 241.946 67
34.9075 233.214 67
40.9766 227.986 67
32.8695 233.854 67
26.423 238.603 67
26.2352 238.373 67
23.7474 240.074 67
0 260 67
0 260 67
0 260 67
0 260 67
0 260 67
0 260 67
0 260 67
0 260 67
0 260 67
0 260 67
0 260 67
