-0 260 128
-0 260 128
-0 260 128
-0 260 128
-0 260 128
-0 260 128
-0 260 128
-0 260 128
-15.8489 246.223 128
-22.0518 241.166 128
-27.5776 236.86 128
-27.0069 237.737 128
-34.9716 231.681 128
-43.0435 225.762 128
-40.9766 227.986 128
-28.5607 238.085 128
-26.355 240.14 128
-27.3311 239.776 128
-27.5066 240.015 128
-26.8658 240.837 128
-27.032 241.072 128
-26.372 241.875 128
-25.7002 242.665 128
-28.3521 241.234 128
-27.6761 242.027 128
-26.9885 242.806 128
-27.9856 242.513 128
-28.9898 242.235 128
-28.2865 243.004 128
-29.2954 242.744 128
-28.5788 243.5 128
-27.8514 244.242 128
-28.8625 244.001 128
-29.001 244.254 128
-30.0202 244.038 128
-31.0454 243.839 128
-30.2942 244.564 128
-30.4278 244.829 128
-31.4578 244.657 128
-32.4931 244.502 128
-31.7208 245.208 128
-33.6686 244.656 128
-32.8876 245.357 128
-34.8483 244.848 128
-34.9792 245.152 128
-35.1074 245.458 128
-34.3058 246.14 128
-35.3559 246.073 128
-36.4096 246.024 128
-38.4036 245.642 128
-40.4068 245.293 128
-0 260 128
-0 260 128
-0 260 128
-71.3292 236.824 128
-72.4825 237.146 128
-0 260 128
-0 260 128
-0 260 128
-0 260 128
-0 260 128
-0 260 128
-0 260 128
-0 260 128
-0 260 128
-0 260 128
-0 260 128
-0 260 128
-0 260 128
-0 260 128
-0 260 128
-0 260 128
-700.271 149.088 128
-702.201 155.055 128
-701.11 161.466 128
-701.943 167.588 128
-703.715 173.595 128
-703.449 179.852 128
-704.122 185.994 128
-703.745 192.237 128
-704.31 198.381 128
-704.821 204.53 128
-704.28 210.752 128
-705.681 216.839 128
-705.032 223.051 128
-705.328 229.205 128
-705.57 235.361 128
-705.758 241.519 128
-704.893 247.696 128
-704.973 253.848 128
-705 260 128
-704.973 266.152 128
-703.893 272.287 128
-703.759 278.429 128
-704.571 284.604 128
-704.329 290.752 128
-703.035 296.845 128
-702.687 302.978 128
-701.288 309.039 128
-700.833 315.157 128
-699.329 321.183 128
-698.768 327.284 128
-698.154 333.379 128
-697.487 339.469 128
-695.775 345.431 128
-694.011 351.368 128
-693.188 357.421 128
-692.311 363.467 128
-690.394 369.348 128
-688.427 375.203 128
-687.396 381.207 128
-684.345 386.836 128
-684.194 392.994 128
-683.007 398.96 128
-679.813 404.499 128
-678.526 410.426 128
-677.187 416.341 128
-674.825 422.011 128
-673.385 427.894 128
-670.926 433.513 128
-668.421 439.103 128
-665.869 444.662 128
-664.232 450.466 128
-661.586 455.971 128
-658.894 461.444 128
-657.111 467.186 128
-654.327 472.604 128
-649.602 477.354 128
-648.626 483.34 128
-646.652 488.992 128
-642.75 493.942 128
-639.747 499.192 128
-636.702 504.407 128
-634.545 509.954 128
-631.412 515.107 128
-628.238 520.225 128
-625.943 525.697 128
-621.767 530.352 128
-618.47 535.361 128
-615.134 540.333 128
-612.664 545.69 128
-609.245 550.595 128
-604.888 555.024 128
-602.291 560.291 128
-597.865 564.628 128
-593.41 568.91 128
-591.575 574.546 128
-587.05 578.742 128
-585.121 584.338 128
-581.398 588.939 128
-577.639 593.5 128
-573.845 598.021 128
-570.016 602.5 128
-565.3 606.417 128
-562.256 611.337 128
-558.325 615.692 128
-554.361 620.006 128
-549.531 623.727 128
-544.678 627.39 128
-541.451 632.129 128
-536.545 635.693 128
-532.432 639.78 128
-529.097 644.412 128
-523.311 647.23 128
-520.71 652.383 128
-516.473 656.304 128
-512.207 660.18 128
-507.913 664.012 128
-502.813 667.17 128
-498.469 670.907 128
-493.333 673.955 128
-490.462 678.894 128
-483.769 680.534 128
-480.83 685.402 128
-476.356 688.913 128
-471.12 691.702 128
-465.872 694.433 128
-461.338 697.794 128
-456.781 701.108 128
-451.487 703.676 128
-446.891 706.892 128
-440.872 708.635 128
-438.329 713.903 128
-432.287 715.535 128
-428.977 720.022 128
-422.919 721.536 128
-417.537 723.722 128
-412.15 725.851 128
-408.069 729.429 128
-402.658 731.452 128
-397.885 734.182 128
-391.824 735.321 128
-388.291 739.499 128
-382.846 741.304 128
-378.632 744.627 128
-372.562 745.532 128
-367.107 747.168 128
-362.842 750.353 128
-357.961 752.691 128
-351.906 753.354 128
-347.587 756.406 128
-342.676 758.596 128
-336.634 759.081 128
-332.266 761.999 128
-327.328 764.041 128
-320.768 763.505 128
-316.362 766.285 128
-311.409 768.174 128
-305.418 768.3 128
-300.97 770.946 128
-296.5 773.553 128
-289.053 770.899 128
-273.433 753.286 128
-264.823 747.744 128
-259.148 747.387 128
-252.576 745.195 128
-258.321 766.983 128
-258.348 778.167 128
-254.255 781.301 128
-249.266 782.597 128
-244.273 783.846 128
-238.449 783.228 128
-233.06 783.462 128
-227.686 783.641 128
-223.107 785.608 128
-218.13 786.611 128
-213.151 787.568 128
-207.44 786.616 128
-202.478 787.473 128
-197.167 787.346 128
-191.873 787.168 128
-186.932 787.879 128
-181.993 788.545 128
-176.739 788.216 128
-171.813 788.787 128
-166.591 788.359 128
-161.682 788.837 128
-156.776 789.269 128
-151.876 789.655 128
-146.447 788.07 128
-141.574 788.361 128
-136.707 788.609 128
-131.605 787.841 128
-126.761 787.997 128
-121.923 788.109 128
-116.877 787.2 128
-111.856 786.243 128
-107.061 786.22 128
-102.274 786.152 128
-97.3137 785.058 128
-92.7281 785.887 128
-87.6402 783.718 128
-82.9102 783.475 128
-78.1911 783.189 128
-73.3442 781.871 128
-68.6567 781.5 128
-63.9814 781.087 128
-59.3184 780.632 128
-54.5638 779.14 128
-49.8397 777.606 128
-45.2338 777.025 128
-40.6418 776.403 128
-35.9943 774.743 128
-31.501 775.038 128
-26.9006 773.296 128
-22.3767 772.512 128
-17.8336 770.689 128
-13.3502 769.825 128
-8.86578 767.923 128
-4.43304 767.981 128
3.82019e-05 766 128
4.40694 764.981 128
8.7786 762.923 128
13.1147 760.828 128
17.4498 759.695 128
21.7661 758.525 128
26.0633 757.318 128
30.158 753.079 128
34.5295 753.794 128
38.6019 750.483 128
42.8807 750.128 128
46.9645 747.744 128
51.219 747.316 128
55.3564 745.857 128
59.4723 744.363 128
63.5663 742.834 128
67.499 740.28 128
71.5398 738.684 128
75.0886 734.09 128
79.2229 733.417 128
83.3512 732.708 128
87.4731 731.962 128
91.2067 729.218 128
94.8992 726.444 128
98.7581 724.62 128
102.592 722.764 128
106.402 720.877 128
110.186 718.959 128
113.461 715.069 128
117.428 714.061 128
121.386 713.019 128
125.068 710.979 128
128.447 707.948 128
132.067 705.851 128
135.076 701.813 128
138.625 699.664 128
142.457 698.437 128
145.96 696.229 128
149.436 693.993 128
152.216 689.845 128
156.303 689.44 128
159.695 687.123 128
162.699 683.846 128
165.659 680.549 128
169.322 679.087 128
172.208 675.746 128
175.829 674.227 128
179.038 671.76 128
182.625 670.182 128
185.368 666.753 128
188.91 665.12 128
191.147 660.748 128
194.198 658.166 128
196.773 654.666 128
200.664 653.825 128
204.093 652.059 128
207.037 649.38 128
209.95 646.68 128
212.347 643.083 128
215.189 640.345 128
217.5 636.721 128
220.272 633.947 128
224.042 632.868 128
226.242 629.193 128
229.985 628.053 128
232.113 624.345 128
234.195 620.628 128
236.781 617.737 128
239.894 615.657 128
242.988 613.55 128
243.77 608.14 128
247.379 606.813 128
250.397 604.641 128
252.8 601.639 128
255.771 599.42 128
257.506 595.588 128
259.193 591.753 128
261.456 588.695 128
263.685 585.624 128
267.789 584.854 128
269.328 580.973 128
272.119 578.61 128
274.889 576.223 128
276.975 573.063 128
279.027 569.891 128
281.046 566.707 128
283.029 563.512 128
282.914 558.129 128
286.199 556.368 128
288.775 553.859 128
292.035 552.035 128
291.719 546.672 128
294.21 544.115 128
296.678 541.537 128
297.661 537.573 128
300.072 534.965 128
301.717 531.667 128
304.076 529.024 128
306.412 526.36 128
307.964 523.026 128
309.482 519.686 128
312.508 517.612 128
313.19 513.616 128
315.391 510.873 128
318.356 508.727 128
320.515 505.94 128
321.051 501.93 128
323.954 499.714 128
324.416 495.702 128
325.646 492.281 128
327.661 489.431 128
329.65 486.562 128
330.786 483.118 128
331.053 479.119 128
332.952 476.222 128
336.513 474.383 128
338.371 471.438 128
337.646 466.909 128
339.438 463.955 128
341.205 460.985 128
341.214 457 128
345.531 455.492 128
345.475 451.5 128
346.254 448.001 128
348.764 445.441 128
348.595 441.467 128
349.275 437.964 128
352.604 435.802 128
351.428 431.403 128
352.911 428.33 128
355.273 425.666 128
356.705 422.56 128
358.11 419.441 128
359.488 416.31 128
359.917 412.776 128
360.313 409.247 128
361.602 406.097 128
361.932 402.569 128
364.096 399.763 128
365.302 396.581 128
367.42 393.73 128
367.63 390.185 128
366.861 386.32 128
367.95 383.114 128
369.01 379.899 128
370.996 376.975 128
370.09 373.148 128
372.022 370.198 128
371.047 366.396 128
374.852 363.956 128
373.813 360.163 128
373.705 356.647 128
375.504 353.624 128
375.335 350.11 128
376.107 346.831 128
377.827 343.762 128
377.565 340.254 128
379.231 337.155 128
377.926 333.461 128
379.536 330.343 128
381.121 327.202 128
379.72 323.543 128
380.26 320.227 128
382.749 317.202 128
381.253 313.582 128
383.689 310.514 128
382.13 306.92 128
382.525 303.583 128
384.88 300.453 128
383.228 296.901 128
382.539 293.468 128
384.81 290.285 128
385.06 286.926 128
386.278 283.626 128
387.468 280.306 128
384.634 276.793 128
386.764 273.506 128
385.868 270.104 128
383.942 266.702 128
385.985 263.368 128
387 260 128
386.985 256.623 128
385.941 253.263 128
385.868 249.896 128
386.764 246.494 128
386.632 243.119 128
385.471 239.798 128
385.28 236.435 128
385.06 233.074 128
386.804 229.558 128
387.52 226.096 128
387.209 222.716 128
384.88 219.547 128
385.506 216.077 128
385.108 212.715 128
383.689 209.486 128
383.234 206.14 128
385.716 202.354 128
386.186 198.834 128
384.651 195.631 128
383.09 192.451 128
381.503 189.293 128
380.871 185.966 128
381.191 182.446 128
380.499 179.122 128
379.779 175.805 128
0 260 128
0 260 128
0 260 128
0 260 128
0 260 128
0 260 128
0 260 128
0 260 128
72.6792 237.78 128
71.5288 237.447 128
0 260 128
0 260 128
0 260 128
39.5909 245.98 128
38.5274 245.977 128
37.4669 245.992 128
37.3432 245.665 128
35.3559 246.073 128
36.1602 245.39 128
35.1074 245.458 128
33.1382 245.934 128
33.9312 245.246 128
33.8012 244.951 128
32.7586 245.071 128
33.5334 244.363 128
35.2008 243.21 128
34.1542 243.342 128
34.0075 243.044 128
31.1852 244.11 128
31.0454 243.839 128
30.9032 243.568 128
30.7586 243.299 128
29.7371 243.516 128
29.5921 243.258 128
28.5788 243.5 128
29.2954 242.744 128
29.1437 242.489 128
28.9898 242.235 128
29.6817 241.453 128
28.6753 241.732 128
29.3535 240.938 128
28.3521 241.234 128
27.3582 241.547 128
28.0203 240.742 128
27.032 241.072 128
26.0517 241.418 128
25.0795 241.779 128
24.9196 241.56 128
24.7577 241.344 128
36.4943 231.997 128
40.9766 227.986 128
34.4348 232.609 128
26.423 238.603 128
26.2352 238.373 128
22.9813 240.716 128
0 260 128
0 260 128
0 260 128
0 260 128
0 260 128
0 260 128
0 260 128
0 260 128
0 260 128
0 260 128
0 260 128
