-0 260 33
-0 260 33
-0 260 33
-0 260 33
-0 260 33
-0 260 33
-0 260 33
-0 260 33
-16.6036 245.567 33
-23.5726 239.867 33
-25.2795 238.788 33
-27.0069 237.737 33
-34.1944 232.31 33
-42.2608 226.384 33
-40.9766 227.986 33
-28.5607 238.085 33
-25.5563 240.742 33
-27.3311 239.776 33
-27.5066 240.015 33
-26.8658 240.837 33
-27.032 241.072 33
-26.372 241.875 33
-26.5292 242.106 33
-27.5182 241.786 33
-26.8375 242.572 33
-27.8319 242.269 33
-27.1375 243.043 33
-27.2845 243.28 33
-29.1437 242.489 33
-27.5721 243.759 33
-27.7128 244 33
-27.8514 244.242 33
-27.9878 244.486 33
-28.1222 244.731 33
-30.0202 244.038 33
-31.0454 243.839 33
-30.2942 244.564 33
-30.4278 244.829 33
-30.559 245.095 33
-31.5905 244.932 33
-31.7208 245.208 33
-31.8486 245.486 33
-32.8876 245.357 33
-34.8483 244.848 33
-34.0587 245.543 33
-34.1835 245.841 33
-34.3058 246.14 33
-35.3559 246.073 33
-36.4096 246.024 33
-37.4669 245.992 33
-39.4671 245.635 33
-0 260 33
-0 260 33
-0 260 33
-72.2803 236.515 33
-71.5288 237.447 33
-0 260 33
-70.9527 238.983 33
-0 260 33
-0 260 33
-0 260 33
-0 260 33
-0 260 33
-0 260 33
-0 260 33
-0 260 33
-0 260 33
-0 260 33
-0 260 33
-0 260 33
-0 260 33
-822.562 122.35 33
-836.572 127.5 33
-847.587 133.327 33
-847.669 140.868 33
-845.702 148.661 33
-842.672 156.533 33
-842.549 164.004 33
-827.442 173.032 33
-823.193 180.736 33
-819.868 188.271 33
-822.457 195.271 33
-824.985 202.312 33
-820.467 209.818 33
-818.876 217.085 33
-815.223 224.407 33
-809.507 231.732 33
-816.72 238.614 33
-814.876 245.776 33
-816.969 252.871 33
-822 260 33
-819.969 267.156 33
-815.876 274.241 33
-818.719 281.439 33
-828.495 288.932 33
-852.188 297.207 33
-876.797 305.951 33
-862.388 312.746 33
-860.898 320.2 33
-853.361 327.161 33
-846.765 334.083 33
-842.105 341.086 33
-851.311 349.476 33
-915.08 364.26 33
-915.128 372.364 33
-907.172 379.432 33
-916.988 388.874 33
-879.235 391.403 33
-847.437 394.221 33
-851.164 402.436 33
-846.935 409.338 33
-848.549 417.269 33
-849.107 425.05 33
-852.534 433.45 33
-1048.57 482.881 33
-1029.99 488.344 33
-868.164 460.432 33
-867.354 468.233 33
-858.712 474.101 33
-855.842 481.336 33
-858.708 490.09 33
-841.249 493.299 33
-847.833 503.112 33
-851.432 512.206 33
-842.504 517.58 33
-845.947 526.726 33
-834.077 531.008 33
-849.698 544.305 33
-843.403 550.407 33
-827.639 553.083 33
-825.99 560.636 33
-840.195 574.136 33
-845.824 584.681 33
-842.958 592.05 33
-824.266 593.025 33
-814.862 597.527 33
-832.136 613.221 33
-818.018 615.684 33
-822.191 626.063 33
-891.762 666.399 33
-906.308 682.618 33
-897.17 687.928 33
-889.806 693.988 33
-923.572 720.476 33
-982.78 760.752 33
-981.921 771.156 33
-896.192 736.514 33
-881.454 738.59 33
-984.822 805.896 33
-974.798 811.515 33
-0 260 33
-0 260 33
-0 260 33
-0 260 33
-0 260 33
-0 260 33
-0 260 33
-0 260 33
-0 260 33
-0 260 33
-0 260 33
-0 260 33
-0 260 33
-0 260 33
-0 260 33
-0 260 33
-0 260 33
-0 260 33
-0 260 33
-0 260 33
-0 260 33
-0 260 33
-0 260 33
-0 260 33
-0 260 33
-0 260 33
-0 260 33
-0 260 33
-0 260 33
-0 260 33
-0 260 33
-0 260 33
-0 260 33
-0 260 33
-0 260 33
-0 260 33
-0 260 33
-0 260 33
-0 260 33
-0 260 33
-0 260 33
-0 260 33
-0 260 33
-0 260 33
-0 260 33
-0 260 33
-0 260 33
-0 260 33
-0 260 33
-0 260 33
-0 260 33
-0 260 33
-0 260 33
-0 260 33
-0 260 33
-0 260 33
-0 260 33
-0 260 33
-0 260 33
-0 260 33
-0 260 33
-0 260 33
-0 260 33
-0 260 33
-0 260 33
-0 260 33
-0 260 33
-0 260 33
-0 260 33
-0 260 33
-0 260 33
-0 260 33
-0 260 33
-0 260 33
-0 260 33
-0 260 33
-0 260 33
-0 260 33
-0 260 33
-0 260 33
-0 260 33
-0 260 33
-0 260 33
-0 260 33
-0 260 33
-0 260 33
-0 260 33
-0 260 33
-0 260 33
-0 260 33
-0 260 33
-0 260 33
-0 260 33
-0 260 33
-0 260 33
-0 260 33
-0 260 33
-0 260 33
-0 260 33
-0 260 33
-0 260 33
-0 260 33
-0 260 33
-0 260 33
-0 260 33
-0 260 33
-0 260 33
-0 260 33
-0 260 33
-0 260 33
-0 260 33
-0 260 33
0 260 33
0 260 33
0 260 33
0 260 33
0 260 33
0 260 33
0 260 33
0 260 33
0 260 33
0 260 33
0 260 33
0 260 33
0 260 33
0 260 33
0 260 33
0 260 33
0 260 33
0 260 33
0 260 33
0 260 33
0 260 33
0 260 33
0 260 33
0 260 33
0 260 33
0 260 33
0 260 33
0 260 33
0 260 33
0 260 33
0 260 33
0 260 33
0 260 33
0 260 33
0 260 33
0 260 33
0 260 33
0 260 33
0 260 33
0 260 33
0 260 33
0 260 33
0 260 33
0 260 33
0 260 33
0 260 33
0 260 33
0 260 33
0 260 33
0 260 33
0 260 33
0 260 33
0 260 33
0 260 33
0 260 33
0 260 33
0 260 33
0 260 33
0 260 33
0 260 33
0 260 33
0 260 33
0 260 33
0 260 33
0 260 33
0 260 33
0 260 33
0 260 33
0 260 33
0 260 33
0 260 33
0 260 33
0 260 33
0 260 33
0 260 33
0 260 33
0 260 33
0 260 33
0 260 33
0 260 33
0 260 33
0 260 33
0 260 33
0 260 33
0 260 33
0 260 33
0 260 33
0 260 33
0 260 33
0 260 33
0 260 33
0 260 33
0 260 33
0 260 33
0 260 33
0 260 33
0 260 33
0 260 33
0 260 33
0 260 33
0 260 33
0 260 33
0 260 33
0 260 33
0 260 33
0 260 33
0 260 33
0 260 33
0 260 33
0 260 33
0 260 33
0 260 33
0 260 33
0 260 33
0 260 33
0 260 33
0 260 33
0 260 33
0 260 33
0 260 33
0 260 33
0 260 33
0 260 33
0 260 33
0 260 33
0 260 33
0 260 33
0 260 33
0 260 33
0 260 33
0 260 33
0 260 33
0 260 33
0 260 33
0 260 33
0 260 33
646.247 521.101 33
655.944 518.383 33
645.104 507.632 33
636.937 498.141 33
646.509 495.31 33
650.423 490.327 33
649.571 483.665 33
654.343 478.94 33
660.033 474.458 33
659.972 468.088 33
662.719 462.614 33
683.638 462.503 33
692.108 458.459 33
703.45 455.084 33
706.092 449.197 33
668.99 433.013 33
668.534 426.684 33
654.405 417.109 33
658.674 412.067 33
645.332 403.067 33
634.818 394.935 33
639.891 390.187 33
652.782 386.888 33
657.798 381.916 33
698.229 383.117 33
690.4 375.533 33
696.32 370.286 33
687.366 362.728 33
686.256 356.447 33
690.046 350.846 33
606.446 334.462 33
593.162 327.582 33
590.746 322.09 33
584.298 316.261 33
595.724 312.119 33
565.252 304.486 33
606.519 302.412 33
555.961 294.004 33
567.222 289.727 33
612.417 286.739 33
657.599 282.964 33
704.758 278.455 33
752.885 273.142 33
728.972 266.362 33
754 260 33
738.972 253.551 33
716.891 247.487 33
755.741 240.21 33
737.55 234.244 33
831.208 223.709 33
837.85 216.09 33
773.554 212.687 33
715.253 209.985 33
702.827 204.686 33
683.39 200.211 33
713.699 191.279 33
734.952 182.753 33
775.98 171.588 33
845.649 156.167 33
849.668 148.139 33
735.769 156.594 33
729.894 150.917 33
741.754 142.518 33
733.796 137.205 33
1166.01 54.4006 33
1151.39 46.6022 33
1100.4 46.1031 33
1019.12 52.6574 33
1018.25 43.5639 33
0 260 33
0 260 33
0 260 33
0 260 33
0 260 33
0 260 33
0 260 33
0 260 33
0 260 33
72.6792 237.78 33
71.5288 237.447 33
0 260 33
0 260 33
42.5483 245.349 33
38.6483 246.314 33
37.5877 246.319 33
36.5302 246.342 33
37.3432 245.665 33
36.2863 245.706 33
35.233 245.765 33
35.1074 245.458 33
34.0587 245.543 33
33.0142 245.645 33
33.8012 244.951 33
31.8486 245.486 33
33.5334 244.363 33
34.2982 243.641 33
34.1542 243.342 33
34.0075 243.044 33
31.1852 244.11 33
30.1584 244.301 33
30.9032 243.568 33
30.7586 243.299 33
29.7371 243.516 33
29.5921 243.258 33
28.5788 243.5 33
29.2954 242.744 33
28.2865 243.004 33
28.9898 242.235 33
29.6817 241.453 33
28.6753 241.732 33
28.5148 241.482 33
27.5182 241.786 33
28.1873 240.987 33
28.0203 240.742 33
26.2129 241.646 33
26.8658 240.837 33
24.2705 242.366 33
24.9196 241.56 33
23.9591 241.946 33
34.1142 233.823 33
40.9766 227.986 33
35.2174 231.987 33
27.2001 237.974 33
27.0069 237.737 33
23.7474 240.074 33
0 260 33
0 260 33
0 260 33
0 260 33
0 260 33
0 260 33
0 260 33
0 260 33
0 260 33
0 260 33
0 260 33
