-0 260 52
-0 260 52
-0 260 52
-0 260 52
-0 260 52
-0 260 52
-0 260 52
-0 260 52
-16.6036 245.567 52
-22.8122 240.517 52
-25.2795 238.788 52
-27.7785 237.101 52
-32.6401 233.569 52
-43.8261 225.139 52
-40.9766 227.986 52
-26.1807 239.911 52
-24.7577 241.344 52
-27.3311 239.776 52
-26.6976 240.603 52
-26.0517 241.418 52
-25.3937 242.219 52
-25.5479 242.441 52
-25.7002 242.665 52
-26.6843 242.338 52
-26.8375 242.572 52
-26.1451 243.344 52
-26.2895 243.573 52
-27.2845 243.28 52
-27.4294 243.519 52
-27.5721 243.759 52
-27.7128 244 52
-26.981 244.735 52
-27.9878 244.486 52
-28.1222 244.731 52
-29.1373 244.507 52
-29.2714 244.762 52
-29.4032 245.018 52
-29.5328 245.275 52
-30.559 245.095 52
-30.6879 245.363 52
-31.7208 245.208 52
-30.9387 245.9 52
-31.0605 246.171 52
-33.9312 245.246 52
-34.0587 245.543 52
-34.1835 245.841 52
-34.3058 246.14 52
-34.4255 246.439 52
-36.4096 246.024 52
-36.5302 246.342 52
-39.4671 245.635 52
-42.4189 244.979 52
-0 260 52
-0 260 52
-72.2803 236.515 52
-71.5288 237.447 52
-0 260 52
-69.9938 239.267 52
-0 260 52
-0 260 52
-0 260 52
-0 260 52
-0 260 52
-0 260 52
-0 260 52
-0 260 52
-0 260 52
-0 260 52
-0 260 52
-0 260 52
-0 260 52
-0 260 52
-715.086 146.742 52
-715.058 153.134 52
-716.954 159.239 52
-716.815 165.63 52
-716.618 172.01 52
-717.359 178.267 52
-717.05 184.635 52
-717.681 190.895 52
-717.26 197.248 52
-716.784 203.588 52
-717.249 209.845 52
-717.659 216.106 52
-718.015 222.371 52
-717.317 228.681 52
-717.563 234.942 52
-717.754 241.205 52
-716.891 247.487 52
-715.973 253.752 52
-715 260 52
-714.973 266.24 52
-715.891 272.496 52
-714.755 278.717 52
-713.565 284.918 52
-712.321 291.101 52
-712.023 297.316 52
-712.668 303.589 52
-710.266 309.667 52
-708.808 315.785 52
-707.298 321.881 52
-706.731 328.051 52
-705.116 334.111 52
-704.442 340.261 52
-701.73 346.162 52
-700.952 352.282 52
-699.129 358.256 52
-697.256 364.206 52
-695.333 370.13 52
-694.345 376.194 52
-691.335 381.901 52
-689.262 387.747 52
-689.102 393.948 52
-686.927 399.757 52
-683.725 405.33 52
-681.455 411.075 52
-679.136 416.791 52
-677.742 422.712 52
-675.326 428.378 52
-670.926 433.513 52
-671.318 439.879 52
-667.796 445.196 52
-665.193 450.741 52
-662.544 456.255 52
-660.807 462.029 52
-657.111 467.186 52
-654.327 472.604 52
-651.498 477.988 52
-646.735 482.689 52
-644.767 488.324 52
-641.81 493.6 52
-638.81 498.842 52
-634.835 503.69 52
-633.614 509.587 52
-629.558 514.358 52
-626.39 519.459 52
-622.261 524.134 52
-617.181 528.358 52
-615.73 534.141 52
-612.404 539.089 52
-609.039 544 52
-604.732 548.443 52
-602.192 553.709 52
-598.711 558.506 52
-594.301 562.812 52
-589.862 567.063 52
-585.394 571.26 52
-582.656 576.356 52
-579.873 581.429 52
-576.175 585.984 52
-572.443 590.5 52
-568.675 594.975 52
-564.873 599.41 52
-559.332 602.759 52
-542.751 599.148 52
-533.867 600.111 52
-527.524 602.578 52
-521.179 604.961 52
-514.832 607.259 52
-526.617 621.934 52
-529.172 630.53 52
-512.079 625.262 52
-507.254 628.541 52
-503.214 632.359 52
-496.751 634.329 52
-479.185 627.692 52
-470.442 627.55 52
-468 632.264 52
-482.608 650.808 52
-493.068 666.454 52
-487.97 669.456 52
-482.858 672.4 52
-479.241 676.598 52
-474.838 680.101 52
-468.924 682.221 52
-465.222 686.297 52
-460.753 689.659 52
-456.26 692.975 52
-451.026 695.551 52
-445.068 697.367 52
-440.527 700.528 52
-435.966 703.642 52
-429.993 705.271 52
-426.78 709.732 52
-422.157 712.708 52
-416.839 714.9 52
-411.515 717.034 52
-406.849 719.859 52
-401.508 721.882 52
-396.163 723.848 52
-392.1 727.287 52
-387.372 729.919 52
-381.997 731.728 52
-377.866 735.043 52
-371.244 735.171 52
-367.692 739.185 52
-362.293 740.779 52
-357.488 743.118 52
-351.496 743.792 52
-346.68 746.027 52
-341.278 747.396 52
-337.012 750.355 52
-331.042 750.79 52
-326.747 753.66 52
-321.337 754.816 52
-315.932 755.914 52
-311.063 757.804 52
-306.184 759.647 52
-300.267 759.729 52
-295.895 762.33 52
-290.5 763.161 52
-286.098 765.677 52
-280.705 766.405 52
-275.798 767.956 52
-269.946 767.695 52
-264.582 768.257 52
-260.137 770.547 52
-254.333 770.113 52
-249.872 772.313 52
-244.53 772.668 52
-239.202 772.97 52
-234.302 774.128 52
-229.399 775.24 52
-224.496 776.305 52
-218.809 775.483 52
-213.92 776.449 52
-208.656 776.441 52
-204.141 778.243 52
-198.894 778.137 52
-193.665 777.98 52
-188.453 777.771 52
-183.594 778.453 52
-178.411 778.144 52
-173.566 778.733 52
-168.723 779.277 52
-163.584 778.822 52
-158.758 779.273 52
-153.936 779.68 52
-148.844 779.081 52
-143.774 778.433 52
-138.986 778.702 52
-134.204 778.927 52
-129.186 778.138 52
-124.426 778.273 52
-119.449 777.391 52
-114.713 777.437 52
-109.777 776.462 52
-105.266 777.4 52
-100.556 777.318 52
-95.6736 776.209 52
-90.6443 774.07 52
-85.9898 773.855 52
-81.3459 773.598 52
-76.5652 772.31 52
-72.0916 772.959 52
-67.2209 770.594 52
-62.7627 771.161 52
-58.1864 770.696 52
-53.5185 769.195 52
-48.9771 768.647 52
-44.3622 767.063 52
-39.8572 766.434 52
-35.2967 764.767 52
-30.8295 764.058 52
-26.3773 763.309 52
-21.9405 762.521 52
-17.4497 759.695 52
-13.0623 758.829 52
-8.69126 757.924 52
-4.33705 756.981 52
3.7447e-05 756 52
4.31967 754.981 52
8.60407 752.925 52
12.8529 750.832 52
17.1357 750.701 52
21.3735 749.534 52
25.5923 748.33 52
29.6696 745.094 52
33.9017 744.816 52
37.8173 740.514 52
42.0091 740.166 52
45.9101 736.795 52
50.1737 737.371 52
54.2244 735.921 52
58.2536 734.437 52
62.1305 731.928 52
66.1073 730.377 52
70.2095 729.783 52
73.8371 726.189 52
77.7375 724.541 52
81.6147 722.86 52
85.2863 720.163 52
88.917 717.438 52
93.1049 717.625 52
96.8869 715.817 52
100.644 713.978 52
104.152 711.133 52
107.151 706.318 52
111.526 707.306 52
115.425 706.316 52
118.798 703.36 52
122.395 701.343 52
125.966 699.297 52
129.227 696.263 52
129.228 682.687 52
122.989 650.07 52
126.697 649.933 52
129.46 646.916 52
133.809 648.608 52
137.862 649.311 52
141.938 649.972 52
154.091 672.136 52
159.115 674.51 52
161.994 671.245 52
165.576 669.815 52
169.146 668.355 52
172.703 666.863 52
175.45 663.506 52
178.557 661.046 52
182.05 659.473 52
185.107 656.963 52
188.133 654.43 52
191.13 651.874 52
193.65 648.402 52
197.032 646.697 52
200.399 644.963 52
202.812 641.433 52
205.655 638.77 52
208.468 636.086 52
210.265 631.642 52
214.5 631.525 52
217.226 628.777 52
219.406 625.153 52
221.539 621.519 52
225.216 620.42 52
227.278 616.755 52
229.293 613.08 52
232.365 611.066 52
234.861 608.196 52
237.891 606.133 52
240.329 603.225 52
242.734 600.3 52
245.106 597.36 52
247.446 594.404 52
249.753 591.434 52
252.636 589.242 52
256.115 587.812 52
257.099 583.217 52
259.909 580.961 52
262.064 577.909 52
265.471 576.376 52
267.573 573.287 52
269.64 570.186 52
270.349 565.574 52
273.674 563.946 52
274.965 560.072 52
276.209 556.198 52
278.784 553.777 52
281.337 551.333 52
283.868 548.866 52
285.671 545.671 52
287.44 542.466 52
289.175 539.253 52
290.15 535.342 52
294.004 534.163 52
294.174 529.56 52
295.772 526.314 52
298.833 524.385 52
299.62 520.455 52
301.121 517.181 52
302.588 513.901 52
305.563 511.887 52
306.196 507.952 52
309.13 505.893 52
311.264 503.186 52
313.375 500.461 52
314.662 497.115 52
315.916 493.765 52
317.944 491 52
319.133 487.636 52
321.927 485.416 52
322.233 481.465 52
324.983 479.204 52
326.883 476.359 52
327.082 472.409 52
328.079 469.01 52
329.043 465.609 52
329.972 462.207 52
333.438 460.35 52
331.727 455.402 52
334.286 453 52
335.957 450.075 52
336.729 446.652 52
339.223 444.183 52
339.052 440.277 52
341.499 437.773 52
343.929 435.24 52
344.55 431.786 52
346.036 428.773 52
347.495 425.747 52
346.21 421.44 52
348.515 418.828 52
349.888 415.78 52
349.4 411.923 52
350.712 408.869 52
351.998 405.802 52
354.184 403.1 52
354.489 399.637 52
355.694 396.538 52
356.872 393.429 52
357.083 389.968 52
357.261 386.513 52
358.352 383.39 52
359.415 380.258 52
360.45 377.117 52
361.459 373.967 52
362.44 370.809 52
362.434 367.358 52
363.357 364.191 52
364.252 361.016 52
364.154 357.575 52
364.024 354.143 52
363.861 350.721 52
367.556 348.242 52
367.338 344.807 52
367.087 341.381 52
365.827 337.759 52
368.452 334.962 52
370.073 331.935 52
369.704 328.521 52
368.318 324.944 52
370.843 322.058 52
372.359 318.976 52
373.848 315.872 52
372.341 312.329 52
373.775 309.208 52
374.19 305.945 52
372.589 302.451 52
372.946 299.198 52
374.269 296.038 52
372.577 292.596 52
374.841 289.501 52
373.089 286.089 52
373.302 282.832 52
374.486 279.626 52
374.643 276.357 52
373.772 273.052 52
375.871 269.843 52
375.943 266.562 52
374.986 263.272 52
376 260 52
376.986 256.71 52
376.943 253.42 52
375.871 250.157 52
376.77 246.843 52
377.64 243.512 52
377.482 240.217 52
377.295 236.924 52
376.082 233.702 52
374.841 230.499 52
375.565 227.142 52
375.264 223.866 52
374.935 220.593 52
376.564 217.096 52
377.168 213.69 52
376.749 210.4 52
375.312 207.253 52
374.837 203.98 52
375.322 200.555 52
373.802 197.447 52
372.257 194.361 52
371.67 191.115 52
373.018 187.493 52
373.351 184.041 52
370.718 181.201 52
370.016 177.969 52
0 260 52
0 260 52
0 260 52
0 260 52
0 260 52
0 260 52
0 260 52
0 260 52
70.7666 238.364 52
69.6213 238.048 52
0 260 52
0 260 52
0 260 52
37.7057 246.648 52
37.5877 246.319 52
35.5935 246.692 52
35.4761 246.382 52
36.2863 245.706 52
36.1602 245.39 52
34.1835 245.841 52
34.9792 245.152 52
33.0142 245.645 52
32.8876 245.357 52
31.8486 245.486 52
31.7208 245.208 52
32.4931 244.502 52
33.2554 243.78 52
32.2176 243.937 52
31.1852 244.11 52
31.0454 243.839 52
30.0202 244.038 52
29.8798 243.777 52
28.8625 244.001 52
29.5921 243.258 52
28.5788 243.5 52
28.4338 243.251 52
28.2865 243.004 52
28.9898 242.235 52
28.8336 241.983 52
27.8319 242.269 52
27.6761 242.027 52
26.6843 242.338 52
26.5292 242.106 52
26.372 241.875 52
26.2129 241.646 52
26.8658 240.837 52
24.2705 242.366 52
24.1157 242.155 52
24.7577 241.344 52
34.9075 233.214 52
39.4005 229.217 52
34.4348 232.609 52
26.423 238.603 52
26.2352 238.373 52
22.2153 241.359 52
0 260 52
0 260 52
0 260 52
0 260 52
0 260 52
0 260 52
0 260 52
0 260 52
0 260 52
0 260 52
0 260 52
