-0 260 68
-0 260 68
-0 260 68
-0 260 68
-0 260 68
-0 260 68
-0 260 68
-0 260 68
-16.6036 245.567 68
-22.8122 240.517 68
-26.8116 237.502 68
-27.7785 237.101 68
-33.4173 232.939 68
-42.2608 226.384 68
-41.7646 227.37 68
-26.974 239.302 68
-26.355 240.14 68
-25.7234 240.966 68
-26.6976 240.603 68
-26.8658 240.837 68
-25.3937 242.219 68
-25.5479 242.441 68
-26.5292 242.106 68
-26.6843 242.338 68
-26.8375 242.572 68
-26.9885 242.806 68
-26.2895 243.573 68
-27.2845 243.28 68
-28.2865 243.004 68
-27.5721 243.759 68
-28.5788 243.5 68
-28.7217 243.75 68
-27.9878 244.486 68
-29.001 244.254 68
-30.0202 244.038 68
-29.2714 244.762 68
-30.2942 244.564 68
-30.4278 244.829 68
-31.4578 244.657 68
-31.5905 244.932 68
-31.7208 245.208 68
-31.8486 245.486 68
-33.8012 244.951 68
-32.0971 246.044 68
-33.1382 245.934 68
-35.1074 245.458 68
-34.3058 246.14 68
-34.4255 246.439 68
-35.4761 246.382 68
-37.4669 245.992 68
-38.5274 245.977 68
-42.4189 244.979 68
-0 260 68
-0 260 68
-72.2803 236.515 68
-71.5288 237.447 68
-0 260 68
-71.9115 238.699 68
-0 260 68
-0 260 68
-0 260 68
-0 260 68
-0 260 68
-0 260 68
-0 260 68
-0 260 68
-0 260 68
-0 260 68
-0 260 68
-0 260 68
-0 260 68
-0 260 68
-700.271 149.088 68
-702.201 155.055 68
-702.1 161.326 68
-702.934 167.457 68
-702.723 173.717 68
-703.449 179.852 68
-703.127 186.098 68
-704.741 192.141 68
-704.31 198.381 68
-704.821 204.53 68
-705.278 210.682 68
-704.683 216.9 68
-705.032 223.051 68
-706.327 229.161 68
-704.571 235.396 68
-703.759 241.572 68
-704.893 247.696 68
-704.973 253.848 68
-705 260 68
-704.973 266.152 68
-703.893 272.287 68
-702.759 278.402 68
-701.572 284.5 68
-701.332 290.621 68
-701.038 296.74 68
-699.692 302.795 68
-700.29 308.969 68
-699.836 315.078 68
-698.332 321.096 68
-697.773 327.188 68
-696.165 333.17 68
-695.5 339.242 68
-692.797 345.065 68
-692.029 351.107 68
-690.217 357.004 68
-690.333 363.171 68
-688.419 369.035 68
-687.441 375.038 68
-685.426 380.859 68
-684.345 386.836 68
-682.231 392.612 68
-680.068 398.361 68
-678.834 404.291 68
-676.573 409.993 68
-674.264 415.666 68
-672.88 421.544 68
-669.504 426.926 68
-668.022 432.762 68
-665.523 438.326 68
-662.978 443.86 68
-659.425 449.087 68
-658.709 455.119 68
-655.069 460.275 68
-654.25 466.284 68
-651.474 471.677 68
-648.653 477.036 68
-644.844 482.038 68
-642.881 487.656 68
-639.931 492.916 68
-636 497.791 68
-633.901 503.332 68
-630.823 508.488 68
-626.776 513.234 68
-624.543 518.694 68
-621.341 523.744 68
-618.098 528.757 68
-614.816 533.734 68
-610.584 538.259 68
-607.226 543.154 68
-603.83 548.012 68
-601.293 553.27 68
-597.816 558.06 68
-594.301 562.812 68
-591.636 567.986 68
-587.16 572.199 68
-583.535 576.833 68
-579.873 581.429 68
-575.305 585.492 68
-572.443 590.5 68
-568.675 594.975 68
-564.873 599.41 68
-560.185 603.282 68
-557.168 608.157 68
-553.265 612.469 68
-549.329 616.739 68
-542.86 619.311 68
-540.532 624.594 68
-536.506 628.731 68
-533.268 633.398 68
-529.175 637.457 68
-525.052 641.473 68
-520.095 644.85 68
-514.321 647.569 68
-500.606 644.129 68
-472.018 628.781 68
-466.434 631.019 68
-468.619 639.48 68
-488.438 662.638 68
-489.502 670.741 68
-485.139 674.348 68
-479.995 677.254 68
-474.089 679.439 68
-469.667 682.891 68
-466.697 687.649 68
-460.753 689.659 68
-456.26 692.975 68
-452.465 696.94 68
-446.495 698.769 68
-442.649 702.649 68
-438.068 705.782 68
-432.077 707.429 68
-427.468 710.458 68
-422.157 712.708 68
-418.19 716.375 68
-413.523 719.264 68
-408.174 721.357 68
-402.82 723.392 68
-398.761 726.889 68
-392.743 728.053 68
-387.372 729.919 68
-383.885 734.059 68
-377.244 734.261 68
-373.091 737.535 68
-368.301 739.979 68
-362.894 741.577 68
-358.678 744.726 68
-352.671 745.41 68
-347.841 747.655 68
-341.852 748.215 68
-337.578 751.179 68
-332.161 752.448 68
-327.299 754.494 68
-322.426 756.493 68
-317.007 757.601 68
-312.122 759.5 68
-306.184 759.647 68
-301.297 761.443 68
-296.402 763.191 68
-291.5 764.893 68
-285.606 764.806 68
-281.19 767.279 68
-276.275 768.835 68
-271.355 770.344 68
-265.505 770.031 68
-261.044 772.329 68
-255.671 772.797 68
-249.872 772.313 68
-244.53 772.668 68
-239.202 772.97 68
-234.302 774.128 68
-229.399 775.24 68
-224.496 776.305 68
-219.591 777.324 68
-214.685 778.296 68
-209.405 778.296 68
-204.141 778.243 68
-198.894 778.137 68
-194.015 778.916 68
-188.795 778.71 68
-183.594 778.453 68
-179.062 780.035 68
-173.883 779.681 68
-168.723 779.277 68
-163.885 779.776 68
-159.05 780.23 68
-153.936 779.68 68
-149.395 781.004 68
-144.041 779.397 68
-139.245 779.668 68
-134.204 778.927 68
-129.428 779.108 68
-124.66 779.246 68
-119.674 778.365 68
-114.713 777.437 68
-109.985 777.44 68
-105.266 777.4 68
-100.556 777.318 68
-95.6736 776.209 68
-90.9916 776.039 68
-86.1548 774.841 68
-81.5023 774.586 68
-76.8609 774.288 68
-72.0916 772.959 68
-67.3515 771.586 68
-62.8845 772.154 68
-58.1864 770.696 68
-53.6231 770.19 68
-49.1688 770.638 68
-44.6237 770.052 68
-40.0141 768.428 68
-35.506 767.76 68
-30.9516 766.054 68
-26.482 765.307 68
-21.9841 763.52 68
-17.5544 762.694 68
-13.1408 761.828 68
-8.74362 760.924 68
-4.3545 758.981 68
3.7598e-05 758 68
4.33713 756.981 68
8.65643 755.924 68
12.9314 753.831 68
17.2055 752.7 68
21.4172 750.533 68
25.54 747.331 68
29.8528 748.088 68
34.111 747.809 68
38.1312 744.502 68
42.3577 744.151 68
46.2935 740.776 68
50.5918 741.349 68
54.564 738.902 68
58.6192 737.415 68
62.6526 735.894 68
66.6639 734.338 68
70.2095 729.783 68
74.4628 730.14 68
78.2326 727.499 68
82.3093 726.799 68
85.6507 722.13 68
90.0619 723.328 68
93.9023 721.545 68
97.7185 719.729 68
101.294 716.907 68
105.052 715.031 68
108.786 713.124 68
112.494 711.188 68
115.425 706.316 68
119.574 706.258 68
123.197 704.234 68
127.069 703.142 68
130.363 700.098 68
134.199 698.944 68
137.423 695.849 68
137.513 683.22 68
129.778 647.864 68
133.157 646.717 68
137.528 648.368 68
140.912 647.153 68
144.986 647.782 68
150.156 651.17 68
163.093 674.036 68
167.075 673.524 68
169.911 670.203 68
171.922 665.022 68
176.247 665.341 68
179.778 663.787 68
182.465 660.383 68
185.952 658.775 68
189.425 657.138 68
192.883 655.469 68
183.387 627.818 68
186.136 625.313 68
190.24 625.448 68
193.422 623.774 68
197.067 622.951 68
199.742 620.343 68
202.386 617.716 68
206.5 617.668 68
210.121 616.714 68
216.316 620.01 68
224.674 626.635 68
226.805 622.965 68
229.964 620.972 68
233.106 618.951 68
235.677 616.069 68
237.098 611.512 68
240.156 609.429 68
242.049 605.682 68
245.637 604.371 68
248.045 601.405 68
249.826 597.62 68
253.364 596.226 68
254.462 591.622 68
258.578 590.965 68
259.589 586.348 68
262.427 584.07 68
263.972 580.224 68
266.757 577.908 68
269.521 575.568 68
272.921 573.959 68
275.65 571.566 68
276.351 566.919 68
278.343 563.758 68
280.983 561.318 68
282.225 557.403 68
284.81 554.929 68
285.971 551.006 68
289.914 549.914 68
291.719 546.672 68
292.771 542.726 68
294.502 539.472 68
296.93 536.891 68
299.335 534.29 68
300.231 530.329 68
303.327 528.361 68
305.657 525.704 68
307.204 522.377 68
309.482 519.686 68
310.193 515.703 68
311.636 512.357 68
314.608 510.251 68
315.204 506.265 68
315.755 502.287 68
319.454 500.726 68
320.739 497.334 68
324.416 495.702 68
325.646 492.281 68
327.661 489.431 68
329.65 486.562 68
329.128 482 68
330.219 478.567 68
333.791 476.766 68
335.67 473.845 68
335.827 469.848 68
336.793 466.387 68
338.581 463.44 68
339.482 459.97 68
341.214 457 68
343.791 454.507 68
343.726 450.53 68
346.254 448.001 68
347.881 444.972 68
348.595 441.467 68
351.057 438.872 68
351.709 435.356 68
352.327 431.841 68
352.911 428.33 68
353.46 424.821 68
356.705 422.56 68
358.11 419.441 68
359.488 416.31 68
358.076 411.994 68
360.313 409.247 68
361.602 406.097 68
361.002 402.202 68
364.096 399.763 68
363.429 395.88 68
367.42 393.73 68
368.573 390.518 68
367.807 386.646 68
367.95 383.114 68
369.961 380.208 68
370.042 376.674 68
372.003 373.733 68
372.022 370.198 68
373.931 367.223 68
375.816 364.223 68
373.813 360.163 68
375.641 357.147 68
377.445 354.108 68
376.307 350.343 68
376.107 346.831 68
377.827 343.762 68
379.521 340.67 68
379.231 337.155 68
379.89 333.843 68
382.486 330.89 68
381.121 327.202 68
382.679 324.038 68
381.248 320.384 68
382.749 317.202 68
383.234 313.86 68
384.681 310.644 68
384.115 307.163 68
384.512 303.81 68
385.874 300.557 68
385.218 297.092 68
386.524 293.816 68
384.81 290.285 68
384.062 286.856 68
387.276 283.687 68
386.47 280.254 68
386.632 276.881 68
386.764 273.506 68
386.867 270.13 68
385.941 266.737 68
386.985 263.377 68
388 260 68
387.985 256.614 68
388.941 253.211 68
387.867 249.843 68
389.762 246.389 68
388.63 243.032 68
386.47 239.746 68
387.276 236.313 68
389.05 232.795 68
388.798 229.401 68
390.508 225.835 68
388.205 222.62 68
387.864 219.234 68
388.487 215.738 68
389.078 212.227 68
386.663 209.095 68
387.195 205.583 68
385.716 202.354 68
386.186 198.834 68
386.624 195.301 68
384.075 192.277 68
383.469 188.928 68
383.816 185.394 68
383.151 182.047 68
383.434 178.499 68
382.708 175.156 68
0 260 68
0 260 68
0 260 68
0 260 68
0 260 68
0 260 68
0 260 68
0 260 68
71.7229 238.072 68
71.5288 237.447 68
0 260 68
0 260 68
0 260 68
40.5336 245.646 68
37.5877 246.319 68
36.5302 246.342 68
36.4096 246.024 68
36.2863 245.706 68
36.1602 245.39 68
34.1835 245.841 68
34.0587 245.543 68
33.9312 245.246 68
33.8012 244.951 68
32.7586 245.071 68
31.7208 245.208 68
33.3957 244.071 68
33.2554 243.78 68
33.1126 243.491 68
31.1852 244.11 68
31.0454 243.839 68
30.9032 243.568 68
29.8798 243.777 68
29.7371 243.516 68
28.7217 243.75 68
28.5788 243.5 68
28.4338 243.251 68
28.2865 243.004 68
28.9898 242.235 68
28.8336 241.983 68
28.6753 241.732 68
27.6761 242.027 68
28.3521 241.234 68
26.5292 242.106 68
27.1962 241.309 68
26.2129 241.646 68
26.0517 241.418 68
25.0795 241.779 68
24.9196 241.56 68
24.7577 241.344 68
34.9075 233.214 68
40.9766 227.986 68
33.6522 233.232 68
25.6458 239.232 68
26.2352 238.373 68
23.7474 240.074 68
0 260 68
0 260 68
0 260 68
0 260 68
0 260 68
0 260 68
0 260 68
0 260 68
0 260 68
0 260 68
0 260 68
