-0 260 97
-0 260 97
-0 260 97
-0 260 97
-0 260 97
-0 260 97
-0 260 97
-0 260 97
-16.6036 245.567 97
-22.8122 240.517 97
-27.5776 236.86 97
-27.0069 237.737 97
-33.4173 232.939 97
-42.2608 226.384 97
-40.9766 227.986 97
-27.7674 238.693 97
-27.1536 239.538 97
-26.5273 240.371 97
-26.6976 240.603 97
-26.0517 241.418 97
-25.3937 242.219 97
-26.372 241.875 97
-26.5292 242.106 97
-27.5182 241.786 97
-26.8375 242.572 97
-26.9885 242.806 97
-27.1375 243.043 97
-28.1371 242.758 97
-27.4294 243.519 97
-27.5721 243.759 97
-28.5788 243.5 97
-27.8514 244.242 97
-27.1132 244.971 97
-29.001 244.254 97
-30.0202 244.038 97
-29.2714 244.762 97
-31.1852 244.11 97
-31.3227 244.383 97
-30.559 245.095 97
-31.5905 244.932 97
-31.7208 245.208 97
-31.8486 245.486 97
-32.8876 245.357 97
-33.0142 245.645 97
-34.0587 245.543 97
-34.1835 245.841 97
-34.3058 246.14 97
-35.3559 246.073 97
-35.4761 246.382 97
-38.4036 245.642 97
-38.5274 245.977 97
-0 260 97
-0 260 97
-0 260 97
-72.2803 236.515 97
-69.6213 238.048 97
-0 260 97
-0 260 97
-0 260 97
-0 260 97
-0 260 97
-0 260 97
-0 260 97
-0 260 97
-0 260 97
-0 260 97
-0 260 97
-0 260 97
-0 260 97
-0 260 97
-0 260 97
-0 260 97
-715.086 146.742 97
-714.069 153.282 97
-713.983 159.656 97
-715.823 165.76 97
-715.626 172.132 97
-715.372 178.494 97
-717.05 184.635 97
-717.681 190.895 97
-718.256 197.161 97
-717.78 203.51 97
-717.249 209.845 97
-717.659 216.106 97
-718.015 222.371 97
-717.317 228.681 97
-716.563 234.977 97
-716.754 241.231 97
-716.891 247.487 97
-716.973 253.743 97
-717 260 97
-715.973 266.248 97
-714.891 272.479 97
-714.755 278.717 97
-714.564 284.953 97
-712.321 291.101 97
-712.023 297.316 97
-712.668 303.589 97
-710.266 309.667 97
-709.805 315.863 97
-709.291 322.055 97
-707.727 328.146 97
-707.105 334.32 97
-706.43 340.488 97
-704.708 346.527 97
-702.934 352.543 97
-701.11 358.535 97
-699.234 364.501 97
-697.308 370.443 97
-696.318 376.524 97
-694.289 382.422 97
-694.178 388.658 97
-692.047 394.52 97
-689.867 400.355 97
-688.616 406.37 97
-685.36 411.941 97
-683.033 417.691 97
-680.659 423.412 97
-679.207 429.345 97
-676.735 435.016 97
-675.182 440.915 97
-672.614 446.532 97
-669.999 452.119 97
-667.339 457.675 97
-665.588 463.491 97
-661.88 468.69 97
-659.082 474.149 97
-655.292 479.258 97
-654.299 485.293 97
-651.365 490.661 97
-647.448 495.652 97
-645.367 501.293 97
-641.37 506.199 97
-639.197 511.786 97
-634.194 516.231 97
-631.934 521.756 97
-628.705 526.869 97
-625.435 531.947 97
-623.038 537.394 97
-617.864 541.577 97
-614.477 546.535 97
-611.953 551.887 97
-609.382 557.216 97
-604.081 561.184 97
-600.538 565.99 97
-597.845 571.219 97
-594.224 575.954 97
-590.565 580.651 97
-586.87 585.307 97
-583.138 589.924 97
-578.505 594 97
-575.568 599.036 97
-570.016 602.5 97
-567.006 607.462 97
-563.952 612.396 97
-560.012 616.767 97
-556.039 621.096 97
-552.032 625.382 97
-547.165 629.067 97
-543.099 633.262 97
-537.364 636.266 97
-533.246 640.361 97
-529.906 644.999 97
-525.722 649.014 97
-521.509 652.985 97
-517.266 656.913 97
-512.995 660.796 97
-508.695 664.635 97
-502.813 667.17 97
-498.469 670.907 97
-493.333 673.955 97
-488.181 676.946 97
-485.278 681.846 97
-480.83 685.402 97
-475.613 688.244 97
-471.12 691.702 97
-466.604 695.115 97
-461.338 697.794 97
-456.061 700.413 97
-451.487 703.676 97
-446.891 706.892 97
-442.274 710.061 97
-436.94 712.465 97
-432.287 715.535 97
-428.295 719.29 97
-422.919 721.536 97
-417.537 723.722 97
-412.812 726.599 97
-408.069 729.429 97
-402.658 731.452 97
-397.885 734.182 97
-393.096 736.864 97
-388.291 739.499 97
-382.846 741.304 97
-377.4 743.051 97
-371.953 744.739 97
-367.107 747.168 97
-362.247 749.549 97
-357.373 751.882 97
-351.906 753.354 97
-346.44 754.768 97
-342.109 757.772 97
-336.634 759.081 97
-330.61 759.498 97
-326.239 762.364 97
-320.231 762.661 97
-315.302 764.589 97
-309.842 765.616 97
-305.418 768.3 97
-300.463 770.084 97
-294.5 770.089 97
-289.053 770.899 97
-272.463 751.536 97
-262.437 743.349 97
-257.27 743.855 97
-252.115 744.308 97
-256.051 762.528 97
-257.902 777.272 97
-252.94 778.604 97
-248.405 780.792 97
-243.005 781.127 97
-237.204 780.498 97
-232.653 782.548 97
-226.489 780.89 97
-221.935 782.847 97
-216.599 782.916 97
-211.653 783.859 97
-206.707 784.756 97
-201.403 784.672 97
-196.116 784.536 97
-191.189 785.288 97
-186.264 785.994 97
-181.016 785.708 97
-175.787 785.371 97
-170.577 784.983 97
-165.689 785.498 97
-161.097 786.924 97
-155.356 784.474 97
-150.498 784.849 97
-145.645 785.179 97
-140.798 785.464 97
-135.456 783.768 97
-130.88 784.93 97
-126.06 785.08 97
-120.799 783.237 97
-116.012 783.295 97
-111.025 782.331 97
-106.263 782.3 97
-101.51 782.226 97
-96.5848 781.125 97
-91.8598 780.963 97
-87.3101 781.745 97
-82.2845 779.524 97
-77.5999 779.233 97
-72.7875 777.91 97
-68.1346 777.534 97
-63.372 776.124 97
-58.7524 775.664 97
-54.0412 774.168 97
-49.3605 772.629 97
-44.8852 773.04 97
-40.2495 771.419 97
-35.7153 770.753 97
-31.1347 769.049 97
-26.5866 767.304 97
-22.1586 767.516 97
-17.694 766.691 97
-13.2193 764.827 97
-8.79597 763.923 97
-4.38068 761.981 97
3.78244e-05 761 97
4.36331 759.981 97
8.69134 757.924 97
13.01 756.83 97
17.2753 754.698 97
21.548 753.53 97
25.7493 751.326 97
29.9749 750.084 97
34.1807 748.806 97
38.2881 746.496 97
42.532 746.143 97
46.4852 742.767 97
50.6963 742.343 97
54.6772 739.895 97
58.8629 739.4 97
62.7831 736.885 97
66.8031 735.329 97
70.3573 730.772 97
74.6193 731.127 97
78.3976 728.486 97
82.4829 727.784 97
86.1974 725.08 97
90.0619 723.328 97
93.9023 721.545 97
97.7185 719.729 97
101.077 715.93 97
104.602 713.082 97
108.786 713.124 97
112.494 711.188 97
115.926 708.252 97
119.316 705.292 97
122.395 701.343 97
126.518 701.219 97
130.363 700.098 97
133.906 697.988 97
136.52 692.987 97
140.603 692.731 97
143.739 689.591 97
147.482 688.32 97
150.213 684.189 97
154.593 684.741 97
156.893 679.629 97
160.19 677.31 97
163.826 675.897 97
167.449 674.451 97
169.911 670.203 97
173.485 668.704 97
176.247 665.341 97
180.184 664.701 97
181.221 657.653 97
184.684 656.056 97
188.133 654.43 97
191.568 652.773 97
194.096 649.296 97
197.94 648.479 97
200.861 645.85 97
202.812 641.433 97
206.133 639.649 97
208.468 636.086 97
212.235 635.123 97
214 630.659 97
216.719 627.916 97
219.921 626.01 97
222.584 623.225 97
226.276 622.117 97
228.352 618.441 97
229.838 613.919 97
233.469 612.734 97
235.42 609.025 97
239.023 607.781 97
240.902 604.044 97
243.315 601.114 97
245.694 598.169 97
248.041 595.208 97
251.559 593.83 97
253.245 590.035 97
256.115 587.812 97
258.344 584.782 97
261.168 582.516 97
262.7 578.681 97
264.829 575.61 97
266.923 572.527 97
269.64 570.186 97
272.337 567.821 97
274.344 564.689 97
274.965 560.072 97
278.255 558.392 97
280.16 555.227 97
282.726 552.771 97
283.868 548.866 97
287.085 547.085 97
288.153 543.167 97
290.613 540.642 97
291.601 536.719 97
293.273 533.481 97
294.911 530.236 97
295.772 526.314 97
298.833 524.385 97
301.884 522.424 97
303.402 519.13 97
304.12 515.187 97
306.335 512.523 97
307.75 509.211 97
309.13 505.893 97
312.84 504.418 97
312.581 499.852 97
316.26 498.319 97
318.327 495.55 97
319.562 492.175 97
320.762 488.797 97
321.927 485.416 97
323.057 482.031 97
324.154 478.644 97
326.883 476.359 97
327.92 472.954 97
330.609 470.621 97
330.739 466.669 97
332.53 463.774 97
335.152 461.38 97
334.312 456.925 97
335.152 453.5 97
336.828 450.568 97
340.227 448.591 97
340.981 445.138 97
340.818 441.216 97
342.386 438.235 97
344.82 435.694 97
344.55 431.786 97
346.935 429.211 97
346.593 425.316 97
347.116 421.863 97
350.335 419.657 97
351.715 416.594 97
352.151 413.12 97
352.553 409.65 97
352.922 406.185 97
354.184 403.1 97
355.42 400.003 97
358.495 397.613 97
358.745 394.129 97
359.902 390.994 97
360.089 387.514 97
361.188 384.367 97
362.26 381.21 97
364.255 378.354 97
363.366 374.569 97
363.396 371.101 97
365.31 368.21 97
367.202 365.293 97
368.107 362.085 97
367.052 358.351 97
369.832 355.645 97
368.712 351.93 97
369.501 348.709 97
370.261 345.481 97
370.992 342.247 97
372.674 339.214 97
370.412 335.361 97
371.055 332.126 97
372.654 329.067 97
373.242 325.813 97
372.816 322.388 97
375.322 319.445 97
373.848 315.872 97
376.302 312.886 97
376.749 309.6 97
376.175 306.188 97
375.57 302.791 97
376.924 299.616 97
376.26 296.23 97
375.565 292.858 97
376.835 289.658 97
378.077 286.438 97
379.291 283.198 97
378.481 279.835 97
378.639 276.532 97
378.769 273.227 97
378.87 269.921 97
379.942 266.632 97
377.986 263.299 97
381 260 97
379.986 256.684 97
380.942 253.351 97
379.87 250.053 97
379.769 246.738 97
377.64 243.512 97
378.481 240.165 97
379.291 236.802 97
379.074 233.493 97
379.826 230.107 97
377.558 226.968 97
378.251 223.579 97
378.913 220.175 97
379.544 216.756 97
378.16 213.568 97
376.749 210.4 97
380.263 206.558 97
375.826 203.832 97
378.285 200.086 97
375.775 197.117 97
377.181 193.493 97
376.587 190.204 97
375.963 186.92 97
375.311 183.642 97
372.674 180.786 97
372.945 177.32 97
0 260 97
0 260 97
0 260 97
0 260 97
0 260 97
0 260 97
0 260 97
0 260 97
72.6792 237.78 97
71.5288 237.447 97
0 260 97
0 260 97
42.5483 245.349 97
40.5336 245.646 97
38.5274 245.977 97
37.4669 245.992 97
36.4096 246.024 97
36.2863 245.706 97
36.1602 245.39 97
35.1074 245.458 97
34.0587 245.543 97
33.9312 245.246 97
32.8876 245.357 97
32.7586 245.071 97
33.5334 244.363 97
34.2982 243.641 97
33.2554 243.78 97
34.0075 243.044 97
31.1852 244.11 97
31.9324 243.377 97
29.1373 244.507 97
29.8798 243.777 97
29.7371 243.516 97
29.5921 243.258 97
28.5788 243.5 97
28.4338 243.251 97
28.2865 243.004 97
28.1371 242.758 97
29.6817 241.453 97
28.6753 241.732 97
28.5148 241.482 97
28.3521 241.234 97
27.3582 241.547 97
27.1962 241.309 97
26.2129 241.646 97
26.0517 241.418 97
25.0795 241.779 97
25.7234 240.966 97
23.9591 241.946 97
34.9075 233.214 97
41.7646 227.37 97
34.4348 232.609 97
27.2001 237.974 97
26.2352 238.373 97
22.9813 240.716 97
0 260 97
0 260 97
0 260 97
0 260 97
0 260 97
0 260 97
0 260 97
0 260 97
0 260 97
0 260 97
0 260 97
