-0 260 72
-0 260 72
-0 260 72
-0 260 72
-0 260 72
-0 260 72
-0 260 72
-0 260 72
-15.8489 246.223 72
-22.8122 240.517 72
-26.8116 237.502 72
-24.692 239.646 72
-34.1944 232.31 72
-40.6956 227.629 72
-41.7646 227.37 72
-24.594 241.128 72
-26.355 240.14 72
-27.3311 239.776 72
-25.8885 241.191 72
-26.0517 241.418 72
-26.2129 241.646 72
-27.1962 241.309 72
-25.7002 242.665 72
-26.6843 242.338 72
-25.9988 243.116 72
-26.9885 242.806 72
-27.1375 243.043 72
-27.2845 243.28 72
-28.2865 243.004 72
-28.4338 243.251 72
-27.7128 244 72
-27.8514 244.242 72
-27.1132 244.971 72
-28.1222 244.731 72
-30.0202 244.038 72
-30.1584 244.301 72
-31.1852 244.11 72
-30.4278 244.829 72
-30.559 245.095 72
-30.6879 245.363 72
-31.7208 245.208 72
-31.8486 245.486 72
-32.8876 245.357 72
-33.0142 245.645 72
-34.0587 245.543 72
-35.1074 245.458 72
-34.3058 246.14 72
-34.4255 246.439 72
-36.4096 246.024 72
-36.5302 246.342 72
-38.5274 245.977 72
-0 260 72
-0 260 72
-0 260 72
-72.2803 236.515 72
-71.5288 237.447 72
-0 260 72
-0 260 72
-0 260 72
-0 260 72
-0 260 72
-0 260 72
-0 260 72
-0 260 72
-0 260 72
-0 260 72
-0 260 72
-0 260 72
-0 260 72
-0 260 72
-0 260 72
-0 260 72
-697.308 149.557 72
-698.245 155.647 72
-697.149 162.022 72
-698.969 167.979 72
-699.745 174.082 72
-699.475 180.305 72
-700.143 186.412 72
-700.759 192.525 72
-701.321 198.642 72
-701.83 204.765 72
-700.29 211.031 72
-701.689 217.083 72
-701.038 223.26 72
-700.333 229.423 72
-701.572 235.501 72
-700.76 241.65 72
-700.893 247.766 72
-699.973 253.892 72
-700 260 72
-698.973 266.1 72
-699.893 272.217 72
-697.761 278.272 72
-697.575 284.36 72
-697.336 290.446 72
-695.046 296.426 72
-696.698 302.612 72
-695.302 308.62 72
-693.854 314.608 72
-693.352 320.66 72
-692.796 326.709 72
-691.193 332.647 72
-689.539 338.563 72
-688.827 344.577 72
-687.071 350.455 72
-686.256 356.447 72
-685.388 362.432 72
-682.493 368.096 72
-681.523 374.048 72
-680.502 379.991 72
-678.446 385.743 72
-675.359 391.277 72
-675.168 397.365 72
-673.944 403.251 72
-670.715 408.694 72
-669.392 414.541 72
-666.073 419.91 72
-664.653 425.717 72
-662.213 431.26 72
-659.727 436.773 72
-657.196 442.257 72
-654.619 447.709 72
-651.997 453.131 72
-650.287 458.813 72
-647.574 464.179 72
-644.816 469.514 72
-642.015 474.815 72
-639.171 480.084 72
-637.226 485.654 72
-633.353 490.522 72
-630.38 495.69 72
-627.366 500.823 72
-623.38 505.556 72
-621.213 510.986 72
-617.151 515.633 72
-614.897 521.008 72
-611.679 525.966 72
-608.421 530.887 72
-604.214 535.356 72
-600.882 540.196 72
-596.609 544.568 72
-595.002 550.202 72
-592.447 555.383 72
-587.173 559.18 72
-583.653 563.831 72
-580.979 568.912 72
-577.383 573.493 72
-573.75 578.035 72
-568.342 581.553 72
-567.247 587.5 72
-562.644 591.423 72
-559.73 596.32 72
-555.069 600.147 72
-551.231 604.448 72
-549.048 609.782 72
-543.458 612.926 72
-539.524 617.103 72
-535.558 621.239 72
-532.385 625.898 72
-528.353 629.957 72
-524.29 633.973 72
-518.58 636.77 72
-514.468 640.687 72
-511.127 645.162 72
-503.779 646.564 72
-472.806 629.397 72
-463.304 628.529 72
-461.625 633.816 72
-471.463 648.644 72
-484.906 666.885 72
-479.816 669.802 72
-475.467 673.317 72
-471.093 676.788 72
-467.438 680.883 72
-462.273 683.595 72
-457.096 686.249 72
-454.084 690.91 72
-448.149 692.772 72
-443.642 695.966 72
-438.406 698.406 72
-433.863 701.502 72
-430.688 705.991 72
-425.403 708.281 72
-420.111 710.514 72
-416.164 714.163 72
-410.846 716.291 72
-406.186 719.11 72
-400.196 720.373 72
-395.514 723.087 72
-390.815 725.755 72
-385.463 727.605 72
-381.368 730.95 72
-375.999 732.695 72
-371.859 735.959 72
-365.866 736.805 72
-361.089 739.181 72
-356.299 741.51 72
-351.496 743.792 72
-346.099 745.213 72
-341.852 748.215 72
-335.879 748.707 72
-331.601 751.619 72
-326.747 753.66 72
-321.337 754.816 72
-315.395 755.071 72
-310.533 756.956 72
-305.662 758.795 72
-300.782 760.586 72
-295.895 762.33 72
-290.5 763.161 72
-285.606 764.806 72
-281.19 767.279 72
-275.321 767.078 72
-269.946 767.695 72
-264.582 768.257 72
-259.683 769.656 72
-254.779 771.008 72
-249.433 771.414 72
-244.53 772.668 72
-240.047 774.783 72
-234.302 774.128 72
-229.399 775.24 72
-224.496 776.305 72
-219.2 776.403 72
-214.685 778.296 72
-209.03 777.369 72
-203.775 777.312 72
-199.611 780.004 72
-194.365 779.853 72
-189.137 779.65 72
-184.261 780.338 72
-179.062 780.035 72
-174.2 780.63 72
-169.032 780.228 72
-164.185 780.729 72
-159.05 780.23 72
-154.504 781.598 72
-149.671 781.965 72
-144.309 780.36 72
-139.762 781.6 72
-134.704 780.863 72
-129.912 781.049 72
-125.127 781.19 72
-120.124 780.314 72
-115.362 780.366 72
-110.609 780.375 72
-105.466 778.38 72
-100.747 778.299 72
-96.2203 779.159 72
-91.3389 778.009 72
-86.4849 776.814 72
-81.9716 777.549 72
-77.1565 776.266 72
-72.37 774.939 72
-67.7431 774.56 72
-63.2501 775.131 72
-58.6392 774.67 72
-53.9366 773.173 72
-49.3605 772.629 72
-44.7109 771.048 72
-40.2495 771.419 72
-35.6455 769.755 72
-31.0737 768.051 72
-26.5343 766.305 72
-22.115 766.517 72
-17.694 766.691 72
-13.2455 765.827 72
-8.81343 764.923 72
-4.38941 762.981 72
3.78999e-05 762 72
4.37203 760.981 72
8.69134 757.924 72
13.01 756.83 72
17.3102 755.698 72
21.6353 755.528 72
25.854 753.323 72
30.097 752.08 72
34.39 751.799 72
38.5235 749.486 72
42.532 746.143 72
46.8686 746.749 72
50.8009 743.338 72
55.13 743.869 72
58.9848 740.392 72
62.9137 737.876 72
67.0815 737.309 72
71.2442 736.706 72
74.9321 733.103 72
78.8928 731.445 72
83.3512 732.708 72
86.9264 729.013 72
90.8251 727.255 72
94.6998 725.464 72
98.5502 723.642 72
102.376 721.788 72
106.177 719.903 72
109.486 716.041 72
113.461 715.069 72
117.178 713.093 72
120.61 710.121 72
125.068 710.979 72
128.447 707.948 72
131.783 704.892 72
135.66 703.725 72
139.227 701.571 72
142.766 699.388 72
144.056 690.539 72
136.413 656.172 72
138.196 650.254 72
141.938 649.972 72
145.686 649.656 72
149.081 648.369 72
154.297 651.706 72
164.827 667.961 72
172.59 676.67 72
176.22 675.148 72
179.836 673.594 72
183.032 671.095 72
186.612 669.483 72
189.333 666.026 72
191.577 661.65 72
195.952 661.761 72
197.666 656.456 72
201.118 654.716 72
204.555 652.946 72
207.506 650.263 72
209.473 645.801 72
212.347 643.083 72
216.174 642.086 72
219.5 640.185 72
221.794 636.532 72
225.587 635.439 72
227.287 630.898 72
230.515 628.901 72
233.188 626.032 72
236.373 623.983 72
238.989 621.073 72
241.012 617.315 72
242.988 613.55 72
245.491 610.597 72
249.702 610.07 72
251.572 606.259 72
255.774 605.658 72
255.771 599.42 72
259.941 598.762 72
261.656 594.905 72
263.946 591.826 72
265.573 587.956 72
269.061 586.397 72
271.256 583.271 72
274.717 581.652 72
275.545 576.978 72
277.638 573.812 72
279.697 570.635 72
283.072 568.919 72
285.075 565.706 72
287.044 562.481 72
289.673 559.965 72
291.578 556.712 72
294.864 554.864 72
297.425 552.279 72
297.807 547.589 72
298.854 543.602 72
302.049 541.665 72
302.284 536.992 72
305.433 535.013 72
307.821 532.337 72
310.186 529.64 72
311.766 526.274 72
314.078 523.543 72
314.823 519.52 72
317.076 516.763 72
318.522 513.363 72
319.932 509.959 72
321.308 506.548 72
323.447 503.735 72
326.366 501.498 72
327.652 498.053 72
328.089 494.023 72
330.937 491.725 72
332.947 488.828 72
333.273 484.796 72
336.056 482.431 72
337.984 479.49 72
339.887 476.532 72
341.763 473.557 72
341.056 468.999 72
342.867 466.015 72
344.652 463.015 72
345.544 459.5 72
347.272 456.477 72
350.723 454.409 72
352.406 451.341 72
353.179 447.789 72
353.917 444.238 72
354.621 440.688 72
356.184 437.587 72
357.72 434.472 72
359.229 431.343 72
360.711 428.202 72
360.345 424.219 72
360.85 420.661 72
363.156 417.905 72
363.599 414.339 72
365.856 411.543 72
368.092 408.719 72
366.585 404.401 72
368.764 401.555 72
369.986 398.332 72
370.239 394.756 72
372.343 391.854 72
372.534 388.274 72
373.64 385.018 72
373.765 381.444 72
373.857 377.877 72
374.871 374.61 72
376.816 371.618 72
378.737 368.601 72
377.743 364.757 72
377.677 361.198 72
378.546 357.899 72
380.356 354.833 72
379.224 351.044 72
380.979 347.956 72
381.732 344.628 72
384.412 341.709 72
384.13 338.152 72
383.816 334.606 72
383.469 331.072 72
385.06 327.896 72
383.665 324.204 72
385.198 321.009 72
386.705 317.793 72
387.195 314.417 72
388.646 311.166 72
387.093 307.529 72
389.48 304.376 72
388.858 300.871 72
388.205 297.38 72
387.52 293.904 72
387.801 290.521 72
390.048 287.275 72
390.271 283.87 72
389.466 280.411 72
389.629 277.012 72
389.762 273.611 72
391.866 270.261 72
388.941 266.789 72
389.985 263.403 72
390 260 72
391.985 256.579 72
390.94 253.176 72
389.866 249.791 72
390.762 246.354 72
391.627 242.901 72
389.466 239.589 72
389.273 236.191 72
391.045 232.655 72
388.798 229.401 72
391.505 225.748 72
391.191 222.333 72
389.853 219.025 72
390.474 215.511 72
389.078 212.227 72
388.646 208.834 72
389.175 205.305 72
389.672 201.763 72
390.137 198.208 72
388.597 194.971 72
388.014 191.583 72
387.402 188.199 72
386.761 184.821 72
386.09 181.449 72
385.39 178.083 72
383.684 174.939 72
0 260 72
0 260 72
0 260 72
0 260 72
0 260 72
0 260 72
0 260 72
0 260 72
70.7666 238.364 72
71.5288 237.447 72
0 260 72
0 260 72
0 260 72
39.5909 245.98 72
37.5877 246.319 72
37.4669 245.992 72
35.4761 246.382 72
35.3559 246.073 72
35.233 245.765 72
35.1074 245.458 72
34.0587 245.543 72
33.0142 245.645 72
32.8876 245.357 72
32.7586 245.071 72
31.7208 245.208 72
33.3957 244.071 72
32.3566 244.219 72
32.2176 243.937 72
31.1852 244.11 72
31.0454 243.839 72
31.7861 243.099 72
29.8798 243.777 72
29.7371 243.516 72
28.7217 243.75 72
27.7128 244 72
28.4338 243.251 72
29.1437 242.489 72
28.9898 242.235 72
28.8336 241.983 72
28.6753 241.732 72
27.6761 242.027 72
28.3521 241.234 72
26.5292 242.106 72
26.372 241.875 72
26.2129 241.646 72
25.2376 241.998 72
24.2705 242.366 72
24.1157 242.155 72
24.7577 241.344 72
35.7009 232.606 72
40.9766 227.986 72
35.2174 231.987 72
26.423 238.603 72
26.2352 238.373 72
22.9813 240.716 72
0 260 72
0 260 72
0 260 72
0 260 72
0 260 72
0 260 72
0 260 72
0 260 72
0 260 72
0 260 72
0 260 72
