-0 260 12
-0 260 12
-0 260 12
-0 260 12
-0 260 12
-0 260 12
-0 260 12
-0 260 12
-15.8489 246.223 12
-22.8122 240.517 12
-26.8116 237.502 12
-27.7785 237.101 12
-34.1944 232.31 12
-43.8261 225.139 12
-40.9766 227.986 12
-27.7674 238.693 12
-26.355 240.14 12
-27.3311 239.776 12
-26.6976 240.603 12
-26.0517 241.418 12
-26.2129 241.646 12
-27.1962 241.309 12
-26.5292 242.106 12
-27.5182 241.786 12
-27.6761 242.027 12
-26.9885 242.806 12
-27.1375 243.043 12
-28.1371 242.758 12
-29.1437 242.489 12
-28.4338 243.251 12
-28.5788 243.5 12
-28.7217 243.75 12
-27.9878 244.486 12
-29.001 244.254 12
-29.1373 244.507 12
-30.1584 244.301 12
-31.1852 244.11 12
-31.3227 244.383 12
-31.4578 244.657 12
-31.5905 244.932 12
-32.6271 244.786 12
-32.7586 245.071 12
-32.8876 245.357 12
-33.0142 245.645 12
-34.0587 245.543 12
-36.0313 245.075 12
-34.3058 246.14 12
-35.3559 246.073 12
-37.3432 245.665 12
-36.5302 246.342 12
-39.4671 245.635 12
-42.4189 244.979 12
-0 260 12
-0 260 12
-71.3292 236.824 12
-72.4825 237.146 12
-0 260 12
-0 260 12
-0 260 12
-0 260 12
-0 260 12
-0 260 12
-0 260 12
-0 260 12
-0 260 12
-0 260 12
-0 260 12
-0 260 12
-0 260 12
-0 260 12
-0 260 12
-0 260 12
-898.796 117.645 12
-887.147 127.415 12
-879.358 136.414 12
-881.395 143.962 12
-880.388 151.902 12
-880.305 159.702 12
-878.163 167.702 12
-869.976 176.231 12
-870.674 183.826 12
-872.303 191.348 12
-864.888 199.521 12
-861.39 207.315 12
-854.827 215.201 12
-850.19 222.88 12
-846.484 230.44 12
-855.707 237.593 12
-859.869 244.991 12
-867.967 252.425 12
-864 260 12
-878.967 267.671 12
-914.861 275.969 12
-1016.65 286.622 12
-1016.38 295.493 12
-1038.01 305.321 12
-1048.56 314.953 12
-1033.07 323.185 12
-1034.47 332.338 12
-1027.82 340.891 12
-1026.08 349.771 12
-1074.93 391.985 12
-1079.68 402.143 12
-1013.76 599.199 12
-1004.14 605.754 12
-982.232 607.827 12
-966.004 611.597 12
-0 260 12
-0 260 12
-1180.7 725.09 12
-1172.89 733.877 12
-1135.45 730.318 12
-1116.06 745.278 12
-1173.91 782.657 12
-1142.91 780.855 12
-1127.45 785.737 12
-1121.91 795.125 12
-1113.61 803.142 12
-1144.62 830.687 12
-1160.09 851.096 12
-1157.55 862.582 12
-1145.18 868.905 12
-1138.07 877.921 12
-0 260 12
-0 260 12
-0 260 12
-0 260 12
-0 260 12
-0 260 12
-0 260 12
-0 260 12
-0 260 12
-0 260 12
-0 260 12
-0 260 12
-0 260 12
-0 260 12
-0 260 12
-0 260 12
-0 260 12
-0 260 12
-0 260 12
-0 260 12
-0 260 12
-0 260 12
-0 260 12
-0 260 12
-0 260 12
-0 260 12
-0 260 12
-0 260 12
-0 260 12
-0 260 12
-0 260 12
-0 260 12
-0 260 12
-0 260 12
-0 260 12
-0 260 12
-0 260 12
-0 260 12
-0 260 12
-0 260 12
-0 260 12
-0 260 12
-0 260 12
-0 260 12
-0 260 12
-0 260 12
-0 260 12
-0 260 12
-0 260 12
-0 260 12
-0 260 12
-0 260 12
-0 260 12
-0 260 12
-0 260 12
-0 260 12
-0 260 12
-0 260 12
-0 260 12
-0 260 12
-0 260 12
-0 260 12
-0 260 12
-0 260 12
-0 260 12
-0 260 12
-0 260 12
-0 260 12
-0 260 12
-0 260 12
-0 260 12
-0 260 12
-0 260 12
-0 260 12
-0 260 12
-0 260 12
-0 260 12
-0 260 12
-0 260 12
-0 260 12
-0 260 12
-0 260 12
-0 260 12
-0 260 12
-0 260 12
-0 260 12
-0 260 12
-0 260 12
-0 260 12
-0 260 12
-0 260 12
-0 260 12
-0 260 12
-0 260 12
-0 260 12
-0 260 12
-0 260 12
-0 260 12
-0 260 12
-0 260 12
-0 260 12
-0 260 12
-0 260 12
-0 260 12
-0 260 12
-0 260 12
-0 260 12
-0 260 12
-0 260 12
-0 260 12
-0 260 12
-0 260 12
-0 260 12
-0 260 12
-0 260 12
-0 260 12
-0 260 12
-0 260 12
-0 260 12
-0 260 12
-0 260 12
-0 260 12
0 260 12
0 260 12
0 260 12
0 260 12
0 260 12
0 260 12
0 260 12
0 260 12
0 260 12
0 260 12
0 260 12
0 260 12
0 260 12
0 260 12
0 260 12
0 260 12
0 260 12
0 260 12
0 260 12
0 260 12
0 260 12
0 260 12
0 260 12
0 260 12
0 260 12
0 260 12
0 260 12
0 260 12
0 260 12
0 260 12
0 260 12
0 260 12
0 260 12
0 260 12
0 260 12
0 260 12
0 260 12
0 260 12
0 260 12
0 260 12
0 260 12
0 260 12
0 260 12
0 260 12
0 260 12
0 260 12
0 260 12
0 260 12
0 260 12
0 260 12
0 260 12
0 260 12
0 260 12
0 260 12
0 260 12
0 260 12
0 260 12
0 260 12
0 260 12
0 260 12
0 260 12
0 260 12
0 260 12
0 260 12
0 260 12
0 260 12
0 260 12
0 260 12
0 260 12
0 260 12
0 260 12
0 260 12
0 260 12
0 260 12
0 260 12
0 260 12
0 260 12
0 260 12
0 260 12
0 260 12
0 260 12
0 260 12
0 260 12
0 260 12
0 260 12
0 260 12
0 260 12
0 260 12
0 260 12
0 260 12
0 260 12
0 260 12
0 260 12
0 260 12
0 260 12
0 260 12
0 260 12
0 260 12
0 260 12
0 260 12
0 260 12
0 260 12
0 260 12
0 260 12
0 260 12
0 260 12
0 260 12
0 260 12
0 260 12
0 260 12
0 260 12
0 260 12
0 260 12
0 260 12
0 260 12
0 260 12
0 260 12
0 260 12
0 260 12
0 260 12
0 260 12
0 260 12
0 260 12
0 260 12
0 260 12
0 260 12
0 260 12
0 260 12
0 260 12
0 260 12
0 260 12
0 260 12
0 260 12
0 260 12
0 260 12
0 260 12
0 260 12
0 260 12
0 260 12
0 260 12
0 260 12
0 260 12
0 260 12
0 260 12
0 260 12
0 260 12
0 260 12
0 260 12
0 260 12
0 260 12
0 260 12
0 260 12
0 260 12
0 260 12
0 260 12
0 260 12
0 260 12
0 260 12
0 260 12
0 260 12
0 260 12
0 260 12
0 260 12
0 260 12
0 260 12
0 260 12
0 260 12
0 260 12
0 260 12
0 260 12
0 260 12
0 260 12
0 260 12
0 260 12
0 260 12
394.624 277.23 12
0 260 12
0 260 12
395.94 266.911 12
400.985 263.499 12
404 260 12
400.985 256.501 12
379.942 253.368 12
391.866 249.739 12
393.76 246.25 12
404.615 242.334 12
412.434 238.385 12
419.217 234.36 12
414.987 230.981 12
419.702 226.969 12
418.402 223.395 12
424.039 219.17 12
415.71 216.307 12
406.371 213.7 12
408.929 209.79 12
400.544 207.267 12
375.312 207.253 12
375.826 203.832 12
374.334 200.711 12
377.747 196.787 12
1169.09 43.322 12
1137.71 38.8524 12
1087.72 38.7016 12
997.711 47.9301 12
983.13 42.0453 12
0 260 12
0 260 12
0 260 12
0 260 12
0 260 12
0 260 12
0 260 12
0 260 12
71.7229 238.072 12
70.5751 237.748 12
0 260 12
0 260 12
0 260 12
38.6483 246.314 12
38.5274 245.977 12
36.5302 246.342 12
35.4761 246.382 12
37.2167 245.34 12
35.233 245.765 12
35.1074 245.458 12
33.1382 245.934 12
33.9312 245.246 12
33.8012 244.951 12
32.7586 245.071 12
31.7208 245.208 12
33.3957 244.071 12
33.2554 243.78 12
34.0075 243.044 12
32.0762 243.656 12
31.9324 243.377 12
30.9032 243.568 12
29.001 244.254 12
29.7371 243.516 12
29.5921 243.258 12
28.5788 243.5 12
28.4338 243.251 12
29.1437 242.489 12
29.8424 241.713 12
29.6817 241.453 12
28.6753 241.732 12
28.5148 241.482 12
27.5182 241.786 12
27.3582 241.547 12
27.1962 241.309 12
27.032 241.072 12
26.8658 240.837 12
25.8885 241.191 12
24.9196 241.56 12
25.5563 240.742 12
35.7009 232.606 12
39.4005 229.217 12
34.4348 232.609 12
25.6458 239.232 12
27.7785 237.101 12
23.7474 240.074 12
0 260 12
0 260 12
0 260 12
0 260 12
0 260 12
0 260 12
0 260 12
0 260 12
0 260 12
0 260 12
0 260 12
