-0 260 276
-0 260 276
-0 260 276
-0 260 276
-0 260 276
-0 260 276
-0 260 276
-0 260 276
-15.0942 246.879 276
-22.8122 240.517 276
-26.8116 237.502 276
-25.4636 239.009 276
-33.4173 232.939 276
-43.0435 225.762 276
-40.9766 227.986 276
-26.1807 239.911 276
-26.355 240.14 276
-26.5273 240.371 276
-26.6976 240.603 276
-26.8658 240.837 276
-26.2129 241.646 276
-25.5479 242.441 276
-25.7002 242.665 276
-26.6843 242.338 276
-25.9988 243.116 276
-26.9885 242.806 276
-27.1375 243.043 276
-27.2845 243.28 276
-27.4294 243.519 276
-28.4338 243.251 276
-27.7128 244 276
-27.8514 244.242 276
-27.9878 244.486 276
-29.001 244.254 276
-28.2543 244.977 276
-31.0454 243.839 276
-30.2942 244.564 276
-30.4278 244.829 276
-31.4578 244.657 276
-31.5905 244.932 276
-31.7208 245.208 276
-31.8486 245.486 276
-31.9741 245.764 276
-33.0142 245.645 276
-34.0587 245.543 276
-35.1074 245.458 276
-35.233 245.765 276
-35.3559 246.073 276
-35.4761 246.382 276
-37.4669 245.992 276
-38.5274 245.977 276
-0 260 276
-0 260 276
-0 260 276
-72.2803 236.515 276
-71.5288 237.447 276
-0 260 276
-70.9527 238.983 276
-0 260 276
-0 260 276
-0 260 276
-0 260 276
-0 260 276
-0 260 276
-0 260 276
-0 260 276
-0 260 276
-0 260 276
-0 260 276
-0 260 276
-0 260 276
-0 260 276
-774.348 137.356 276
-772.421 144.561 276
-770.429 151.723 276
-780.267 157.276 276
-785.104 163.601 276
-795.851 169.324 276
-794.623 176.482 276
-801.294 182.844 276
-817.876 188.445 276
-820.463 195.428 276
-824.985 202.312 276
-839.431 208.658 276
-857.823 215.044 276
-847.193 223.011 276
-841.487 230.615 276
-855.707 237.593 276
-891.864 244.433 276
-903.966 252.111 276
-887 260 276
-898.966 267.845 276
-891.864 275.568 276
-937.679 284.554 276
-910.445 291.794 276
-1085.97 307.414 276
-1035.58 314.273 276
-1033.07 323.185 276
-1119.54 348.11 276
-1191.06 406.243 276
-1190.73 416.762 276
-0 260 276
-0 260 276
-0 260 276
-0 260 276
-0 260 276
-0 260 276
-0 260 276
-0 260 276
-0 260 276
-0 260 276
-0 260 276
-0 260 276
-0 260 276
-0 260 276
-0 260 276
-0 260 276
-0 260 276
-0 260 276
-0 260 276
-0 260 276
-0 260 276
-0 260 276
-0 260 276
-0 260 276
-0 260 276
-0 260 276
-0 260 276
-0 260 276
-0 260 276
-0 260 276
-0 260 276
-0 260 276
-0 260 276
-0 260 276
-0 260 276
-0 260 276
-0 260 276
-0 260 276
-0 260 276
-0 260 276
-0 260 276
-0 260 276
-0 260 276
-0 260 276
-0 260 276
-0 260 276
-0 260 276
-0 260 276
-0 260 276
-0 260 276
-0 260 276
-0 260 276
-0 260 276
-0 260 276
-0 260 276
-0 260 276
-0 260 276
-0 260 276
-0 260 276
-0 260 276
-0 260 276
-0 260 276
-0 260 276
-0 260 276
-0 260 276
-0 260 276
-0 260 276
-0 260 276
-0 260 276
-0 260 276
-0 260 276
-0 260 276
-0 260 276
-0 260 276
-0 260 276
-0 260 276
-0 260 276
-0 260 276
-0 260 276
-0 260 276
-0 260 276
-0 260 276
-0 260 276
-0 260 276
-0 260 276
-0 260 276
-0 260 276
-0 260 276
-0 260 276
-0 260 276
-0 260 276
-0 260 276
-0 260 276
-0 260 276
-0 260 276
-0 260 276
-0 260 276
-0 260 276
-0 260 276
-0 260 276
-0 260 276
-0 260 276
-0 260 276
-0 260 276
-0 260 276
-0 260 276
-0 260 276
-0 260 276
-0 260 276
-0 260 276
-0 260 276
-0 260 276
-0 260 276
-0 260 276
-0 260 276
-0 260 276
-0 260 276
-0 260 276
-0 260 276
-0 260 276
-0 260 276
-0 260 276
-0 260 276
-0 260 276
-0 260 276
-0 260 276
-0 260 276
-0 260 276
-0 260 276
-0 260 276
-0 260 276
-0 260 276
-0 260 276
-0 260 276
-0 260 276
-0 260 276
-0 260 276
-0 260 276
-0 260 276
-0 260 276
-0 260 276
-0 260 276
-0 260 276
-0 260 276
0 260 276
0 260 276
0 260 276
0 260 276
0 260 276
0 260 276
0 260 276
0 260 276
0 260 276
0 260 276
0 260 276
0 260 276
0 260 276
0 260 276
0 260 276
0 260 276
0 260 276
0 260 276
0 260 276
0 260 276
0 260 276
0 260 276
0 260 276
0 260 276
0 260 276
0 260 276
0 260 276
0 260 276
0 260 276
0 260 276
0 260 276
0 260 276
0 260 276
0 260 276
0 260 276
0 260 276
0 260 276
0 260 276
0 260 276
0 260 276
0 260 276
0 260 276
0 260 276
0 260 276
0 260 276
0 260 276
0 260 276
0 260 276
0 260 276
0 260 276
0 260 276
0 260 276
0 260 276
0 260 276
0 260 276
0 260 276
0 260 276
0 260 276
0 260 276
0 260 276
0 260 276
0 260 276
0 260 276
0 260 276
0 260 276
0 260 276
0 260 276
0 260 276
0 260 276
0 260 276
0 260 276
0 260 276
0 260 276
0 260 276
0 260 276
0 260 276
0 260 276
0 260 276
0 260 276
0 260 276
0 260 276
0 260 276
0 260 276
0 260 276
0 260 276
0 260 276
0 260 276
0 260 276
0 260 276
0 260 276
0 260 276
0 260 276
0 260 276
0 260 276
0 260 276
0 260 276
0 260 276
0 260 276
0 260 276
0 260 276
0 260 276
0 260 276
0 260 276
0 260 276
0 260 276
0 260 276
0 260 276
0 260 276
0 260 276
0 260 276
0 260 276
0 260 276
0 260 276
0 260 276
0 260 276
0 260 276
0 260 276
0 260 276
0 260 276
0 260 276
0 260 276
0 260 276
0 260 276
0 260 276
0 260 276
0 260 276
0 260 276
0 260 276
0 260 276
0 260 276
0 260 276
0 260 276
0 260 276
0 260 276
0 260 276
0 260 276
0 260 276
0 260 276
0 260 276
0 260 276
0 260 276
0 260 276
0 260 276
0 260 276
0 260 276
0 260 276
0 260 276
0 260 276
0 260 276
0 260 276
0 260 276
0 260 276
0 260 276
0 260 276
0 260 276
0 260 276
0 260 276
0 260 276
0 260 276
0 260 276
0 260 276
0 260 276
0 260 276
0 260 276
0 260 276
0 260 276
0 260 276
0 260 276
0 260 276
0 260 276
953.358 343.408 276
648.993 311.077 276
651.409 305.551 276
661.763 300.475 276
660.094 294.594 276
644.386 288.135 276
661.597 283.103 276
0 260 276
0 260 276
0 260 276
568 260 276
544.979 255.244 276
534.919 250.663 276
537.816 245.917 276
541.67 241.084 276
541.484 236.358 276
553.241 231.006 276
562.948 225.569 276
551.653 221.425 276
556.28 216.22 276
547.907 212.064 276
922.732 171.151 276
925.9 162.684 276
925.015 154.608 276
924.06 146.54 276
922.044 138.611 276
924.91 130.012 276
927.697 121.355 276
925.464 113.421 276
936.971 103.205 276
943.446 93.6451 276
932.126 87.2407 276
825.548 99.5296 276
800.598 97.1164 276
798.168 90.3441 276
791.776 84.4675 276
0 260 276
0 260 276
0 260 276
0 260 276
0 260 276
0 260 276
0 260 276
0 260 276
71.7229 238.072 276
72.4825 237.146 276
0 260 276
0 260 276
42.5483 245.349 276
39.5909 245.98 276
38.5274 245.977 276
37.4669 245.992 276
36.4096 246.024 276
35.3559 246.073 276
36.1602 245.39 276
35.1074 245.458 276
34.9792 245.152 276
33.0142 245.645 276
33.8012 244.951 276
31.8486 245.486 276
33.5334 244.363 276
33.3957 244.071 276
34.1542 243.342 276
33.1126 243.491 276
31.1852 244.11 276
31.9324 243.377 276
29.1373 244.507 276
29.001 244.254 276
29.7371 243.516 276
29.5921 243.258 276
27.7128 244 276
28.4338 243.251 276
29.1437 242.489 276
29.8424 241.713 276
28.8336 241.983 276
27.8319 242.269 276
28.5148 241.482 276
27.5182 241.786 276
27.3582 241.547 276
28.0203 240.742 276
27.032 241.072 276
26.8658 240.837 276
25.0795 241.779 276
23.3118 242.75 276
23.9591 241.946 276
34.9075 233.214 276
40.1885 228.601 276
31.3043 235.099 276
26.423 238.603 276
26.2352 238.373 276
22.9813 240.716 276
0 260 276
0 260 276
0 260 276
0 260 276
0 260 276
0 260 276
0 260 276
0 260 276
0 260 276
0 260 276
0 260 276
