-0 260 159
-0 260 159
-0 260 159
-0 260 159
-0 260 159
-0 260 159
-0 260 159
-0 260 159
-16.6036 245.567 159
-23.5726 239.867 159
-25.2795 238.788 159
-25.4636 239.009 159
-32.6401 233.569 159
-43.0435 225.762 159
-40.9766 227.986 159
-27.7674 238.693 159
-27.1536 239.538 159
-26.5273 240.371 159
-27.5066 240.015 159
-26.0517 241.418 159
-27.032 241.072 159
-25.5479 242.441 159
-26.5292 242.106 159
-27.5182 241.786 159
-27.6761 242.027 159
-26.9885 242.806 159
-27.9856 242.513 159
-28.1371 242.758 159
-28.2865 243.004 159
-27.5721 243.759 159
-27.7128 244 159
-27.8514 244.242 159
-27.9878 244.486 159
-29.001 244.254 159
-30.0202 244.038 159
-31.9324 243.377 159
-31.1852 244.11 159
-31.3227 244.383 159
-31.4578 244.657 159
-30.6879 245.363 159
-31.7208 245.208 159
-32.7586 245.071 159
-32.8876 245.357 159
-33.0142 245.645 159
-34.9792 245.152 159
-35.1074 245.458 159
-35.233 245.765 159
-34.4255 246.439 159
-37.3432 245.665 159
-37.4669 245.992 159
-40.4068 245.293 159
-0 260 159
-0 260 159
-0 260 159
-71.3292 236.824 159
-72.4825 237.146 159
-0 260 159
-71.9115 238.699 159
-0 260 159
-0 260 159
-0 260 159
-0 260 159
-0 260 159
-0 260 159
-0 260 159
-0 260 159
-0 260 159
-0 260 159
-0 260 159
-0 260 159
-0 260 159
-0 260 159
-714.099 146.898 159
-714.069 153.282 159
-713.983 159.656 159
-714.832 165.891 159
-715.626 172.132 159
-715.372 178.494 159
-716.056 184.74 159
-716.685 190.991 159
-717.26 197.248 159
-715.787 203.666 159
-716.251 209.915 159
-716.661 216.167 159
-716.017 222.475 159
-717.317 228.681 159
-716.563 234.977 159
-715.755 241.257 159
-715.891 247.504 159
-715.973 253.752 159
-716 260 159
-714.973 266.24 159
-714.891 272.479 159
-713.755 278.69 159
-713.565 284.918 159
-713.32 291.144 159
-712.023 297.316 159
-710.672 303.467 159
-711.263 309.736 159
-709.805 315.863 159
-708.294 321.968 159
-707.727 328.146 159
-706.111 334.215 159
-705.436 340.374 159
-703.715 346.405 159
-702.934 352.543 159
-702.1 358.674 159
-699.234 364.501 159
-698.296 370.599 159
-695.331 376.359 159
-695.274 382.596 159
-693.195 388.476 159
-691.066 394.33 159
-689.867 400.355 159
-687.638 406.162 159
-685.36 411.941 159
-683.033 417.691 159
-680.659 423.412 159
-679.207 429.345 159
-676.735 435.016 159
-674.216 440.656 159
-671.65 446.265 159
-669.038 451.844 159
-667.339 457.675 159
-664.632 463.198 159
-661.88 468.69 159
-658.131 473.84 159
-655.292 479.258 159
-653.353 484.968 159
-649.48 489.993 159
-647.448 495.652 159
-644.43 500.943 159
-640.436 505.84 159
-638.266 511.42 159
-633.267 515.856 159
-631.01 521.373 159
-627.784 526.479 159
-624.518 531.548 159
-621.211 536.581 159
-617.864 541.577 159
-614.477 546.535 159
-611.05 551.456 159
-608.484 556.777 159
-603.186 560.737 159
-599.647 565.536 159
-597.845 571.219 159
-593.341 575.485 159
-588.807 579.696 159
-585.995 584.823 159
-581.398 588.939 159
-578.505 594 159
-573.845 598.021 159
-570.873 603.015 159
-566.153 606.939 159
-562.256 611.337 159
-559.168 616.23 159
-554.361 620.006 159
-550.365 624.278 159
-546.336 628.508 159
-542.275 632.695 159
-537.364 636.266 159
-531.617 639.199 159
-529.097 644.412 159
-524.918 648.419 159
-521.509 652.985 159
-514.886 655.086 159
-511.419 659.564 159
-507.13 663.39 159
-501.259 665.912 159
-497.698 670.271 159
-492.567 673.312 159
-488.941 677.595 159
-485.278 681.846 159
-478.583 683.414 159
-475.613 688.244 159
-470.383 691.027 159
-465.872 694.433 159
-460.613 697.105 159
-455.342 699.719 159
-450.061 702.274 159
-446.184 706.184 159
-442.274 710.061 159
-437.635 713.184 159
-432.287 715.535 159
-426.249 717.096 159
-420.893 719.324 159
-416.199 722.236 159
-410.824 724.353 159
-406.1 727.165 159
-402.008 730.691 159
-397.243 733.416 159
-391.824 735.321 159
-387.032 737.945 159
-380.979 738.956 159
-375.553 740.687 159
-371.953 744.739 159
-367.107 747.168 159
-361.652 748.745 159
-355.61 749.455 159
-351.325 752.54 159
-345.867 753.949 159
-340.41 755.3 159
-335.516 757.423 159
-329.506 757.83 159
-324.605 759.848 159
-319.693 761.818 159
-314.242 762.893 159
-309.319 764.763 159
-305.418 768.3 159
-292.342 756.298 159
-277.5 740.644 159
-271.818 740.436 159
-266.16 740.166 159
-263.869 745.986 159
-271.355 770.344 159
-267.352 773.579 159
-262.86 775.893 159
-257.902 777.272 159
-252.94 778.604 159
-246.683 777.181 159
-241.738 778.408 159
-236.79 779.588 159
-231.84 780.721 159
-226.091 779.973 159
-221.545 781.926 159
-216.216 781.992 159
-211.278 782.932 159
-205.974 782.895 159
-200.686 782.805 159
-195.766 783.6 159
-190.505 783.409 159
-185.263 783.166 159
-180.039 782.872 159
-175.469 784.423 159
-170.268 784.032 159
-165.388 784.544 159
-160.22 784.055 159
-154.788 782.557 159
-149.947 782.926 159
-145.11 783.251 159
-140.28 783.532 159
-135.205 782.8 159
-130.396 782.989 159
-125.594 783.135 159
-120.574 782.262 159
-115.795 782.318 159
-111.025 782.331 159
-106.064 781.32 159
-101.129 780.262 159
-96.4025 780.142 159
-91.5125 778.994 159
-86.815 778.786 159
-81.9716 777.549 159
-77.3043 777.255 159
-72.6483 776.92 159
-68.0041 776.543 159
-63.2501 775.131 159
-58.6392 774.67 159
-53.9366 773.173 159
-49.2647 771.634 159
-44.7109 771.048 159
-40.0926 769.425 159
-35.5758 768.758 159
-31.0737 768.051 159
-26.5343 766.305 159
-22.0714 765.518 159
-17.6242 764.692 159
-13.1931 763.827 159
-8.76107 761.924 159
-4.36323 759.981 159
3.76735e-05 759 159
4.34585 757.981 159
8.67388 756.924 159
12.9838 755.83 159
17.2404 753.699 159
21.5044 752.531 159
25.5923 748.33 159
29.8528 748.088 159
34.111 747.809 159
38.1312 744.502 159
42.2706 743.154 159
46.4852 742.767 159
50.5918 741.349 159
54.4508 737.908 159
58.7411 738.407 159
62.7831 736.885 159
66.5248 733.348 159
70.5051 731.761 159
74.4628 730.14 159
78.3976 728.486 159
82.1356 725.814 159
85.6507 722.13 159
89.6803 721.365 159
93.703 720.565 159
97.3027 717.773 159
101.294 716.907 159
104.602 713.082 159
108.552 712.152 159
112.252 710.217 159
115.926 708.252 159
119.057 704.326 159
122.662 702.306 159
126.518 701.219 159
129.511 697.222 159
133.322 696.075 159
136.821 693.941 159
139.985 690.829 159
143.104 687.694 159
146.831 686.429 159
150.547 685.131 159
153.225 680.982 159
156.193 677.756 159
160.19 677.31 159
163.093 674.036 159
166.325 671.67 159
170.294 671.126 159
173.094 667.784 159
175.848 664.423 159
178.557 661.046 159
181.636 658.563 159
184.684 656.056 159
188.564 655.332 159
191.568 652.773 159
194.542 650.191 159
197.486 647.588 159
199.937 644.076 159
202.812 641.433 159
205.655 638.77 159
209.438 637.836 159
211.25 633.383 159
213.5 629.793 159
216.211 627.054 159
219.406 625.153 159
221.539 621.519 159
225.216 620.42 159
227.278 616.755 159
230.927 615.596 159
233.469 612.734 159
235.979 609.854 159
237.891 606.133 159
240.329 603.225 159
243.315 601.114 159
245.106 597.36 159
247.446 594.404 159
250.957 593.031 159
253.245 590.035 159
255.5 587.024 159
258.344 584.782 159
259.909 580.961 159
261.428 577.138 159
264.186 574.844 159
266.274 571.766 159
268.328 568.676 159
272.337 567.821 159
273.005 563.203 159
275.641 560.809 159
278.255 558.392 159
280.16 555.227 159
282.031 552.052 159
283.167 548.153 159
284.964 544.964 159
286.727 541.766 159
288.455 538.558 159
290.15 535.342 159
293.273 533.481 159
295.648 530.912 159
296.515 526.983 159
297.335 523.06 159
301.129 521.768 159
301.121 517.181 159
301.822 513.258 159
305.563 511.887 159
306.973 508.582 159
309.913 506.516 159
310.476 502.571 159
311.788 499.243 159
314.662 497.115 159
315.916 493.765 159
315.517 489.236 159
318.319 487.055 159
321.108 484.842 159
321.409 480.898 159
324.154 478.644 159
324.382 474.703 159
325.404 471.32 159
327.236 468.472 159
328.195 465.079 159
329.972 462.207 159
332.581 459.835 159
333.45 456.417 159
336.018 454 159
336.828 450.568 159
335.854 446.167 159
338.345 443.706 159
340.818 441.216 159
339.725 436.85 159
342.147 434.332 159
344.55 431.786 159
342.441 427.019 159
344.788 424.455 159
346.21 421.44 159
347.605 418.413 159
348.061 414.967 159
351.234 412.721 159
350.712 408.869 159
352.922 406.185 159
354.184 403.1 159
354.489 399.637 159
354.761 396.18 159
355.935 393.079 159
354.264 388.942 159
356.318 386.179 159
358.352 383.39 159
358.466 379.941 159
360.45 377.117 159
360.505 373.667 159
361.483 370.516 159
362.434 367.358 159
362.396 363.915 159
364.252 361.016 159
362.222 357.057 159
364.024 354.143 159
365.801 351.205 159
366.583 348.009 159
366.363 344.582 159
367.087 341.381 159
366.805 337.967 159
367.472 334.763 159
370.073 331.935 159
368.721 328.338 159
369.303 325.118 159
370.843 322.058 159
370.383 318.663 159
370.881 315.429 159
372.341 312.329 159
372.783 309.078 159
371.212 305.579 159
372.589 302.451 159
372.946 299.198 159
373.274 295.942 159
372.577 292.596 159
371.85 289.265 159
374.087 286.159 159
373.302 282.832 159
375.485 279.678 159
374.643 276.357 159
372.773 273.018 159
374.871 269.816 159
373.943 266.527 159
373.986 263.264 159
375 260 159
374.986 256.728 159
374.943 253.455 159
373.872 250.21 159
375.771 246.878 159
376.641 243.555 159
375.485 240.322 159
375.299 237.046 159
376.082 233.702 159
374.841 230.499 159
374.569 227.229 159
374.269 223.962 159
374.935 220.593 159
375.57 217.209 159
374.19 214.055 159
372.783 210.922 159
374.321 207.393 159
372.859 204.276 159
373.346 200.868 159
370.843 197.942 159
372.257 194.361 159
371.67 191.115 159
370.073 188.065 159
370.412 184.639 159
369.74 181.409 159
367.087 178.619 159
0 260 159
0 260 159
0 260 159
0 260 159
0 260 159
0 260 159
0 260 159
0 260 159
72.6792 237.78 159
71.5288 237.447 159
0 260 159
0 260 159
0 260 159
38.6483 246.314 159
38.5274 245.977 159
38.4036 245.641 159
35.4761 246.382 159
36.2863 245.706 159
36.1602 245.39 159
35.1074 245.458 159
35.8997 244.761 159
33.9312 245.246 159
33.8012 244.951 159
32.7586 245.071 159
32.6271 244.786 159
34.2982 243.641 159
33.2554 243.78 159
34.0075 243.044 159
32.9672 243.202 159
31.0454 243.839 159
30.9032 243.568 159
29.8798 243.777 159
29.7371 243.516 159
29.5921 243.258 159
28.5788 243.5 159
29.2954 242.744 159
30.0009 241.974 159
28.9898 242.235 159
28.8336 241.983 159
28.6753 241.732 159
27.6761 242.027 159
28.3521 241.234 159
27.3582 241.547 159
27.1962 241.309 159
27.8512 240.498 159
26.0517 241.418 159
25.0795 241.779 159
24.1157 242.155 159
24.7577 241.344 159
34.1142 233.823 159
40.9766 227.986 159
34.4348 232.609 159
27.2001 237.974 159
25.4636 239.009 159
23.7474 240.074 159
0 260 159
0 260 159
0 260 159
0 260 159
0 260 159
0 260 159
0 260 159
0 260 159
0 260 159
0 260 159
0 260 159
