-0 260 197
-0 260 197
-0 260 197
-0 260 197
-0 260 197
-0 260 197
-0 260 197
-0 260 197
-15.8489 246.223 197
-22.8122 240.517 197
-26.8116 237.502 197
-27.0069 237.737 197
-34.1944 232.31 197
-43.0435 225.762 197
-40.1886 228.601 197
-26.974 239.302 197
-25.5563 240.742 197
-26.5273 240.371 197
-26.6976 240.603 197
-26.0517 241.418 197
-25.3937 242.219 197
-25.5479 242.441 197
-25.7002 242.665 197
-26.6843 242.338 197
-27.6761 242.027 197
-26.9885 242.806 197
-27.1375 243.043 197
-27.2845 243.28 197
-27.4294 243.519 197
-27.5721 243.759 197
-28.5788 243.5 197
-27.8514 244.242 197
-27.1132 244.971 197
-29.001 244.254 197
-30.0202 244.038 197
-30.1584 244.301 197
-30.2942 244.564 197
-31.3227 244.383 197
-31.4578 244.657 197
-30.6879 245.363 197
-30.8145 245.631 197
-31.8486 245.486 197
-32.8876 245.357 197
-33.0142 245.645 197
-34.0587 245.543 197
-34.1835 245.841 197
-33.3786 246.514 197
-34.4255 246.439 197
-35.4761 246.382 197
-37.4669 245.992 197
-38.5274 245.977 197
-0 260 197
-0 260 197
-0 260 197
-72.2803 236.515 197
-69.6213 238.048 197
-0 260 197
-71.9115 238.699 197
-0 260 197
-0 260 197
-0 260 197
-0 260 197
-0 260 197
-0 260 197
-0 260 197
-0 260 197
-0 260 197
-0 260 197
-0 260 197
-0 260 197
-0 260 197
-0 260 197
-730.889 144.239 197
-728.905 151.065 197
-730.818 157.29 197
-731.686 163.672 197
-731.507 170.182 197
-733.256 176.456 197
-732.963 182.963 197
-733.607 189.362 197
-734.196 195.766 197
-733.731 202.254 197
-735.205 208.59 197
-733.629 215.129 197
-733.993 221.533 197
-734.3 227.94 197
-734.552 234.349 197
-734.748 240.76 197
-734.888 247.173 197
-733.972 253.595 197
-734 260 197
-732.972 266.397 197
-732.888 272.793 197
-732.749 279.188 197
-733.553 285.616 197
-731.303 291.93 197
-730.997 298.31 197
-729.637 304.627 197
-729.219 310.992 197
-728.747 317.354 197
-728.218 323.711 197
-726.639 329.968 197
-726.001 336.306 197
-722.327 342.299 197
-721.581 348.599 197
-720.78 354.893 197
-718.935 361.04 197
-719.015 367.458 197
-716.074 373.415 197
-715.057 379.66 197
-713.001 385.721 197
-711.877 391.939 197
-710.698 398.146 197
-707.506 403.944 197
-705.244 409.904 197
-703.909 416.053 197
-700.572 421.74 197
-698.162 427.614 197
-697.643 433.942 197
-693.194 439.272 197
-692.569 445.573 197
-689.959 451.343 197
-686.341 456.805 197
-684.597 462.787 197
-681.845 468.461 197
-680 474.403 197
-676.201 479.711 197
-673.31 485.286 197
-670.373 490.828 197
-667.39 496.335 197
-664.363 501.808 197
-661.291 507.246 197
-658.174 512.649 197
-654.084 517.65 197
-650.883 522.974 197
-648.563 528.644 197
-644.353 533.512 197
-641.025 538.726 197
-638.568 544.309 197
-634.243 549.041 197
-630.79 554.142 197
-627.297 559.205 197
-622.864 563.791 197
-619.295 568.769 197
-615.685 573.708 197
-612.924 579.068 197
-608.351 583.466 197
-604.626 588.285 197
-599.989 592.579 197
-597.064 597.803 197
-592.361 602 197
-588.493 606.649 197
-584.588 611.256 197
-580.648 615.822 197
-574.977 619.285 197
-571.819 624.289 197
-568.619 629.265 197
-563.707 633.109 197
-559.6 637.455 197
-555.461 641.758 197
-549.651 644.87 197
-545.457 649.071 197
-540.423 652.641 197
-535.369 656.152 197
-531.891 660.809 197
-527.58 664.826 197
-523.239 668.799 197
-518.087 672.105 197
-513.693 675.981 197
-508.501 679.176 197
-503.291 682.312 197
-499.587 686.687 197
-492.825 688.407 197
-489.068 692.691 197
-484.53 696.273 197
-479.23 699.134 197
-474.649 702.617 197
-470.043 706.054 197
-464.693 708.749 197
-458.62 710.685 197
-453.963 713.963 197
-447.881 715.767 197
-443.192 718.939 197
-439.17 722.789 197
-434.433 725.872 197
-429 728.171 197
-422.221 728.924 197
-418.776 733.34 197
-412.661 734.712 197
-408.503 738.295 197
-401.742 738.778 197
-397.549 742.265 197
-391.437 743.385 197
-387.204 746.782 197
-381.094 747.779 197
-376.823 751.086 197
-370.116 751.161 197
-364.626 752.764 197
-359.725 755.118 197
-354.229 756.611 197
-348.161 757.225 197
-344.375 761.069 197
-338.871 762.397 197
-333.922 764.501 197
-327.873 764.88 197
-322.917 766.878 197
-317.422 767.981 197
-311.932 769.026 197
-299.752 758.871 197
-283.714 741.651 197
-277.5 740.644 197
-272.803 742.177 197
-276.341 758.533 197
-280.092 775.866 197
-274.171 775.641 197
-269.199 777.127 197
-263.768 777.675 197
-259.241 779.957 197
-252.94 778.604 197
-247.974 779.889 197
-242.583 780.221 197
-237.204 780.498 197
-232.247 781.634 197
-226.489 780.89 197
-221.545 781.926 197
-216.216 781.992 197
-211.278 782.932 197
-205.974 782.895 197
-200.686 782.805 197
-195.065 781.726 197
-190.505 783.409 197
-185.263 783.166 197
-180.039 782.872 197
-174.835 782.526 197
-169.959 783.081 197
-164.787 782.637 197
-159.343 781.186 197
-154.788 782.557 197
-149.671 781.965 197
-144.576 781.324 197
-139.762 781.6 197
-134.454 779.895 197
-129.912 781.049 197
-124.893 780.218 197
-119.899 779.339 197
-114.929 778.413 197
-110.193 778.418 197
-105.067 776.42 197
-100.556 777.318 197
-95.4914 775.226 197
-90.6443 774.07 197
-86.1548 774.841 197
-81.3459 773.598 197
-76.5652 772.31 197
-71.6741 769.988 197
-66.9599 768.611 197
-62.3971 768.184 197
-57.8468 767.715 197
-53.3095 767.206 197
-48.6896 765.661 197
-44.1008 764.075 197
-39.6218 763.443 197
-35.0875 761.775 197
-30.6463 761.064 197
-26.1156 758.316 197
-21.6788 756.527 197
-17.345 756.697 197
-12.9576 754.83 197
-8.62145 753.925 197
-4.29342 751.981 197
3.70695e-05 751 197
4.27604 749.981 197
8.48191 745.926 197
12.722 745.833 197
16.8914 743.705 197
21.0682 742.54 197
25.226 741.339 197
29.3033 739.105 197
33.2739 735.838 197
37.425 735.53 197
41.399 733.192 197
45.3351 730.822 197
49.2329 728.42 197
53.2055 726.979 197
57.2786 726.497 197
61.0863 723.996 197
64.9939 722.455 197
68.7314 719.892 197
72.4292 717.3 197
76.4171 716.65 197
79.7045 712.027 197
83.6461 711.314 197
87.1997 708.604 197
91.1112 707.826 197
94.8078 706.035 197
98.2636 703.238 197
101.903 701.39 197
105.284 698.539 197
108.381 694.692 197
111.67 691.794 197
115.175 689.837 197
119.456 690.743 197
122.659 687.761 197
125.819 684.757 197
129.521 683.643 197
132.311 679.635 197
135.658 677.514 197
138.979 675.366 197
141.948 672.246 197
145.54 670.992 197
148.779 668.766 197
151.99 666.516 197
154.098 661.44 197
158.329 661.94 197
161.081 658.689 197
163.789 655.42 197
167.233 653.976 197
169.867 650.668 197
172.863 648.257 197
175.415 644.914 197
179.19 644.274 197
181.676 640.891 197
184.116 637.493 197
186.511 634.083 197
188.86 630.659 197
192.087 628.996 197
195.3 627.306 197
198.021 624.709 197
200.226 621.218 197
203.371 619.457 197
205.5 615.936 197
208.598 614.13 197
210.651 610.581 197
213.179 607.877 197
216.207 606.004 197
218.144 602.417 197
220.579 599.662 197
224.086 598.558 197
226.473 595.76 197
227.695 591.299 197
230.004 588.48 197
232.281 585.646 197
233.939 581.989 197
237.334 580.739 197
240.124 578.656 197
242.287 575.755 197
243.802 572.052 197
245.271 568.348 197
247.952 566.195 197
249.979 563.248 197
251.973 560.289 197
253.934 557.319 197
257.175 555.846 197
259.084 552.842 197
261.63 550.57 197
262.805 546.801 197
264.615 543.765 197
265.705 539.994 197
268.833 538.384 197
270.551 535.315 197
272.236 532.236 197
274.601 529.85 197
276.946 527.443 197
277.093 522.951 197
278.646 519.841 197
280.165 516.724 197
282.395 514.27 197
283.854 511.133 197
285.28 507.99 197
285.913 504.192 197
289.565 502.974 197
291.674 500.438 197
293.761 497.883 197
293.478 493.443 197
296.292 491.489 197
297.508 488.286 197
297.891 484.477 197
301.446 483.059 197
302.572 479.832 197
304.479 477.183 197
306.363 474.518 197
306.575 470.703 197
308.402 468.02 197
310.206 465.321 197
309.469 460.972 197
312.055 458.801 197
314.626 456.6 197
316.33 453.847 197
316.295 450.049 197
317.08 446.774 197
319.563 444.5 197
320.291 441.212 197
319.236 436.956 197
322.526 435.117 197
324.042 432.296 197
325.533 429.462 197
326.999 426.615 197
328.441 423.755 197
328.959 420.444 197
330.346 417.567 197
328.99 413.41 197
331.226 410.948 197
333.444 408.459 197
334.727 405.543 197
334.143 401.835 197
337.216 399.679 197
336.568 395.982 197
337.742 393.04 197
337.956 389.729 197
339.075 386.775 197
340.169 383.811 197
341.236 380.838 197
341.332 377.53 197
343.293 374.864 197
343.331 371.555 197
344.292 368.555 197
345.226 365.546 197
344.216 361.962 197
345.093 358.954 197
346.907 356.206 197
347.733 353.175 197
348.533 350.137 197
349.306 347.092 197
350.053 344.04 197
351.748 341.207 197
349.514 337.485 197
351.155 334.64 197
351.793 331.573 197
353.386 328.691 197
354.955 325.787 197
353.546 322.34 197
354.077 319.252 197
355.568 316.316 197
354.068 312.916 197
354.516 309.824 197
356.92 306.989 197
357.317 303.873 197
358.679 300.866 197
356.039 297.421 197
355.356 294.217 197
358.63 291.376 197
357.893 288.167 197
359.123 285.112 197
359.329 281.977 197
359.507 278.841 197
359.657 275.703 197
356.783 272.459 197
358.877 269.398 197
359.945 266.283 197
359.986 263.142 197
358 260 197
357.986 256.876 197
360.945 253.7 197
360.876 250.55 197
360.78 247.401 197
359.657 244.297 197
360.505 241.107 197
361.325 237.9 197
359.123 234.888 197
359.887 231.676 197
360.622 228.45 197
360.333 225.304 197
361.011 222.056 197
360.667 218.907 197
358.309 216.005 197
359.894 212.619 197
358.477 209.619 197
357.035 206.641 197
359.519 203.058 197
358.022 200.088 197
358.47 196.792 197
357.905 193.666 197
356.331 190.736 197
356.693 187.43 197
354.089 184.736 197
354.395 181.432 197
0 260 197
0 260 197
0 260 197
0 260 197
0 260 197
0 260 197
0 260 197
0 260 197
71.7229 238.072 197
73.4362 236.846 197
0 260 197
0 260 197
41.6028 245.675 197
40.5336 245.646 197
38.5274 245.977 197
36.5302 246.342 197
35.4761 246.382 197
36.2863 245.706 197
35.233 245.765 197
35.1074 245.458 197
34.9792 245.152 197
33.9312 245.246 197
33.8012 244.951 197
32.7586 245.071 197
32.6271 244.786 197
33.3957 244.071 197
32.3566 244.219 197
32.2176 243.937 197
31.1852 244.11 197
31.0454 243.839 197
30.0202 244.038 197
29.001 244.254 197
29.7371 243.516 197
29.5921 243.258 197
28.5788 243.5 197
29.2954 242.744 197
28.2865 243.004 197
28.9898 242.235 197
27.9856 242.513 197
26.9885 242.806 197
27.6761 242.027 197
27.5182 241.786 197
26.5292 242.106 197
26.372 241.875 197
26.2129 241.646 197
25.2376 241.998 197
25.8885 241.191 197
23.3118 242.75 197
23.1604 242.547 197
34.9075 233.214 197
40.9766 227.986 197
33.6522 233.232 197
26.423 238.603 197
26.2352 238.373 197
22.9813 240.716 197
0 260 197
0 260 197
0 260 197
0 260 197
0 260 197
0 260 197
0 260 197
0 260 197
0 260 197
0 260 197
0 260 197
