-0 260 46
-0 260 46
-0 260 46
-0 260 46
-0 260 46
-0 260 46
-0 260 46
-0 260 46
-16.6036 245.567 46
-22.8122 240.517 46
-26.8116 237.502 46
-26.2352 238.373 46
-31.863 234.198 46
-42.2608 226.384 46
-40.9766 227.986 46
-27.7674 238.693 46
-26.355 240.14 46
-25.7234 240.966 46
-27.5066 240.015 46
-26.8658 240.837 46
-25.3937 242.219 46
-26.372 241.875 46
-26.5292 242.106 46
-26.6843 242.338 46
-26.8375 242.572 46
-26.9885 242.806 46
-27.1375 243.043 46
-27.2845 243.28 46
-28.2865 243.004 46
-27.5721 243.759 46
-26.8468 244.5 46
-26.981 244.735 46
-27.1132 244.971 46
-28.1222 244.731 46
-30.0202 244.038 46
-30.1584 244.301 46
-29.4032 245.018 46
-30.4278 244.829 46
-30.559 245.095 46
-30.6879 245.363 46
-31.7208 245.208 46
-30.9387 245.9 46
-32.8876 245.357 46
-34.8483 244.848 46
-34.0587 245.543 46
-33.2597 246.223 46
-34.3058 246.14 46
-33.495 246.806 46
-35.4761 246.382 46
-37.4669 245.992 46
-38.5274 245.977 46
-0 260 46
-0 260 46
-0 260 46
-73.2314 236.206 46
-71.5288 237.447 46
-0 260 46
-71.9115 238.699 46
-0 260 46
-0 260 46
-0 260 46
-0 260 46
-0 260 46
-0 260 46
-0 260 46
-0 260 46
-0 260 46
-0 260 46
-0 260 46
-0 260 46
-0 260 46
-0 260 46
-709.16 147.68 46
-709.124 154.021 46
-709.032 160.352 46
-708.883 166.674 46
-710.663 172.742 46
-710.404 179.06 46
-709.094 185.471 46
-710.713 191.566 46
-710.287 197.858 46
-710.802 204.059 46
-709.268 210.403 46
-710.672 216.534 46
-710.026 222.789 46
-710.323 228.987 46
-711.566 235.152 46
-709.757 241.414 46
-709.892 247.609 46
-709.973 253.804 46
-709 260 46
-707.973 266.178 46
-708.892 272.374 46
-707.757 278.533 46
-707.569 284.709 46
-706.327 290.839 46
-705.032 296.949 46
-705.681 303.161 46
-704.28 309.248 46
-703.824 315.392 46
-702.317 321.445 46
-701.754 327.571 46
-700.143 333.588 46
-698.481 339.582 46
-697.76 345.674 46
-695.994 351.629 46
-695.168 357.7 46
-693.3 363.614 46
-691.382 369.504 46
-690.4 375.533 46
-688.381 381.38 46
-686.312 387.2 46
-685.176 393.185 46
-683.007 398.96 46
-680.791 404.707 46
-677.549 410.209 46
-676.213 416.116 46
-674.825 422.011 46
-671.445 427.41 46
-668.99 433.013 46
-667.455 438.844 46
-665.869 444.662 46
-662.309 449.914 46
-659.668 455.403 46
-657.938 461.152 46
-654.25 466.284 46
-651.474 471.677 46
-646.757 476.402 46
-644.844 482.038 46
-643.824 487.99 46
-639.931 492.916 46
-636 497.791 46
-634.835 503.69 46
-631.753 508.854 46
-627.703 513.609 46
-623.619 518.311 46
-621.341 523.744 46
-617.181 528.358 46
-613.903 533.327 46
-610.584 538.259 46
-608.132 543.577 46
-603.83 548.012 46
-600.394 552.832 46
-596.026 557.168 46
-593.41 562.358 46
-588.088 566.139 46
-585.394 571.26 46
-583.535 576.833 46
-578.998 580.944 46
-575.305 585.492 46
-571.577 590 46
-566.09 593.453 46
-563.159 598.38 46
-559.332 602.759 46
-554.623 606.567 46
-551.578 611.394 46
-548.491 616.194 46
-544.527 620.415 46
-539.703 624.035 46
-535.682 628.164 46
-529.991 631.104 46
-528.361 636.876 46
-522.625 639.709 46
-518.488 643.661 46
-514.321 647.569 46
-492.672 638.041 46
-473.594 630.013 46
-466.434 631.019 46
-473.282 643.256 46
-491.525 665.182 46
-487.97 669.456 46
-482.858 672.4 46
-479.241 676.598 46
-474.089 679.439 46
-469.667 682.891 46
-465.959 686.973 46
-461.484 690.341 46
-456.26 692.975 46
-450.307 694.856 46
-446.495 698.769 46
-441.235 701.235 46
-435.966 703.642 46
-430.688 705.991 46
-426.78 709.732 46
-422.839 713.439 46
-417.515 715.637 46
-412.854 718.52 46
-407.511 720.608 46
-402.164 722.637 46
-397.462 725.368 46
-392.1 727.287 46
-388.644 731.463 46
-382.627 732.505 46
-376.621 733.478 46
-373.091 737.535 46
-368.301 739.979 46
-362.293 740.779 46
-357.488 743.118 46
-352.083 744.601 46
-347.26 746.841 46
-341.278 747.396 46
-337.012 750.355 46
-332.161 752.448 46
-327.851 755.328 46
-321.882 755.654 46
-315.932 755.914 46
-311.592 758.652 46
-306.184 759.647 46
-300.267 759.729 46
-296.402 763.191 46
-291 764.027 46
-286.59 766.547 46
-281.674 768.154 46
-274.843 766.199 46
-270.416 768.578 46
-265.505 770.031 46
-260.137 770.547 46
-255.225 771.902 46
-249.433 771.414 46
-244.961 773.571 46
-239.625 773.877 46
-233.887 773.218 46
-228.993 774.326 46
-224.097 775.388 46
-218.809 775.483 46
-213.92 776.449 46
-208.281 775.514 46
-203.408 776.382 46
-198.536 777.204 46
-193.665 777.98 46
-188.795 778.71 46
-183.594 778.453 46
-178.737 779.09 46
-173.883 779.681 46
-168.723 779.277 46
-163.584 778.822 46
-158.758 779.273 46
-153.652 778.721 46
-148.844 779.081 46
-143.774 778.433 46
-138.727 777.736 46
-133.953 777.959 46
-129.186 778.138 46
-124.66 779.246 46
-119.674 778.365 46
-114.713 777.437 46
-109.985 777.44 46
-105.266 777.4 46
-100.365 776.336 46
-95.6736 776.209 46
-90.818 775.054 46
-86.3199 775.827 46
-81.6587 775.573 46
-76.8609 774.288 46
-72.0916 772.959 46
-67.482 772.577 46
-63.0064 773.146 46
-58.2996 771.69 46
-53.7276 771.184 46
-49.073 769.643 46
-44.5365 769.055 46
-40.0141 768.428 46
-35.506 767.76 46
-30.8295 764.058 46
-26.4296 764.308 46
-21.9841 763.52 46
-17.5544 762.694 46
-13.1408 761.828 46
-8.74362 760.924 46
-4.36323 759.981 46
3.7598e-05 758 46
4.3284 755.981 46
8.63898 754.925 46
12.9314 753.831 46
17.2055 752.7 46
21.5044 752.531 46
25.697 750.327 46
29.9138 749.086 46
34.0412 746.811 46
38.2881 746.496 46
42.0963 741.162 46
46.3894 741.772 46
50.5918 741.349 46
54.6772 739.895 46
58.7411 738.407 46
62.6526 735.894 46
66.8031 735.329 46
70.6529 732.75 46
74.6193 731.127 46
78.0675 726.513 46
82.1356 725.814 46
86.1974 725.08 46
90.0619 723.328 46
93.9023 721.545 46
97.7185 719.729 46
101.51 717.883 46
105.277 716.005 46
109.019 714.097 46
112.01 709.247 46
115.926 708.252 46
119.833 707.224 46
123.464 705.197 46
126.242 700.258 46
130.647 701.057 46
134.199 698.944 46
137.122 694.895 46
140.294 691.78 46
142.47 685.797 46
134.46 650.499 46
136.527 645.54 46
140.57 646.214 46
144.285 645.909 46
148.364 646.502 46
152.465 647.054 46
162.579 662.398 46
170.294 671.126 46
174.266 670.545 46
177.045 667.175 46
180.998 666.528 46
183.294 662.203 46
187.22 661.494 46
190.286 658.943 46
193.322 656.368 46
196.327 653.771 46
198.394 649.37 46
201.322 646.737 46
205.629 646.731 46
208.518 644.043 46
210.892 640.46 46
213.712 637.734 46
216.5 634.989 46
218.749 631.362 46
220.951 627.725 46
225.197 627.488 46
227.865 624.661 46
230.502 621.815 46
233.65 619.79 46
235.677 616.069 46
238.216 613.17 46
240.156 609.429 46
242.623 606.501 46
246.218 605.185 46
247.458 600.596 46
250.42 598.424 46
253.966 597.024 46
254.462 591.622 46
257.347 589.388 46
260.211 587.13 46
262.427 584.07 46
264.609 580.996 46
267.4 578.674 46
270.17 576.329 46
272.921 573.959 46
274.987 570.817 46
275.013 565.433 46
278.343 563.758 46
280.983 561.318 46
284.29 559.58 46
285.505 555.649 46
286.672 551.719 46
288.5 548.5 46
291.719 546.672 46
294.21 544.115 46
295.227 540.16 46
296.93 536.891 46
299.335 534.29 46
301.717 531.667 46
302.578 527.698 46
305.657 525.704 46
307.204 522.377 46
309.482 519.686 46
310.193 515.703 46
312.413 512.987 46
314.608 510.251 46
315.204 506.265 46
318.135 504.113 46
320.253 501.328 46
321.543 497.929 46
324.416 495.702 46
326.46 492.862 46
326.023 488.283 46
328.002 485.43 46
329.128 482 46
332.72 480.223 46
332.952 476.222 46
334.826 473.308 46
334.979 469.318 46
338.498 467.432 46
339.438 463.955 46
341.205 460.985 46
342.08 457.5 46
342.92 454.015 46
344.6 451.015 46
346.254 448.001 46
346.998 444.502 46
348.595 441.467 46
348.384 437.51 46
350.814 434.91 46
351.428 431.403 46
352.008 427.899 46
354.366 425.244 46
355.795 422.145 46
357.196 419.034 46
359.488 416.31 46
358.997 412.385 46
359.389 408.864 46
363.456 406.846 46
363.793 403.302 46
363.163 399.405 46
364.365 396.231 46
365.54 393.046 46
367.63 390.185 46
367.807 386.646 46
367.001 382.797 46
369.01 379.899 46
370.042 376.674 46
368.177 372.563 46
370.104 369.63 46
372.008 366.672 46
373.889 363.688 46
375.745 360.681 46
373.705 356.647 46
375.504 353.624 46
376.307 350.343 46
376.107 346.831 46
375.874 343.329 46
377.565 340.254 46
379.231 337.155 46
379.89 333.843 46
381.503 330.707 46
381.121 327.202 46
381.693 323.873 46
380.26 320.227 46
379.782 316.759 46
383.234 313.86 46
383.689 310.514 46
385.108 307.285 46
382.525 303.583 46
383.885 300.348 46
385.218 297.092 46
384.531 293.642 46
383.813 290.207 46
385.06 286.926 46
386.278 283.626 46
387.468 280.306 46
387.631 276.924 46
385.765 273.471 46
386.867 270.13 46
387.941 266.772 46
384.985 263.36 46
386 260 46
386.985 256.623 46
388.941 253.211 46
386.867 249.87 46
388.763 246.424 46
386.632 243.119 46
385.471 239.798 46
385.28 236.435 46
385.06 233.074 46
386.804 229.558 46
386.524 226.184 46
386.214 222.812 46
384.88 219.547 46
387.493 215.851 46
386.1 212.593 46
385.672 209.225 46
386.205 205.722 46
386.705 202.207 46
385.198 198.991 46
385.638 195.466 46
385.06 192.104 46
382.486 189.11 46
381.853 185.775 46
382.171 182.247 46
381.478 178.914 46
380.755 175.589 46
0 260 46
0 260 46
0 260 46
0 260 46
0 260 46
0 260 46
0 260 46
0 260 46
71.7229 238.072 46
71.5288 237.447 46
75.1335 235.588 46
0 260 46
42.5483 245.349 46
39.5909 245.98 46
37.5877 246.319 46
36.5302 246.342 46
35.4761 246.382 46
36.2863 245.706 46
35.233 245.765 46
35.1074 245.458 46
33.1382 245.934 46
33.0142 245.645 46
32.8876 245.357 46
31.8486 245.486 46
33.5334 244.363 46
34.2982 243.641 46
33.2554 243.78 46
32.2176 243.937 46
31.1852 244.11 46
31.0454 243.839 46
30.0202 244.038 46
29.8798 243.777 46
28.8625 244.001 46
29.5921 243.258 46
28.5788 243.5 46
28.4338 243.251 46
28.2865 243.004 46
28.9898 242.235 46
28.8336 241.983 46
27.8319 242.269 46
28.5148 241.482 46
27.5182 241.786 46
26.5292 242.106 46
26.372 241.875 46
25.3937 242.219 46
26.0517 241.418 46
25.0795 241.779 46
24.1157 242.155 46
23.9591 241.946 46
35.7009 232.606 46
41.7646 227.37 46
32.8695 233.854 46
27.2001 237.974 46
26.2352 238.373 46
22.9813 240.716 46
0 260 46
0 260 46
0 260 46
0 260 46
0 260 46
0 260 46
0 260 46
0 260 46
0 260 46
0 260 46
0 260 46
