-0 260 54
-0 260 54
-0 260 54
-0 260 54
-0 260 54
-0 260 54
-0 260 54
-0 260 54
-15.8489 246.223 54
-22.0518 241.166 54
-26.8116 237.502 54
-27.0069 237.737 54
-34.1944 232.31 54
-43.0435 225.762 54
-40.9766 227.986 54
-26.974 239.302 54
-25.5563 240.742 54
-25.7234 240.966 54
-27.5066 240.015 54
-26.8658 240.837 54
-26.2129 241.646 54
-26.372 241.875 54
-25.7002 242.665 54
-26.6843 242.338 54
-27.6761 242.027 54
-26.1451 243.344 54
-26.2895 243.573 54
-27.2845 243.28 54
-27.4294 243.519 54
-27.5721 243.759 54
-27.7128 244 54
-26.981 244.735 54
-27.1132 244.971 54
-29.001 244.254 54
-30.0202 244.038 54
-30.1584 244.301 54
-30.2942 244.564 54
-31.3227 244.383 54
-30.559 245.095 54
-30.6879 245.363 54
-31.7208 245.208 54
-30.9387 245.9 54
-32.8876 245.357 54
-32.0971 246.044 54
-34.0587 245.543 54
-33.2597 246.223 54
-34.3058 246.14 54
-35.3559 246.073 54
-36.4096 246.024 54
-36.5302 246.342 54
-38.5274 245.977 54
-42.4189 244.979 54
-0 260 54
-0 260 54
-71.3292 236.824 54
-71.5288 237.447 54
-0 260 54
-0 260 54
-0 260 54
-0 260 54
-0 260 54
-0 260 54
-0 260 54
-0 260 54
-0 260 54
-0 260 54
-0 260 54
-0 260 54
-0 260 54
-0 260 54
-0 260 54
-0 260 54
-718.049 146.272 54
-719.015 152.543 54
-717.944 159.1 54
-718.798 165.369 54
-720.589 171.523 54
-720.34 177.928 54
-719.039 184.426 54
-719.671 190.704 54
-721.245 196.899 54
-720.771 203.274 54
-721.239 209.566 54
-719.655 215.984 54
-720.012 222.266 54
-721.313 228.507 54
-721.56 234.803 54
-719.753 241.153 54
-719.89 247.434 54
-719.973 253.717 54
-719 260 54
-717.973 266.266 54
-718.89 272.548 54
-717.754 278.795 54
-717.563 285.058 54
-716.318 291.275 54
-714.02 297.42 54
-713.666 303.65 54
-712.261 309.806 54
-711.799 316.02 54
-711.283 322.229 54
-709.717 328.338 54
-709.094 334.529 54
-707.423 340.601 54
-705.7 346.649 54
-703.926 352.674 54
-702.1 358.674 54
-701.212 364.797 54
-700.271 370.912 54
-698.29 376.854 54
-696.259 382.769 54
-695.161 388.841 54
-694.01 394.902 54
-689.867 400.355 54
-688.616 406.37 54
-686.336 412.157 54
-684.008 417.916 54
-681.631 423.645 54
-679.207 429.345 54
-676.735 435.016 54
-675.182 440.915 54
-671.65 446.265 54
-668.077 451.568 54
-666.38 457.391 54
-663.675 462.906 54
-659.972 468.089 54
-658.131 473.84 54
-655.292 479.258 54
-653.353 484.968 54
-649.48 489.993 54
-645.569 494.968 54
-643.494 500.593 54
-639.503 505.482 54
-636.406 510.687 54
-633.267 515.856 54
-630.086 520.99 54
-626.864 526.088 54
-623.601 531.149 54
-619.384 535.768 54
-616.044 540.747 54
-611.758 545.267 54
-608.342 550.165 54
-604.888 555.024 54
-601.396 559.845 54
-598.756 565.082 54
-595.184 569.833 54
-591.575 574.546 54
-587.05 578.742 54
-583.371 583.368 54
-580.527 588.447 54
-576.773 593 54
-572.122 597.006 54
-568.302 601.47 54
-563.595 605.372 54
-559.712 609.747 54
-556.638 614.618 54
-552.684 618.917 54
-547.863 622.623 54
-543.02 626.271 54
-540.627 631.563 54
-529.172 630.53 54
-523.476 633.392 54
-519.389 637.358 54
-515.272 641.281 54
-492.758 631.32 54
-476.012 625.257 54
-474.382 630.628 54
-482.869 644.092 54
-500.482 665.282 54
-495.383 668.362 54
-491.034 672.027 54
-486.66 675.647 54
-482.259 679.222 54
-476.336 681.426 54
-471.897 684.898 54
-467.434 688.324 54
-461.484 690.341 54
-456.26 692.975 54
-453.184 697.635 54
-448.634 700.872 54
-444.063 704.063 54
-438.068 705.782 54
-433.467 708.868 54
-428.156 711.183 54
-423.521 714.171 54
-417.515 715.637 54
-413.523 719.264 54
-408.174 721.357 54
-404.788 725.656 54
-398.112 726.129 54
-394.029 729.585 54
-388.008 730.691 54
-383.256 733.282 54
-377.866 735.043 54
-372.475 736.747 54
-368.301 739.979 54
-362.293 740.779 54
-358.083 743.922 54
-352.671 745.41 54
-347.26 746.841 54
-341.852 748.215 54
-337.578 751.179 54
-332.161 752.448 54
-326.195 752.827 54
-321.882 755.654 54
-317.007 757.601 54
-311.063 757.804 54
-306.184 759.647 54
-300.267 759.729 54
-295.387 761.468 54
-291 764.027 54
-285.113 763.936 54
-280.22 765.53 54
-275.321 767.078 54
-269.946 767.695 54
-264.582 768.257 54
-259.229 768.765 54
-254.333 770.113 54
-248.995 770.515 54
-244.53 772.668 54
-238.779 772.064 54
-233.472 772.308 54
-228.586 773.413 54
-224.097 775.388 54
-218.028 773.642 54
-213.155 774.601 54
-208.281 775.514 54
-203.408 776.382 54
-198.177 776.27 54
-192.964 776.106 54
-188.453 777.771 54
-182.926 776.568 54
-178.086 777.199 54
-172.931 776.836 54
-168.105 777.375 54
-162.982 776.915 54
-157.881 776.405 54
-153.084 776.804 54
-148.293 777.159 54
-142.972 775.542 54
-138.468 776.77 54
-133.202 775.055 54
-128.46 775.227 54
-123.726 775.356 54
-118.999 775.442 54
-114.064 774.508 54
-109.362 774.506 54
-104.668 774.46 54
-99.9839 774.373 54
-95.1269 773.259 54
-90.297 772.1 54
-85.6597 771.882 54
-81.033 771.623 54
-76.4174 771.321 54
-71.5349 768.998 54
-67.0904 769.603 54
-62.3971 768.184 54
-57.8468 767.715 54
-53.2049 766.212 54
-48.7854 766.657 54
-44.1879 765.071 54
-39.7003 764.44 54
-35.1572 762.772 54
-30.6463 761.064 54
-26.2203 760.313 54
-21.766 758.525 54
-17.4148 758.696 54
-13.0099 756.83 54
-8.6389 754.925 54
-4.3196 754.981 54
3.7296e-05 754 54
4.28477 750.981 54
8.55172 749.925 54
12.8267 749.832 54
16.9263 744.705 54
21.1991 745.537 54
25.383 744.335 54
29.6086 744.095 54
33.6924 741.823 54
37.8173 740.514 54
41.8348 738.173 54
45.8143 735.799 54
49.9646 735.381 54
53.6584 730.953 54
57.888 731.459 54
62 730.936 54
65.9681 729.387 54
69.7661 726.815 54
73.3678 723.226 54
77.4074 722.568 54
81.2674 720.89 54
84.7395 717.214 54
88.5354 715.475 54
92.5068 714.685 54
96.0552 711.904 54
99.7787 710.072 54
103.702 709.185 54
107.385 707.29 54
111.042 705.366 54
114.424 702.443 54
117.245 697.564 54
121.593 698.452 54
125.139 696.413 54
125.819 684.757 54
118.703 648.26 54
121.786 646.255 54
125.77 647.08 54
128.826 645.019 54
133.483 647.663 54
137.862 649.311 54
150.489 673.465 54
155.842 676.819 54
159.115 674.51 54
160.894 668.453 54
165.202 668.888 54
167.615 664.659 54
171.14 663.181 54
174.253 660.755 54
177.337 658.306 54
180.392 655.833 54
183.839 654.244 54
187.272 652.625 54
190.253 650.077 54
192.757 646.612 54
195.216 643.133 54
198.09 640.528 54
201.403 638.785 54
203.747 635.255 54
206.529 632.588 54
209.772 630.772 54
211.5 626.329 54
214.181 623.607 54
217.346 621.725 54
219.972 618.961 54
222.566 616.18 54
225.666 614.224 54
228.204 611.403 54
230.158 607.73 54
233.743 606.538 54
236.191 603.661 54
239.181 601.586 54
240.992 597.858 54
242.755 594.124 54
245.662 591.993 54
247.948 589.038 54
250.201 586.068 54
254.268 585.448 54
256.476 582.435 54
257.392 577.853 54
259.52 574.823 54
262.9 573.312 54
265.624 571.006 54
266.36 566.412 54
268.361 563.327 54
270.329 560.23 54
273.614 558.597 54
274.845 554.736 54
276.719 551.6 54
279.253 549.175 54
280.364 545.3 54
282.136 542.136 54
285.3 540.364 54
287.017 537.169 54
290.15 535.342 54
291.079 531.435 54
293.436 528.885 54
294.285 524.976 54
295.089 521.072 54
295.846 517.175 54
299.6 515.883 54
301.822 513.258 54
304.02 510.615 54
305.418 507.323 54
306 503.403 54
307.324 500.108 54
309.408 497.417 54
311.468 494.708 54
313.504 491.981 54
315.517 489.236 54
315.877 485.313 54
318.65 483.121 54
318.937 479.199 54
320.838 476.408 54
322.714 473.6 54
324.566 470.775 54
325.549 467.398 54
328.195 465.079 54
327.414 460.639 54
328.295 457.26 54
331.727 455.402 54
331.688 451.5 54
334.217 449.091 54
334.105 445.197 54
333.951 441.32 54
337.286 439.338 54
338.838 436.388 54
338.582 432.516 54
340.075 429.555 54
340.643 426.143 54
342.982 423.594 54
344.397 420.595 54
343.965 416.754 54
346.234 414.153 54
347.566 411.126 54
348.871 408.087 54
349.226 404.654 54
349.548 401.227 54
349.837 397.804 54
351.96 395.105 54
351.252 391.328 54
352.385 388.258 54
354.433 385.511 54
356.461 382.739 54
356.57 379.307 54
356.646 375.881 54
357.644 372.765 54
358.614 369.639 54
358.599 366.222 54
358.551 362.813 54
361.361 360.214 54
361.256 356.798 54
363.055 353.892 54
360.95 349.995 54
361.722 346.842 54
363.44 343.907 54
363.182 340.516 54
362.893 337.135 54
365.512 334.364 54
366.147 331.172 54
366.754 327.974 54
366.348 324.597 54
366.898 321.398 54
367.42 318.194 54
367.914 314.985 54
366.399 311.494 54
366.835 308.295 54
369.227 305.335 54
368.615 301.998 54
369.962 298.885 54
369.292 295.559 54
370.584 292.422 54
370.853 289.187 54
370.096 285.88 54
369.31 282.588 54
371.49 279.469 54
371.646 276.226 54
369.775 272.913 54
370.873 269.712 54
371.943 266.492 54
370.986 263.238 54
373 260 54
370.986 256.762 54
371.943 253.508 54
371.873 250.262 54
373.772 246.948 54
369.648 243.861 54
371.49 240.531 54
372.304 237.229 54
371.094 234.051 54
369.856 230.892 54
371.581 227.491 54
372.278 224.154 54
371.951 220.906 54
369.609 217.888 54
370.22 214.543 54
369.809 211.314 54
370.36 207.949 54
367.914 205.015 54
369.395 201.494 54
368.871 198.272 54
369.303 194.882 54
367.737 191.844 54
366.147 188.828 54
365.512 185.636 54
365.827 182.241 54
364.158 179.268 54
0 260 54
0 260 54
0 260 54
0 260 54
0 260 54
0 260 54
0 260 54
0 260 54
72.6792 237.78 54
73.4362 236.846 54
0 260 54
0 260 54
0 260 54
38.6483 246.314 54
37.5877 246.319 54
37.4669 245.992 54
36.4096 246.024 54
34.4255 246.439 54
36.1602 245.39 54
35.1074 245.458 54
34.0587 245.543 54
33.0142 245.645 54
33.8012 244.951 54
32.7586 245.071 54
32.6271 244.786 54
33.3957 244.071 54
33.2554 243.78 54
32.2176 243.937 54
32.0762 243.656 54
31.9324 243.377 54
29.1373 244.507 54
29.8798 243.777 54
30.6117 243.032 54
27.8514 244.242 54
28.5788 243.5 54
29.2954 242.744 54
28.2865 243.004 54
28.9898 242.235 54
28.8336 241.983 54
26.9885 242.806 54
27.6761 242.027 54
28.3521 241.234 54
27.3582 241.547 54
25.5479 242.441 54
25.3937 242.219 54
26.8658 240.837 54
25.8885 241.191 54
23.3118 242.75 54
23.9591 241.946 54
35.7009 232.606 54
40.1885 228.601 54
33.6522 233.232 54
26.423 238.603 54
25.4636 239.009 54
22.9813 240.716 54
0 260 54
0 260 54
0 260 54
0 260 54
0 260 54
0 260 54
0 260 54
0 260 54
0 260 54
0 260 54
0 260 54
