-0 260 71
-0 260 71
-0 260 71
-0 260 71
-0 260 71
-0 260 71
-0 260 71
-0 260 71
-16.6036 245.567 71
-22.0518 241.166 71
-24.5134 239.431 71
-26.2352 238.373 71
-32.6401 233.569 71
-43.8261 225.139 71
-40.9766 227.986 71
-26.974 239.302 71
-26.355 240.14 71
-25.7234 240.966 71
-26.6976 240.603 71
-26.0517 241.418 71
-26.2129 241.646 71
-26.372 241.875 71
-27.3582 241.547 71
-25.8505 242.89 71
-26.8375 242.572 71
-26.9885 242.806 71
-27.1375 243.043 71
-26.4318 243.803 71
-28.2865 243.004 71
-27.5721 243.759 71
-28.5788 243.5 71
-27.8514 244.242 71
-27.9878 244.486 71
-28.1222 244.731 71
-30.0202 244.038 71
-31.0454 243.839 71
-30.2942 244.564 71
-30.4278 244.829 71
-31.4578 244.657 71
-31.5905 244.932 71
-31.7208 245.208 71
-30.9387 245.9 71
-31.9741 245.764 71
-33.0142 245.645 71
-34.9792 245.152 71
-35.1074 245.458 71
-35.233 245.765 71
-35.3559 246.073 71
-36.4096 246.024 71
-36.5302 246.342 71
-39.4671 245.635 71
-0 260 71
-0 260 71
-0 260 71
-71.3292 236.824 71
-71.5288 237.447 71
-0 260 71
-0 260 71
-0 260 71
-0 260 71
-0 260 71
-0 260 71
-0 260 71
-0 260 71
-0 260 71
-0 260 71
-0 260 71
-0 260 71
-0 260 71
-0 260 71
-0 260 71
-0 260 71
-701.259 148.932 71
-700.223 155.351 71
-701.11 161.466 71
-702.934 167.457 71
-703.715 173.595 71
-701.462 180.079 71
-703.127 186.098 71
-703.745 192.237 71
-703.313 198.468 71
-703.824 204.608 71
-704.28 210.752 71
-703.685 216.961 71
-705.032 223.051 71
-704.329 229.248 71
-703.571 235.431 71
-703.759 241.572 71
-703.893 247.714 71
-702.973 253.865 71
-704 260 71
-701.973 266.126 71
-701.893 272.252 71
-701.759 278.376 71
-700.573 284.465 71
-700.333 290.577 71
-700.039 296.688 71
-699.692 302.795 71
-697.297 308.76 71
-697.842 314.921 71
-696.34 320.922 71
-694.787 326.9 71
-694.176 332.961 71
-692.52 338.903 71
-691.805 344.943 71
-691.037 350.977 71
-688.236 356.725 71
-687.366 362.728 71
-685.456 368.566 71
-685.468 374.708 71
-682.472 380.338 71
-681.396 386.289 71
-679.286 392.04 71
-677.128 397.763 71
-676.878 403.875 71
-673.644 409.343 71
-671.341 414.991 71
-668.99 420.611 71
-666.593 426.2 71
-664.149 431.761 71
-662.625 437.55 71
-660.087 443.058 71
-657.503 448.536 71
-654.874 453.983 71
-651.244 459.105 71
-649.481 464.781 71
-647.669 470.441 71
-644.86 475.767 71
-642.007 481.061 71
-639.111 486.321 71
-636.172 491.548 71
-633.19 496.74 71
-630.167 501.898 71
-627.101 507.022 71
-623.068 511.736 71
-620.847 517.163 71
-617.659 522.181 71
-614.43 527.162 71
-611.162 532.107 71
-607.854 537.015 71
-603.601 541.464 71
-602.024 547.151 71
-596.799 551.079 71
-594.236 556.275 71
-589.846 560.542 71
-587.201 565.678 71
-582.745 569.851 71
-580.898 575.402 71
-575.5 579.005 71
-572.694 584.015 71
-568.113 588 71
-564.367 592.438 71
-559.73 596.32 71
-557.627 601.714 71
-553.775 606.037 71
-549.891 610.319 71
-545.974 614.56 71
-542.026 618.759 71
-536.387 621.798 71
-532.385 625.898 71
-528.353 629.957 71
-524.29 633.973 71
-521.816 639.122 71
-516.076 641.876 71
-511.127 645.162 71
-499.813 643.52 71
-470.442 627.55 71
-464.869 629.774 71
-462.402 634.446 71
-481.494 656.913 71
-486.438 668.17 71
-481.337 671.101 71
-477.731 675.285 71
-473.34 678.776 71
-466.695 680.214 71
-462.273 683.595 71
-457.827 686.931 71
-453.359 690.222 71
-449.587 694.162 71
-445.068 697.367 71
-439.82 699.82 71
-435.966 703.642 71
-431.383 706.71 71
-426.091 709.007 71
-420.793 711.245 71
-415.488 713.426 71
-410.846 716.291 71
-406.186 719.11 71
-401.508 721.882 71
-396.813 724.608 71
-392.1 727.287 71
-386.099 728.376 71
-381.997 731.728 71
-376.621 733.478 71
-371.244 735.171 71
-367.083 738.392 71
-362.293 740.779 71
-356.894 742.314 71
-352.083 744.601 71
-346.68 746.027 71
-341.278 747.396 71
-336.445 749.531 71
-331.042 750.79 71
-325.643 751.993 71
-321.337 754.816 71
-315.932 755.914 71
-311.063 757.804 71
-306.707 760.5 71
-301.297 761.443 71
-296.402 763.191 71
-291 764.027 71
-285.113 763.936 71
-280.705 766.405 71
-276.275 768.835 71
-270.416 768.578 71
-265.505 770.031 71
-260.59 771.438 71
-255.225 771.902 71
-249.872 772.313 71
-244.961 773.571 71
-239.625 773.877 71
-234.302 774.128 71
-229.806 776.153 71
-224.894 777.222 71
-219.591 777.324 71
-214.303 777.373 71
-209.03 777.369 71
-204.141 778.243 71
-199.253 779.071 71
-194.015 778.916 71
-189.137 779.65 71
-184.261 780.338 71
-179.388 780.981 71
-173.883 779.681 71
-169.341 781.179 71
-164.185 780.729 71
-159.343 781.186 71
-154.504 781.598 71
-149.395 781.004 71
-144.309 780.36 71
-139.503 780.634 71
-134.704 780.863 71
-129.67 780.079 71
-124.893 780.218 71
-120.124 780.314 71
-115.362 780.366 71
-110.193 778.418 71
-105.864 780.34 71
-100.938 779.281 71
-96.2203 779.159 71
-91.3389 778.009 71
-86.6499 777.8 71
-81.8152 776.561 71
-77.1565 776.266 71
-72.37 774.939 71
-67.8736 775.551 71
-63.1283 774.139 71
-58.526 773.677 71
-53.8321 772.179 71
-49.3605 772.629 71
-44.6237 770.052 71
-40.171 770.422 71
-35.6455 769.755 71
-31.0737 768.051 71
-26.5866 767.304 71
-22.115 766.517 71
-17.6591 765.692 71
-13.1931 763.827 71
-8.77852 762.923 71
-4.37196 760.981 71
3.77489e-05 760 71
4.35458 758.981 71
8.69134 757.924 71
12.9838 755.83 71
17.2753 754.698 71
21.548 753.53 71
25.7493 751.326 71
29.9749 750.084 71
34.1807 748.806 71
38.3665 747.493 71
42.532 746.143 71
46.6769 744.758 71
50.8009 743.338 71
54.9036 741.882 71
58.9848 740.392 71
62.6526 735.894 71
66.9423 736.319 71
70.9485 734.728 71
74.9321 733.103 71
78.7277 730.458 71
82.8302 729.753 71
86.5619 727.046 71
90.4435 725.291 71
94.1017 722.524 71
98.1343 721.686 71
101.943 719.835 71
105.277 716.005 71
109.486 716.041 71
113.219 714.098 71
116.176 709.22 71
120.61 710.121 71
123.731 706.161 71
127.069 703.142 71
131.215 702.975 71
134.783 700.856 71
138.325 698.71 71
141.839 696.535 71
140.883 681.056 71
134.46 650.499 71
137.195 647.426 71
140.57 646.214 71
143.935 644.972 71
148.723 647.436 71
153.198 648.915 71
166.7 672.597 71
172.208 675.746 71
175.048 672.386 71
179.038 671.76 71
182.218 669.268 71
185.368 666.753 71
187.643 662.401 71
191.577 661.65 71
194.198 658.166 71
197.666 656.456 71
200.664 653.825 71
203.631 651.172 71
205.629 646.731 71
208.996 644.922 71
211.377 641.334 71
215.189 640.345 71
218 637.587 71
220.779 634.809 71
224.042 632.868 71
226.242 629.193 71
229.985 628.053 71
231.576 623.502 71
234.195 620.628 71
237.885 619.405 71
239.335 614.828 71
242.988 613.55 71
245.491 610.597 71
247.96 607.627 71
250.397 604.641 71
253.395 602.443 71
254.568 597.823 71
256.897 594.795 71
259.809 592.541 71
263.324 591.043 71
266.203 588.733 71
267.789 584.854 71
269.971 581.739 71
272.768 579.37 71
273.577 574.714 71
277.638 573.812 71
278.358 569.148 71
281.721 567.445 71
283.711 564.243 71
286.356 561.756 71
288.283 558.526 71
289.476 554.572 71
292.035 552.035 71
294.572 549.476 71
295.649 545.505 71
298.854 543.602 71
300.586 540.301 71
302.284 536.992 71
303.946 533.674 71
305.574 530.349 71
307.167 527.016 71
309.485 524.325 71
311.014 520.972 71
311.736 516.976 71
315.521 515.504 71
316.174 511.496 71
318.356 508.727 71
322.101 507.157 71
321.85 502.531 71
324.758 500.308 71
326.034 496.877 71
326.46 492.862 71
330.118 491.151 71
329.65 486.562 71
334.102 485.355 71
335.222 481.879 71
335.468 477.856 71
336.513 474.383 71
338.371 471.438 71
341.056 468.999 71
342.867 466.015 71
342.928 462 71
344.678 459 71
347.272 456.477 71
347.224 452.469 71
348.89 449.432 71
349.647 445.911 71
353.03 443.776 71
351.948 439.326 71
354.394 436.694 71
355.922 433.595 71
356.521 430.052 71
357.085 426.512 71
358.525 423.389 71
359.937 420.254 71
362.239 417.506 71
363.599 414.339 71
364.009 410.777 71
365.31 407.595 71
365.654 404.035 71
365.964 400.48 71
367.176 397.281 71
367.42 393.73 71
370.458 391.186 71
370.643 387.623 71
370.795 384.066 71
371.863 380.826 71
373.857 377.877 71
374.871 374.61 71
372.981 370.482 71
374.892 367.499 71
375.816 364.223 71
375.745 360.681 71
375.641 357.147 71
377.445 354.108 71
377.28 350.577 71
380.979 347.956 71
379.779 344.195 71
379.521 340.67 71
380.211 337.355 71
381.853 334.225 71
381.503 330.707 71
383.09 327.549 71
383.665 324.204 71
384.211 320.853 71
382.749 317.202 71
384.224 313.999 71
385.672 310.775 71
385.108 307.285 71
384.512 303.81 71
386.869 300.662 71
387.209 297.284 71
389.512 294.078 71
387.801 290.521 71
387.055 287.066 71
388.274 283.748 71
387.468 280.306 71
386.632 276.881 71
387.764 273.541 71
388.867 270.183 71
388.941 266.789 71
388.985 263.395 71
389 260 71
389.985 256.597 71
389.941 253.194 71
390.866 249.765 71
389.762 246.389 71
389.629 242.988 71
391.463 239.484 71
389.273 236.191 71
390.048 232.725 71
387.801 229.479 71
389.512 225.922 71
388.205 222.62 71
387.864 219.234 71
389.48 215.624 71
388.086 212.349 71
389.638 208.703 71
389.175 205.305 71
386.705 202.207 71
388.162 198.521 71
386.624 195.301 71
384.075 192.277 71
386.419 188.381 71
385.779 185.012 71
385.11 181.648 71
384.412 178.291 71
382.708 175.156 71
0 260 71
0 260 71
0 260 71
0 260 71
0 260 71
0 260 71
0 260 71
0 260 71
72.6792 237.78 71
72.4825 237.146 71
0 260 71
0 260 71
42.5483 245.349 71
39.5909 245.98 71
38.5274 245.977 71
36.5302 246.342 71
34.5425 246.74 71
36.2863 245.706 71
35.233 245.765 71
34.1835 245.841 71
34.9792 245.152 71
33.9312 245.246 71
33.8012 244.951 71
32.7586 245.071 71
31.7208 245.208 71
33.3957 244.071 71
32.3566 244.219 71
33.1126 243.491 71
32.0762 243.656 71
31.0454 243.839 71
30.9032 243.568 71
29.8798 243.777 71
30.6117 243.032 71
28.7217 243.75 71
27.7128 244 71
27.5721 243.759 71
29.1437 242.489 71
28.9898 242.235 71
28.8336 241.983 71
28.6753 241.732 71
28.5148 241.482 71
27.5182 241.786 71
27.3582 241.547 71
26.372 241.875 71
26.2129 241.646 71
26.0517 241.418 71
25.0795 241.779 71
24.1157 242.155 71
23.9591 241.946 71
34.1142 233.823 71
41.7646 227.37 71
33.6522 233.232 71
26.423 238.603 71
25.4636 239.009 71
23.7474 240.074 71
0 260 71
0 260 71
0 260 71
0 260 71
0 260 71
0 260 71
0 260 71
0 260 71
0 260 71
0 260 71
0 260 71
