-0 260 24
-0 260 24
-0 260 24
-0 260 24
-0 260 24
-0 260 24
-0 260 24
-0 260 24
-16.6036 245.567 24
-22.8122 240.517 24
-27.5776 236.86 24
-27.7785 237.101 24
-33.4173 232.939 24
-40.6956 227.629 24
-40.1886 228.601 24
-26.974 239.302 24
-25.5563 240.742 24
-26.5273 240.371 24
-26.6976 240.603 24
-26.8658 240.837 24
-26.2129 241.646 24
-26.372 241.875 24
-25.7002 242.665 24
-26.6843 242.338 24
-25.9988 243.116 24
-27.8319 242.269 24
-26.2895 243.573 24
-27.2845 243.28 24
-27.4294 243.519 24
-27.5721 243.759 24
-28.5788 243.5 24
-26.981 244.735 24
-27.9878 244.486 24
-29.001 244.254 24
-30.0202 244.038 24
-31.0454 243.839 24
-30.2942 244.564 24
-30.4278 244.829 24
-30.559 245.095 24
-31.5905 244.932 24
-30.8145 245.631 24
-31.8486 245.486 24
-32.8876 245.357 24
-33.9312 245.246 24
-34.9792 245.152 24
-35.1074 245.458 24
-34.3058 246.14 24
-35.3559 246.073 24
-36.4096 246.024 24
-36.5302 246.342 24
-38.5274 245.977 24
-0 260 24
-0 260 24
-0 260 24
-72.2803 236.515 24
-70.5751 237.748 24
-0 260 24
-70.9527 238.983 24
-0 260 24
-0 260 24
-0 260 24
-0 260 24
-0 260 24
-0 260 24
-0 260 24
-0 260 24
-0 260 24
-0 260 24
-0 260 24
-0 260 24
-0 260 24
-0 260 24
-659.776 155.502 24
-662.641 160.968 24
-891.241 134.744 24
-901.223 141.352 24
-888.329 150.927 24
-890.24 158.57 24
-875.179 168.015 24
-875.949 175.656 24
-872.667 183.652 24
-874.297 191.192 24
-875.861 198.754 24
-870.374 206.766 24
-877.795 213.997 24
-879.162 221.615 24
-882.462 229.184 24
-881.698 236.912 24
-883.865 244.572 24
-889.966 252.234 24
-912 260 24
-977.963 268.535 24
-985.85 277.208 24
-986.662 285.837 24
-987.398 294.481 24
-967.079 302.224 24
-942.706 309.405 24
-944.236 317.752 24
-932.722 325.222 24
-929.127 333.124 24
-944.393 342.624 24
-1011.32 357.379 24
-1026.35 367.874 24
-1029.34 377.279 24
-1032.25 386.744 24
-1041.02 397.053 24
-1020.97 403.488 24
-1023.63 412.983 24
-1027.2 422.692 24
-1041.52 434.29 24
-1065.56 447.887 24
-1045.2 453.717 24
-1034.64 461.113 24
-1049.5 473.523 24
-1062.27 485.792 24
-1061.23 495.27 24
-1082.53 509.921 24
-1148.37 535.699 24
-1157.56 548.613 24
-1191.79 568.218 24
-1179.31 643.181 24
-0 260 24
-0 260 24
-0 260 24
-0 260 24
-0 260 24
-0 260 24
-0 260 24
-0 260 24
-0 260 24
-0 260 24
-0 260 24
-0 260 24
-0 260 24
-0 260 24
-0 260 24
-0 260 24
-0 260 24
-0 260 24
-0 260 24
-0 260 24
-0 260 24
-0 260 24
-0 260 24
-0 260 24
-0 260 24
-0 260 24
-0 260 24
-0 260 24
-0 260 24
-0 260 24
-0 260 24
-0 260 24
-0 260 24
-0 260 24
-0 260 24
-0 260 24
-0 260 24
-0 260 24
-0 260 24
-0 260 24
-0 260 24
-0 260 24
-0 260 24
-0 260 24
-0 260 24
-0 260 24
-0 260 24
-0 260 24
-0 260 24
-0 260 24
-0 260 24
-0 260 24
-0 260 24
-0 260 24
-0 260 24
-0 260 24
-0 260 24
-0 260 24
-0 260 24
-0 260 24
-0 260 24
-0 260 24
-0 260 24
-0 260 24
-0 260 24
-0 260 24
-0 260 24
-0 260 24
-0 260 24
-0 260 24
-0 260 24
-0 260 24
-0 260 24
-0 260 24
-0 260 24
-0 260 24
-0 260 24
-0 260 24
-0 260 24
-0 260 24
-0 260 24
-0 260 24
-0 260 24
-0 260 24
-0 260 24
-0 260 24
-0 260 24
-0 260 24
-0 260 24
-0 260 24
-0 260 24
-0 260 24
-0 260 24
-0 260 24
-0 260 24
-0 260 24
-0 260 24
-0 260 24
-0 260 24
-0 260 24
-0 260 24
-0 260 24
-0 260 24
-0 260 24
-0 260 24
-0 260 24
-0 260 24
-0 260 24
-0 260 24
-0 260 24
0 260 24
0 260 24
0 260 24
0 260 24
0 260 24
0 260 24
0 260 24
0 260 24
0 260 24
0 260 24
0 260 24
0 260 24
0 260 24
0 260 24
0 260 24
0 260 24
0 260 24
0 260 24
0 260 24
0 260 24
0 260 24
0 260 24
0 260 24
0 260 24
0 260 24
0 260 24
0 260 24
0 260 24
0 260 24
0 260 24
0 260 24
0 260 24
0 260 24
0 260 24
0 260 24
0 260 24
0 260 24
0 260 24
0 260 24
0 260 24
0 260 24
0 260 24
0 260 24
0 260 24
0 260 24
0 260 24
0 260 24
0 260 24
0 260 24
0 260 24
0 260 24
0 260 24
0 260 24
0 260 24
0 260 24
0 260 24
0 260 24
0 260 24
0 260 24
0 260 24
0 260 24
0 260 24
0 260 24
0 260 24
0 260 24
0 260 24
0 260 24
0 260 24
0 260 24
0 260 24
0 260 24
0 260 24
0 260 24
0 260 24
0 260 24
0 260 24
0 260 24
0 260 24
0 260 24
0 260 24
0 260 24
0 260 24
0 260 24
0 260 24
0 260 24
0 260 24
0 260 24
0 260 24
0 260 24
0 260 24
0 260 24
0 260 24
0 260 24
0 260 24
0 260 24
0 260 24
0 260 24
0 260 24
0 260 24
0 260 24
0 260 24
0 260 24
0 260 24
0 260 24
0 260 24
0 260 24
0 260 24
0 260 24
0 260 24
0 260 24
0 260 24
0 260 24
0 260 24
0 260 24
0 260 24
0 260 24
0 260 24
0 260 24
0 260 24
0 260 24
0 260 24
0 260 24
0 260 24
0 260 24
0 260 24
0 260 24
0 260 24
0 260 24
0 260 24
0 260 24
0 260 24
0 260 24
0 260 24
0 260 24
0 260 24
0 260 24
0 260 24
0 260 24
0 260 24
0 260 24
0 260 24
0 260 24
0 260 24
0 260 24
0 260 24
0 260 24
0 260 24
0 260 24
0 260 24
0 260 24
0 260 24
0 260 24
0 260 24
0 260 24
0 260 24
0 260 24
0 260 24
0 260 24
0 260 24
0 260 24
0 260 24
0 260 24
506.684 340.251 24
504.398 335.383 24
492.163 329.169 24
489.774 324.48 24
488.333 319.96 24
482.876 315.017 24
450.518 307.351 24
442.951 302.651 24
422.387 296.954 24
425.684 293.502 24
431.945 290.205 24
443.172 287.106 24
435.402 282.818 24
439.581 279.193 24
445.728 275.565 24
449.846 271.78 24
454.931 267.941 24
426.984 263.726 24
409 260 24
406.985 256.448 24
409.938 252.845 24
416.857 249.084 24
411.749 245.621 24
408.611 242.16 24
407.441 238.647 24
405.243 235.214 24
395.035 232.376 24
392.785 229.087 24
402.463 224.789 24
422.048 219.361 24
422.672 215.575 24
402.397 214.153 24
398.011 211.13 24
400.544 207.267 24
401.059 203.635 24
400.551 200.137 24
416.804 193.985 24
434.952 187.214 24
428.391 184.463 24
415.917 182.914 24
412.283 179.86 24
413.528 175.867 24
408.866 173.093 24
1068.07 23.2151 24
0 260 24
0 260 24
0 260 24
0 260 24
0 260 24
0 260 24
0 260 24
0 260 24
71.7229 238.072 24
72.4825 237.146 24
0 260 24
0 260 24
0 260 24
38.6483 246.314 24
39.4671 245.635 24
36.5302 246.342 24
36.4096 246.024 24
36.2863 245.706 24
35.233 245.765 24
35.1074 245.458 24
34.0587 245.543 24
32.0971 246.044 24
32.8876 245.357 24
33.6686 244.656 24
32.6271 244.786 24
32.4931 244.502 24
33.2554 243.78 24
33.1126 243.491 24
32.0762 243.656 24
30.1584 244.301 24
30.0202 244.038 24
29.8798 243.777 24
29.7371 243.516 24
29.5921 243.258 24
28.5788 243.5 24
29.2954 242.744 24
29.1437 242.489 24
28.9898 242.235 24
28.8336 241.983 24
27.8319 242.269 24
29.3535 240.938 24
28.3521 241.234 24
27.3582 241.547 24
27.1962 241.309 24
26.2129 241.646 24
26.8658 240.837 24
24.2705 242.366 24
23.3118 242.75 24
23.9591 241.946 24
34.9075 233.214 24
40.9766 227.986 24
34.4348 232.609 24
26.423 238.603 24
26.2352 238.373 24
22.9813 240.716 24
0 260 24
0 260 24
0 260 24
0 260 24
0 260 24
0 260 24
0 260 24
0 260 24
0 260 24
0 260 24
0 260 24
