-0 260 56
-0 260 56
-0 260 56
-0 260 56
-0 260 56
-0 260 56
-0 260 56
-0 260 56
-15.8489 246.223 56
-23.5726 239.867 56
-26.8116 237.502 56
-26.2352 238.373 56
-34.1944 232.31 56
-43.0435 225.762 56
-40.1886 228.601 56
-27.7674 238.693 56
-26.355 240.14 56
-26.5273 240.371 56
-26.6976 240.603 56
-26.8658 240.837 56
-25.3937 242.219 56
-23.8997 243.574 56
-25.7002 242.665 56
-27.5182 241.786 56
-26.8375 242.572 56
-26.9885 242.806 56
-27.1375 243.043 56
-26.4318 243.803 56
-28.2865 243.004 56
-28.4338 243.251 56
-26.8468 244.5 56
-26.981 244.735 56
-27.9878 244.486 56
-28.1222 244.731 56
-29.1373 244.507 56
-30.1584 244.301 56
-29.4032 245.018 56
-30.4278 244.829 56
-29.6602 245.534 56
-30.6879 245.363 56
-30.8145 245.631 56
-31.8486 245.486 56
-31.9741 245.764 56
-33.0142 245.645 56
-34.0587 245.543 56
-33.2597 246.223 56
-34.3058 246.14 56
-35.3559 246.073 56
-36.4096 246.024 56
-37.4669 245.992 56
-38.5274 245.977 56
-42.4189 244.979 56
-0 260 56
-0 260 56
-69.4271 237.442 56
-71.5288 237.447 56
-0 260 56
-68.0762 239.835 56
-0 260 56
-0 260 56
-0 260 56
-0 260 56
-0 260 56
-0 260 56
-0 260 56
-0 260 56
-0 260 56
-0 260 56
-0 260 56
-0 260 56
-0 260 56
-0 260 56
-715.086 146.742 56
-717.037 152.838 56
-717.944 159.1 56
-716.815 165.63 56
-717.611 171.889 56
-718.352 178.154 56
-718.045 184.531 56
-718.676 190.799 56
-720.249 196.987 56
-718.777 203.431 56
-718.246 209.775 56
-720.653 215.923 56
-720.012 222.266 56
-719.315 228.594 56
-719.561 234.872 56
-718.754 241.179 56
-718.89 247.452 56
-719.973 253.717 56
-719 260 56
-718.973 266.274 56
-717.891 272.531 56
-717.754 278.795 56
-716.563 285.023 56
-715.319 291.232 56
-716.017 297.525 56
-713.666 303.65 56
-712.261 309.806 56
-712.796 316.098 56
-710.287 322.142 56
-708.722 328.242 56
-708.1 334.424 56
-707.423 340.601 56
-706.693 346.771 56
-703.926 352.674 56
-704.081 358.952 56
-701.212 364.797 56
-699.283 370.756 56
-697.304 376.689 56
-696.259 382.769 56
-694.178 388.658 56
-693.029 394.711 56
-690.847 400.554 56
-687.638 406.162 56
-687.312 412.374 56
-684.982 418.141 56
-681.631 423.645 56
-679.207 429.345 56
-677.703 435.266 56
-674.216 440.656 56
-672.614 446.532 56
-669.999 452.119 56
-667.339 457.675 56
-664.632 463.198 56
-661.88 468.69 56
-660.033 474.458 56
-655.292 479.258 56
-653.353 484.968 56
-650.423 490.327 56
-646.508 495.31 56
-643.494 500.593 56
-641.37 506.199 56
-638.266 511.42 56
-634.194 516.231 56
-629.162 520.608 56
-626.864 526.088 56
-623.601 531.149 56
-619.384 535.768 56
-617.864 541.577 56
-613.57 546.113 56
-608.342 550.165 56
-606.686 555.901 56
-603.186 560.737 56
-597.865 564.628 56
-595.184 569.833 56
-591.575 574.546 56
-588.807 579.696 56
-584.246 583.853 56
-580.527 588.447 56
-576.773 593 56
-573.845 598.021 56
-568.302 601.47 56
-565.3 606.417 56
-560.56 610.277 56
-556.638 614.618 56
-553.523 619.462 56
-549.531 623.727 56
-545.507 627.949 56
-540.627 631.563 56
-536.545 635.693 56
-531.617 639.199 56
-526.67 642.648 56
-519.291 644.256 56
-485.57 625.904 56
-475.219 624.648 56
-476.746 632.475 56
-492.26 651.562 56
-501.259 665.912 56
-496.155 668.998 56
-491.034 672.027 56
-486.66 675.647 56
-482.259 679.222 56
-477.085 682.089 56
-472.64 685.567 56
-468.908 689.675 56
-462.947 691.705 56
-459.162 695.728 56
-453.184 697.635 56
-448.634 700.872 56
-444.063 704.063 56
-439.47 707.208 56
-434.856 710.307 56
-430.222 713.359 56
-425.567 716.365 56
-418.866 717.112 56
-413.523 719.264 56
-408.837 722.106 56
-405.444 726.411 56
-398.761 726.889 56
-394.672 730.351 56
-389.28 732.234 56
-385.144 735.613 56
-379.111 736.608 56
-374.938 739.899 56
-369.518 741.566 56
-364.098 743.175 56
-359.273 745.53 56
-353.259 746.219 56
-349.583 750.098 56
-344.719 752.31 56
-338.144 752.003 56
-332.72 753.277 56
-328.402 756.162 56
-322.426 756.493 56
-317.544 758.444 56
-312.652 760.348 56
-307.229 761.352 56
-301.297 761.443 56
-296.91 764.053 56
-292 765.759 56
-287.083 767.417 56
-281.19 767.279 56
-276.275 768.835 56
-271.355 770.344 56
-265.505 770.031 56
-260.59 771.438 56
-254.779 771.008 56
-250.31 773.211 56
-245.391 774.474 56
-240.47 775.689 56
-234.716 775.038 56
-229.399 775.24 56
-224.496 776.305 56
-219.591 777.324 56
-213.92 776.449 56
-208.656 776.441 56
-204.141 778.243 56
-199.253 779.071 56
-194.015 778.916 56
-188.795 778.71 56
-183.594 778.453 56
-178.737 779.09 56
-173.883 779.681 56
-168.723 779.277 56
-163.584 778.822 56
-158.758 779.273 56
-153.652 778.721 56
-148.568 778.12 56
-143.774 778.433 56
-138.986 778.702 56
-133.953 777.959 56
-128.944 777.168 56
-123.959 776.328 56
-118.999 775.442 56
-114.28 775.484 56
-109.569 775.484 56
-104.867 775.44 56
-100.175 775.354 56
-95.4914 775.226 56
-90.6443 774.07 56
-85.9898 773.855 56
-81.1894 772.61 56
-76.4174 771.321 56
-71.9525 771.969 56
-67.2209 770.594 56
-62.5189 769.176 56
-57.8468 767.715 56
-53.414 768.201 56
-48.8813 767.652 56
-44.2751 766.067 56
-39.7003 764.44 56
-35.227 763.77 56
-30.7074 762.062 56
-26.3249 762.311 56
-21.8969 761.522 56
-17.4497 759.695 56
-13.0623 758.829 56
-8.67381 756.924 56
-4.32832 755.981 56
3.7296e-05 754 56
4.30222 752.981 56
8.53426 748.926 56
12.8267 749.832 56
17.031 747.703 56
21.2863 747.536 56
25.4876 746.333 56
29.5475 743.097 56
33.7622 742.821 56
37.6604 738.52 56
41.8348 738.173 56
45.9101 736.795 56
49.9646 735.381 56
54.1112 734.927 56
58.0098 732.452 56
61.8694 729.945 56
65.9681 729.387 56
69.4705 724.837 56
73.2114 722.238 56
77.2423 721.582 56
81.441 721.875 56
84.7395 717.214 56
88.917 717.438 56
92.7061 715.665 56
96.2631 712.882 56
99.7787 710.072 56
103.702 709.185 56
107.385 707.29 56
110.8 704.395 56
114.674 703.412 56
118.022 700.462 56
121.593 698.452 56
124.588 694.49 56
121.559 670.375 56
119.58 651.129 56
122.387 648.163 56
125.461 646.129 56
129.46 646.916 56
133.483 647.663 56
139.531 654.024 56
151.857 677.224 56
154.792 674.009 56
158.757 673.576 56
161.261 669.384 56
164.452 667.034 56
167.998 665.583 56
171.531 664.102 56
175.051 662.589 56
176.524 656.479 56
179.977 654.923 56
182.994 652.431 56
186.411 650.819 56
188.938 647.38 56
192.757 646.612 56
194.762 642.242 56
198.09 640.528 56
201.403 638.785 56
204.224 636.134 56
206.044 631.713 56
209.28 629.901 56
212 627.195 56
215.196 625.331 56
217.346 621.725 56
220.494 619.814 56
223.626 617.876 56
224.591 612.538 56
228.204 611.403 56
230.158 607.73 56
233.183 605.709 56
235.625 602.836 56
237.461 599.129 56
241.572 598.672 56
242.168 593.315 56
245.067 591.189 56
247.948 589.038 56
249.592 585.275 56
252.421 583.084 56
255.231 580.869 56
256.133 576.298 56
259.52 574.823 56
262.257 572.546 56
264.975 570.246 56
267.016 567.167 56
269.686 564.825 56
269.66 559.487 56
272.263 557.123 56
274.163 554.004 56
276.03 550.875 56
279.253 549.175 56
280.364 545.3 56
282.843 542.843 56
284.587 539.663 56
285.578 535.779 56
287.248 532.588 56
289.616 530.071 56
291.962 527.534 56
292.799 523.637 56
295.089 521.072 56
296.601 517.831 56
298.84 515.233 56
299.523 511.33 56
302.477 509.343 56
303.087 505.435 56
304.435 502.158 56
306.536 499.492 56
309.408 497.417 56
311.468 494.708 56
312.7 491.386 56
312.281 486.885 56
313.434 483.571 56
317.831 482.548 56
317.289 478.066 56
318.35 474.73 56
321.046 472.496 56
323.727 470.231 56
325.549 467.398 56
324.802 462.959 56
325.709 459.594 56
328.295 457.26 56
329.142 453.88 56
329.956 450.5 56
331.606 447.613 56
333.23 444.712 56
335.708 442.275 56
334.637 437.93 56
336.177 435.003 56
337.691 432.062 56
339.18 429.109 56
338.845 425.266 56
340.275 422.303 56
341.678 419.327 56
343.965 416.754 56
344.407 413.34 56
343.898 409.531 56
346.11 406.915 56
348.303 404.272 56
349.548 401.227 56
350.767 398.171 56
351.026 394.746 56
352.189 391.678 56
353.324 388.6 56
352.548 384.844 56
353.624 381.762 56
354.673 378.672 56
356.646 375.881 56
357.644 372.765 56
355.745 368.762 56
358.599 366.222 56
359.512 363.088 56
360.398 359.947 56
359.324 356.281 56
360.151 353.141 56
360.95 349.995 56
362.694 347.075 56
360.517 343.232 56
361.23 340.083 56
363.871 337.343 56
363.552 333.966 56
362.22 330.409 56
363.804 327.427 56
363.394 324.076 56
364.926 321.068 56
365.445 317.881 56
366.925 314.837 56
367.389 311.633 56
368.817 308.556 56
367.242 305.092 56
368.615 301.998 56
368.968 298.78 56
370.287 295.655 56
367.596 292.16 56
366.866 288.873 56
370.096 285.88 56
371.306 282.71 56
369.493 279.364 56
368.649 276.096 56
369.775 272.913 56
369.873 269.685 56
368.944 266.44 56
369.986 263.229 56
370 260 56
369.986 256.771 56
370.943 253.525 56
369.873 250.315 56
371.773 247.017 56
370.647 243.817 56
368.494 240.688 56
369.31 237.412 56
370.096 234.12 56
371.85 230.735 56
369.588 227.665 56
371.283 224.25 56
368.968 221.22 56
370.602 217.775 56
369.227 214.665 56
368.817 211.444 56
369.37 208.088 56
369.892 204.719 56
370.383 201.337 56
367.885 198.437 56
368.318 195.056 56
365.771 192.208 56
365.165 189.019 56
365.512 185.636 56
363.871 182.657 56
361.23 179.917 56
0 260 56
0 260 56
0 260 56
0 260 56
0 260 56
0 260 56
0 260 56
0 260 56
70.7666 238.364 56
71.5288 237.447 56
0 260 56
0 260 56
0 260 56
38.6483 246.314 56
36.648 246.661 56
36.5302 246.342 56
35.4761 246.382 56
35.3559 246.073 56
35.233 245.765 56
34.1835 245.841 56
34.0587 245.543 56
33.0142 245.645 56
32.8876 245.357 56
31.8486 245.486 56
32.6271 244.786 56
33.3957 244.071 56
32.3566 244.219 56
31.3227 244.383 56
30.2942 244.564 56
30.1584 244.301 56
30.0202 244.038 56
29.8798 243.777 56
28.8625 244.001 56
29.5921 243.258 56
28.5788 243.5 56
28.4338 243.251 56
28.2865 243.004 56
28.1371 242.758 56
29.6817 241.453 56
27.8319 242.269 56
28.5148 241.482 56
28.3521 241.234 56
27.3582 241.547 56
26.372 241.875 56
25.3937 242.219 56
26.0517 241.418 56
25.8885 241.191 56
24.9196 241.56 56
23.9591 241.946 56
35.7009 232.606 56
40.1885 228.601 56
33.6522 233.232 56
25.6458 239.232 56
26.2352 238.373 56
22.2153 241.359 56
0 260 56
0 260 56
0 260 56
0 260 56
0 260 56
0 260 56
0 260 56
0 260 56
0 260 56
0 260 56
0 260 56
