-0 260 98
-0 260 98
-0 260 98
-0 260 98
-0 260 98
-0 260 98
-0 260 98
-0 260 98
-16.6036 245.567 98
-23.5726 239.867 98
-25.2795 238.788 98
-27.0069 237.737 98
-33.4173 232.939 98
-43.0435 225.762 98
-40.1886 228.601 98
-27.7674 238.693 98
-25.5563 240.742 98
-25.7234 240.966 98
-26.6976 240.603 98
-26.0517 241.418 98
-26.2129 241.646 98
-26.372 241.875 98
-27.3582 241.547 98
-26.6843 242.338 98
-27.6761 242.027 98
-26.9885 242.806 98
-27.1375 243.043 98
-28.1371 242.758 98
-27.4294 243.519 98
-27.5721 243.759 98
-27.7128 244 98
-27.8514 244.242 98
-27.1132 244.971 98
-29.001 244.254 98
-29.1373 244.507 98
-30.1584 244.301 98
-30.2942 244.564 98
-31.3227 244.383 98
-31.4578 244.657 98
-31.5905 244.932 98
-31.7208 245.208 98
-32.7586 245.071 98
-32.8876 245.357 98
-33.9312 245.246 98
-34.0587 245.543 98
-35.1074 245.458 98
-35.233 245.765 98
-35.3559 246.073 98
-36.4096 246.024 98
-38.4036 245.642 98
-39.4671 245.635 98
-0 260 98
-0 260 98
-0 260 98
-72.2803 236.515 98
-71.5288 237.447 98
-0 260 98
-0 260 98
-0 260 98
-0 260 98
-0 260 98
-0 260 98
-0 260 98
-0 260 98
-0 260 98
-0 260 98
-0 260 98
-0 260 98
-0 260 98
-0 260 98
-0 260 98
-0 260 98
-714.099 146.898 98
-716.048 152.986 98
-714.974 159.517 98
-714.832 165.891 98
-716.618 172.01 98
-717.359 178.267 98
-716.056 184.74 98
-716.685 190.991 98
-717.26 197.248 98
-717.78 203.51 98
-719.244 209.706 98
-718.657 216.045 98
-718.015 222.371 98
-718.316 228.638 98
-719.561 234.872 98
-717.754 241.205 98
-717.891 247.469 98
-717.973 253.734 98
-718 260 98
-716.973 266.257 98
-715.891 272.496 98
-715.755 278.743 98
-716.563 285.023 98
-715.319 291.232 98
-714.02 297.42 98
-712.668 303.589 98
-712.261 309.806 98
-711.799 316.02 98
-710.287 322.142 98
-709.717 328.338 98
-709.094 334.529 98
-708.417 340.714 98
-706.693 346.771 98
-705.909 352.935 98
-703.09 358.813 98
-702.201 364.945 98
-701.259 371.069 98
-699.276 377.019 98
-697.244 382.943 98
-695.161 388.841 98
-694.01 394.902 98
-691.827 400.754 98
-689.594 406.578 98
-688.289 412.59 98
-685.957 418.366 98
-684.548 424.346 98
-682.118 430.071 98
-678.671 435.516 98
-677.114 441.432 98
-675.505 447.334 98
-671.922 452.671 98
-670.215 458.527 98
-666.544 463.783 98
-663.787 469.291 98
-661.935 475.076 98
-659.085 480.527 98
-655.244 485.619 98
-652.308 490.994 98
-650.267 496.678 98
-646.304 501.643 98
-643.237 506.916 98
-641.058 512.519 98
-637.902 517.729 98
-632.857 522.138 98
-631.466 528.042 98
-627.269 532.744 98
-623.952 537.801 98
-619.684 542.406 98
-617.196 547.803 98
-612.855 552.317 98
-611.18 558.092 98
-607.66 562.968 98
-603.211 567.352 98
-599.619 572.142 98
-595.99 576.893 98
-592.323 581.605 98
-588.619 586.277 98
-584.009 590.416 98
-580.237 595 98
-578.153 600.558 98
-573.445 604.561 98
-569.564 609.029 98
-565.648 613.456 98
-560.855 617.304 98
-557.716 622.185 98
-552.866 625.934 98
-548.823 630.186 98
-544.747 634.395 98
-541.459 639.134 98
-535.688 642.103 98
-532.333 646.763 98
-528.134 650.799 98
-523.106 654.189 98
-518.06 657.521 98
-513.783 661.411 98
-510.26 665.88 98
-505.145 669.058 98
-500.784 672.815 98
-496.397 676.526 98
-491.222 679.543 98
-486.788 683.158 98
-481.578 686.065 98
-477.099 689.582 98
-471.857 692.378 98
-468.066 696.479 98
-462.789 699.17 98
-458.219 702.497 98
-454.34 706.479 98
-448.306 708.306 98
-443.676 711.488 98
-438.329 713.903 98
-434.352 717.711 98
-428.295 719.29 98
-422.919 721.536 98
-418.876 725.209 98
-414.137 728.097 98
-409.381 730.939 98
-403.957 732.973 98
-399.171 735.714 98
-393.096 736.864 98
-388.92 740.276 98
-382.846 741.304 98
-378.016 743.839 98
-371.953 744.739 98
-367.107 747.168 98
-362.247 749.549 98
-357.961 752.691 98
-352.487 754.168 98
-347.014 755.587 98
-342.109 757.772 98
-337.193 759.91 98
-330.61 759.498 98
-326.239 762.364 98
-320.768 763.505 98
-315.832 765.437 98
-310.887 767.321 98
-305.418 768.3 98
-300.463 770.084 98
-295 770.955 98
-283.143 760.455 98
-269.069 745.414 98
-263.392 745.107 98
-258.679 746.504 98
-253.5 746.969 98
-261.044 772.329 98
-258.348 778.167 98
-252.94 778.604 98
-247.974 779.889 98
-242.583 780.221 98
-237.619 781.408 98
-231.84 780.721 98
-227.287 782.724 98
-221.935 782.847 98
-216.599 782.916 98
-211.278 782.932 98
-206.707 784.756 98
-201.044 783.739 98
-196.116 784.536 98
-190.505 783.409 98
-185.93 785.051 98
-180.69 784.763 98
-175.787 785.371 98
-170.886 785.934 98
-165.689 785.498 98
-160.512 785.011 98
-155.64 785.433 98
-150.498 784.849 98
-145.378 784.215 98
-140.28 783.532 98
-135.456 783.768 98
-130.638 783.96 98
-125.594 783.135 98
-120.574 782.262 98
-115.795 782.318 98
-111.025 782.331 98
-106.064 781.32 98
-101.32 781.244 98
-96.5848 781.125 98
-91.8598 780.963 98
-86.98 779.773 98
-82.2845 779.524 98
-77.5999 779.233 98
-72.7875 777.91 98
-68.1346 777.534 98
-63.372 776.124 98
-58.7524 775.664 98
-54.0412 774.168 98
-49.5522 774.62 98
-44.8852 773.04 98
-40.2495 771.419 98
-35.7153 770.753 98
-31.1347 769.049 98
-26.6913 769.301 98
-22.1586 767.516 98
-17.6242 764.692 98
-13.1931 763.827 98
-8.77852 762.923 98
-4.37196 760.981 98
3.77489e-05 760 98
4.35458 758.981 98
8.67388 756.924 98
12.9838 755.83 98
17.1706 751.7 98
21.548 753.53 98
25.7493 751.326 98
29.9749 750.084 98
34.0412 746.811 98
38.2881 746.496 98
42.3577 744.151 98
46.4852 742.767 98
50.4873 740.354 98
54.564 738.902 98
58.4973 736.422 98
62.5221 734.902 98
66.5248 733.348 98
70.2095 729.783 98
74.4628 730.14 98
78.5627 729.472 98
82.3093 726.799 98
86.1974 725.08 98
89.6803 721.365 98
93.5036 719.585 98
97.3027 717.773 98
101.294 716.907 98
105.052 715.031 98
108.552 712.152 98
111.526 707.306 98
115.926 708.252 98
118.798 703.36 98
122.662 702.306 98
126.242 700.258 98
129.795 698.181 98
133.614 697.031 98
136.52 692.987 98
140.603 692.731 98
143.739 689.591 98
146.506 685.483 98
149.879 683.246 98
153.567 681.922 98
156.893 679.629 98
160.549 678.244 98
163.46 674.966 98
167.075 673.524 98
169.911 670.203 98
173.094 667.784 98
175.45 663.506 98
179.371 662.874 98
182.465 660.383 98
185.529 657.869 98
187.272 652.625 98
190.691 650.975 98
194.542 650.191 98
196.578 645.806 98
199.937 644.076 98
202.812 641.433 98
205.178 637.891 98
208.468 636.086 98
211.742 634.253 98
214.5 631.525 98
216.719 627.916 98
218.891 624.296 98
221.539 621.519 98
224.686 619.572 98
227.815 617.598 98
230.382 614.758 98
232.365 611.066 98
235.979 609.854 98
237.324 605.309 98
240.902 604.044 98
242.734 600.3 98
244.519 596.551 98
246.851 593.601 98
249.151 590.635 98
253.245 590.035 98
256.115 587.812 98
258.344 584.782 98
259.28 580.184 98
262.064 577.909 98
264.186 574.844 98
266.274 571.766 98
269.64 570.186 98
271.674 567.072 98
274.344 564.689 98
276.316 561.546 98
278.255 558.392 98
278.784 553.777 98
279.947 549.894 98
282.466 547.44 98
285.671 545.671 98
286.013 541.065 98
287.736 537.863 98
290.15 535.342 98
292.541 532.799 98
294.174 529.56 98
296.515 526.983 98
298.084 523.723 98
298.11 519.143 98
301.121 517.181 98
303.354 514.544 98
304.792 511.251 98
306.973 508.582 98
308.348 505.271 98
310.476 502.571 98
311.788 499.243 98
315.461 497.717 98
316.72 494.36 98
317.944 491 98
319.947 488.216 98
321.108 484.842 98
322.233 481.465 98
322.496 477.526 98
324.382 474.703 98
326.243 471.865 98
328.923 469.547 98
329.891 466.139 98
331.677 463.252 98
332.581 459.835 98
333.45 456.417 98
333.42 452.5 98
335.957 450.075 98
337.603 447.137 98
337.466 443.229 98
340.818 441.216 98
340.612 437.311 98
343.038 434.786 98
343.655 431.34 98
344.238 427.896 98
345.69 424.886 98
347.116 421.863 98
346.695 417.998 98
348.974 415.373 98
351.234 412.721 98
352.553 409.65 98
353.846 406.568 98
353.257 402.725 98
354.489 399.637 98
353.827 395.821 98
356.872 393.429 98
358.023 390.31 98
359.146 387.18 98
360.243 384.041 98
360.363 380.576 98
360.45 377.117 98
361.459 373.967 98
363.396 371.101 98
364.352 367.926 98
362.396 363.915 98
363.289 360.749 98
366.086 358.092 98
365.96 354.644 98
365.801 351.205 98
367.556 348.242 98
368.312 345.031 98
368.064 341.598 98
370.718 338.799 98
369.432 335.162 98
371.055 332.126 98
372.654 329.067 98
372.257 325.639 98
371.83 322.223 98
373.346 319.132 98
372.859 315.724 98
371.351 312.19 98
373.775 309.208 98
373.197 305.823 98
375.57 302.791 98
375.929 299.512 98
374.269 296.038 98
375.565 292.858 98
376.835 289.658 98
374.087 286.159 98
378.293 283.137 98
376.483 279.731 98
377.64 276.488 98
376.77 273.157 98
377.87 269.895 98
377.942 266.597 98
378.986 263.307 98
377 260 98
375.986 256.719 98
376.943 253.42 98
378.87 250.079 98
378.769 246.773 98
377.64 243.512 98
377.482 240.217 98
378.293 236.863 98
377.079 233.632 98
375.838 230.421 98
376.562 227.055 98
377.255 223.674 98
376.924 220.384 98
376.564 217.096 98
377.168 213.69 98
376.749 210.4 98
376.302 207.114 98
375.826 203.832 98
375.322 200.555 98
375.775 197.117 98
374.227 194.014 98
374.62 190.568 98
374 187.302 98
372.371 184.24 98
370.718 181.201 98
370.016 177.969 98
0 260 98
0 260 98
0 260 98
0 260 98
0 260 98
0 260 98
0 260 98
0 260 98
73.6355 237.487 98
69.6213 238.048 98
0 260 98
0 260 98
0 260 98
39.5909 245.98 98
39.4671 245.635 98
37.4669 245.992 98
36.4096 246.024 98
36.2863 245.706 98
36.1602 245.39 98
35.1074 245.458 98
34.9792 245.152 98
33.9312 245.246 98
32.8876 245.357 98
32.7586 245.071 98
33.5334 244.363 98
34.2982 243.641 98
34.1542 243.342 98
33.1126 243.491 98
32.0762 243.656 98
31.0454 243.839 98
30.9032 243.568 98
29.8798 243.777 98
29.7371 243.516 98
29.5921 243.258 98
28.5788 243.5 98
29.2954 242.744 98
29.1437 242.489 98
29.8424 241.713 98
29.6817 241.453 98
27.8319 242.269 98
28.5148 241.482 98
29.186 240.682 98
27.3582 241.547 98
26.372 241.875 98
26.2129 241.646 98
26.0517 241.418 98
25.8885 241.191 98
23.3118 242.75 98
23.9591 241.946 98
35.7009 232.606 98
41.7646 227.37 98
33.6522 233.232 98
26.423 238.603 98
27.7785 237.101 98
22.9813 240.716 98
0 260 98
0 260 98
0 260 98
0 260 98
0 260 98
0 260 98
0 260 98
0 260 98
0 260 98
0 260 98
0 260 98
