-0 260 183
-0 260 183
-0 260 183
-0 260 183
-0 260 183
-0 260 183
-0 260 183
-0 260 183
-16.6036 245.567 183
-23.5726 239.867 183
-26.8116 237.502 183
-27.7785 237.101 183
-32.6401 233.569 183
-43.0435 225.762 183
-40.9766 227.986 183
-27.7674 238.693 183
-26.355 240.14 183
-26.5273 240.371 183
-26.6976 240.603 183
-26.8658 240.837 183
-26.2129 241.646 183
-26.372 241.875 183
-26.5292 242.106 183
-25.8505 242.89 183
-25.9988 243.116 183
-26.1451 243.344 183
-27.9856 242.513 183
-28.1371 242.758 183
-27.4294 243.519 183
-28.4338 243.251 183
-28.5788 243.5 183
-26.981 244.735 183
-27.9878 244.486 183
-29.001 244.254 183
-29.1373 244.507 183
-30.1584 244.301 183
-30.2942 244.564 183
-30.4278 244.829 183
-31.4578 244.657 183
-30.6879 245.363 183
-30.8145 245.631 183
-31.8486 245.486 183
-32.8876 245.357 183
-33.9312 245.246 183
-34.9792 245.152 183
-35.1074 245.458 183
-35.233 245.765 183
-34.4255 246.439 183
-35.4761 246.382 183
-36.5302 246.342 183
-38.5274 245.977 183
-0 260 183
-0 260 183
-0 260 183
-72.2803 236.515 183
-71.5288 237.447 183
-0 260 183
-0 260 183
-0 260 183
-0 260 183
-0 260 183
-0 260 183
-0 260 183
-0 260 183
-0 260 183
-0 260 183
-0 260 183
-0 260 183
-0 260 183
-0 260 183
-0 260 183
-0 260 183
-724.963 145.177 183
-724.949 151.656 183
-725.867 157.986 183
-727.721 164.194 183
-727.536 170.67 183
-728.288 177.022 183
-727.99 183.485 183
-728.63 189.841 183
-730.211 196.115 183
-730.74 202.49 183
-730.217 208.938 183
-729.637 215.374 183
-729.998 221.743 183
-731.303 228.071 183
-730.555 234.489 183
-730.75 240.865 183
-731.889 247.225 183
-731.972 253.612 183
-731 260 183
-731.972 266.388 183
-729.889 272.74 183
-730.75 279.135 183
-729.555 285.477 183
-729.305 291.842 183
-729 298.205 183
-729.637 304.627 183
-728.222 310.922 183
-728.747 317.354 183
-726.226 323.537 183
-724.648 329.776 183
-725.006 336.201 183
-723.32 342.412 183
-721.581 348.599 183
-720.78 354.893 183
-719.925 361.179 183
-719.015 367.458 183
-717.062 373.572 183
-716.043 379.825 183
-713.986 385.895 183
-711.877 391.939 183
-710.698 398.146 183
-709.465 404.342 183
-708.179 410.528 183
-704.886 416.27 183
-703.495 422.415 183
-701.079 428.314 183
-698.613 434.184 183
-697.066 440.274 183
-693.535 445.832 183
-691.887 451.877 183
-690.186 457.908 183
-687.474 463.639 183
-685.67 469.631 183
-682.861 475.305 183
-679.054 480.638 183
-676.155 486.238 183
-674.155 492.13 183
-670.218 497.337 183
-668.121 503.176 183
-665.974 508.998 183
-662.842 514.441 183
-659.666 519.849 183
-656.446 525.222 183
-653.183 530.557 183
-648.956 535.466 183
-645.61 540.719 183
-642.222 545.936 183
-638.793 551.115 183
-636.228 556.678 183
-633.615 562.219 183
-630.055 567.298 183
-625.559 571.892 183
-621.923 576.885 183
-618.247 581.839 183
-614.531 586.752 183
-608.141 590.194 183
-606.111 595.973 183
-603.156 601.25 183
-598.424 605.5 183
-593.662 609.694 183
-590.588 614.861 183
-586.616 619.479 183
-581.761 623.525 183
-578.566 628.588 183
-571.973 631.444 183
-568.71 636.421 183
-564.575 640.81 183
-559.582 644.59 183
-556.204 649.458 183
-551.156 653.136 183
-546.895 657.343 183
-541.799 660.911 183
-537.482 665.022 183
-533.133 669.088 183
-527.967 672.493 183
-522.782 675.84 183
-518.356 679.757 183
-513.902 683.628 183
-508.653 686.811 183
-504.149 690.584 183
-499.618 694.311 183
-494.311 697.329 183
-489.732 700.957 183
-482.917 702.512 183
-479.037 706.709 183
-473.669 709.496 183
-469.009 712.917 183
-464.326 716.292 183
-457.498 717.498 183
-452.787 720.76 183
-447.36 723.255 183
-442.612 726.416 183
-437.843 729.529 183
-433.053 732.595 183
-427.574 734.87 183
-422.752 737.834 183
-416.597 739.241 183
-411.75 742.097 183
-404.956 742.608 183
-401.365 746.895 183
-395.213 748.048 183
-388.449 748.348 183
-384.173 751.719 183
-379.867 755.053 183
-373.727 755.953 183
-367.6 756.784 183
-363.251 759.973 183
-357.713 761.495 183
-352.749 763.779 183
-346.641 764.365 183
-340.548 764.884 183
-335.578 767.003 183
-330.596 769.073 183
-325.066 770.252 183
-320.071 772.221 183
-314.022 772.437 183
-308.508 773.443 183
-297.417 764.915 183
-281.5 747.572 183
-273.787 743.918 183
-269.554 746.289 183
-270.072 757.411 183
-276.049 779.173 183
-271.508 781.562 183
-265.584 781.239 183
-259.687 780.852 183
-254.694 782.199 183
-249.266 782.597 183
-243.428 782.033 183
-239.278 785.048 183
-233.874 785.289 183
-228.483 785.475 183
-223.107 785.608 183
-217.364 784.764 183
-212.027 784.786 183
-206.707 784.756 183
-201.761 785.606 183
-196.116 784.536 183
-191.531 786.228 183
-185.93 785.051 183
-181.016 785.708 183
-175.469 784.423 183
-170.268 784.032 183
-165.388 784.544 183
-160.512 785.011 183
-155.356 784.474 183
-150.222 783.888 183
-145.378 784.215 183
-140.28 783.532 183
-134.955 781.832 183
-130.154 782.019 183
-125.127 781.19 183
-120.124 780.314 183
-115.362 780.366 183
-110.609 780.375 183
-105.665 779.36 183
-100.938 779.281 183
-96.2203 779.159 183
-91.1652 777.024 183
-86.3199 775.827 183
-81.6587 775.573 183
-76.8609 774.288 183
-72.0916 772.959 183
-67.3515 771.586 183
-62.6408 770.169 183
-58.0732 769.702 183
-53.414 768.201 183
-48.7854 766.657 183
-44.1879 765.071 183
-39.7003 764.44 183
-35.227 763.77 183
-30.7684 763.06 183
-26.3249 762.311 183
-21.8097 759.524 183
-17.345 756.697 183
-13.0099 756.83 183
-8.6389 754.925 183
-4.31087 753.981 183
3.72205e-05 753 183
4.28477 750.981 183
8.53426 748.926 183
12.7744 747.833 183
16.9263 744.705 183
21.0246 741.541 183
25.2783 742.338 183
29.4254 741.101 183
33.4831 738.831 183
37.5035 736.526 183
41.399 733.192 183
45.5268 732.813 183
49.5465 731.403 183
53.4319 728.966 183
57.4005 727.489 183
61.3473 725.979 183
65.133 723.445 183
69.027 721.87 183
72.7421 719.275 183
76.5821 717.637 183
80.3991 715.966 183
83.6461 711.314 183
87.5814 710.567 183
90.9118 706.846 183
95.0157 707.013 183
98.4801 704.215 183
102.353 703.338 183
105.517 699.511 183
109.107 697.603 183
112.421 694.698 183
115.692 691.769 183
119.456 690.743 183
122.659 687.761 183
126.103 685.716 183
128.936 681.73 183
132.912 681.543 183
135.968 678.465 183
139.297 676.314 183
141.948 672.246 183
145.206 670.049 183
148.095 666.887 183
151.64 665.579 183
155.173 664.24 183
157.962 661.01 183
160.332 656.835 183
163.789 655.42 183
167.233 653.976 183
170.266 651.585 183
172.05 646.43 183
175.001 644.004 183
178.345 642.462 183
181.676 640.891 183
184.993 639.291 183
187.403 635.872 183
189.768 632.441 183
192.087 628.996 183
194.361 625.54 183
196.589 622.073 183
200.226 621.218 183
202.386 617.716 183
205.5 615.936 183
207.076 611.545 183
210.136 609.724 183
212.134 606.172 183
214.617 603.459 183
217.069 600.73 183
218.945 597.146 183
222.431 596.056 183
224.796 593.273 183
227.129 590.475 183
230.004 588.48 183
231.7 584.832 183
233.351 581.18 183
236.145 579.131 183
237.717 575.461 183
240.461 573.375 183
243.186 571.264 183
245.893 569.13 183
246.064 563.864 183
248.707 561.705 183
250.687 558.757 183
253.285 556.558 183
254.551 552.827 183
257.097 550.595 183
257.615 546.111 183
261.453 545.326 183
263.251 542.303 183
265.017 539.269 183
266.054 535.507 183
268.448 533.175 183
270.822 530.822 183
271.748 527.046 183
275.507 526.054 183
275.642 521.575 183
277.183 518.477 183
280.903 517.4 183
280.909 512.931 183
282.356 509.808 183
284.526 507.334 183
285.913 504.192 183
287.267 501.045 183
289.359 498.529 183
290.653 495.366 183
291.913 492.198 183
294.716 490.257 183
293.541 485.242 183
297.891 484.477 183
299.035 481.274 183
299.336 477.481 183
301.223 474.86 183
303.086 472.223 183
305.751 470.137 183
305.915 466.342 183
307.704 463.665 183
309.469 460.972 183
310.368 457.726 183
311.234 454.48 183
313.772 452.279 183
315.438 449.534 183
316.218 446.267 183
317.831 443.5 183
318.55 440.227 183
319.236 436.956 183
320.768 434.163 183
321.393 430.888 183
322.872 428.076 183
325.217 425.707 183
326.651 422.862 183
326.262 419.129 183
328.541 416.706 183
328.99 413.41 183
329.406 410.119 183
331.617 407.645 183
332.893 404.746 183
333.223 401.445 183
334.444 398.531 183
336.568 395.982 183
336.811 392.673 183
336.089 389.012 183
338.139 386.425 183
339.229 383.469 183
340.294 380.504 183
340.387 377.205 183
340.448 373.912 183
342.38 371.246 183
343.338 368.254 183
344.27 365.254 183
344.216 361.962 183
346.054 359.229 183
344.98 355.671 183
344.836 352.398 183
348.533 350.137 183
347.366 346.608 183
348.108 343.573 183
348.824 340.532 183
348.538 337.269 183
350.177 334.432 183
349.833 331.174 183
348.478 327.737 183
351.022 325.058 183
351.576 321.992 183
353.09 319.087 183
352.605 315.847 183
352.09 312.62 183
352.535 309.546 183
353.946 306.598 183
352.354 303.264 183
353.712 300.3 183
356.039 297.421 183
355.356 294.217 183
355.642 291.115 183
354.903 287.931 183
356.13 284.903 183
357.332 281.855 183
355.512 278.632 183
357.659 275.616 183
355.783 272.424 183
358.877 269.398 183
358.945 266.265 183
357.986 263.124 183
357 260 183
358.986 256.867 183
358.945 253.735 183
358.877 250.602 183
356.783 247.541 183
357.659 244.384 183
359.507 241.159 183
358.33 238.084 183
359.123 234.888 183
357.893 231.833 183
357.634 228.711 183
356.352 225.687 183
357.033 222.474 183
357.686 219.247 183
358.309 216.005 183
357.912 212.88 183
356.497 209.898 183
357.035 206.641 183
357.543 203.371 183
357.035 200.253 183
356.5 197.139 183
355.938 194.031 183
354.367 191.118 183
354.733 187.829 183
352.133 185.152 183
352.443 181.865 183
0 260 183
0 260 183
0 260 183
0 260 183
0 260 183
0 260 183
0 260 183
0 260 183
71.7229 238.072 183
69.6213 238.048 183
0 260 183
0 260 183
0 260 183
39.5909 245.98 183
37.5877 246.319 183
36.5302 246.342 183
36.4096 246.024 183
37.2167 245.34 183
35.233 245.765 183
34.1835 245.841 183
34.9792 245.152 183
33.9312 245.246 183
33.8012 244.951 183
31.8486 245.486 183
32.6271 244.786 183
33.3957 244.071 183
33.2554 243.78 183
32.2176 243.937 183
32.0762 243.656 183
31.0454 243.839 183
30.9032 243.568 183
29.8798 243.777 183
29.7371 243.516 183
28.7217 243.75 183
29.4449 243 183
29.2954 242.744 183
29.1437 242.489 183
29.8424 241.713 183
28.8336 241.983 183
27.8319 242.269 183
27.6761 242.027 183
26.6843 242.338 183
27.3582 241.547 183
26.372 241.875 183
26.2129 241.646 183
26.0517 241.418 183
25.8885 241.191 183
24.1157 242.155 183
24.7577 241.344 183
33.3208 234.432 183
40.9766 227.986 183
34.4348 232.609 183
26.423 238.603 183
26.2352 238.373 183
22.9813 240.716 183
0 260 183
0 260 183
0 260 183
0 260 183
0 260 183
0 260 183
0 260 183
0 260 183
0 260 183
0 260 183
0 260 183
