-0 260 104
-0 260 104
-0 260 104
-0 260 104
-0 260 104
-0 260 104
-0 260 104
-0 260 104
-15.8489 246.223 104
-23.5726 239.867 104
-26.0455 238.145 104
-27.7785 237.101 104
-34.1944 232.31 104
-43.0435 225.762 104
-40.9766 227.986 104
-27.7674 238.693 104
-26.355 240.14 104
-27.3311 239.776 104
-26.6976 240.603 104
-26.0517 241.418 104
-27.032 241.072 104
-26.372 241.875 104
-27.3582 241.547 104
-27.5182 241.786 104
-25.9988 243.116 104
-26.1451 243.344 104
-27.1375 243.043 104
-28.1371 242.758 104
-28.2865 243.004 104
-27.5721 243.759 104
-27.7128 244 104
-27.8514 244.242 104
-27.9878 244.486 104
-29.8798 243.777 104
-29.1373 244.507 104
-30.1584 244.301 104
-30.2942 244.564 104
-30.4278 244.829 104
-31.4578 244.657 104
-30.6879 245.363 104
-31.7208 245.208 104
-31.8486 245.486 104
-32.8876 245.357 104
-33.0142 245.645 104
-34.0587 245.543 104
-35.1074 245.458 104
-35.233 245.765 104
-35.3559 246.073 104
-36.4096 246.024 104
-36.5302 246.342 104
-39.4671 245.635 104
-0 260 104
-0 260 104
-0 260 104
-71.3292 236.824 104
-72.4825 237.146 104
-0 260 104
-0 260 104
-0 260 104
-0 260 104
-0 260 104
-0 260 104
-0 260 104
-0 260 104
-0 260 104
-0 260 104
-0 260 104
-0 260 104
-0 260 104
-0 260 104
-0 260 104
-0 260 104
-700.271 149.088 104
-701.212 155.203 104
-701.11 161.466 104
-701.943 167.588 104
-702.723 173.717 104
-703.449 179.852 104
-704.122 185.994 104
-703.745 192.237 104
-704.31 198.381 104
-704.821 204.53 104
-705.278 210.682 104
-703.685 216.961 104
-706.031 222.999 104
-705.328 229.205 104
-703.571 235.431 104
-704.758 241.545 104
-704.893 247.696 104
-703.973 253.857 104
-706 260 104
-703.973 266.144 104
-703.893 272.287 104
-703.759 278.429 104
-703.571 284.569 104
-703.33 290.708 104
-702.037 296.792 104
-701.689 302.917 104
-701.288 309.039 104
-699.836 315.078 104
-699.329 321.183 104
-697.773 327.188 104
-697.16 333.275 104
-696.494 339.356 104
-692.797 345.065 104
-694.011 351.368 104
-693.188 357.421 104
-692.311 363.467 104
-689.406 369.191 104
-688.427 375.203 104
-686.411 381.033 104
-684.345 386.836 104
-683.213 392.803 104
-682.028 398.76 104
-678.834 404.291 104
-678.526 410.426 104
-676.213 416.116 104
-673.852 421.778 104
-672.415 427.652 104
-669.958 433.263 104
-666.489 438.585 104
-665.869 444.662 104
-661.348 449.639 104
-659.668 455.403 104
-658.894 461.444 104
-655.204 466.585 104
-651.474 471.677 104
-650.55 477.671 104
-647.68 483.014 104
-644.767 488.324 104
-641.81 493.6 104
-638.81 498.842 104
-636.702 504.407 104
-632.684 509.221 104
-629.558 514.358 104
-628.238 520.225 104
-623.182 524.525 104
-620.85 529.953 104
-617.557 534.954 104
-614.224 539.918 104
-608.132 543.577 104
-607.44 549.734 104
-603.99 554.585 104
-601.396 559.845 104
-597.865 564.628 104
-594.297 569.372 104
-590.692 574.077 104
-586.171 578.265 104
-582.497 582.883 104
-579.657 587.954 104
-576.773 593 104
-572.122 597.006 104
-568.302 601.47 104
-564.448 605.894 104
-559.712 609.747 104
-555.795 614.081 104
-553.523 619.462 104
-549.531 623.727 104
-545.507 627.949 104
-540.627 631.563 104
-537.364 636.266 104
-531.617 639.199 104
-528.288 643.824 104
-524.115 647.825 104
-519.912 651.782 104
-514.886 655.086 104
-511.419 659.564 104
-507.13 663.39 104
-502.036 666.541 104
-496.926 669.634 104
-493.333 673.955 104
-488.181 676.946 104
-484.524 681.19 104
-478.583 683.414 104
-474.869 687.575 104
-469.646 690.351 104
-465.872 694.433 104
-460.613 697.105 104
-456.781 701.108 104
-451.487 703.676 104
-446.891 706.892 104
-442.274 710.061 104
-436.94 712.465 104
-432.287 715.535 104
-426.249 717.096 104
-422.244 720.798 104
-417.537 723.722 104
-412.812 726.599 104
-406.757 727.92 104
-402.008 730.691 104
-398.528 734.948 104
-391.824 735.321 104
-387.661 738.722 104
-382.224 740.521 104
-376.785 742.263 104
-372.562 745.532 104
-366.505 746.369 104
-362.842 750.353 104
-356.786 751.073 104
-351.906 753.354 104
-346.44 754.768 104
-341.543 756.948 104
-337.193 759.91 104
-331.714 761.165 104
-326.239 762.364 104
-320.768 763.505 104
-316.362 766.285 104
-309.842 765.616 104
-304.902 767.443 104
-298.94 767.5 104
-283 750.17 104
-273.295 743.047 104
-269.069 745.414 104
-263.869 745.986 104
-269.477 766.812 104
-269.199 777.127 104
-264.676 779.457 104
-258.348 778.167 104
-253.817 780.402 104
-248.835 781.694 104
-243.851 782.94 104
-238.449 783.228 104
-233.467 784.375 104
-228.084 784.558 104
-223.107 785.608 104
-217.364 784.764 104
-212.402 785.713 104
-207.44 786.616 104
-202.119 786.539 104
-196.816 786.41 104
-191.873 787.168 104
-186.932 787.879 104
-181.667 787.599 104
-176.739 788.216 104
-171.504 787.836 104
-166.591 788.359 104
-161.389 787.88 104
-156.492 788.31 104
-151.325 787.733 104
-146.447 788.07 104
-141.574 788.361 104
-136.457 787.64 104
-131.605 787.841 104
-126.527 787.025 104
-121.698 787.134 104
-116.877 787.2 104
-111.856 786.243 104
-106.861 785.24 104
-102.274 786.152 104
-97.3137 785.058 104
-92.5544 784.903 104
-87.6402 783.718 104
-82.7538 782.487 104
-78.1911 783.189 104
-73.4834 782.862 104
-68.6567 781.5 104
-63.7376 779.102 104
-59.2052 779.638 104
-54.5638 779.14 104
-49.8397 777.606 104
-45.3209 778.021 104
-40.5633 775.406 104
-35.9245 773.745 104
-31.44 774.039 104
-26.9006 773.296 104
-22.3331 771.513 104
-17.7987 769.689 104
-13.3502 769.825 104
-8.86578 767.923 104
-4.42432 766.981 104
3.82019e-05 766 104
4.40694 764.981 104
8.79605 763.923 104
13.1147 760.828 104
17.4498 759.695 104
21.7225 757.526 104
26.0633 757.318 104
30.2801 755.075 104
34.5295 753.794 104
38.5235 749.486 104
42.8807 750.128 104
47.0603 748.74 104
51.0099 745.327 104
55.4696 746.85 104
59.5941 745.355 104
63.5663 742.834 104
67.6382 741.27 104
71.5398 738.684 104
75.7143 738.041 104
79.553 735.39 104
83.5248 733.693 104
86.9264 729.013 104
91.3975 730.199 104
95.0985 727.424 104
98.966 725.598 104
102.809 723.741 104
106.627 721.851 104
109.719 717.014 104
113.945 717.009 104
117.929 715.998 104
121.386 713.019 104
124.8 710.015 104
128.447 707.948 104
132.635 707.769 104
135.953 704.682 104
139.528 702.525 104
142.766 699.388 104
145.643 695.281 104
149.11 693.047 104
153.217 692.672 104
156.645 690.379 104
159.695 687.123 104
162.699 683.846 104
166.392 682.41 104
170.071 680.941 104
172.59 676.67 104
175.829 674.227 104
178.64 670.843 104
182.625 670.182 104
185.783 667.663 104
189.756 666.932 104
191.577 661.65 104
195.075 659.963 104
198.558 658.246 104
200.664 653.825 104
203.169 650.285 104
207.037 649.38 104
209.473 645.801 104
213.316 644.833 104
215.682 641.216 104
219 639.319 104
221.287 635.67 104
223.527 632.011 104
226.764 630.046 104
229.985 628.053 104
232.651 625.188 104
235.829 623.144 104
237.885 619.405 104
241.012 617.315 104
242.988 613.55 104
245.491 610.597 104
247.96 607.627 104
250.984 605.45 104
252.8 601.639 104
255.771 599.42 104
258.724 597.175 104
261.04 594.117 104
262.701 590.261 104
265.573 587.956 104
267.789 584.854 104
269.328 580.973 104
272.119 578.61 104
274.233 575.469 104
277.638 573.812 104
280.366 571.378 104
282.397 568.182 104
283.029 563.512 104
285.667 561.03 104
287.589 557.807 104
288.775 553.859 104
290.621 550.621 104
293.859 548.775 104
294.929 544.81 104
297.404 542.225 104
298.392 538.255 104
300.072 534.965 104
303.203 533.005 104
304.825 529.686 104
307.167 527.016 104
307.964 523.026 104
311.014 520.972 104
311.736 516.976 104
313.967 514.245 104
315.391 510.873 104
316.78 507.496 104
319.721 505.331 104
321.85 502.531 104
323.15 499.119 104
324.416 495.702 104
326.46 492.862 104
326.842 488.857 104
328.002 485.43 104
329.128 482 104
332.72 480.223 104
332.114 475.677 104
334.826 473.308 104
334.979 469.318 104
337.646 466.909 104
338.581 463.44 104
338.62 459.463 104
341.214 457 104
342.92 454.015 104
343.726 450.53 104
345.375 447.523 104
347.881 444.972 104
348.595 441.467 104
350.166 438.418 104
351.709 435.356 104
351.428 431.403 104
352.911 428.33 104
352.554 424.398 104
353.975 421.316 104
357.196 419.034 104
357.653 415.512 104
358.997 412.385 104
360.313 409.247 104
360.675 405.722 104
361.932 402.569 104
362.229 399.047 104
363.429 395.88 104
363.661 392.362 104
365.745 389.517 104
366.861 386.32 104
367.95 383.114 104
367.108 379.281 104
368.135 376.072 104
369.134 372.855 104
368.187 369.062 104
370.086 366.12 104
371.961 363.154 104
372.847 359.904 104
373.705 356.647 104
375.504 353.624 104
373.39 349.643 104
374.158 346.381 104
373.921 342.896 104
374.631 339.63 104
376.291 336.557 104
376.945 333.271 104
377.57 329.978 104
378.166 326.681 104
377.747 323.213 104
379.272 320.071 104
378.793 316.611 104
378.282 313.164 104
379.723 309.992 104
381.138 306.798 104
381.532 303.47 104
380.902 300.034 104
380.241 296.613 104
382.539 293.468 104
380.822 289.971 104
383.065 286.786 104
381.287 283.321 104
380.478 279.94 104
381.636 276.663 104
383.766 273.401 104
381.869 270 104
382.942 266.684 104
382.985 263.342 104
381 260 104
381.985 256.666 104
381.942 253.333 104
383.868 249.948 104
382.767 246.633 104
381.636 243.337 104
380.478 240.06 104
382.286 236.618 104
383.065 233.214 104
382.816 229.872 104
380.546 226.707 104
382.232 223.195 104
382.891 219.757 104
382.525 216.417 104
381.138 213.202 104
380.715 209.878 104
380.263 206.558 104
380.771 203.093 104
379.272 199.929 104
379.72 196.457 104
380.136 192.972 104
377.57 190.022 104
377.926 186.539 104
376.291 183.443 104
374.631 180.37 104
374.898 176.887 104
0 260 104
0 260 104
0 260 104
0 260 104
0 260 104
0 260 104
0 260 104
0 260 104
72.6792 237.78 104
72.4825 237.146 104
0 260 104
0 260 104
0 260 104
39.5909 245.98 104
37.5877 246.319 104
37.4669 245.992 104
36.4096 246.024 104
36.2863 245.706 104
36.1602 245.39 104
34.1835 245.841 104
34.9792 245.152 104
33.9312 245.246 104
32.8876 245.357 104
31.8486 245.486 104
32.6271 244.786 104
33.3957 244.071 104
33.2554 243.78 104
33.1126 243.491 104
32.0762 243.656 104
31.9324 243.377 104
30.9032 243.568 104
29.001 244.254 104
29.7371 243.516 104
29.5921 243.258 104
28.5788 243.5 104
27.5721 243.759 104
28.2865 243.004 104
29.8424 241.713 104
27.9856 242.513 104
29.5187 241.195 104
28.5148 241.482 104
29.186 240.682 104
28.1873 240.987 104
27.1962 241.309 104
27.032 241.072 104
26.8658 240.837 104
25.0795 241.779 104
24.9196 241.56 104
23.9591 241.946 104
34.9075 233.214 104
40.9766 227.986 104
34.4348 232.609 104
26.423 238.603 104
26.2352 238.373 104
24.5134 239.431 104
0 260 104
0 260 104
0 260 104
0 260 104
0 260 104
0 260 104
0 260 104
0 260 104
0 260 104
0 260 104
0 260 104
