-0 260 176
-0 260 176
-0 260 176
-0 260 176
-0 260 176
-0 260 176
-0 260 176
-0 260 176
-15.8489 246.223 176
-22.0518 241.166 176
-25.2795 238.788 176
-26.2352 238.373 176
-34.1944 232.31 176
-43.0435 225.762 176
-41.7646 227.37 176
-27.7674 238.693 176
-25.5563 240.742 176
-26.5273 240.371 176
-26.6976 240.603 176
-26.0517 241.418 176
-25.3937 242.219 176
-25.5479 242.441 176
-25.7002 242.665 176
-26.6843 242.338 176
-26.8375 242.572 176
-26.1451 243.344 176
-27.1375 243.043 176
-26.4318 243.803 176
-28.2865 243.004 176
-27.5721 243.759 176
-26.8468 244.5 176
-27.8514 244.242 176
-27.1132 244.971 176
-29.001 244.254 176
-29.1373 244.507 176
-30.1584 244.301 176
-29.4032 245.018 176
-30.4278 244.829 176
-30.559 245.095 176
-31.5905 244.932 176
-30.8145 245.631 176
-31.8486 245.486 176
-31.9741 245.764 176
-32.0971 246.044 176
-34.0587 245.543 176
-34.1835 245.841 176
-35.233 245.765 176
-35.3559 246.073 176
-36.4096 246.024 176
-36.5302 246.342 176
-39.4671 245.635 176
-42.4189 244.979 176
-0 260 176
-0 260 176
-69.4271 237.442 176
-70.5751 237.748 176
-0 260 176
-0 260 176
-0 260 176
-0 260 176
-0 260 176
-0 260 176
-0 260 176
-0 260 176
-0 260 176
-0 260 176
-0 260 176
-0 260 176
-0 260 176
-0 260 176
-0 260 176
-0 260 176
-720.025 145.959 176
-720.993 152.247 176
-721.905 158.543 176
-721.772 164.977 176
-722.574 171.279 176
-723.32 177.588 176
-725.006 183.799 176
-723.653 190.32 176
-724.234 196.638 176
-724.759 202.96 176
-726.227 209.217 176
-724.646 215.679 176
-726.004 221.952 176
-726.308 228.289 176
-726.557 234.628 176
-725.751 240.996 176
-725.889 247.33 176
-724.972 253.673 176
-726 260 176
-724.972 266.327 176
-723.89 272.636 176
-723.752 278.952 176
-724.558 285.302 176
-724.31 291.624 176
-722.009 297.839 176
-721.651 304.138 176
-721.239 310.434 176
-718.777 316.569 176
-719.253 322.927 176
-717.681 329.105 176
-717.05 335.365 176
-715.372 341.506 176
-715.626 347.868 176
-712.849 353.848 176
-711.012 359.926 176
-710.113 366.127 176
-709.16 372.32 176
-708.153 378.504 176
-706.107 384.506 176
-704.994 390.663 176
-701.863 396.429 176
-699.666 402.349 176
-697.419 408.241 176
-696.099 414.322 176
-693.751 420.165 176
-692.327 426.213 176
-688.91 431.765 176
-688.353 438.02 176
-685.807 443.762 176
-684.178 449.739 176
-680.573 455.151 176
-676.927 460.515 176
-675.151 466.415 176
-673.324 472.298 176
-670.495 477.857 176
-666.671 483.065 176
-663.754 488.549 176
-662.677 494.666 176
-657.785 499.414 176
-654.734 504.795 176
-652.573 510.499 176
-649.431 515.818 176
-646.247 521.101 176
-643.02 526.348 176
-639.751 531.558 176
-635.523 536.333 176
-633.087 541.869 176
-626.963 545.724 176
-625.352 551.607 176
-621.881 556.622 176
-619.269 562.038 176
-615.715 566.984 176
-612.121 571.892 176
-607.602 576.298 176
-603.936 581.119 176
-600.232 585.9 176
-596.491 590.64 176
-591.842 594.848 176
-588.897 600 176
-584.185 604.111 176
-580.302 608.681 176
-576.385 613.209 176
-572.432 617.696 176
-567.602 621.603 176
-563.587 625.998 176
-560.371 630.902 176
-555.455 634.659 176
-551.34 638.926 176
-546.374 642.576 176
-540.573 645.587 176
-537.996 650.877 176
-532.957 654.368 176
-527.898 657.8 176
-523.613 661.783 176
-520.087 666.337 176
-514.956 669.615 176
-510.585 673.464 176
-506.186 677.267 176
-501.759 681.026 176
-496.545 684.09 176
-490.561 686.438 176
-486.072 690.04 176
-481.558 693.597 176
-477.018 697.107 176
-470.992 699.207 176
-467.141 703.3 176
-462.535 706.665 176
-455.767 707.881 176
-452.548 712.548 176
-447.18 715.054 176
-441.803 717.5 176
-436.417 719.887 176
-433.069 724.41 176
-426.973 725.959 176
-422.221 728.924 176
-417.451 731.842 176
-412.005 733.958 176
-405.905 735.254 176
-401.099 738.012 176
-395.641 739.951 176
-390.808 742.608 176
-385.959 745.217 176
-379.863 746.203 176
-374.388 747.912 176
-370.718 751.96 176
-365.221 753.568 176
-359.137 754.309 176
-354.229 756.611 176
-349.882 759.683 176
-344.375 761.069 176
-338.312 761.568 176
-333.922 764.501 176
-327.873 764.88 176
-322.917 766.878 176
-317.422 767.981 176
-311.932 769.026 176
-306.963 770.872 176
-294.88 760.607 176
-279 743.242 176
-274.772 745.659 176
-269.069 745.414 176
-264.823 747.744 176
-272.763 772.993 176
-270.123 778.901 176
-264.222 778.566 176
-258.795 779.062 176
-253.378 779.503 176
-247.974 779.889 176
-243.428 782.033 176
-238.034 782.318 176
-233.06 783.462 176
-227.287 782.724 176
-222.326 783.767 176
-216.981 783.84 176
-211.653 783.859 176
-206.707 784.756 176
-201.403 784.672 176
-196.466 785.473 176
-191.531 786.228 176
-186.264 785.994 176
-181.016 785.708 176
-175.787 785.371 176
-170.577 784.983 176
-165.388 784.544 176
-160.512 785.011 176
-155.356 784.474 176
-150.498 784.849 176
-145.378 784.215 176
-140.28 783.532 176
-135.205 782.8 176
-130.396 782.989 176
-125.594 783.135 176
-120.799 783.237 176
-115.795 782.318 176
-110.817 781.353 176
-106.064 781.32 176
-100.938 779.281 176
-96.2203 779.159 176
-91.5125 778.994 176
-86.6499 777.8 176
-81.9716 777.549 176
-77.1565 776.266 176
-72.37 774.939 176
-67.6125 773.568 176
-63.0064 773.146 176
-58.1864 770.696 176
-53.7276 771.184 176
-49.1688 770.638 176
-44.5365 769.055 176
-39.9356 767.431 176
-35.4362 766.763 176
-30.8905 765.056 176
-26.3773 763.309 176
-21.9405 762.521 176
-17.4846 760.695 176
-13.1146 760.828 176
-8.70871 758.924 176
-4.34578 757.981 176
3.7447e-05 756 176
4.30222 752.981 176
8.58662 751.925 176
12.8529 750.832 176
17.0659 748.702 176
21.2863 747.536 176
25.4353 745.334 176
29.5475 743.097 176
33.7622 742.821 176
37.8173 740.514 176
41.8348 738.173 176
45.8143 735.799 176
49.8601 734.387 176
53.998 733.934 176
57.888 731.459 176
61.8694 729.945 176
65.4114 725.426 176
69.6183 725.826 176
73.3678 723.226 176
77.4074 722.568 176
80.9201 718.92 176
84.9218 718.197 176
88.7262 716.457 176
92.3074 713.705 176
96.0552 711.904 176
99.3458 708.12 176
102.803 705.287 176
106.218 702.428 176
110.316 702.455 176
113.673 699.539 176
116.986 696.598 176
121.059 696.525 176
124.312 693.529 176
127.807 691.469 176
130.69 687.468 176
133.814 684.404 176
137.513 683.22 176
141.201 682.004 176
144.552 679.81 176
147.876 677.59 176
151.173 675.344 176
154.091 672.136 176
156.607 667.975 176
159.795 665.662 176
162.954 663.325 176
166.85 662.811 176
169.577 659.499 176
172.658 657.087 176
175.71 654.652 176
178.733 652.193 176
181.303 648.806 176
183.828 645.404 176
187.623 644.684 176
189.634 640.347 176
192.946 638.678 176
195.32 635.206 176
199.056 634.37 176
201.361 630.861 176
203.135 626.466 176
205.833 623.809 176
209 621.999 176
212.659 621.023 176
214.256 616.582 176
216.837 613.846 176
220.446 612.788 176
222.979 610.007 176
224.391 605.532 176
227.398 603.561 176
229.828 600.734 176
232.227 597.892 176
234.593 595.033 176
236.927 592.159 176
239.816 590.079 176
240.903 585.562 176
243.735 583.447 176
245.94 580.515 176
248.727 578.356 176
250.873 575.391 176
252.357 571.636 176
253.795 567.878 176
257.115 566.418 176
260.429 564.923 176
260.455 559.62 176
263.723 558.084 176
265.645 555.028 176
266.858 551.225 176
268.707 548.153 176
271.9 546.523 176
272.306 541.981 176
276.158 541.021 176
277.893 537.893 176
278.881 534.056 176
281.981 532.306 176
282.171 527.77 176
285.228 525.979 176
285.326 521.453 176
288.34 519.623 176
289.846 516.434 176
292.073 513.895 176
291.235 508.739 176
295.693 508.116 176
295.532 503.618 176
297.647 501.03 176
299.739 498.423 176
301.02 495.183 176
303.854 493.156 176
306.676 491.097 176
306.269 486.627 176
308.235 483.946 176
309.364 480.667 176
310.459 477.385 176
311.52 474.102 176
315.034 472.493 176
316.043 469.184 176
316.179 465.329 176
317.959 462.562 176
320.562 460.309 176
320.593 456.459 176
321.438 453.139 176
322.249 449.819 176
324.76 447.5 176
326.383 444.659 176
328.857 442.288 176
328.678 438.457 176
329.339 435.113 176
329.968 431.77 176
331.454 428.884 176
332.916 425.986 176
334.351 423.074 176
335.762 420.15 176
335.334 416.369 176
337.596 413.851 176
338.012 410.493 176
339.312 407.537 176
341.507 404.961 176
339.988 400.827 176
342.131 398.23 176
342.394 394.872 176
343.558 391.879 176
345.632 389.227 176
344.867 385.521 176
346.892 382.841 176
347.951 379.809 176
348.983 376.768 176
349.038 373.409 176
350.968 370.66 176
351.92 367.593 176
351.887 364.234 176
352.783 361.159 176
351.725 357.542 176
353.529 354.728 176
353.374 351.389 176
355.128 348.543 176
355.887 345.441 176
356.619 342.332 176
357.324 339.217 176
357.024 335.888 176
357.673 332.769 176
358.294 329.645 176
358.888 326.516 176
357.485 323.034 176
359.994 320.242 176
360.506 317.099 176
360.991 313.95 176
360.458 310.659 176
360.886 307.512 176
361.287 304.36 176
359.673 300.98 176
361.011 297.944 176
362.324 294.888 176
363.611 291.812 176
363.875 288.638 176
362.116 285.322 176
363.321 282.222 176
362.503 278.998 176
361.655 275.79 176
361.779 272.634 176
362.876 269.502 176
363.945 266.353 176
362.986 263.168 176
363 260 176
362.986 256.832 176
363.945 253.647 176
363.875 250.472 176
364.778 247.262 176
362.655 244.166 176
365.498 240.845 176
366.315 237.595 176
364.111 234.539 176
363.875 231.362 176
364.607 228.101 176
364.315 224.92 176
363 221.847 176
363.647 218.568 176
363.272 215.396 176
363.86 212.097 176
363.428 208.923 176
363.958 205.606 176
363.469 202.432 176
361.967 199.428 176
360.44 196.445 176
360.855 193.12 176
360.257 189.973 176
361.592 186.433 176
358.98 183.696 176
357.324 180.783 176
0 260 176
0 260 176
0 260 176
0 260 176
0 260 176
0 260 176
0 260 176
0 260 176
71.7229 238.072 176
70.5751 237.748 176
0 260 176
0 260 176
0 260 176
38.6483 246.314 176
38.5274 245.977 176
35.5935 246.692 176
35.4761 246.382 176
36.2863 245.706 176
35.233 245.765 176
35.1074 245.458 176
34.0587 245.543 176
33.0142 245.645 176
32.8876 245.357 176
31.8486 245.486 176
31.7208 245.208 176
33.3957 244.071 176
33.2554 243.78 176
33.1126 243.491 176
32.0762 243.656 176
31.9324 243.377 176
30.0202 244.038 176
29.001 244.254 176
28.8625 244.001 176
28.7217 243.75 176
28.5788 243.5 176
28.4338 243.251 176
28.2865 243.004 176
28.1371 242.758 176
28.8336 241.983 176
27.8319 242.269 176
28.5148 241.482 176
27.5182 241.786 176
27.3582 241.547 176
26.372 241.875 176
26.2129 241.646 176
26.0517 241.418 176
25.0795 241.779 176
24.1157 242.155 176
23.1604 242.547 176
34.9075 233.214 176
40.9766 227.986 176
32.8695 233.854 176
25.6458 239.232 176
25.4636 239.009 176
22.9813 240.716 176
0 260 176
0 260 176
0 260 176
0 260 176
0 260 176
0 260 176
0 260 176
0 260 176
0 260 176
0 260 176
0 260 176
