-0 260 152
-0 260 152
-0 260 152
-0 260 152
-0 260 152
-0 260 152
-0 260 152
-0 260 152
-15.8489 246.223 152
-22.8122 240.517 152
-26.8116 237.502 152
-27.0069 237.737 152
-32.6401 233.569 152
-44.6087 224.517 152
-40.1886 228.601 152
-27.7674 238.693 152
-24.7577 241.344 152
-25.7234 240.966 152
-26.6976 240.603 152
-25.2376 241.998 152
-26.2129 241.646 152
-26.372 241.875 152
-27.3582 241.547 152
-27.5182 241.786 152
-26.8375 242.572 152
-27.8319 242.269 152
-27.1375 243.043 152
-27.2845 243.28 152
-28.2865 243.004 152
-29.2954 242.744 152
-28.5788 243.5 152
-27.8514 244.242 152
-28.8625 244.001 152
-28.1222 244.731 152
-30.9032 243.569 152
-31.0454 243.839 152
-30.2942 244.564 152
-32.2176 243.937 152
-31.4578 244.657 152
-32.4931 244.502 152
-32.6271 244.786 152
-32.7586 245.071 152
-33.8012 244.951 152
-33.9312 245.246 152
-33.1382 245.934 152
-35.1074 245.458 152
-35.233 245.765 152
-34.4255 246.439 152
-36.4096 246.024 152
-37.4669 245.992 152
-39.4671 245.635 152
-0 260 152
-0 260 152
-0 260 152
-71.3292 236.824 152
-71.5288 237.447 152
-0 260 152
-0 260 152
-0 260 152
-0 260 152
-0 260 152
-0 260 152
-0 260 152
-0 260 152
-0 260 152
-0 260 152
-0 260 152
-0 260 152
-0 260 152
-0 260 152
-0 260 152
-0 260 152
-723.976 145.334 152
-725.938 151.508 152
-724.876 158.125 152
-725.738 164.455 152
-727.536 170.67 152
-728.288 177.022 152
-727.99 183.485 152
-728.63 189.841 152
-728.218 196.289 152
-729.743 202.568 152
-729.219 209.008 152
-730.635 215.313 152
-729.998 221.743 152
-729.305 228.158 152
-731.554 234.454 152
-730.75 240.865 152
-730.889 247.242 152
-728.972 253.638 152
-731 260 152
-729.972 266.37 152
-728.889 272.723 152
-729.75 279.109 152
-728.556 285.442 152
-728.306 291.799 152
-727.002 298.101 152
-726.642 304.443 152
-726.227 310.783 152
-725.756 317.118 152
-724.234 323.362 152
-722.658 329.584 152
-723.017 335.992 152
-720.34 342.072 152
-719.596 348.355 152
-717.806 354.501 152
-715.964 360.622 152
-716.047 367.014 152
-714.099 373.102 152
-711.112 378.999 152
-710.046 385.2 152
-709.91 391.574 152
-707.753 397.573 152
-704.566 403.346 152
-703.288 409.489 152
-701.957 415.62 152
-699.598 421.515 152
-697.189 427.38 152
-695.702 433.458 152
-693.194 439.272 152
-690.637 445.056 152
-688.996 451.076 152
-687.302 457.081 152
-683.638 462.503 152
-680.889 468.169 152
-679.046 474.103 152
-675.25 479.402 152
-673.31 485.286 152
-669.427 490.502 152
-666.448 496.002 152
-663.423 501.466 152
-660.354 506.896 152
-658.174 512.649 152
-654.084 517.65 152
-650.883 522.974 152
-647.64 528.261 152
-644.353 533.512 152
-641.025 538.726 152
-638.568 544.309 152
-634.243 549.041 152
-630.79 554.142 152
-627.297 559.205 152
-623.763 564.23 152
-621.084 569.661 152
-616.576 574.162 152
-612.924 579.068 152
-609.234 583.935 152
-604.626 588.285 152
-599.989 592.579 152
-597.064 597.803 152
-594.093 603 152
-589.354 607.156 152
-584.588 611.256 152
-580.648 615.822 152
-576.673 620.345 152
-572.663 624.827 152
-567.78 628.721 152
-563.707 633.109 152
-560.429 638.014 152
-555.461 641.758 152
-550.47 645.443 152
-546.271 649.652 152
-542.041 653.816 152
-537.78 657.937 152
-531.891 660.809 152
-528.373 665.435 152
-524.027 669.415 152
-518.087 672.105 152
-514.471 676.61 152
-508.501 679.176 152
-504.823 683.597 152
-499.587 686.687 152
-495.089 690.375 152
-489.817 693.354 152
-484.53 696.273 152
-479.967 699.809 152
-473.917 701.935 152
-470.043 706.054 152
-465.413 709.444 152
-460.76 712.787 152
-455.377 715.377 152
-449.283 717.194 152
-443.887 719.658 152
-439.17 722.789 152
-433.069 724.41 152
-429 728.171 152
-424.229 731.154 152
-418.776 733.34 152
-412.661 734.712 152
-408.503 738.295 152
-402.385 739.544 152
-397.549 742.265 152
-392.696 744.939 152
-387.827 747.565 152
-381.094 747.779 152
-376.823 751.086 152
-371.32 752.758 152
-366.411 755.176 152
-360.312 755.927 152
-354.809 757.425 152
-349.308 758.864 152
-343.809 760.245 152
-338.312 761.568 152
-332.818 762.833 152
-328.417 765.718 152
-322.917 766.878 152
-313.712 762.045 152
-297.302 745.152 152
-288.936 740.871 152
-283.206 740.789 152
-277.5 740.644 152
-286.098 765.677 152
-285.068 774.276 152
-280.569 776.744 152
-274.171 775.641 152
-269.199 777.127 152
-263.314 776.784 152
-257.902 777.272 152
-252.94 778.604 152
-247.544 778.987 152
-242.16 779.314 152
-237.204 780.498 152
-231.84 780.721 152
-226.888 781.807 152
-221.545 781.926 152
-216.216 781.992 152
-210.903 782.005 152
-205.607 781.964 152
-200.686 782.805 152
-195.065 781.726 152
-190.505 783.409 152
-185.263 783.166 152
-179.714 781.926 152
-174.835 782.526 152
-169.65 782.13 152
-164.787 782.637 152
-159.635 782.142 152
-154.788 782.557 152
-149.395 781.004 152
-144.576 781.324 152
-139.503 780.634 152
-134.704 780.863 152
-129.67 780.079 152
-124.66 779.246 152
-119.674 778.365 152
-114.929 778.413 152
-110.193 778.418 152
-105.067 776.42 152
-100.556 777.318 152
-95.4914 775.226 152
-90.9916 776.039 152
-86.1548 774.841 152
-81.5023 774.586 152
-76.713 773.299 152
-71.9525 771.969 152
-67.2209 770.594 152
-62.5189 769.176 152
-57.96 768.709 152
-53.3095 767.206 152
-48.7854 766.657 152
-44.1879 765.071 152
-39.7003 764.44 152
-35.1572 762.772 152
-30.7074 762.062 152
-26.2203 760.313 152
-21.6788 756.527 152
-17.345 756.697 152
-12.9837 755.83 152
-8.6389 754.925 152
-4.31087 753.981 152
3.7145e-05 752 152
4.29349 751.981 152
8.53426 748.926 152
12.7744 747.833 152
16.9612 745.704 152
21.1118 743.539 152
25.3306 743.337 152
29.3644 740.103 152
33.4831 738.831 152
37.3466 734.533 152
41.6605 736.181 152
45.6226 733.809 152
49.3375 729.414 152
53.5452 729.959 152
57.5224 728.482 152
61.2168 724.988 152
65.2722 724.436 152
69.027 721.87 152
72.8985 720.263 152
76.7472 718.623 152
80.2255 714.981 152
84.1928 714.264 152
87.7722 711.548 152
91.3105 708.806 152
95.4315 708.97 152
98.4801 704.215 152
102.353 703.338 152
105.984 701.456 152
109.107 697.603 152
112.17 693.73 152
116.469 694.667 152
119.723 691.706 152
123.21 689.684 152
126.387 686.675 152
130.105 685.556 152
133.213 682.497 152
136.277 679.416 152
139.297 676.314 152
141.948 672.246 152
145.874 671.934 152
149.121 669.706 152
152.69 668.389 152
155.89 666.107 152
159.062 663.801 152
162.205 661.471 152
164.171 656.344 152
168.405 656.738 152
171.063 653.419 152
173.27 649.17 152
176.659 647.643 152
178.768 643.368 152
182.106 641.794 152
185.431 640.19 152
187.849 636.767 152
190.222 633.332 152
193.011 630.771 152
196.239 629.072 152
198.975 626.467 152
202.166 624.716 152
203.863 620.327 152
207.5 619.401 152
209.106 614.991 152
211.681 612.296 152
213.702 608.73 152
215.677 605.156 152
219.756 604.947 152
221.668 601.339 152
224.086 598.558 152
227.032 596.589 152
228.262 592.123 152
230.578 589.299 152
234.023 588.089 152
235.114 583.607 152
239.119 583.15 152
240.124 578.656 152
243.505 577.341 152
245.033 573.628 152
247.138 570.695 152
248.582 566.973 152
250.615 564.02 152
253.258 561.821 152
255.233 558.84 152
257.831 556.601 152
260.41 554.34 152
262.299 551.313 152
262.129 546.064 152
265.297 544.497 152
266.393 540.72 152
268.833 538.384 152
269.85 534.601 152
271.529 531.529 152
275.315 530.551 152
276.226 526.749 152
278.544 524.328 152
280.108 521.205 152
282.377 518.751 152
283.138 514.939 152
285.352 512.458 152
287.544 509.958 152
288.954 506.79 152
290.331 503.616 152
292.446 501.074 152
292.984 497.254 152
295.043 494.688 152
297.08 492.104 152
299.094 489.503 152
299.488 485.681 152
299.839 481.869 152
302.572 479.832 152
304.479 477.183 152
305.544 473.944 152
307.399 471.27 152
309.231 468.579 152
311.039 465.872 152
310.308 461.516 152
313.742 459.875 152
315.474 457.13 152
315.477 453.324 152
316.295 450.049 152
317.941 447.282 152
319.563 444.5 152
320.291 441.212 152
320.985 437.925 152
322.526 435.117 152
322.276 431.357 152
326.42 429.923 152
326.108 426.161 152
327.546 423.308 152
328.959 420.444 152
330.346 417.567 152
328.99 413.41 152
331.226 410.948 152
333.444 408.459 152
332.893 404.746 152
335.984 402.617 152
335.368 398.914 152
337.495 396.357 152
338.672 393.406 152
337.023 389.371 152
338.139 386.425 152
341.108 384.153 152
341.236 380.838 152
340.387 377.205 152
342.345 374.547 152
342.38 371.246 152
344.292 368.555 152
344.27 365.254 152
345.175 362.246 152
344.132 358.678 152
346.907 356.206 152
346.767 352.916 152
347.565 349.886 152
347.366 346.608 152
349.081 343.807 152
349.799 340.757 152
348.538 337.269 152
350.177 334.432 152
350.813 331.374 152
352.404 328.5 152
352.989 325.423 152
353.546 322.34 152
354.077 319.252 152
353.592 316.004 152
352.09 312.62 152
353.526 309.685 152
354.937 306.728 152
356.324 303.751 152
356.692 300.64 152
355.044 297.317 152
356.352 294.313 152
357.634 291.289 152
356.896 288.088 152
357.128 284.973 152
357.332 281.855 152
357.509 278.736 152
358.658 275.659 152
356.783 272.459 152
357.877 269.371 152
358.945 266.265 152
358.986 263.133 152
359 260 152
356.986 256.885 152
358.945 253.735 152
358.877 250.602 152
357.782 247.506 152
357.659 244.384 152
358.508 241.211 152
358.33 238.084 152
356.13 235.097 152
357.893 231.833 152
358.63 228.624 152
359.338 225.4 152
359.022 222.265 152
357.686 219.247 152
357.317 216.127 152
356.92 213.011 152
357.487 209.759 152
355.057 206.936 152
356.555 203.527 152
357.035 200.253 152
355.516 197.313 152
353.972 194.395 152
353.386 191.309 152
352.773 188.228 152
352.133 185.152 152
352.443 181.865 152
0 260 152
0 260 152
0 260 152
0 260 152
0 260 152
0 260 152
0 260 152
0 260 152
71.7229 238.072 152
73.4362 236.846 152
0 260 152
0 260 152
0 260 152
40.5336 245.646 152
38.5274 245.977 152
36.5302 246.342 152
36.4096 246.024 152
37.2167 245.34 152
36.1602 245.39 152
35.1074 245.458 152
34.0587 245.543 152
33.9312 245.246 152
33.8012 244.951 152
32.7586 245.071 152
32.6271 244.786 152
34.2982 243.641 152
33.2554 243.78 152
34.0075 243.044 152
32.0762 243.656 152
31.0454 243.839 152
30.9032 243.568 152
30.7586 243.299 152
29.7371 243.516 152
30.4624 242.765 152
29.4449 243 152
29.2954 242.744 152
28.2865 243.004 152
29.8424 241.713 152
29.6817 241.453 152
28.6753 241.732 152
28.5148 241.482 152
28.3521 241.234 152
28.1873 240.987 152
27.1962 241.309 152
26.2129 241.646 152
26.0517 241.418 152
25.8885 241.191 152
24.9196 241.56 152
25.5563 240.742 152
35.7009 232.606 152
41.7646 227.37 152
32.8695 233.854 152
27.2001 237.974 152
26.2352 238.373 152
23.7474 240.074 152
0 260 152
0 260 152
0 260 152
0 260 152
0 260 152
0 260 152
0 260 152
0 260 152
0 260 152
0 260 152
0 260 152
