-0 260 281
-0 260 281
-0 260 281
-0 260 281
-0 260 281
-0 260 281
-0 260 281
-0 260 281
-15.8489 246.223 281
-22.0518 241.166 281
-26.8116 237.502 281
-27.0069 237.737 281
-34.1944 232.31 281
-40.6956 227.629 281
-40.9766 227.986 281
-26.1807 239.911 281
-26.355 240.14 281
-26.5273 240.371 281
-26.6976 240.603 281
-26.0517 241.418 281
-26.2129 241.646 281
-26.372 241.875 281
-26.5292 242.106 281
-27.5182 241.786 281
-26.8375 242.572 281
-27.8319 242.269 281
-26.2895 243.573 281
-27.2845 243.28 281
-27.4294 243.519 281
-28.4338 243.251 281
-27.7128 244 281
-26.981 244.735 281
-27.1132 244.971 281
-27.2433 245.208 281
-30.0202 244.038 281
-30.1584 244.301 281
-30.2942 244.564 281
-30.4278 244.829 281
-30.559 245.095 281
-30.6879 245.363 281
-31.7208 245.208 281
-31.8486 245.486 281
-32.8876 245.357 281
-33.0142 245.645 281
-33.1382 245.934 281
-34.1835 245.841 281
-34.3058 246.14 281
-36.2863 245.706 281
-36.4096 246.024 281
-37.4669 245.992 281
-38.5274 245.977 281
-0 260 281
-0 260 281
-0 260 281
-72.2803 236.515 281
-70.5751 237.748 281
-0 260 281
-69.9938 239.267 281
-0 260 281
-0 260 281
-0 260 281
-0 260 281
-0 260 281
-0 260 281
-0 260 281
-0 260 281
-0 260 281
-0 260 281
-0 260 281
-0 260 281
-0 260 281
-0 260 281
-1080.53 88.8609 281
-1088.91 97.262 281
-1098.21 105.657 281
-1093.56 116.03 281
-1099.74 124.969 281
-1109.82 133.552 281
-942.807 160.907 281
-946.622 168.851 281
-1124.7 161.601 281
-1103.59 173.146 281
-1113.28 182.152 281
-1103.94 192.48 281
-1039.57 205.518 281
-1016.03 215.639 281
-985.399 225.589 281
-1012.65 233.483 281
-1015.85 242.269 281
-1179.96 249.703 281
-1030 260 281
-1097.96 269.582 281
-1044.84 278.238 281
-1032.65 287.041 281
-1051.36 296.714 281
-1007.04 303.968 281
-1002.62 312.545 281
-1017.1 322.209 281
-1022.5 331.501 281
-1053.74 342.931 281
-1084.86 354.913 281
-1080 363.993 281
-1039.28 369.232 281
-1117.77 387.354 281
-1104.7 395.641 281
-1099.51 404.754 281
-1095.24 413.926 281
-1104.73 425.103 281
-1104.24 434.894 281
-1084.91 441.553 281
-1072.46 449.103 281
-1060.93 456.632 281
-1067.03 467.41 281
-1107.31 485.286 281
-1131.72 500.554 281
-1123.72 509.122 281
-1097.14 513.295 281
-1113.36 527.295 281
-1113.9 537.726 281
-1099.82 544.432 281
-1134 563.854 281
-1119.74 570.531 281
-1101.61 575.881 281
-1112.23 589.458 281
-1108.36 598.859 281
-1108.22 609.42 281
-1114.64 622.168 281
-1097.21 627.122 281
-1044.8 619.753 281
-1089.69 645.881 281
-1093.8 658.112 281
-1057.5 655.384 281
-1165.11 707.243 281
-1178.84 724.357 281
-1137.65 719.642 281
-0 260 281
-0 260 281
-0 260 281
-0 260 281
-0 260 281
-0 260 281
-0 260 281
-0 260 281
-0 260 281
-0 260 281
-0 260 281
-0 260 281
-0 260 281
-0 260 281
-0 260 281
-0 260 281
-0 260 281
-0 260 281
-0 260 281
-0 260 281
-0 260 281
-0 260 281
-0 260 281
-0 260 281
-0 260 281
-0 260 281
-0 260 281
-0 260 281
-0 260 281
-0 260 281
-0 260 281
-0 260 281
-0 260 281
-0 260 281
-0 260 281
-0 260 281
-0 260 281
-0 260 281
-0 260 281
-0 260 281
-0 260 281
-0 260 281
-0 260 281
-0 260 281
-0 260 281
-0 260 281
-0 260 281
-0 260 281
-0 260 281
-0 260 281
-0 260 281
-0 260 281
-0 260 281
-0 260 281
-0 260 281
-0 260 281
-0 260 281
-0 260 281
-0 260 281
-0 260 281
-0 260 281
-0 260 281
-0 260 281
-0 260 281
-0 260 281
-0 260 281
-0 260 281
-0 260 281
-0 260 281
-0 260 281
-0 260 281
-0 260 281
-0 260 281
-0 260 281
-0 260 281
-0 260 281
-0 260 281
-0 260 281
-0 260 281
-0 260 281
-0 260 281
-0 260 281
-0 260 281
-0 260 281
-0 260 281
-0 260 281
-0 260 281
-0 260 281
-0 260 281
-0 260 281
-0 260 281
-0 260 281
-0 260 281
-0 260 281
-0 260 281
-0 260 281
-0 260 281
-0 260 281
-0 260 281
-0 260 281
-0 260 281
-0 260 281
-0 260 281
-0 260 281
-0 260 281
-0 260 281
-0 260 281
-0 260 281
-0 260 281
-0 260 281
-0 260 281
-0 260 281
-0 260 281
-0 260 281
-0 260 281
-0 260 281
-0 260 281
-0 260 281
-0 260 281
-0 260 281
-0 260 281
0 260 281
0 260 281
0 260 281
0 260 281
0 260 281
0 260 281
0 260 281
0 260 281
0 260 281
0 260 281
0 260 281
0 260 281
0 260 281
0 260 281
0 260 281
0 260 281
0 260 281
0 260 281
0 260 281
0 260 281
0 260 281
0 260 281
0 260 281
0 260 281
0 260 281
0 260 281
0 260 281
0 260 281
0 260 281
0 260 281
0 260 281
0 260 281
0 260 281
0 260 281
0 260 281
0 260 281
0 260 281
0 260 281
0 260 281
0 260 281
0 260 281
0 260 281
0 260 281
0 260 281
0 260 281
0 260 281
0 260 281
0 260 281
0 260 281
0 260 281
0 260 281
0 260 281
0 260 281
0 260 281
0 260 281
0 260 281
0 260 281
0 260 281
0 260 281
0 260 281
0 260 281
0 260 281
0 260 281
0 260 281
0 260 281
0 260 281
0 260 281
0 260 281
0 260 281
0 260 281
0 260 281
0 260 281
0 260 281
0 260 281
0 260 281
0 260 281
0 260 281
0 260 281
0 260 281
0 260 281
0 260 281
0 260 281
0 260 281
0 260 281
0 260 281
0 260 281
0 260 281
0 260 281
0 260 281
0 260 281
0 260 281
0 260 281
0 260 281
0 260 281
0 260 281
0 260 281
0 260 281
0 260 281
0 260 281
0 260 281
0 260 281
0 260 281
0 260 281
0 260 281
0 260 281
0 260 281
0 260 281
0 260 281
0 260 281
0 260 281
0 260 281
0 260 281
0 260 281
0 260 281
0 260 281
0 260 281
0 260 281
0 260 281
0 260 281
0 260 281
0 260 281
0 260 281
0 260 281
0 260 281
0 260 281
0 260 281
0 260 281
0 260 281
0 260 281
0 260 281
0 260 281
0 260 281
0 260 281
0 260 281
0 260 281
0 260 281
0 260 281
0 260 281
0 260 281
0 260 281
0 260 281
0 260 281
0 260 281
0 260 281
0 260 281
0 260 281
0 260 281
0 260 281
0 260 281
0 260 281
0 260 281
0 260 281
0 260 281
0 260 281
0 260 281
0 260 281
0 260 281
0 260 281
0 260 281
0 260 281
0 260 281
0 260 281
0 260 281
0 260 281
0 260 281
0 260 281
0 260 281
0 260 281
0 260 281
0 260 281
0 260 281
0 260 281
0 260 281
0 260 281
0 260 281
0 260 281
0 260 281
0 260 281
1156.63 97.4458 281
1162.09 86.324 281
1155.6 76.9717 281
1108.59 74.4865 281
1103.97 65.3404 281
787.587 114.029 281
776.467 109.07 281
781 101.104 281
783.496 93.4627 281
764.44 90.5278 281
0 260 281
0 260 281
0 260 281
0 260 281
0 260 281
0 260 281
0 260 281
0 260 281
70.7666 238.364 281
71.5288 237.447 281
0 260 281
0 260 281
41.6028 245.675 281
39.5909 245.98 281
37.5877 246.319 281
36.5302 246.342 281
35.4761 246.382 281
36.2863 245.706 281
35.233 245.765 281
34.1835 245.841 281
34.0587 245.543 281
33.9312 245.246 281
32.8876 245.357 281
31.8486 245.486 281
32.6271 244.786 281
33.3957 244.071 281
33.2554 243.78 281
33.1126 243.491 281
31.1852 244.11 281
30.1584 244.301 281
30.0202 244.038 281
29.8798 243.777 281
29.7371 243.516 281
29.5921 243.258 281
28.5788 243.5 281
28.4338 243.251 281
27.4294 243.519 281
29.8424 241.713 281
27.9856 242.513 281
27.8319 242.269 281
27.6761 242.027 281
27.5182 241.786 281
27.3582 241.547 281
26.372 241.875 281
26.2129 241.646 281
26.8658 240.837 281
25.0795 241.779 281
23.3118 242.75 281
23.1604 242.547 281
35.7009 232.606 281
40.9766 227.986 281
33.6522 233.232 281
27.2001 237.974 281
26.2352 238.373 281
23.7474 240.074 281
0 260 281
0 260 281
0 260 281
0 260 281
0 260 281
0 260 281
0 260 281
0 260 281
0 260 281
0 260 281
0 260 281
