-0 260 22
-0 260 22
-0 260 22
-0 260 22
-0 260 22
-0 260 22
-0 260 22
-0 260 22
-16.6036 245.567 22
-22.8122 240.517 22
-25.2795 238.788 22
-26.2352 238.373 22
-32.6401 233.569 22
-42.2608 226.384 22
-41.7646 227.37 22
-26.1807 239.911 22
-26.355 240.14 22
-26.5273 240.371 22
-27.5066 240.015 22
-26.8658 240.837 22
-27.032 241.072 22
-26.372 241.875 22
-26.5292 242.106 22
-27.5182 241.786 22
-27.6761 242.027 22
-27.8319 242.269 22
-27.1375 243.043 22
-27.2845 243.28 22
-27.4294 243.519 22
-27.5721 243.759 22
-28.5788 243.5 22
-27.8514 244.242 22
-28.8625 244.001 22
-28.1222 244.731 22
-29.1373 244.507 22
-31.0454 243.839 22
-30.2942 244.564 22
-31.3227 244.383 22
-31.4578 244.657 22
-30.6879 245.363 22
-31.7208 245.208 22
-31.8486 245.486 22
-32.8876 245.357 22
-33.9312 245.246 22
-34.0587 245.543 22
-35.1074 245.458 22
-35.233 245.765 22
-34.4255 246.439 22
-36.4096 246.024 22
-36.5302 246.342 22
-38.5274 245.977 22
-0 260 22
-0 260 22
-0 260 22
-72.2803 236.515 22
-72.4825 237.146 22
-0 260 22
-69.9938 239.267 22
-0 260 22
-0 260 22
-0 260 22
-0 260 22
-0 260 22
-0 260 22
-0 260 22
-0 260 22
-0 260 22
-0 260 22
-0 260 22
-0 260 22
-0 260 22
-0 260 22
-664.714 154.72 22
-882.202 128.154 22
-877.378 136.693 22
-868.506 145.659 22
-862.523 154.096 22
-875.337 160.268 22
-865.234 169.06 22
-883.912 174.889 22
-871.67 183.739 22
-861.337 192.211 22
-859.9 199.87 22
-861.39 207.315 22
-862.816 214.782 22
-868.173 222.095 22
-872.468 229.533 22
-876.699 237.043 22
-885.865 244.537 22
-905.966 252.094 22
-939 260 22
-946.964 268.264 22
-1151.82 280.105 22
-1101.25 464.104 22
-1101.39 474.088 22
-1124.87 499.099 22
-1103.21 504.577 22
-1169.74 573.43 22
-1120.7 570.798 22
-1115.06 579.739 22
-1135.24 596.274 22
-1157.13 613.77 22
-0 260 22
-0 260 22
-0 260 22
-0 260 22
-0 260 22
-0 260 22
-0 260 22
-0 260 22
-0 260 22
-0 260 22
-0 260 22
-0 260 22
-0 260 22
-0 260 22
-0 260 22
-0 260 22
-0 260 22
-0 260 22
-0 260 22
-0 260 22
-0 260 22
-0 260 22
-0 260 22
-0 260 22
-0 260 22
-0 260 22
-0 260 22
-0 260 22
-0 260 22
-0 260 22
-0 260 22
-0 260 22
-0 260 22
-0 260 22
-0 260 22
-0 260 22
-0 260 22
-0 260 22
-0 260 22
-0 260 22
-0 260 22
-0 260 22
-0 260 22
-0 260 22
-0 260 22
-0 260 22
-0 260 22
-0 260 22
-0 260 22
-0 260 22
-0 260 22
-0 260 22
-0 260 22
-0 260 22
-0 260 22
-0 260 22
-0 260 22
-0 260 22
-0 260 22
-0 260 22
-0 260 22
-0 260 22
-0 260 22
-0 260 22
-0 260 22
-0 260 22
-0 260 22
-0 260 22
-0 260 22
-0 260 22
-0 260 22
-0 260 22
-0 260 22
-0 260 22
-0 260 22
-0 260 22
-0 260 22
-0 260 22
-0 260 22
-0 260 22
-0 260 22
-0 260 22
-0 260 22
-0 260 22
-0 260 22
-0 260 22
-0 260 22
-0 260 22
-0 260 22
-0 260 22
-0 260 22
-0 260 22
-0 260 22
-0 260 22
-0 260 22
-0 260 22
-0 260 22
-0 260 22
-0 260 22
-0 260 22
-0 260 22
-0 260 22
-0 260 22
-0 260 22
-0 260 22
-0 260 22
-0 260 22
-0 260 22
-0 260 22
-0 260 22
-0 260 22
-0 260 22
-0 260 22
0 260 22
0 260 22
0 260 22
0 260 22
0 260 22
0 260 22
0 260 22
0 260 22
0 260 22
0 260 22
0 260 22
0 260 22
0 260 22
0 260 22
0 260 22
0 260 22
0 260 22
0 260 22
0 260 22
0 260 22
0 260 22
0 260 22
0 260 22
0 260 22
0 260 22
0 260 22
0 260 22
0 260 22
0 260 22
0 260 22
0 260 22
0 260 22
0 260 22
0 260 22
0 260 22
0 260 22
0 260 22
0 260 22
0 260 22
0 260 22
0 260 22
0 260 22
0 260 22
0 260 22
0 260 22
0 260 22
0 260 22
0 260 22
0 260 22
0 260 22
0 260 22
0 260 22
0 260 22
0 260 22
0 260 22
0 260 22
0 260 22
0 260 22
0 260 22
0 260 22
0 260 22
0 260 22
0 260 22
0 260 22
0 260 22
0 260 22
0 260 22
0 260 22
0 260 22
0 260 22
0 260 22
0 260 22
0 260 22
0 260 22
0 260 22
0 260 22
0 260 22
0 260 22
0 260 22
0 260 22
0 260 22
0 260 22
0 260 22
0 260 22
0 260 22
0 260 22
0 260 22
0 260 22
0 260 22
0 260 22
0 260 22
0 260 22
0 260 22
0 260 22
0 260 22
0 260 22
0 260 22
0 260 22
0 260 22
0 260 22
0 260 22
0 260 22
0 260 22
0 260 22
0 260 22
0 260 22
0 260 22
0 260 22
0 260 22
0 260 22
0 260 22
0 260 22
0 260 22
0 260 22
0 260 22
0 260 22
0 260 22
0 260 22
0 260 22
0 260 22
0 260 22
0 260 22
0 260 22
0 260 22
0 260 22
0 260 22
0 260 22
0 260 22
0 260 22
0 260 22
0 260 22
0 260 22
0 260 22
0 260 22
0 260 22
0 260 22
0 260 22
0 260 22
0 260 22
0 260 22
0 260 22
0 260 22
0 260 22
0 260 22
0 260 22
0 260 22
0 260 22
0 260 22
0 260 22
0 260 22
0 260 22
0 260 22
0 260 22
0 260 22
0 260 22
0 260 22
0 260 22
0 260 22
0 260 22
0 260 22
0 260 22
0 260 22
0 260 22
685.388 362.432 22
687.246 356.586 22
686.08 350.324 22
682.872 343.846 22
678.61 337.318 22
701.138 333.693 22
674.879 324.983 22
674.424 319.004 22
660.956 312.018 22
633.453 304.295 22
633.816 298.766 22
626.141 292.815 22
635.395 287.742 22
613.626 281.428 22
578.802 275.156 22
587.91 270.262 22
578.978 265.053 22
582 260 22
586.978 254.878 22
598.909 249.546 22
593.796 244.451 22
591.639 239.339 22
586.441 234.395 22
587.194 229.226 22
585.905 224.165 22
602.529 217.867 22
604.132 212.454 22
610.667 206.574 22
616.15 200.671 22
596.713 197.283 22
588.195 192.984 22
594.535 187 22
595.858 181.554 22
591.19 176.914 22
590.442 171.758 22
579.773 168.173 22
606.566 158.496 22
1100.26 56.0785 22
1119.05 42.4778 22
1115.15 33.1193 22
1099.44 26.3073 22
1071.97 22.3493 22
0 260 22
0 260 22
0 260 22
0 260 22
0 260 22
0 260 22
0 260 22
0 260 22
73.6355 237.487 22
71.5288 237.447 22
0 260 22
0 260 22
42.5483 245.349 22
39.5909 245.98 22
38.5274 245.977 22
37.4669 245.992 22
36.4096 246.024 22
36.2863 245.706 22
35.233 245.765 22
35.1074 245.458 22
34.0587 245.543 22
33.0142 245.645 22
33.8012 244.951 22
32.7586 245.071 22
32.6271 244.786 22
33.3957 244.071 22
33.2554 243.78 22
34.0075 243.044 22
31.1852 244.11 22
30.1584 244.301 22
30.0202 244.038 22
29.8798 243.777 22
29.7371 243.516 22
28.7217 243.75 22
29.4449 243 22
29.2954 242.744 22
29.1437 242.489 22
29.8424 241.713 22
27.9856 242.513 22
27.8319 242.269 22
28.5148 241.482 22
28.3521 241.234 22
28.1873 240.987 22
27.1962 241.309 22
27.032 241.072 22
26.0517 241.418 22
25.8885 241.191 22
23.3118 242.75 22
23.9591 241.946 22
35.7009 232.606 22
41.7646 227.37 22
34.4348 232.609 22
27.2001 237.974 22
25.4636 239.009 22
23.7474 240.074 22
0 260 22
0 260 22
0 260 22
0 260 22
0 260 22
0 260 22
0 260 22
0 260 22
0 260 22
0 260 22
0 260 22
