-0 260 149
-0 260 149
-0 260 149
-0 260 149
-0 260 149
-0 260 149
-0 260 149
-0 260 149
-15.8489 246.223 149
-23.5726 239.867 149
-26.0455 238.145 149
-27.7785 237.101 149
-34.9716 231.681 149
-42.2608 226.384 149
-40.9766 227.986 149
-26.974 239.302 149
-25.5563 240.742 149
-27.3311 239.776 149
-27.5066 240.015 149
-26.8658 240.837 149
-25.3937 242.219 149
-25.5479 242.441 149
-26.5292 242.106 149
-27.5182 241.786 149
-26.8375 242.572 149
-26.9885 242.806 149
-27.1375 243.043 149
-27.2845 243.28 149
-27.4294 243.519 149
-27.5721 243.759 149
-26.8468 244.5 149
-26.981 244.735 149
-27.9878 244.486 149
-29.001 244.254 149
-30.0202 244.038 149
-30.1584 244.301 149
-30.2942 244.564 149
-30.4278 244.829 149
-31.4578 244.657 149
-30.6879 245.363 149
-30.8145 245.631 149
-31.8486 245.486 149
-31.9741 245.764 149
-33.9312 245.246 149
-34.0587 245.543 149
-34.1835 245.841 149
-35.233 245.765 149
-33.495 246.806 149
-36.4096 246.024 149
-38.4036 245.642 149
-39.4671 245.635 149
-0 260 149
-0 260 149
-0 260 149
-71.3292 236.824 149
-72.4825 237.146 149
-0 260 149
-71.9115 238.699 149
-0 260 149
-0 260 149
-0 260 149
-0 260 149
-0 260 149
-0 260 149
-0 260 149
-0 260 149
-0 260 149
-0 260 149
-0 260 149
-0 260 149
-0 260 149
-0 260 149
-726.939 144.864 149
-726.927 151.36 149
-728.837 157.569 149
-727.721 164.194 149
-729.521 170.426 149
-729.282 176.909 149
-728.985 183.381 149
-730.621 189.649 149
-731.207 196.028 149
-731.737 202.411 149
-732.212 208.799 149
-734.627 215.068 149
-733.993 221.533 149
-734.3 227.94 149
-733.553 234.384 149
-732.749 240.812 149
-733.888 247.19 149
-733.972 253.595 149
-734 260 149
-733.972 266.405 149
-731.889 272.775 149
-732.749 279.188 149
-732.553 285.581 149
-731.303 291.93 149
-730.997 298.31 149
-729.637 304.627 149
-730.217 311.062 149
-729.743 317.432 149
-727.222 323.624 149
-726.639 329.968 149
-726.001 336.306 149
-726.301 342.752 149
-723.566 348.843 149
-722.763 355.154 149
-721.905 361.457 149
-719.015 367.458 149
-719.037 373.884 149
-718.016 380.155 149
-714.97 386.069 149
-713.843 392.303 149
-712.661 398.527 149
-711.425 404.741 149
-708.179 410.528 149
-707.815 416.919 149
-705.444 422.865 149
-703.996 429.015 149
-700.553 434.668 149
-699.003 440.774 149
-695.467 446.35 149
-694.778 452.679 149
-692.108 458.459 149
-688.433 463.923 149
-686.627 469.923 149
-682.861 475.305 149
-680.005 480.947 149
-678.051 486.873 149
-675.1 492.456 149
-672.103 498.004 149
-670.001 503.86 149
-665.974 508.998 149
-663.776 514.8 149
-660.596 520.216 149
-658.301 525.971 149
-653.183 530.557 149
-650.797 536.247 149
-647.444 541.517 149
-644.05 546.749 149
-641.523 552.359 149
-637.134 557.101 149
-633.615 562.219 149
-630.055 567.298 149
-624.664 571.446 149
-621.923 576.885 149
-619.134 582.301 149
-614.531 586.752 149
-610.778 591.625 149
-606.986 596.458 149
-602.286 600.757 149
-598.424 605.5 149
-594.524 610.202 149
-589.731 614.346 149
-586.616 619.479 149
-582.609 624.055 149
-577.723 628.05 149
-572.812 631.989 149
-568.71 636.421 149
-564.575 640.81 149
-560.406 645.156 149
-554.566 648.311 149
-551.156 653.136 149
-546.086 656.755 149
-541.799 660.911 149
-536.683 664.42 149
-531.547 667.87 149
-527.179 671.878 149
-522.782 675.84 149
-517.579 679.127 149
-513.13 682.992 149
-507.121 685.525 149
-503.389 689.935 149
-498.108 692.999 149
-492.813 696.004 149
-488.246 699.619 149
-481.442 701.16 149
-478.305 706.027 149
-472.219 708.119 149
-466.851 710.833 149
-461.473 713.488 149
-457.498 717.498 149
-452.787 720.76 149
-448.055 723.974 149
-441.924 725.69 149
-437.161 728.798 149
-432.378 731.858 149
-425.567 732.64 149
-420.764 735.587 149
-415.285 737.731 149
-411.101 741.337 149
-404.956 742.608 149
-400.093 745.352 149
-395.213 748.048 149
-389.694 749.913 149
-384.173 751.719 149
-377.432 751.879 149
-372.523 754.355 149
-368.195 757.587 149
-361.488 757.545 149
-357.132 760.681 149
-351.602 762.14 149
-346.074 763.541 149
-341.108 765.713 149
-335.026 766.169 149
-328.962 766.557 149
-324.529 769.408 149
-314.242 762.893 149
-296.779 744.3 149
-289.966 742.585 149
-284.729 743.374 149
-280 744.974 149
-289.053 770.899 149
-287.007 777.775 149
-281.046 777.623 149
-274.641 776.524 149
-270.123 778.901 149
-263.768 777.675 149
-259.241 779.957 149
-252.94 778.604 149
-248.835 781.694 149
-243.428 782.033 149
-237.619 781.408 149
-232.653 782.548 149
-226.888 781.807 149
-221.935 782.847 149
-216.599 782.916 149
-211.278 782.932 149
-206.707 784.756 149
-200.686 782.805 149
-195.766 783.6 149
-190.505 783.409 149
-185.597 784.109 149
-180.039 782.872 149
-175.152 783.475 149
-169.959 783.081 149
-164.787 782.637 149
-159.927 783.099 149
-154.504 781.598 149
-149.671 781.965 149
-144.576 781.324 149
-139.503 780.634 149
-134.454 779.895 149
-129.67 780.079 149
-124.66 779.246 149
-119.449 777.391 149
-114.713 777.437 149
-109.985 777.44 149
-105.067 776.42 149
-100.365 776.336 149
-95.4914 775.226 149
-90.6443 774.07 149
-85.8247 772.869 149
-80.8766 770.635 149
-76.2696 770.332 149
-71.5349 768.998 149
-66.9599 768.611 149
-62.3971 768.184 149
-57.6204 765.728 149
-52.9959 764.223 149
-48.5938 764.666 149
-44.0136 763.078 149
-39.2295 758.459 149
-34.948 759.78 149
-30.4632 758.069 149
-26.0633 757.318 149
-21.6788 756.527 149
-17.2752 754.698 149
-12.9052 752.831 149
-8.58655 751.925 149
-4.27597 749.981 149
3.6843e-05 748 149
4.24986 746.981 149
8.48191 745.926 149
12.6435 742.834 149
16.7867 740.707 149
20.981 740.542 149
25.069 738.344 149
29.1202 736.11 149
33.1344 733.843 149
37.1112 731.542 149
41.1375 730.204 149
45.1434 728.832 149
49.1284 727.425 149
52.9791 724.992 149
56.913 723.519 149
60.5642 720.03 149
64.4372 718.494 149
67.8446 713.958 149
71.8035 713.349 149
75.5918 711.719 149
79.3572 710.057 149
83.0994 708.364 149
86.8181 706.64 149
90.5131 704.886 149
93.7682 701.145 149
96.965 697.381 149
101.003 697.492 149
104.35 694.649 149
107.413 690.811 149
111.419 690.826 149
114.916 688.871 149
117.585 683.997 149
121.556 683.916 149
124.399 679.963 149
127.182 675.993 149
131.408 676.774 149
134.422 673.71 149
137.71 671.572 149
140.971 669.41 149
143.203 664.393 149
147.411 665.008 149
149.889 660.896 149
153.023 658.639 149
156.496 657.288 149
159.957 655.907 149
161.875 650.801 149
165.279 649.374 149
168.272 646.999 149
171.236 644.603 149
173.756 641.274 149
177.077 639.743 149
178.662 634.573 149
181.924 633 149
183.834 628.713 149
187.952 628.877 149
190.24 625.448 149
192.953 622.891 149
195.635 620.315 149
197.802 616.845 149
199.924 613.364 149
202.5 610.74 149
206.061 609.821 149
208.075 606.296 149
211.089 604.467 149
212.498 600.067 149
215.994 599.043 149
216.222 592.952 149
219.671 591.887 149
222 589.128 149
224.863 587.178 149
226.563 583.565 149
228.797 580.762 149
232.175 579.562 149
234.36 576.72 149
235.31 572.266 149
238.026 570.201 149
240.108 567.324 149
241.536 563.652 149
243.547 560.755 149
246.798 559.39 149
249.402 557.225 149
251.336 554.277 149
252.583 550.563 149
255.771 549.097 149
256.277 544.624 149
259.427 543.114 149
259.159 537.914 149
262.263 536.368 149
263.276 532.63 149
265.645 530.322 149
266.579 526.579 149
268.182 523.542 149
270.472 521.192 149
272.015 518.133 149
273.526 515.067 149
275.004 511.995 149
277.936 510.255 149
279.36 507.157 149
280.752 504.054 149
282.871 501.595 149
284.969 499.117 149
285.501 495.349 149
286.767 492.219 149
288 489.085 149
289.988 486.563 149
292.747 484.633 149
293.099 480.866 149
294.212 477.705 149
296.909 475.717 149
297.966 472.537 149
299.81 469.929 149
299.982 466.172 149
302.599 464.105 149
303.534 460.905 149
305.276 458.249 149
306.994 455.577 149
306.993 451.831 149
308.656 449.144 149
310.295 446.444 149
310.187 442.714 149
313.501 441 149
312.458 436.78 149
313.988 434.047 149
316.374 431.777 149
316.095 428.071 149
318.437 425.768 149
319.871 422.983 149
318.597 418.846 149
320.869 416.498 149
323.126 414.123 149
323.552 410.875 149
323.946 407.631 149
324.309 404.392 149
325.556 401.556 149
327.7 399.1 149
327.977 395.853 149
327.296 392.236 149
330.298 390.108 149
330.487 386.862 149
332.519 384.324 149
332.651 381.075 149
332.752 377.834 149
333.768 374.926 149
334.758 372.009 149
336.674 369.392 149
336.662 366.149 149
336.619 362.915 149
337.505 359.973 149
338.364 357.024 149
337.271 353.533 149
339.04 350.845 149
340.788 348.134 149
339.604 344.673 149
339.357 341.472 149
341.03 338.733 149
341.704 335.754 149
343.33 332.977 149
341.014 329.38 149
339.643 326.02 149
342.173 323.418 149
340.743 320.082 149
340.269 316.941 149
343.716 314.439 149
343.189 311.29 149
344.613 308.432 149
344.031 305.293 149
344.414 302.289 149
344.769 299.282 149
345.099 296.271 149
345.402 293.258 149
344.683 290.156 149
343.936 287.068 149
346.155 284.205 149
344.357 281.062 149
345.526 278.108 149
345.671 275.092 149
345.789 272.075 149
344.882 269.031 149
347.947 266.073 149
346.987 263.028 149
347 260 149
346.987 256.972 149
346.947 253.944 149
346.881 250.917 149
347.788 247.855 149
345.671 244.908 149
348.522 241.735 149
347.351 238.755 149
348.15 235.655 149
348.921 232.539 149
347.672 229.583 149
348.389 226.454 149
349.077 223.311 149
346.757 220.492 149
348.384 217.224 149
348.989 214.055 149
349.565 210.872 149
350.112 207.675 149
349.642 204.622 149
349.145 201.573 149
349.607 198.355 149
347.089 195.671 149
347.496 192.454 149
346.893 189.424 149
346.264 186.399 149
344.632 183.597 149
0 260 149
0 260 149
0 260 149
0 260 149
0 260 149
0 260 149
0 260 149
0 260 149
71.7229 238.072 149
72.4825 237.146 149
0 260 149
0 260 149
0 260 149
38.6483 246.314 149
38.5274 245.977 149
36.5302 246.342 149
36.4096 246.024 149
35.3559 246.073 149
36.1602 245.39 149
36.0313 245.075 149
34.9792 245.152 149
34.8483 244.848 149
33.8012 244.951 149
32.7586 245.071 149
33.5334 244.363 149
32.4931 244.502 149
32.3566 244.219 149
33.1126 243.491 149
32.0762 243.656 149
30.1584 244.301 149
30.9032 243.568 149
29.8798 243.777 149
29.7371 243.516 149
29.5921 243.258 149
28.5788 243.5 149
28.4338 243.251 149
29.1437 242.489 149
29.8424 241.713 149
27.9856 242.513 149
28.6753 241.732 149
28.5148 241.482 149
28.3521 241.234 149
28.1873 240.987 149
27.1962 241.309 149
26.2129 241.646 149
26.0517 241.418 149
25.8885 241.191 149
23.3118 242.75 149
24.7577 241.344 149
35.7009 232.606 149
41.7646 227.37 149
30.5217 235.722 149
25.6458 239.232 149
27.0069 237.737 149
22.9813 240.716 149
0 260 149
0 260 149
0 260 149
0 260 149
0 260 149
0 260 149
0 260 149
0 260 149
0 260 149
0 260 149
0 260 149
