-0 260 199
-0 260 199
-0 260 199
-0 260 199
-0 260 199
-0 260 199
-0 260 199
-0 260 199
-17.3583 244.911 199
-22.8122 240.517 199
-25.2795 238.788 199
-27.0069 237.737 199
-34.1944 232.31 199
-42.2608 226.384 199
-41.7646 227.37 199
-26.1807 239.911 199
-26.355 240.14 199
-27.3311 239.776 199
-26.6976 240.603 199
-26.8658 240.837 199
-26.2129 241.646 199
-25.5479 242.441 199
-25.7002 242.665 199
-25.8505 242.89 199
-26.8375 242.572 199
-26.9885 242.806 199
-27.1375 243.043 199
-27.2845 243.28 199
-28.2865 243.004 199
-27.5721 243.759 199
-28.5788 243.5 199
-27.8514 244.242 199
-27.1132 244.971 199
-28.1222 244.731 199
-30.0202 244.038 199
-30.1584 244.301 199
-29.4032 245.018 199
-30.4278 244.829 199
-30.559 245.095 199
-31.5905 244.932 199
-31.7208 245.208 199
-33.6686 244.656 199
-32.8876 245.357 199
-33.9312 245.246 199
-34.0587 245.543 199
-34.1835 245.841 199
-34.3058 246.14 199
-35.3559 246.073 199
-36.4096 246.024 199
-36.5302 246.342 199
-38.5274 245.977 199
-0 260 199
-0 260 199
-0 260 199
-73.2314 236.206 199
-69.6213 238.048 199
-0 260 199
-0 260 199
-0 260 199
-0 260 199
-0 260 199
-0 260 199
-0 260 199
-0 260 199
-0 260 199
-0 260 199
-0 260 199
-0 260 199
-0 260 199
-0 260 199
-0 260 199
-0 260 199
-731.877 144.082 199
-731.872 150.621 199
-731.808 157.151 199
-733.669 163.411 199
-734.484 169.817 199
-735.243 176.23 199
-734.952 182.754 199
-734.602 189.266 199
-735.192 195.679 199
-735.725 202.097 199
-735.205 208.59 199
-735.625 215.007 199
-734.991 221.481 199
-735.299 227.896 199
-735.552 234.314 199
-735.748 240.734 199
-733.888 247.19 199
-733.972 253.595 199
-736 260 199
-733.972 266.405 199
-733.888 272.81 199
-733.748 279.214 199
-732.553 285.581 199
-732.302 291.973 199
-731.995 298.362 199
-729.637 304.627 199
-729.219 310.992 199
-728.747 317.354 199
-728.218 323.711 199
-725.644 329.872 199
-726.001 336.306 199
-724.314 342.525 199
-723.566 348.843 199
-721.772 355.023 199
-718.935 361.04 199
-719.015 367.458 199
-717.062 373.572 199
-714.071 379.495 199
-713.001 385.721 199
-711.877 391.939 199
-709.716 397.955 199
-708.486 404.143 199
-706.223 410.112 199
-703.909 416.053 199
-701.546 421.965 199
-700.106 428.081 199
-696.672 433.7 199
-694.162 439.523 199
-691.603 445.315 199
-688.996 451.076 199
-688.263 457.356 199
-684.597 462.787 199
-681.845 468.461 199
-679.046 474.103 199
-676.201 479.711 199
-674.258 485.604 199
-668.482 490.177 199
-667.39 496.335 199
-663.423 501.466 199
-660.354 506.896 199
-657.241 512.291 199
-654.084 517.65 199
-650.883 522.974 199
-647.64 528.261 199
-644.353 533.512 199
-640.108 538.327 199
-636.741 543.496 199
-634.243 549.041 199
-629.884 553.72 199
-626.394 558.775 199
-622.864 563.791 199
-619.295 568.769 199
-615.685 573.708 199
-609.376 577.221 199
-605.702 582.058 199
-603.747 587.808 199
-599.989 592.579 199
-596.194 597.31 199
-592.361 602 199
-587.631 606.141 199
-583.731 610.741 199
-578.943 614.777 199
-574.977 619.285 199
-570.976 623.752 199
-566.103 627.631 199
-563.707 633.109 199
-557.942 636.337 199
-552.165 639.492 199
-548.832 644.296 199
-545.457 649.071 199
-540.423 652.641 199
-536.172 656.747 199
-531.093 660.207 199
-526.787 664.218 199
-522.451 668.184 199
-517.304 671.482 199
-511.362 674.093 199
-507.729 678.54 199
-501.759 681.026 199
-498.066 685.389 199
-492.825 688.407 199
-487.57 691.366 199
-483.044 694.935 199
-478.493 698.458 199
-473.917 701.935 199
-468.592 704.677 199
-463.255 707.36 199
-457.193 709.283 199
-451.841 711.841 199
-446.479 714.341 199
-443.192 718.939 199
-437.793 721.338 199
-432.387 723.678 199
-428.324 727.434 199
-422.221 728.924 199
-417.451 731.842 199
-412.005 733.958 199
-405.256 734.493 199
-401.099 738.012 199
-395.641 739.951 199
-390.179 741.831 199
-385.959 745.217 199
-380.479 746.991 199
-374.997 748.706 199
-369.514 750.362 199
-364.031 751.96 199
-358.549 753.5 199
-353.648 755.796 199
-348.161 757.225 199
-343.242 759.421 199
-336.634 759.081 199
-332.266 761.999 199
-327.328 764.041 199
-321.842 765.192 199
-315.832 765.437 199
-302.004 752.826 199
-286.876 737.442 199
-280.669 736.481 199
-276 738.046 199
-277.234 750.01 199
-283.129 770.778 199
-278.184 772.35 199
-273.232 773.876 199
-267.814 774.466 199
-262.86 775.893 199
-257.01 775.482 199
-252.502 777.705 199
-247.113 778.084 199
-241.738 778.408 199
-236.375 778.678 199
-231.026 778.894 199
-225.692 779.056 199
-220.372 779.165 199
-214.685 778.296 199
-210.154 780.15 199
-204.874 780.103 199
-199.611 780.004 199
-194.365 779.853 199
-189.137 779.65 199
-184.261 780.338 199
-179.388 780.981 199
-174.2 780.63 199
-169.032 780.228 199
-163.885 779.776 199
-158.758 779.273 199
-153.936 779.68 199
-148.844 779.081 199
-143.774 778.433 199
-138.986 778.702 199
-133.703 776.991 199
-129.186 778.138 199
-123.959 776.328 199
-119.224 776.416 199
-114.28 775.484 199
-109.569 775.484 199
-104.867 775.44 199
-99.7931 773.391 199
-95.3091 774.242 199
-90.297 772.1 199
-85.6597 771.882 199
-80.7201 769.647 199
-76.2696 770.332 199
-71.5349 768.998 199
-66.8294 767.62 199
-62.1533 766.199 199
-57.6204 765.728 199
-53.1004 765.217 199
-48.4979 763.67 199
-43.9265 762.082 199
-39.3864 760.453 199
-34.948 759.78 199
-30.4632 758.069 199
-26.0109 756.319 199
-21.6352 755.528 199
-17.1356 750.701 199
-12.8528 750.832 199
-8.55164 749.925 199
-4.27597 749.981 199
3.6692e-05 746 199
4.23241 744.982 199
8.46445 744.926 199
12.6697 743.834 199
16.7518 739.708 199
20.981 740.542 199
25.0166 737.345 199
29.1202 736.11 199
33.2739 735.838 199
37.1112 731.542 199
41.1375 730.204 199
45.1434 728.832 199
49.1284 727.425 199
53.0923 725.985 199
56.913 723.519 199
60.8252 722.013 199
64.5764 719.484 199
68.4358 717.914 199
72.2728 716.312 199
75.9219 713.691 199
79.7045 712.027 199
83.0994 708.364 199
86.6273 705.659 199
90.5131 704.886 199
93.9761 702.123 199
97.3979 699.333 199
100.778 696.518 199
104.817 696.594 199
108.139 693.722 199
111.419 690.826 199
115.175 689.837 199
118.387 686.888 199
122.107 685.839 199
124.967 681.881 199
128.351 679.818 199
131.408 676.774 199
135.04 675.612 199
138.662 674.417 199
141.297 670.355 199
144.872 669.106 199
148.437 667.827 199
151.29 664.642 199
154.098 661.44 199
157.962 661.01 199
159.957 655.907 199
162.64 652.649 199
166.451 652.135 199
168.272 646.999 199
172.456 647.343 199
175.001 644.004 199
177.5 640.649 199
179.954 637.281 199
182.801 634.797 199
186.065 633.188 199
188.86 630.659 199
191.626 628.109 199
194.361 625.54 199
197.067 622.951 199
199.742 620.343 199
201.894 616.846 199
205.5 615.936 199
207.583 612.406 199
210.651 610.581 199
213.179 607.877 199
215.147 604.308 199
217.069 600.73 199
219.49 597.984 199
221.879 595.222 199
224.236 592.444 199
227.129 590.475 199
229.431 587.661 199
232.281 585.646 199
234.526 582.798 199
236.145 579.131 199
237.717 575.461 199
240.461 573.375 199
243.186 571.264 199
245.271 568.348 199
247.952 566.195 199
249.343 562.477 199
251.973 560.289 199
253.934 557.319 199
254.551 552.827 199
257.759 551.344 199
258.954 547.597 199
260.102 543.852 199
263.251 542.303 199
264.328 538.544 199
267.443 536.946 199
270.551 535.315 199
271.529 531.529 199
272.462 527.747 199
274.068 524.665 199
275.642 521.575 199
277.183 518.477 199
280.165 516.724 199
280.166 512.262 199
283.854 511.133 199
284.526 507.334 199
286.673 504.842 199
288.033 501.688 199
289.359 498.529 199
290.653 495.366 199
293.478 493.443 199
295.504 490.873 199
297.508 488.286 199
299.488 485.681 199
299.839 481.869 199
301.763 479.244 199
302.037 475.441 199
303.086 472.223 199
304.927 469.57 199
307.573 467.461 199
308.538 464.217 199
310.308 461.516 199
309.525 457.189 199
312.93 455.54 199
313.772 452.279 199
313.723 448.504 199
316.218 446.267 199
317.831 443.5 199
319.421 440.719 199
320.985 437.925 199
320.768 434.163 199
323.159 431.827 199
323.759 428.538 199
325.217 425.707 199
324.861 421.97 199
325.363 418.69 199
328.541 416.706 199
329.896 413.833 199
329.406 410.119 199
331.617 407.645 199
331.976 404.347 199
332.302 401.054 199
332.597 397.766 199
335.641 395.608 199
335.881 392.307 199
336.089 389.012 199
336.265 385.724 199
338.289 383.127 199
338.408 379.837 199
340.387 377.205 199
339.5 373.595 199
341.429 370.937 199
342.384 367.953 199
344.27 365.254 199
344.216 361.962 199
344.132 358.678 199
344.98 355.671 199
345.801 352.657 199
348.533 350.137 199
345.425 346.124 199
348.108 343.573 199
348.824 340.532 199
346.585 336.836 199
348.221 334.017 199
349.833 331.174 199
350.441 328.119 199
349.055 324.694 199
350.592 321.819 199
352.104 318.922 199
353.592 316.004 199
351.101 312.472 199
352.535 309.546 199
352.954 306.467 199
354.339 303.507 199
354.705 300.414 199
354.05 297.212 199
355.356 294.217 199
355.642 291.115 199
356.896 288.088 199
355.133 284.833 199
354.338 281.672 199
356.511 278.684 199
357.659 275.616 199
355.783 272.424 199
354.878 269.293 199
357.945 266.248 199
357.986 263.124 199
357 260 199
356.986 256.885 199
357.945 253.752 199
355.878 250.681 199
355.783 247.576 199
357.659 244.384 199
357.509 241.264 199
358.33 238.084 199
357.128 235.027 199
355.899 231.99 199
358.63 228.624 199
358.343 225.496 199
356.039 222.579 199
356.692 219.36 199
357.317 216.127 199
357.912 212.88 199
356.497 209.898 199
356.046 206.789 199
357.543 203.371 199
355.063 200.583 199
353.546 197.66 199
354.955 194.213 199
354.367 191.118 199
354.733 187.829 199
351.155 185.36 199
350.49 182.298 199
0 260 199
0 260 199
0 260 199
0 260 199
0 260 199
0 260 199
0 260 199
0 260 199
70.7666 238.364 199
71.5288 237.447 199
0 260 199
0 260 199
42.5483 245.349 199
38.6483 246.314 199
37.5877 246.319 199
36.5302 246.342 199
35.4761 246.382 199
36.2863 245.706 199
35.233 245.765 199
35.1074 245.458 199
34.0587 245.543 199
33.0142 245.645 199
33.8012 244.951 199
31.8486 245.486 199
32.6271 244.786 199
34.2982 243.641 199
33.2554 243.78 199
33.1126 243.491 199
31.1852 244.11 199
31.0454 243.839 199
30.0202 244.038 199
29.001 244.254 199
28.8625 244.001 199
29.5921 243.258 199
29.4449 243 199
28.4338 243.251 199
28.2865 243.004 199
29.8424 241.713 199
28.8336 241.983 199
28.6753 241.732 199
26.8375 242.572 199
28.3521 241.234 199
27.3582 241.547 199
27.1962 241.309 199
27.032 241.072 199
26.8658 240.837 199
25.0795 241.779 199
24.1157 242.155 199
23.9591 241.946 199
35.7009 232.606 199
40.1885 228.601 199
33.6522 233.232 199
26.423 238.603 199
25.4636 239.009 199
23.7474 240.074 199
0 260 199
0 260 199
0 260 199
0 260 199
0 260 199
0 260 199
0 260 199
0 260 199
0 260 199
0 260 199
0 260 199
