-0 260 86
-0 260 86
-0 260 86
-0 260 86
-0 260 86
-0 260 86
-0 260 86
-0 260 86
-16.6036 245.567 86
-22.8122 240.517 86
-26.0455 238.145 86
-27.0069 237.737 86
-34.1944 232.31 86
-43.0435 225.762 86
-40.9766 227.986 86
-26.974 239.302 86
-25.5563 240.742 86
-25.7234 240.966 86
-26.6976 240.603 86
-26.0517 241.418 86
-25.3937 242.219 86
-26.372 241.875 86
-26.5292 242.106 86
-26.6843 242.338 86
-27.6761 242.027 86
-26.1451 243.344 86
-26.2895 243.573 86
-27.2845 243.28 86
-28.2865 243.004 86
-28.4338 243.251 86
-27.7128 244 86
-26.981 244.735 86
-27.1132 244.971 86
-27.2433 245.208 86
-29.1373 244.507 86
-29.2714 244.762 86
-30.2942 244.564 86
-29.5328 245.275 86
-30.559 245.095 86
-30.6879 245.363 86
-31.7208 245.208 86
-31.8486 245.486 86
-31.9741 245.764 86
-33.9312 245.246 86
-33.1382 245.934 86
-34.1835 245.841 86
-35.233 245.765 86
-35.3559 246.073 86
-36.4096 246.024 86
-37.4669 245.992 86
-38.5274 245.977 86
-0 260 86
-0 260 86
-0 260 86
-71.3292 236.824 86
-69.6213 238.048 86
-0 260 86
-70.9527 238.983 86
-0 260 86
-0 260 86
-0 260 86
-0 260 86
-0 260 86
-0 260 86
-0 260 86
-0 260 86
-0 260 86
-0 260 86
-0 260 86
-0 260 86
-0 260 86
-0 260 86
-687.431 151.122 86
-687.366 157.273 86
-688.236 163.275 86
-688.063 169.415 86
-688.827 175.423 86
-688.545 181.55 86
-690.198 187.457 86
-689.81 193.579 86
-689.367 199.688 86
-689.867 205.706 86
-690.314 211.729 86
-690.709 217.755 86
-690.053 223.836 86
-690.342 229.859 86
-690.579 235.885 86
-689.764 241.938 86
-689.895 247.958 86
-688.974 253.988 86
-689 260 86
-689.974 266.021 86
-687.895 272.007 86
-688.764 278.036 86
-687.581 284.011 86
-686.346 289.967 86
-687.057 296.007 86
-683.722 301.818 86
-684.329 307.853 86
-682.888 313.745 86
-682.393 319.702 86
-681.846 325.654 86
-682.242 331.707 86
-679.603 337.431 86
-678.902 343.359 86
-678.148 349.28 86
-675.363 354.916 86
-674.509 360.806 86
-672.616 366.532 86
-671.66 372.398 86
-670.654 378.255 86
-669.597 384.102 86
-667.506 389.75 86
-666.349 395.57 86
-663.184 400.964 86
-659 406.097 86
-659.649 412.292 86
-657.322 417.809 86
-655.92 423.539 86
-653.5 429.007 86
-652 434.703 86
-647.56 439.584 86
-646.929 445.504 86
-644.327 450.858 86
-642.637 456.474 86
-638.99 461.473 86
-636.257 466.732 86
-633.48 471.96 86
-630.661 477.154 86
-629.684 482.983 86
-626.775 488.128 86
-622.887 492.888 86
-620.831 498.315 86
-617.797 503.357 86
-614.723 508.364 86
-611.608 513.337 86
-608.454 518.273 86
-605.26 523.174 86
-602.026 528.04 86
-597.845 532.454 86
-595.444 537.66 86
-592.096 542.415 86
-586.912 546.256 86
-585.287 551.813 86
-582.718 556.91 86
-579.218 561.522 86
-575.682 566.096 86
-572.989 571.108 86
-567.628 574.642 86
-565.731 580.075 86
-561.184 584 86
-557.474 588.377 86
-552.016 591.685 86
-550.806 597.534 86
-546.991 601.798 86
-543.144 606.021 86
-527.524 602.578 86
-518.677 603.305 86
-513.174 606.14 86
-505.189 607.207 86
-497.225 608.161 86
-501.495 617.713 86
-514.535 633.831 86
-511.253 638.307 86
-507.134 642.153 86
-502.193 645.346 86
-498.811 649.714 86
-484.434 645.337 86
-0 260 86
-451.4 632.106 86
-452.732 639.888 86
-472.212 663.307 86
-473.958 672.005 86
-469.595 675.463 86
-463.722 677.538 86
-459.324 680.893 86
-454.902 684.203 86
-450.457 687.468 86
-445.991 690.688 86
-440.075 692.461 86
-436.992 696.992 86
-432.461 700.076 86
-427.91 703.113 86
-422.65 705.38 86
-418.747 709.051 86
-412.786 710.476 86
-408.839 714.062 86
-404.198 716.863 86
-398.228 718.109 86
-394.215 721.566 86
-390.172 724.989 86
-384.827 726.833 86
-380.739 730.173 86
-375.376 731.913 86
-370.012 733.595 86
-365.257 736.012 86
-359.885 737.584 86
-354.514 739.099 86
-350.32 742.174 86
-346.099 745.213 86
-340.131 745.757 86
-335.879 748.707 86
-330.483 749.961 86
-325.091 751.159 86
-320.792 753.977 86
-315.395 755.071 86
-310.533 756.956 86
-305.662 758.795 86
-300.782 760.586 86
-294.88 760.607 86
-291 764.027 86
-285.606 764.806 86
-279.735 764.656 86
-275.321 767.078 86
-269.946 767.695 86
-264.582 768.257 86
-260.59 771.438 86
-255.225 771.902 86
-250.31 773.211 86
-244.961 773.571 86
-239.625 773.877 86
-234.716 775.038 86
-229.399 775.24 86
-224.894 777.222 86
-219.982 778.244 86
-214.685 778.296 86
-209.78 779.223 86
-204.508 779.173 86
-199.611 780.004 86
-194.365 779.853 86
-189.821 781.529 86
-184.595 781.281 86
-179.388 780.981 86
-174.518 781.578 86
-169.65 782.13 86
-165.087 783.591 86
-159.927 783.099 86
-154.788 782.557 86
-149.947 782.926 86
-145.11 783.251 86
-140.021 782.566 86
-135.205 782.8 86
-130.154 782.019 86
-125.594 783.135 86
-120.574 782.262 86
-115.795 782.318 86
-111.025 782.331 86
-106.064 781.32 86
-101.51 782.226 86
-96.5848 781.125 86
-91.8598 780.963 86
-87.3101 781.745 86
-82.2845 779.524 86
-77.7477 780.222 86
-73.0658 779.891 86
-68.1346 777.534 86
-63.7376 779.102 86
-58.9788 777.651 86
-54.2502 776.157 86
-49.7439 776.611 86
-44.9723 774.036 86
-40.4064 773.412 86
-35.9245 773.745 86
-31.3789 773.041 86
-26.8483 772.297 86
-22.3331 771.513 86
-17.7987 769.689 86
-13.2979 767.826 86
-8.86578 767.923 86
-4.41559 765.981 86
3.81264e-05 765 86
4.39821 763.981 86
8.7786 762.923 86
13.167 762.828 86
17.4847 760.695 86
21.7661 758.525 86
26.1157 758.316 86
30.3412 756.073 86
34.669 755.789 86
38.8373 753.474 86
43.055 752.12 86
47.252 750.73 86
51.428 749.305 86
55.3564 745.857 86
59.5941 745.355 86
63.8273 744.817 86
67.499 740.28 86
71.8354 740.662 86
75.5579 737.053 86
79.8831 737.362 86
83.8721 735.662 86
88.0198 734.912 86
91.7792 732.163 86
95.6966 730.364 86
99.7976 729.511 86
103.025 724.717 86
107.077 723.8 86
111.12 722.848 86
114.671 719.92 86
118.179 716.966 86
122.163 715.917 86
126.137 714.834 86
129.825 712.754 86
133.203 709.686 86
136.83 707.551 86
140.43 705.386 86
144.62 705.094 86
147.864 701.919 86
151.389 699.666 86
154.886 697.386 86
150.831 674.404 86
144.986 647.782 86
148.723 647.436 86
152.465 647.054 86
156.586 647.563 86
160.344 647.106 86
168.796 657.658 86
182.228 679.096 86
184.658 674.75 86
189.1 674.942 86
191.446 670.557 86
194.591 667.969 86
197.705 665.356 86
201.235 663.615 86
204.75 661.844 86
207.325 658.268 86
211.262 657.326 86
213.767 653.71 86
216.71 650.955 86
219.129 647.308 86
221.5 643.649 86
225.347 642.563 86
228.162 639.725 86
231.989 638.572 86
235.284 636.533 86
237.486 632.779 86
239.641 629.015 86
241.748 625.242 86
244.927 623.118 86
247.52 620.143 86
250.079 617.15 86
254.348 616.583 86
255.687 611.922 86
258.153 608.874 86
262.391 608.205 86
264.202 604.315 86
265.35 599.633 86
267.681 596.521 86
272.496 596.504 86
273.514 591.799 86
276.399 589.399 86
279.263 586.975 86
282.105 584.525 86
283.601 580.553 86
285.719 577.323 86
287.126 573.343 86
290.531 571.557 86
293.239 569.009 86
295.924 566.439 86
297.886 563.131 86
299.813 559.813 86
301.705 556.485 86
304.281 553.84 86
306.833 551.174 86
307.169 546.439 86
309.656 543.748 86
312.121 541.035 86
315.31 538.963 86
316.978 535.545 86
318.61 532.119 86
320.207 528.685 86
322.539 525.881 86
322.516 521.168 86
325.565 518.966 86
327.812 516.115 86
330.828 513.854 86
333.031 510.957 86
333.601 506.851 86
334.933 503.343 86
337.044 500.411 86
337.491 496.313 86
339.54 493.359 86
342.393 490.947 86
343.561 487.398 86
347.21 485.481 86
346.634 480.83 86
348.548 477.797 86
350.435 474.747 86
351.439 471.166 86
352.406 467.583 86
354.204 464.5 86
355.975 461.401 86
357.719 458.287 86
360.315 455.635 86
361.126 452.014 86
361.013 447.932 86
363.531 445.228 86
363.343 441.156 86
365.809 438.417 86
365.547 434.357 86
369.774 432.428 86
370.354 428.78 86
371.813 425.542 86
371.409 421.493 86
372.804 418.246 86
373.247 414.604 86
374.582 411.341 86
376.819 408.433 86
377.166 404.781 86
378.416 401.484 86
379.636 398.176 86
379.885 394.524 86
381.044 391.204 86
382.174 387.874 86
381.374 383.916 86
384.348 381.184 86
384.435 377.533 86
387.363 374.742 86
388.35 371.357 86
388.343 367.697 86
388.302 364.045 86
387.259 360.152 86
390.059 357.253 86
389.92 353.612 86
391.697 350.43 86
393.447 347.225 86
394.193 343.788 86
391.97 339.747 86
393.633 336.514 86
395.268 333.259 86
395.893 329.807 86
396.487 326.349 86
395.075 322.574 86
397.584 319.419 86
397.097 315.808 86
399.552 312.602 86
399.004 308.991 86
399.416 305.508 86
400.792 302.125 86
398.158 298.338 86
400.47 295.037 86
399.764 291.462 86
402.018 288.112 86
401.25 284.542 86
401.449 281.039 86
400.618 277.491 86
401.755 274.03 86
400.863 270.497 86
400.939 266.998 86
401.985 263.508 86
402 260 86
402.985 256.483 86
402.939 252.967 86
402.862 249.451 86
401.755 245.97 86
401.617 242.465 86
401.449 238.961 86
402.248 235.397 86
402.018 231.888 86
404.748 228.146 86
402.463 224.789 86
404.131 221.087 86
401.787 217.771 86
401.403 214.266 86
399.996 210.887 86
400.544 207.267 86
403.039 203.357 86
400.551 200.137 86
401.001 196.488 86
400.432 192.991 86
400.817 189.325 86
399.201 186.012 86
397.559 182.722 86
398.829 178.857 86
397.128 175.588 86
396.376 172.126 86
0 260 86
0 260 86
0 260 86
0 260 86
0 260 86
0 260 86
0 260 86
0 260 86
71.7229 238.072 86
71.5288 237.447 86
0 260 86
0 260 86
0 260 86
39.5909 245.98 86
37.5877 246.319 86
35.5935 246.692 86
36.4096 246.024 86
36.2863 245.706 86
36.1602 245.39 86
35.1074 245.458 86
33.1382 245.934 86
33.0142 245.645 86
33.8012 244.951 86
32.7586 245.071 86
32.6271 244.786 86
34.2982 243.641 86
33.2554 243.78 86
34.0075 243.044 86
32.0762 243.656 86
31.9324 243.377 86
30.9032 243.568 86
29.8798 243.777 86
29.7371 243.516 86
27.8514 244.242 86
28.5788 243.5 86
29.2954 242.744 86
28.2865 243.004 86
28.1371 242.758 86
27.9856 242.513 86
28.6753 241.732 86
28.5148 241.482 86
27.5182 241.786 86
27.3582 241.547 86
27.1962 241.309 86
26.2129 241.646 86
25.2376 241.998 86
24.2705 242.366 86
24.1157 242.155 86
24.7577 241.344 86
33.3208 234.432 86
39.4005 229.217 86
32.0869 234.477 86
25.6458 239.232 86
25.4636 239.009 86
22.9813 240.716 86
0 260 86
0 260 86
0 260 86
0 260 86
0 260 86
0 260 86
0 260 86
0 260 86
0 260 86
0 260 86
0 260 86
