-0 260 285
-0 260 285
-0 260 285
-0 260 285
-0 260 285
-0 260 285
-0 260 285
-0 260 285
-16.6036 245.567 285
-22.8122 240.517 285
-27.5776 236.86 285
-27.7785 237.101 285
-34.9716 231.681 285
-41.4782 227.007 285
-40.1886 228.601 285
-26.974 239.302 285
-26.355 240.14 285
-25.7234 240.966 285
-25.8885 241.191 285
-26.0517 241.418 285
-27.032 241.072 285
-26.372 241.875 285
-25.7002 242.665 285
-26.6843 242.338 285
-26.8375 242.572 285
-26.1451 243.344 285
-27.1375 243.043 285
-28.1371 242.758 285
-28.2865 243.004 285
-27.5721 243.759 285
-26.8468 244.5 285
-26.981 244.735 285
-27.9878 244.486 285
-28.1222 244.731 285
-30.0202 244.038 285
-30.1584 244.301 285
-30.2942 244.564 285
-31.3227 244.383 285
-30.559 245.095 285
-31.5905 244.932 285
-31.7208 245.208 285
-31.8486 245.486 285
-32.8876 245.357 285
-32.0971 246.044 285
-34.0587 245.543 285
-35.1074 245.458 285
-34.3058 246.14 285
-35.3559 246.073 285
-36.4096 246.024 285
-36.5302 246.342 285
-39.4671 245.635 285
-0 260 285
-0 260 285
-0 260 285
-71.3292 236.824 285
-72.4825 237.146 285
-0 260 285
-0 260 285
-0 260 285
-0 260 285
-0 260 285
-0 260 285
-0 260 285
-0 260 285
-0 260 285
-0 260 285
-0 260 285
-0 260 285
-0 260 285
-0 260 285
-0 260 285
-0 260 285
-814.843 130.942 285
-821.872 137.171 285
-829.845 143.373 285
-837.771 149.705 285
-866.493 153.608 285
-885.273 159.136 285
-878.163 167.702 285
-873.958 175.848 285
-966.309 175.459 285
-904.204 188.838 285
-914.766 196.033 285
-922.277 203.591 285
-936.715 210.909 285
-946.675 235.211 285
-936.857 243.647 285
-922.965 251.946 285
-918 260 285
-954.964 268.334 285
-914.861 275.969 285
-0 260 285
-0 260 285
-0 260 285
-0 260 285
-0 260 285
-0 260 285
-0 260 285
-0 260 285
-0 260 285
-0 260 285
-0 260 285
-0 260 285
-0 260 285
-0 260 285
-0 260 285
-0 260 285
-0 260 285
-0 260 285
-0 260 285
-0 260 285
-0 260 285
-0 260 285
-0 260 285
-0 260 285
-0 260 285
-0 260 285
-0 260 285
-0 260 285
-0 260 285
-0 260 285
-0 260 285
-0 260 285
-0 260 285
-0 260 285
-0 260 285
-0 260 285
-0 260 285
-0 260 285
-0 260 285
-0 260 285
-0 260 285
-0 260 285
-0 260 285
-0 260 285
-0 260 285
-0 260 285
-0 260 285
-0 260 285
-0 260 285
-0 260 285
-0 260 285
-0 260 285
-0 260 285
-0 260 285
-0 260 285
-0 260 285
-0 260 285
-0 260 285
-0 260 285
-0 260 285
-0 260 285
-0 260 285
-0 260 285
-0 260 285
-0 260 285
-0 260 285
-0 260 285
-0 260 285
-0 260 285
-0 260 285
-0 260 285
-0 260 285
-0 260 285
-0 260 285
-0 260 285
-0 260 285
-0 260 285
-0 260 285
-0 260 285
-0 260 285
-0 260 285
-0 260 285
-0 260 285
-0 260 285
-0 260 285
-0 260 285
-0 260 285
-0 260 285
-0 260 285
-0 260 285
-0 260 285
-0 260 285
-0 260 285
-0 260 285
-0 260 285
-0 260 285
-0 260 285
-0 260 285
-0 260 285
-0 260 285
-0 260 285
-0 260 285
-0 260 285
-0 260 285
-0 260 285
-0 260 285
-0 260 285
-0 260 285
-0 260 285
-0 260 285
-0 260 285
-0 260 285
-0 260 285
-0 260 285
-0 260 285
-0 260 285
-0 260 285
-0 260 285
-0 260 285
-0 260 285
-0 260 285
-0 260 285
-0 260 285
-0 260 285
-0 260 285
-0 260 285
-0 260 285
-0 260 285
-0 260 285
-0 260 285
-0 260 285
-0 260 285
-0 260 285
-0 260 285
-0 260 285
-0 260 285
-0 260 285
-0 260 285
-0 260 285
-0 260 285
-0 260 285
-0 260 285
-0 260 285
-0 260 285
-0 260 285
-0 260 285
-0 260 285
0 260 285
0 260 285
0 260 285
0 260 285
0 260 285
0 260 285
0 260 285
0 260 285
0 260 285
0 260 285
0 260 285
0 260 285
0 260 285
0 260 285
0 260 285
0 260 285
0 260 285
0 260 285
0 260 285
0 260 285
0 260 285
0 260 285
0 260 285
0 260 285
0 260 285
0 260 285
0 260 285
0 260 285
0 260 285
0 260 285
0 260 285
0 260 285
0 260 285
0 260 285
0 260 285
0 260 285
0 260 285
0 260 285
0 260 285
0 260 285
0 260 285
0 260 285
0 260 285
0 260 285
0 260 285
0 260 285
0 260 285
0 260 285
0 260 285
0 260 285
0 260 285
0 260 285
0 260 285
0 260 285
0 260 285
0 260 285
0 260 285
0 260 285
0 260 285
0 260 285
0 260 285
0 260 285
0 260 285
0 260 285
0 260 285
0 260 285
0 260 285
0 260 285
0 260 285
0 260 285
0 260 285
0 260 285
0 260 285
0 260 285
0 260 285
0 260 285
0 260 285
0 260 285
0 260 285
0 260 285
0 260 285
0 260 285
0 260 285
0 260 285
0 260 285
0 260 285
0 260 285
0 260 285
0 260 285
0 260 285
0 260 285
0 260 285
0 260 285
0 260 285
0 260 285
0 260 285
0 260 285
0 260 285
0 260 285
0 260 285
0 260 285
0 260 285
0 260 285
0 260 285
0 260 285
0 260 285
0 260 285
0 260 285
0 260 285
0 260 285
0 260 285
0 260 285
0 260 285
0 260 285
0 260 285
0 260 285
0 260 285
0 260 285
0 260 285
0 260 285
0 260 285
0 260 285
0 260 285
0 260 285
0 260 285
0 260 285
0 260 285
0 260 285
0 260 285
0 260 285
0 260 285
0 260 285
0 260 285
0 260 285
0 260 285
0 260 285
0 260 285
0 260 285
0 260 285
0 260 285
0 260 285
0 260 285
0 260 285
0 260 285
0 260 285
0 260 285
0 260 285
0 260 285
0 260 285
0 260 285
0 260 285
0 260 285
0 260 285
0 260 285
0 260 285
0 260 285
0 260 285
0 260 285
0 260 285
0 260 285
0 260 285
0 260 285
0 260 285
0 260 285
0 260 285
0 260 285
0 260 285
0 260 285
0 260 285
0 260 285
0 260 285
690.342 290.141 285
703.571 284.569 285
716.754 278.769 285
730.889 272.758 285
736.972 266.431 285
718 260 285
711.973 253.787 285
708.892 247.626 285
706.758 241.493 285
700.573 235.535 285
698.335 229.51 285
699.041 223.365 285
715.663 216.228 285
732.212 208.799 285
763.639 199.9 285
858.72 184.872 285
695.782 193.004 285
696.165 186.83 285
697.487 180.531 285
712.648 172.498 285
705.209 148.306 285
698.29 143.146 285
689.365 138.446 285
1164.17 44.2331 285
1152.43 35.9903 285
718.285 113.863 285
717.96 107.393 285
0 260 285
0 260 285
0 260 285
0 260 285
0 260 285
0 260 285
0 260 285
0 260 285
0 260 285
72.6792 237.78 285
71.5288 237.447 285
72.2803 236.515 285
0 260 285
42.5483 245.349 285
38.6483 246.314 285
38.5274 245.977 285
36.5302 246.342 285
35.4761 246.382 285
35.3559 246.073 285
36.1602 245.39 285
35.1074 245.458 285
33.1382 245.934 285
33.9312 245.246 285
33.8012 244.951 285
31.8486 245.486 285
32.6271 244.786 285
32.4931 244.502 285
33.2554 243.78 285
34.0075 243.044 285
31.1852 244.11 285
31.9324 243.377 285
30.0202 244.038 285
29.8798 243.777 285
29.7371 243.516 285
29.5921 243.258 285
29.4449 243 285
29.2954 242.744 285
29.1437 242.489 285
29.8424 241.713 285
28.8336 241.983 285
28.6753 241.732 285
28.5148 241.482 285
28.3521 241.234 285
27.3582 241.547 285
26.372 241.875 285
25.3937 242.219 285
25.2376 241.998 285
25.0795 241.779 285
24.9196 241.56 285
24.7577 241.344 285
34.9075 233.214 285
40.1885 228.601 285
32.8695 233.854 285
25.6458 239.232 285
26.2352 238.373 285
24.5134 239.431 285
0 260 285
0 260 285
0 260 285
0 260 285
0 260 285
0 260 285
0 260 285
0 260 285
0 260 285
0 260 285
0 260 285
