-0 260 169
-0 260 169
-0 260 169
-0 260 169
-0 260 169
-0 260 169
-0 260 169
-0 260 169
-15.8489 246.223 169
-22.8122 240.517 169
-26.8116 237.502 169
-24.692 239.646 169
-33.4173 232.939 169
-43.0435 225.762 169
-40.1886 228.601 169
-27.7674 238.693 169
-25.5563 240.742 169
-25.7234 240.966 169
-27.5066 240.015 169
-26.8658 240.837 169
-25.3937 242.219 169
-24.7238 243.008 169
-26.5292 242.106 169
-27.5182 241.786 169
-26.8375 242.572 169
-26.1451 243.344 169
-27.1375 243.043 169
-28.1371 242.758 169
-27.4294 243.519 169
-28.4338 243.251 169
-27.7128 244 169
-27.8514 244.242 169
-27.9878 244.486 169
-29.001 244.254 169
-29.1373 244.507 169
-29.2714 244.762 169
-29.4032 245.018 169
-29.5328 245.275 169
-30.559 245.095 169
-30.6879 245.363 169
-31.7208 245.208 169
-32.7586 245.071 169
-31.9741 245.764 169
-33.0142 245.645 169
-34.0587 245.543 169
-34.1835 245.841 169
-34.3058 246.14 169
-34.4255 246.439 169
-37.3432 245.665 169
-37.4669 245.992 169
-39.4671 245.635 169
-0 260 169
-0 260 169
-0 260 169
-0 260 169
-70.5751 237.748 169
-0 260 169
-71.9115 238.699 169
-0 260 169
-0 260 169
-0 260 169
-0 260 169
-0 260 169
-0 260 169
-0 260 169
-0 260 169
-0 260 169
-0 260 169
-0 260 169
-0 260 169
-0 260 169
-0 260 169
-713.111 147.054 169
-713.08 153.43 169
-714.974 159.517 169
-713.84 166.021 169
-715.626 172.132 169
-714.378 178.607 169
-717.05 184.635 169
-715.69 191.087 169
-717.26 197.248 169
-716.784 203.588 169
-718.246 209.775 169
-717.659 216.106 169
-717.016 222.423 169
-717.317 228.681 169
-717.563 234.942 169
-716.754 241.231 169
-717.891 247.469 169
-716.973 253.743 169
-716 260 169
-714.973 266.24 169
-715.891 272.496 169
-714.755 278.717 169
-714.564 284.953 169
-715.319 291.232 169
-713.021 297.368 169
-712.668 303.589 169
-712.261 309.806 169
-710.802 315.941 169
-710.287 322.142 169
-708.722 328.242 169
-708.1 334.424 169
-706.43 340.488 169
-705.7 346.649 169
-704.917 352.804 169
-703.09 358.813 169
-700.223 364.649 169
-700.271 370.912 169
-698.29 376.854 169
-695.274 382.596 169
-696.144 389.023 169
-693.029 394.711 169
-690.847 400.554 169
-688.616 406.37 169
-688.289 412.59 169
-684.982 418.141 169
-682.604 423.879 169
-681.148 429.829 169
-678.671 435.516 169
-676.148 441.173 169
-673.578 446.8 169
-671.922 452.671 169
-669.256 458.243 169
-666.544 463.783 169
-661.88 468.69 169
-660.033 474.458 169
-658.137 480.21 169
-655.244 485.619 169
-652.308 490.994 169
-649.328 496.336 169
-646.304 501.643 169
-643.237 506.916 169
-641.058 512.519 169
-636.048 516.98 169
-633.781 522.521 169
-630.546 527.651 169
-628.186 533.143 169
-623.952 537.801 169
-620.594 542.821 169
-617.196 547.803 169
-613.758 552.748 169
-610.281 557.654 169
-604.976 561.63 169
-602.32 566.898 169
-599.619 572.142 169
-595.99 576.893 169
-592.323 581.605 169
-588.619 586.277 169
-584.009 590.416 169
-580.237 595 169
-575.568 599.036 169
-572.588 604.046 169
-567.858 607.984 169
-563.104 611.866 169
-560.855 617.304 169
-556.039 621.096 169
-552.866 625.934 169
-547.994 629.627 169
-543.099 633.262 169
-539.821 637.987 169
-534.874 641.522 169
-530.715 645.587 169
-526.526 649.609 169
-522.308 653.587 169
-518.06 657.521 169
-513.783 661.411 169
-509.478 665.257 169
-504.368 668.429 169
-499.241 671.543 169
-494.865 675.241 169
-490.462 678.894 169
-486.033 682.502 169
-480.83 685.402 169
-477.099 689.582 169
-471.857 692.378 169
-466.604 695.115 169
-462.063 698.482 169
-456.781 701.108 169
-452.201 704.377 169
-447.599 707.599 169
-441.573 709.348 169
-437.635 713.184 169
-432.287 715.535 169
-427.613 718.559 169
-421.568 720.061 169
-418.207 724.466 169
-411.487 725.102 169
-406.1 727.165 169
-402.658 731.452 169
-397.243 733.416 169
-391.824 735.321 169
-387.032 737.945 169
-381.601 739.739 169
-376.169 741.475 169
-371.344 743.946 169
-365.903 745.57 169
-361.652 748.745 169
-355.61 749.455 169
-351.325 752.54 169
-344.719 752.31 169
-339.277 753.652 169
-334.956 756.594 169
-328.954 756.996 169
-324.605 759.848 169
-319.156 760.975 169
-313.712 762.045 169
-309.319 764.763 169
-304.902 767.443 169
-295.895 762.33 169
-280 744.974 169
-270.34 737.825 169
-265.676 739.292 169
-261.483 741.592 169
-268.538 765.046 169
-267.352 773.579 169
-261.498 773.22 169
-256.564 774.587 169
-251.625 775.908 169
-245.822 775.376 169
-240.892 776.595 169
-235.96 777.768 169
-231.026 778.894 169
-225.293 778.139 169
-220.763 780.085 169
-215.068 779.22 169
-210.529 781.077 169
-205.241 781.034 169
-199.969 780.938 169
-194.715 780.79 169
-189.479 780.59 169
-184.595 781.281 169
-179.388 780.981 169
-174.518 781.578 169
-169.65 782.13 169
-164.486 781.683 169
-159.343 781.186 169
-154.504 781.598 169
-149.395 781.004 169
-144.576 781.324 169
-139.503 780.634 169
-134.454 779.895 169
-129.67 780.079 169
-124.66 779.246 169
-119.674 778.365 169
-114.713 777.437 169
-110.193 778.418 169
-105.466 778.38 169
-100.365 776.336 169
-95.8558 777.192 169
-91.1652 777.024 169
-86.3199 775.827 169
-81.6587 775.573 169
-77.0087 775.277 169
-72.37 774.939 169
-67.482 772.577 169
-62.8845 772.154 169
-58.2996 771.69 169
-53.5185 769.195 169
-49.073 769.643 169
-44.4494 768.059 169
-39.9356 767.431 169
-35.4362 766.763 169
-30.8295 764.058 169
-26.3773 763.309 169
-21.9405 762.521 169
-17.5544 762.694 169
-13.0884 759.829 169
-8.70871 758.924 169
-4.33705 756.981 169
3.7447e-05 756 169
4.31967 754.981 169
8.56917 750.925 169
12.8267 749.832 169
17.1008 749.702 169
21.3735 749.534 169
25.4876 746.333 169
29.7307 746.092 169
33.8319 743.819 169
37.9742 742.508 169
42.0963 741.162 169
46.1977 739.781 169
50.1737 737.371 169
54.3376 736.914 169
58.1317 733.445 169
62.261 732.919 169
66.1073 730.377 169
70.0617 728.794 169
73.9935 727.177 169
77.7375 724.541 169
81.6147 722.86 169
85.4685 721.147 169
89.2986 719.402 169
92.7061 715.665 169
96.679 714.839 169
100.212 712.025 169
104.152 711.133 169
107.618 708.263 169
111.284 706.336 169
114.924 704.38 169
118.539 702.394 169
121.593 698.452 169
125.691 698.335 169
128.943 695.304 169
132.444 693.206 169
135.618 690.126 169
139.058 687.975 169
142.47 685.797 169
145.529 682.647 169
149.212 681.361 169
152.541 679.103 169
155.142 674.946 169
158.399 672.643 169
161.994 671.245 169
165.576 669.815 169
168.381 666.507 169
171.14 663.181 169
174.652 661.672 169
177.337 658.306 169
180.806 656.743 169
184.262 655.15 169
186.842 651.722 169
189.815 649.178 169
192.757 646.612 169
196.124 644.915 169
197.628 639.641 169
200.934 637.902 169
203.747 635.255 169
206.044 631.713 169
209.772 630.772 169
212.5 628.061 169
215.196 625.331 169
217.861 622.582 169
220.494 619.814 169
223.626 617.876 169
226.203 615.068 169
228.748 612.242 169
231.814 610.232 169
233.743 606.538 169
236.758 604.485 169
239.181 601.586 169
239.83 596.23 169
243.931 595.742 169
246.257 592.797 169
247.346 588.239 169
250.201 586.068 169
253.037 583.872 169
255.231 580.869 169
258.021 578.63 169
260.156 575.594 169
262.257 572.546 169
263.676 568.725 169
265.704 565.657 169
268.361 563.327 169
270.998 560.974 169
272.938 557.86 169
274.163 554.004 169
276.719 551.6 169
279.253 549.175 169
280.364 545.3 169
282.136 542.136 169
285.3 540.364 169
285.578 535.779 169
287.974 533.277 169
290.347 530.753 169
291.225 526.858 169
292.056 522.968 169
294.34 520.41 169
295.846 517.175 169
298.079 514.584 169
298.757 510.687 169
302.477 509.343 169
305.418 507.323 169
306 503.403 169
308.112 500.724 169
307.821 496.199 169
309.871 493.504 169
311.896 490.791 169
313.09 487.473 169
315.063 484.732 169
317.012 481.974 169
318.113 478.633 169
318.35 474.73 169
319.378 471.392 169
322.888 469.686 169
323.019 465.786 169
324.802 462.959 169
326.561 460.117 169
328.295 457.26 169
330.004 454.387 169
331.688 451.5 169
331.606 447.613 169
331.481 443.743 169
333.951 441.32 169
333.754 437.46 169
335.29 434.541 169
335.909 431.154 169
339.18 429.109 169
341.542 426.581 169
340.275 422.303 169
341.678 419.327 169
343.965 416.754 169
342.58 412.526 169
344.815 409.93 169
346.11 406.915 169
347.379 403.889 169
348.621 400.852 169
347.976 397.071 169
350.093 394.388 169
350.315 390.978 169
351.445 387.916 169
351.605 384.51 169
352.678 381.437 169
354.673 378.672 169
354.744 375.263 169
355.736 372.163 169
355.745 368.762 169
356.681 365.654 169
358.551 362.813 169
358.471 359.413 169
357.393 355.763 169
360.151 353.141 169
359.009 349.511 169
358.805 346.141 169
361.491 343.457 169
361.23 340.083 169
362.893 337.135 169
361.592 333.567 169
364.184 330.79 169
361.838 327.063 169
365.364 324.423 169
364.926 321.068 169
365.445 317.881 169
365.936 314.689 169
365.409 311.355 169
364.852 308.034 169
365.257 304.848 169
366.628 301.772 169
367.973 298.676 169
369.292 295.559 169
367.596 292.16 169
366.866 288.873 169
369.099 285.81 169
368.312 282.527 169
366.497 279.207 169
367.65 276.052 169
368.775 272.878 169
367.874 269.633 169
368.944 266.44 169
368.986 263.22 169
370 260 169
368.986 256.78 169
367.944 253.578 169
368.874 250.341 169
370.774 247.052 169
370.647 243.817 169
367.496 240.74 169
370.308 237.351 169
370.096 234.12 169
370.853 230.813 169
366.6 227.927 169
368.297 224.537 169
367.973 221.324 169
367.622 218.115 169
369.227 214.665 169
367.826 211.575 169
367.389 208.367 169
368.903 204.867 169
364.457 202.276 169
366.898 198.602 169
366.348 195.403 169
365.771 192.208 169
365.165 189.019 169
362.572 186.234 169
361.915 183.073 169
360.253 180.134 169
0 260 169
0 260 169
0 260 169
0 260 169
0 260 169
0 260 169
0 260 169
0 260 169
72.6792 237.78 169
72.4825 237.146 169
0 260 169
0 260 169
0 260 169
39.5909 245.98 169
37.5877 246.319 169
37.4669 245.992 169
36.4096 246.024 169
35.3559 246.073 169
35.233 245.765 169
35.1074 245.458 169
34.0587 245.543 169
33.0142 245.645 169
33.8012 244.951 169
31.8486 245.486 169
31.7208 245.208 169
32.4931 244.502 169
33.2554 243.78 169
34.0075 243.044 169
32.0762 243.656 169
30.1584 244.301 169
30.0202 244.038 169
29.001 244.254 169
29.7371 243.516 169
28.7217 243.75 169
28.5788 243.5 169
28.4338 243.251 169
28.2865 243.004 169
28.9898 242.235 169
28.8336 241.983 169
28.6753 241.732 169
26.8375 242.572 169
28.3521 241.234 169
28.1873 240.987 169
26.372 241.875 169
27.032 241.072 169
25.2376 241.998 169
25.0795 241.779 169
24.9196 241.56 169
23.9591 241.946 169
35.7009 232.606 169
40.9766 227.986 169
34.4348 232.609 169
26.423 238.603 169
26.2352 238.373 169
22.9813 240.716 169
0 260 169
0 260 169
0 260 169
0 260 169
0 260 169
0 260 169
0 260 169
0 260 169
0 260 169
0 260 169
0 260 169
