-0 260 215
-0 260 215
-0 260 215
-0 260 215
-0 260 215
-0 260 215
-0 260 215
-0 260 215
-15.8489 246.223 215
-22.8122 240.517 215
-25.2795 238.788 215
-27.0069 237.737 215
-33.4173 232.939 215
-42.2608 226.384 215
-40.9766 227.986 215
-27.7674 238.693 215
-25.5563 240.742 215
-25.7234 240.966 215
-26.6976 240.603 215
-26.0517 241.418 215
-25.3937 242.219 215
-25.5479 242.441 215
-25.7002 242.665 215
-26.6843 242.338 215
-25.9988 243.116 215
-26.9885 242.806 215
-27.1375 243.043 215
-26.4318 243.803 215
-28.2865 243.004 215
-27.5721 243.759 215
-28.5788 243.5 215
-26.981 244.735 215
-27.9878 244.486 215
-28.1222 244.731 215
-29.1373 244.507 215
-30.1584 244.301 215
-30.2942 244.564 215
-29.5328 245.275 215
-30.559 245.095 215
-30.6879 245.363 215
-32.6271 244.786 215
-32.7586 245.071 215
-31.9741 245.764 215
-33.0142 245.645 215
-33.1382 245.934 215
-34.1835 245.841 215
-35.233 245.765 215
-34.4255 246.439 215
-35.4761 246.382 215
-37.4669 245.992 215
-39.4671 245.635 215
-0 260 215
-0 260 215
-0 260 215
-71.3292 236.824 215
-70.5751 237.748 215
-0 260 215
-70.9527 238.983 215
-0 260 215
-0 260 215
-0 260 215
-0 260 215
-0 260 215
-0 260 215
-0 260 215
-0 260 215
-0 260 215
-0 260 215
-0 260 215
-0 260 215
-0 260 215
-0 260 215
-724.963 145.177 215
-722.971 151.951 215
-724.876 158.125 215
-724.746 164.585 215
-725.551 170.914 215
-726.301 177.249 215
-726.996 183.59 215
-727.635 189.937 215
-728.218 196.289 215
-727.75 202.725 215
-728.222 209.078 215
-728.638 215.435 215
-729 221.795 215
-730.304 228.114 215
-729.555 234.523 215
-727.751 240.943 215
-727.889 247.295 215
-728.972 253.638 215
-729 260 215
-728.972 266.362 215
-728.889 272.723 215
-727.751 279.057 215
-726.557 285.372 215
-725.309 291.668 215
-725.005 297.996 215
-724.646 304.321 215
-723.234 310.574 215
-722.765 316.883 215
-722.241 323.188 215
-721.662 329.488 215
-720.034 335.679 215
-718.352 341.846 215
-716.618 347.99 215
-715.823 354.24 215
-714.974 360.483 215
-713.08 366.571 215
-711.136 372.633 215
-710.126 378.834 215
-709.062 385.027 215
-707.944 391.21 215
-704.808 397.001 215
-702.606 402.947 215
-700.354 408.865 215
-699.028 414.971 215
-696.675 420.84 215
-694.272 426.68 215
-691.821 432.49 215
-690.289 438.521 215
-687.739 444.279 215
-686.105 450.274 215
-682.496 455.703 215
-680.762 461.651 215
-677.064 466.999 215
-674.278 472.599 215
-672.397 478.475 215
-669.516 484.017 215
-665.645 489.2 215
-663.62 495 215
-660.604 500.44 215
-656.607 505.495 215
-654.44 511.216 215
-650.362 516.184 215
-648.101 521.85 215
-643.02 526.348 215
-640.671 531.949 215
-637.357 537.131 215
-634.001 542.275 215
-630.603 547.382 215
-626.259 552.029 215
-623.686 557.483 215
-619.269 562.038 215
-615.715 566.984 215
-613.012 572.346 215
-608.489 576.76 215
-604.819 581.588 215
-601.111 586.377 215
-596.491 590.64 215
-593.583 595.833 215
-589.763 600.5 215
-584.185 604.111 215
-581.159 609.196 215
-577.237 613.732 215
-572.432 617.696 215
-568.446 622.14 215
-565.264 627.087 215
-560.371 630.902 215
-556.284 635.219 215
-551.34 638.926 215
-546.374 642.576 215
-542.201 646.748 215
-537.996 650.877 215
-533.761 654.962 215
-528.697 658.402 215
-523.613 661.783 215
-520.087 666.337 215
-514.956 669.615 215
-510.585 673.464 215
-505.414 676.631 215
-500.993 680.383 215
-495.785 683.44 215
-491.316 687.094 215
-486.072 690.04 215
-480.815 692.928 215
-476.281 696.431 215
-471.723 699.889 215
-467.141 703.3 215
-461.816 705.971 215
-455.767 707.881 215
-451.841 711.841 215
-446.479 714.341 215
-441.803 717.5 215
-436.417 719.887 215
-431.705 722.947 215
-425.622 724.485 215
-420.883 727.438 215
-415.463 729.595 215
-410.693 732.448 215
-405.256 734.493 215
-401.099 738.012 215
-395.641 739.951 215
-390.179 741.831 215
-384.091 742.869 215
-379.863 746.203 215
-374.388 747.912 215
-368.311 748.765 215
-364.031 751.96 215
-358.549 753.5 215
-353.648 755.796 215
-348.161 757.225 215
-342.676 758.596 215
-337.193 759.91 215
-331.714 761.165 215
-326.783 763.202 215
-320.768 763.505 215
-316.362 766.285 215
-299.914 749.415 215
-287.906 739.157 215
-281.176 737.343 215
-276.5 738.912 215
-280.681 756.103 215
-283.614 771.653 215
-278.184 772.35 215
-273.232 773.876 215
-267.352 773.579 215
-262.86 775.893 215
-257.902 777.272 215
-252.502 777.705 215
-247.113 778.084 215
-241.315 777.502 215
-236.375 778.678 215
-231.433 779.807 215
-225.692 779.056 215
-220.372 779.165 215
-215.833 781.068 215
-210.529 781.077 215
-204.874 780.103 215
-200.328 781.871 215
-194.715 780.79 215
-189.821 781.529 215
-184.595 781.281 215
-179.388 780.981 215
-174.2 780.63 215
-169.341 781.179 215
-163.885 779.776 215
-159.05 780.23 215
-154.22 780.639 215
-149.12 780.043 215
-144.041 779.397 215
-139.245 779.668 215
-134.204 778.927 215
-129.186 778.138 215
-124.426 778.273 215
-119.449 777.391 215
-114.713 777.437 215
-109.985 777.44 215
-104.867 775.44 215
-99.9839 774.373 215
-95.3091 774.242 215
-90.6443 774.07 215
-85.8247 772.869 215
-81.1894 772.61 215
-76.1218 769.343 215
-71.6741 769.988 215
-67.0904 769.603 215
-62.2752 767.191 215
-57.7336 766.722 215
-53.3095 767.206 215
-48.5938 764.666 215
-44.0136 763.078 215
-39.5433 762.446 215
-35.0875 761.775 215
-30.5853 760.066 215
-26.1156 758.316 215
-21.6788 756.527 215
-17.345 756.697 215
-12.9576 754.83 215
-8.604 752.925 215
-4.29342 751.981 215
3.6994e-05 750 215
4.25859 747.981 215
8.49936 746.926 215
12.722 745.833 215
16.8914 743.705 215
21.0246 741.541 215
25.1736 740.341 215
29.3033 739.105 215
33.2739 735.838 215
37.3466 734.533 215
41.399 733.192 215
45.3351 730.822 215
49.3375 729.414 215
53.2055 726.979 215
57.1568 725.504 215
61.0863 723.996 215
64.8547 721.465 215
68.8792 720.881 215
72.4292 717.3 215
76.252 715.664 215
80.2255 714.981 215
83.8284 712.297 215
87.3905 709.585 215
90.9118 706.846 215
94.184 703.101 215
98.2636 703.238 215
101.453 699.441 215
105.05 697.566 215
108.865 696.633 215
112.671 695.666 215
115.951 692.735 215
119.188 689.779 215
122.659 687.761 215
126.387 686.675 215
129.228 682.687 215
132.611 680.589 215
135.968 678.465 215
138.662 674.417 215
142.599 674.137 215
145.874 671.934 215
148.437 667.827 215
152.34 667.452 215
154.815 663.307 215
158.695 662.871 215
160.332 656.835 215
164.554 657.268 215
166.842 653.056 215
169.468 649.751 215
172.05 646.43 215
175.415 644.914 215
179.19 644.274 215
182.106 641.794 215
184.554 638.392 215
186.957 634.977 215
189.768 632.441 215
192.549 629.884 215
194.361 625.54 215
198.021 624.709 215
200.711 622.093 215
202.879 618.587 215
206 616.802 215
209.106 614.991 215
212.196 613.153 215
213.179 607.877 215
216.207 606.004 215
218.681 603.26 215
221.123 600.5 215
222.983 596.89 215
225.914 594.931 215
228.828 592.947 215
231.151 590.118 215
233.443 587.274 215
235.114 583.607 215
237.334 580.739 215
239.522 577.857 215
242.287 575.755 215
243.186 571.264 215
246.516 569.913 215
249.211 567.75 215
251.251 564.792 215
253.258 561.821 215
254.584 558.079 215
257.831 556.601 215
259.747 553.591 215
260.961 549.826 215
263.48 547.538 215
265.979 545.228 215
267.082 541.445 215
268.833 538.384 215
270.551 535.315 215
272.943 532.943 215
274.601 529.85 215
276.226 526.749 215
277.818 523.64 215
280.84 521.887 215
283.115 519.427 215
283.138 514.939 215
284.603 511.796 215
288.299 510.615 215
288.954 506.79 215
291.097 504.259 215
293.217 501.71 215
293.761 497.883 215
295.043 494.688 215
298.656 493.336 215
298.301 488.894 215
300.287 486.282 215
303.054 484.248 215
303.381 480.419 215
303.665 476.602 215
308.001 475.665 215
309.047 472.402 215
310.889 469.697 215
310.206 465.321 215
312.824 463.15 215
314.585 460.413 215
315.474 457.13 215
315.477 453.324 215
318.009 451.079 215
319.664 448.297 215
321.295 445.5 215
322.032 442.197 215
322.735 438.895 215
325.162 436.549 215
324.042 432.296 215
327.307 430.385 215
326.999 426.615 215
327.546 423.308 215
330.756 421.321 215
331.249 417.998 215
331.709 414.678 215
333.046 411.778 215
334.358 408.866 215
336.561 406.341 215
337.825 403.398 215
336.292 399.297 215
338.422 396.731 215
339.602 393.773 215
340.757 390.804 215
340.949 387.475 215
342.988 384.837 215
343.122 381.506 215
342.278 377.856 215
344.241 375.182 215
345.234 372.173 215
347.153 369.457 215
347.139 366.131 215
347.093 362.814 215
347.977 359.781 215
347.871 356.473 215
347.733 353.175 215
351.438 350.888 215
351.247 347.576 215
352.97 344.741 215
352.722 341.432 215
352.443 338.135 215
354.089 335.264 215
353.753 331.972 215
355.349 329.073 215
354.955 325.787 215
355.516 322.687 215
356.049 319.582 215
355.568 316.316 215
356.046 313.211 215
358.477 310.381 215
358.903 307.25 215
356.324 303.751 215
357.686 300.753 215
359.022 297.735 215
360.333 294.696 215
360.622 291.55 215
359.887 288.324 215
361.118 285.252 215
361.325 282.1 215
358.508 278.789 215
359.657 275.703 215
360.78 272.599 215
360.876 269.45 215
362.945 266.335 215
360.986 263.15 215
362 260 215
361.986 256.841 215
361.945 253.682 215
362.876 250.498 215
362.779 247.331 215
360.656 244.253 215
361.504 241.054 215
362.323 237.839 215
362.116 234.678 215
361.881 231.519 215
362.615 228.275 215
362.324 225.112 215
362.006 221.952 215
362.654 218.681 215
362.279 215.518 215
362.869 212.227 215
361.448 209.202 215
360.002 206.197 215
360.506 202.901 215
360.981 199.593 215
358.47 196.792 215
358.888 193.484 215
359.276 190.164 215
358.652 187.031 215
356.046 184.32 215
355.372 181.216 215
0 260 215
0 260 215
0 260 215
0 260 215
0 260 215
0 260 215
0 260 215
0 260 215
72.6792 237.78 215
70.5751 237.748 215
0 260 215
0 260 215
0 260 215
38.6483 246.314 215
37.5877 246.319 215
36.5302 246.342 215
36.4096 246.024 215
36.2863 245.706 215
36.1602 245.39 215
35.1074 245.458 215
34.9792 245.152 215
33.9312 245.246 215
32.8876 245.357 215
31.8486 245.486 215
31.7208 245.208 215
34.2982 243.641 215
32.3566 244.219 215
32.2176 243.937 215
32.0762 243.656 215
31.0454 243.839 215
30.0202 244.038 215
29.001 244.254 215
28.8625 244.001 215
28.7217 243.75 215
28.5788 243.5 215
28.4338 243.251 215
29.1437 242.489 215
28.9898 242.235 215
27.9856 242.513 215
27.8319 242.269 215
26.8375 242.572 215
27.5182 241.786 215
26.5292 242.106 215
27.1962 241.309 215
26.2129 241.646 215
26.0517 241.418 215
25.0795 241.779 215
24.1157 242.155 215
23.1604 242.547 215
34.9075 233.214 215
40.1885 228.601 215
33.6522 233.232 215
26.423 238.603 215
26.2352 238.373 215
23.7474 240.074 215
0 260 215
0 260 215
0 260 215
0 260 215
0 260 215
0 260 215
0 260 215
0 260 215
0 260 215
0 260 215
0 260 215
