-0 260 6
-0 260 6
-0 260 6
-0 260 6
-0 260 6
-0 260 6
-0 260 6
-0 260 6
-16.6036 245.567 6
-23.5726 239.867 6
-26.8116 237.502 6
-27.7785 237.101 6
-33.4173 232.939 6
-43.8261 225.139 6
-39.4005 229.217 6
-27.7674 238.693 6
-26.355 240.14 6
-26.5273 240.371 6
-27.5066 240.015 6
-26.0517 241.418 6
-26.2129 241.646 6
-26.372 241.875 6
-26.5292 242.106 6
-26.6843 242.338 6
-26.8375 242.572 6
-26.9885 242.806 6
-27.9856 242.513 6
-28.1371 242.758 6
-28.2865 243.004 6
-28.4338 243.251 6
-28.5788 243.5 6
-27.8514 244.242 6
-27.1132 244.971 6
-28.1222 244.731 6
-30.0202 244.038 6
-31.0454 243.839 6
-31.1852 244.11 6
-30.4278 244.829 6
-31.4578 244.657 6
-31.5905 244.932 6
-31.7208 245.208 6
-31.8486 245.486 6
-32.8876 245.357 6
-33.9312 245.246 6
-34.9792 245.152 6
-35.1074 245.458 6
-35.233 245.765 6
-34.4255 246.439 6
-35.4761 246.382 6
-37.4669 245.992 6
-38.5274 245.977 6
-0 260 6
-0 260 6
-0 260 6
-71.3292 236.824 6
-69.6213 238.048 6
-0 260 6
-0 260 6
-0 260 6
-0 260 6
-0 260 6
-0 260 6
-0 260 6
-0 260 6
-0 260 6
-0 260 6
-0 260 6
-0 260 6
-0 260 6
-0 260 6
-0 260 6
-0 260 6
-898.796 117.645 6
-898.026 125.789 6
-898.173 133.77 6
-898.249 141.743 6
-891.306 150.561 6
-889.247 158.683 6
-892.086 166.238 6
-891.875 174.122 6
-886.613 182.432 6
-873.3 191.27 6
-868.878 199.242 6
-867.379 206.949 6
-865.812 214.625 6
-857.183 222.575 6
-851.481 230.266 6
-841.711 237.959 6
-838.872 245.358 6
-840.968 252.661 6
-838 260 6
-840.968 267.339 6
-840.872 274.678 6
-846.71 282.172 6
-847.483 289.595 6
-838.201 296.597 6
-841.845 304.119 6
-841.428 311.464 6
-841.944 318.875 6
-827.441 325.121 6
-815.883 331.381 6
-816.225 338.594 6
-807.552 344.877 6
-805.787 351.808 6
-800.985 358.349 6
-811.002 366.771 6
-813.01 374.261 6
-833.74 384.603 6
-858.301 395.942 6
-880.753 407.388 6
-877.464 414.721 6
-890.336 433.064 6
-863.314 435.643 6
-855.879 441.923 6
-840.591 446.355 6
-835.035 452.783 6
-815.818 455.861 6
-813.108 462.731 6
-834.543 475.828 6
-764.047 464.726 6
-891.358 507.196 6
-839.181 500.632 6
-861.02 515.046 6
-812.859 508.516 6
-817.335 517.705 6
-796.985 518.956 6
-793.747 525.584 6
-777.216 527.617 6
-767.31 531.719 6
-771.488 540.799 6
-770.881 548.221 6
-760.868 552.07 6
-754.569 557.233 6
-747.31 561.933 6
-0 260 6
-0 260 6
-0 260 6
-0 260 6
-0 260 6
-0 260 6
-0 260 6
-0 260 6
-0 260 6
-0 260 6
-0 260 6
-0 260 6
-0 260 6
-0 260 6
-0 260 6
-0 260 6
-0 260 6
-0 260 6
-0 260 6
-0 260 6
-0 260 6
-0 260 6
-0 260 6
-0 260 6
-0 260 6
-0 260 6
-0 260 6
-0 260 6
-0 260 6
-0 260 6
-0 260 6
-0 260 6
-0 260 6
-0 260 6
-0 260 6
-0 260 6
-0 260 6
-0 260 6
-0 260 6
-0 260 6
-0 260 6
-0 260 6
-0 260 6
-0 260 6
-0 260 6
-0 260 6
-0 260 6
-0 260 6
-0 260 6
-0 260 6
-0 260 6
-0 260 6
-0 260 6
-0 260 6
-0 260 6
-0 260 6
-0 260 6
-0 260 6
-0 260 6
-0 260 6
-0 260 6
-0 260 6
-0 260 6
-0 260 6
-0 260 6
-0 260 6
-0 260 6
-0 260 6
-0 260 6
-0 260 6
-0 260 6
-0 260 6
-0 260 6
-0 260 6
-0 260 6
-0 260 6
-0 260 6
-0 260 6
-0 260 6
-0 260 6
-0 260 6
-0 260 6
-0 260 6
-0 260 6
-0 260 6
-0 260 6
-0 260 6
-0 260 6
-0 260 6
-0 260 6
-0 260 6
-0 260 6
-0 260 6
-0 260 6
-0 260 6
-0 260 6
-0 260 6
-0 260 6
-0 260 6
-0 260 6
-0 260 6
-0 260 6
-0 260 6
-0 260 6
-0 260 6
-0 260 6
-0 260 6
-0 260 6
-0 260 6
-0 260 6
-0 260 6
-0 260 6
-0 260 6
-0 260 6
-0 260 6
-0 260 6
-0 260 6
-0 260 6
-0 260 6
-0 260 6
-0 260 6
-0 260 6
-0 260 6
-0 260 6
-0 260 6
-0 260 6
-0 260 6
-0 260 6
-0 260 6
-0 260 6
-0 260 6
-0 260 6
-0 260 6
-0 260 6
-0 260 6
0 260 6
0 260 6
0 260 6
0 260 6
0 260 6
0 260 6
0 260 6
0 260 6
0 260 6
0 260 6
0 260 6
0 260 6
0 260 6
0 260 6
0 260 6
0 260 6
0 260 6
0 260 6
0 260 6
0 260 6
0 260 6
0 260 6
0 260 6
0 260 6
0 260 6
0 260 6
0 260 6
0 260 6
0 260 6
0 260 6
0 260 6
0 260 6
0 260 6
0 260 6
0 260 6
0 260 6
0 260 6
0 260 6
0 260 6
0 260 6
0 260 6
0 260 6
0 260 6
0 260 6
0 260 6
0 260 6
0 260 6
0 260 6
0 260 6
0 260 6
0 260 6
0 260 6
0 260 6
0 260 6
0 260 6
0 260 6
0 260 6
0 260 6
0 260 6
0 260 6
0 260 6
0 260 6
0 260 6
0 260 6
0 260 6
0 260 6
0 260 6
0 260 6
0 260 6
0 260 6
0 260 6
0 260 6
0 260 6
0 260 6
0 260 6
0 260 6
0 260 6
0 260 6
0 260 6
0 260 6
0 260 6
0 260 6
0 260 6
0 260 6
0 260 6
0 260 6
0 260 6
0 260 6
0 260 6
0 260 6
0 260 6
0 260 6
0 260 6
0 260 6
0 260 6
0 260 6
0 260 6
0 260 6
0 260 6
0 260 6
0 260 6
0 260 6
0 260 6
0 260 6
0 260 6
0 260 6
0 260 6
0 260 6
0 260 6
0 260 6
0 260 6
0 260 6
0 260 6
0 260 6
0 260 6
0 260 6
0 260 6
0 260 6
0 260 6
0 260 6
0 260 6
0 260 6
0 260 6
0 260 6
0 260 6
0 260 6
0 260 6
0 260 6
0 260 6
0 260 6
0 260 6
0 260 6
0 260 6
0 260 6
0 260 6
0 260 6
0 260 6
0 260 6
0 260 6
0 260 6
0 260 6
0 260 6
0 260 6
0 260 6
0 260 6
0 260 6
0 260 6
0 260 6
0 260 6
0 260 6
0 260 6
0 260 6
0 260 6
0 260 6
0 260 6
0 260 6
0 260 6
0 260 6
0 260 6
0 260 6
0 260 6
0 260 6
0 260 6
0 260 6
0 260 6
0 260 6
0 260 6
0 260 6
0 260 6
0 260 6
0 260 6
0 260 6
0 260 6
0 260 6
0 260 6
0 260 6
0 260 6
0 260 6
0 260 6
0 260 6
0 260 6
0 260 6
0 260 6
558.808 245.367 6
569.653 240.107 6
566.46 235.268 6
564.226 230.43 6
566.941 225.324 6
563.624 220.588 6
547.308 216.926 6
549.899 211.89 6
545.477 207.477 6
540.025 203.241 6
549.445 197.399 6
566.744 190.413 6
578.012 183.903 6
1159.26 45.1443 6
1122.98 41.7145 6
1092.62 37.7048 6
1067.16 33.1684 6
1042.68 28.8425 6
0 260 6
0 260 6
0 260 6
0 260 6
0 260 6
0 260 6
0 260 6
0 260 6
71.7229 238.072 6
71.5288 237.447 6
0 260 6
0 260 6
0 260 6
39.5909 245.98 6
38.5274 245.977 6
36.5302 246.342 6
34.5425 246.74 6
36.2863 245.706 6
36.1602 245.39 6
36.0313 245.075 6
34.0587 245.543 6
33.0142 245.645 6
33.8012 244.951 6
32.7586 245.071 6
32.6271 244.786 6
33.3957 244.071 6
33.2554 243.78 6
33.1126 243.491 6
32.0762 243.656 6
31.0454 243.839 6
30.9032 243.568 6
29.8798 243.777 6
29.7371 243.516 6
29.5921 243.258 6
29.4449 243 6
29.2954 242.744 6
29.1437 242.489 6
29.8424 241.713 6
28.8336 241.983 6
27.8319 242.269 6
27.6761 242.027 6
27.5182 241.786 6
27.3582 241.547 6
26.372 241.875 6
27.032 241.072 6
26.0517 241.418 6
25.0795 241.779 6
24.9196 241.56 6
23.9591 241.946 6
35.7009 232.606 6
40.1885 228.601 6
32.0869 234.477 6
26.423 238.603 6
26.2352 238.373 6
23.7474 240.074 6
0 260 6
0 260 6
0 260 6
0 260 6
0 260 6
0 260 6
0 260 6
0 260 6
0 260 6
0 260 6
0 260 6
