-0 260 79
-0 260 79
-0 260 79
-0 260 79
-0 260 79
-0 260 79
-0 260 79
-0 260 79
-16.6036 245.567 79
-23.5726 239.867 79
-24.5134 239.431 79
-26.2352 238.373 79
-33.4173 232.939 79
-40.6956 227.629 79
-41.7646 227.37 79
-27.7674 238.693 79
-26.355 240.14 79
-27.3311 239.776 79
-26.6976 240.603 79
-26.8658 240.837 79
-26.2129 241.646 79
-26.372 241.875 79
-27.3582 241.547 79
-26.6843 242.338 79
-27.6761 242.027 79
-27.8319 242.269 79
-27.1375 243.043 79
-28.1371 242.758 79
-28.2865 243.004 79
-28.4338 243.251 79
-27.7128 244 79
-26.981 244.735 79
-27.9878 244.486 79
-29.001 244.254 79
-29.1373 244.507 79
-31.0454 243.839 79
-30.2942 244.564 79
-30.4278 244.829 79
-30.559 245.095 79
-32.4931 244.502 79
-31.7208 245.208 79
-32.7586 245.071 79
-33.8012 244.951 79
-33.9312 245.246 79
-34.0587 245.543 79
-35.1074 245.458 79
-34.3058 246.14 79
-36.2863 245.706 79
-36.4096 246.024 79
-37.4669 245.992 79
-39.4671 245.635 79
-0 260 79
-0 260 79
-0 260 79
-72.2803 236.515 79
-71.5288 237.447 79
-0 260 79
-70.9527 238.983 79
-0 260 79
-0 260 79
-0 260 79
-0 260 79
-0 260 79
-0 260 79
-0 260 79
-0 260 79
-0 260 79
-0 260 79
-0 260 79
-0 260 79
-0 260 79
-0 260 79
-699.283 149.245 79
-699.234 155.499 79
-700.12 161.605 79
-700.952 167.718 79
-700.738 173.96 79
-701.462 180.079 79
-702.132 186.203 79
-701.754 192.429 79
-702.317 198.555 79
-702.827 204.686 79
-702.285 210.892 79
-701.689 217.083 79
-703.035 223.156 79
-703.33 229.292 79
-702.572 235.466 79
-702.759 241.598 79
-701.893 247.749 79
-701.973 253.874 79
-701 260 79
-701.973 266.126 79
-699.893 272.217 79
-700.76 278.35 79
-699.574 284.43 79
-699.334 290.534 79
-698.042 296.583 79
-696.698 302.612 79
-696.3 308.69 79
-694.851 314.686 79
-694.348 320.748 79
-693.791 326.805 79
-691.193 332.647 79
-690.532 338.676 79
-689.82 344.699 79
-689.054 350.716 79
-686.256 356.447 79
-686.377 362.58 79
-683.48 368.253 79
-682.51 374.213 79
-678.533 379.644 79
-679.429 385.925 79
-676.341 391.467 79
-676.148 397.564 79
-672.966 403.043 79
-671.692 408.911 79
-670.367 414.766 79
-667.046 420.144 79
-665.623 425.959 79
-663.181 431.51 79
-659.727 436.773 79
-658.16 442.524 79
-655.58 447.985 79
-652.956 453.415 79
-650.287 458.813 79
-648.527 464.48 79
-644.816 469.514 79
-643.912 475.45 79
-640.116 480.41 79
-638.168 485.987 79
-633.353 490.522 79
-631.317 496.04 79
-629.233 501.54 79
-626.171 506.655 79
-623.068 511.736 79
-618.999 516.398 79
-616.738 521.79 79
-611.679 525.966 79
-609.335 531.293 79
-606.034 536.186 79
-602.695 541.041 79
-600.219 546.29 79
-594.103 549.763 79
-592.447 555.383 79
-588.955 560.088 79
-585.427 564.754 79
-580.097 568.443 79
-579.14 574.448 79
-574.625 578.52 79
-570.953 583.03 79
-566.381 587 79
-564.367 592.438 79
-559.73 596.32 79
-555.069 600.147 79
-552.079 604.978 79
-546.518 608.17 79
-543.458 612.926 79
-539.524 617.103 79
-536.387 621.798 79
-531.561 625.332 79
-527.534 629.383 79
-524.29 633.973 79
-517.771 636.183 79
-515.272 641.281 79
-510.328 644.56 79
-506.953 648.999 79
-494.871 646.635 79
-464.087 629.151 79
-457.739 630.67 79
-456.802 636.558 79
-474.181 657.886 79
-479.816 669.802 79
-475.467 673.317 79
-469.595 675.463 79
-467.438 680.883 79
-463.01 684.271 79
-457.096 686.249 79
-452.634 689.533 79
-448.149 692.772 79
-444.355 696.667 79
-438.406 698.406 79
-433.863 701.502 79
-429.993 705.271 79
-424.715 707.556 79
-420.111 710.514 79
-416.164 714.163 79
-410.846 716.291 79
-404.198 716.863 79
-400.196 720.373 79
-395.514 723.087 79
-391.458 726.521 79
-386.099 728.376 79
-380.739 730.173 79
-375.376 731.913 79
-372.475 736.747 79
-367.083 738.392 79
-361.089 739.181 79
-355.704 740.706 79
-351.496 743.792 79
-346.099 745.213 79
-341.278 747.396 79
-337.012 750.355 79
-331.042 750.79 79
-326.747 753.66 79
-321.337 754.816 79
-316.469 756.758 79
-311.063 757.804 79
-306.184 759.647 79
-300.782 760.586 79
-295.387 761.468 79
-291 764.027 79
-286.098 765.677 79
-281.19 767.279 79
-275.798 767.956 79
-270.416 768.578 79
-265.044 769.144 79
-260.59 771.438 79
-256.117 773.692 79
-250.31 773.211 79
-244.961 773.571 79
-240.047 774.783 79
-235.131 775.948 79
-229.806 776.153 79
-225.692 779.056 79
-219.591 777.324 79
-214.685 778.296 79
-209.78 779.223 79
-204.141 778.243 79
-199.969 780.938 79
-194.365 779.853 79
-189.821 781.529 79
-184.595 781.281 79
-179.714 781.926 79
-174.518 781.578 79
-169.65 782.13 79
-164.787 782.637 79
-159.635 782.142 79
-154.788 782.557 79
-149.671 781.965 79
-145.11 783.251 79
-140.021 782.566 79
-135.205 782.8 79
-130.396 782.989 79
-125.36 782.163 79
-120.574 782.262 79
-115.579 781.342 79
-110.817 781.353 79
-105.864 780.34 79
-101.32 781.244 79
-96.4025 780.142 79
-91.8598 780.963 79
-86.98 779.773 79
-82.2845 779.524 79
-77.4521 778.244 79
-72.9267 778.9 79
-67.8736 775.551 79
-63.4939 777.117 79
-58.7524 775.664 79
-54.1457 775.162 79
-49.4564 773.624 79
-44.8852 773.04 79
-40.4064 773.412 79
-35.7153 770.753 79
-31.1958 770.047 79
-26.639 768.302 79
-22.1586 767.516 79
-17.7289 767.691 79
-13.2717 766.826 79
-8.81343 764.923 79
-4.39814 763.981 79
3.79754e-05 763 79
4.38076 761.981 79
8.70879 758.924 79
12.9838 755.83 79
17.38 757.697 79
21.7225 757.526 79
25.9063 754.322 79
30.158 753.079 79
34.39 751.799 79
38.6019 750.483 79
42.532 746.143 79
46.8686 746.749 79
51.0099 745.327 79
55.0168 742.876 79
59.2285 742.377 79
63.3052 740.851 79
67.499 740.28 79
71.392 737.695 79
75.0886 734.09 79
79.0578 732.431 79
83.1775 731.723 79
87.1086 729.996 79
91.0159 728.236 79
94.3011 723.504 79
98.7581 724.62 79
102.809 723.741 79
105.952 718.928 79
109.252 715.069 79
113.703 716.039 79
117.428 714.061 79
121.386 713.019 79
125.068 710.979 79
128.447 707.948 79
132.067 705.851 79
135.953 704.682 79
138.926 700.617 79
142.148 697.486 79
145.96 696.229 79
149.436 693.993 79
142.869 663.451 79
140.57 646.214 79
144.636 646.846 79
148.364 646.502 79
151.732 645.193 79
155.836 645.708 79
165.702 660.04 79
176.61 676.068 79
179.836 673.594 79
182.218 669.268 79
186.612 669.483 79
189.756 666.932 79
192.869 664.358 79
195.514 660.862 79
198.112 657.351 79
201.572 655.607 79
205.016 653.833 79
207.976 651.146 79
210.904 648.437 79
213.801 645.707 79
215.682 641.216 79
219 639.319 79
221.794 636.532 79
225.072 634.582 79
227.809 631.751 79
231.045 629.749 79
233.725 626.875 79
236.373 623.983 79
239.541 621.906 79
241.012 617.315 79
243.555 614.374 79
245.491 610.597 79
250.283 610.884 79
250.984 605.45 79
255.179 604.855 79
257.577 601.816 79
258.724 597.175 79
261.656 594.905 79
265.191 593.391 79
266.203 588.733 79
270.333 587.94 79
271.899 584.037 79
274.717 581.652 79
276.201 577.733 79
279.626 576.059 79
281.035 572.121 79
282.397 568.182 79
285.075 565.706 79
288.421 563.932 79
291.062 561.403 79
292.98 558.139 79
294.156 554.156 79
296.712 551.578 79
297.807 547.589 79
299.58 544.29 79
301.318 540.983 79
303.758 538.343 79
306.176 535.682 79
308.57 532.999 79
309.431 528.984 79
313.287 527.573 79
314.844 524.186 79
314.051 518.884 79
317.076 516.763 79
319.304 513.986 79
320.72 510.574 79
322.895 507.766 79
325.045 504.939 79
327.17 502.093 79
327.652 498.053 79
330.531 495.765 79
331.757 492.298 79
332.947 488.828 79
334.102 485.355 79
337.724 483.534 79
338.823 480.034 79
341.574 477.606 79
342.611 474.087 79
342.761 470.044 79
345.438 467.56 79
346.375 464.03 79
348.142 461 79
349.883 457.954 79
351.597 454.893 79
353.284 451.818 79
354.945 448.728 79
354.804 444.699 79
355.512 441.142 79
357.079 438.033 79
359.518 435.348 79
358.326 430.913 79
359.804 427.779 79
360.345 424.219 79
362.678 421.474 79
364.073 418.303 79
366.361 415.511 79
365.856 411.543 79
367.165 408.344 79
370.306 405.867 79
370.631 402.272 79
371.859 399.032 79
373.058 395.782 79
373.286 392.188 79
373.48 388.599 79
374.588 385.335 79
375.667 382.062 79
378.626 379.38 79
377.74 375.487 79
378.734 372.186 79
380.66 369.152 79
380.634 365.559 79
380.575 361.975 79
381.45 358.65 79
383.267 355.559 79
382.141 351.744 79
382.927 348.406 79
384.661 345.277 79
385.39 341.917 79
385.11 338.352 79
386.761 335.179 79
386.419 331.619 79
388.014 328.417 79
387.61 324.864 79
386.186 321.166 79
387.694 317.941 79
388.185 314.556 79
387.655 311.036 79
388.086 307.651 79
390.474 304.489 79
388.858 300.871 79
389.2 297.476 79
391.505 294.252 79
390.792 290.756 79
392.043 287.414 79
391.269 283.931 79
392.461 280.568 79
393.625 277.186 79
390.762 273.646 79
391.866 270.261 79
391.94 266.841 79
392.985 263.43 79
393 260 79
392.985 256.57 79
394.94 253.106 79
393.865 249.686 79
392.761 246.284 79
392.626 242.858 79
393.46 239.38 79
391.269 236.069 79
393.04 232.516 79
392.785 229.087 79
394.493 225.486 79
394.177 222.045 79
392.836 218.711 79
392.461 215.285 79
392.056 211.862 79
392.612 208.312 79
392.146 204.887 79
390.661 201.615 79
392.112 197.896 79
392.542 194.311 79
389.984 191.235 79
389.369 187.835 79
388.724 184.44 79
390.01 180.652 79
389.303 177.251 79
386.613 174.29 79
0 260 79
0 260 79
0 260 79
0 260 79
0 260 79
0 260 79
0 260 79
0 260 79
71.7229 238.072 79
71.5288 237.447 79
0 260 79
0 260 79
0 260 79
40.5336 245.646 79
38.5274 245.977 79
37.4669 245.992 79
36.4096 246.024 79
36.2863 245.706 79
35.233 245.765 79
36.0313 245.075 79
34.9792 245.152 79
33.0142 245.645 79
32.8876 245.357 79
32.7586 245.071 79
33.5334 244.363 79
34.2982 243.641 79
32.3566 244.219 79
33.1126 243.491 79
31.1852 244.11 79
31.0454 243.839 79
31.7861 243.099 79
29.8798 243.777 79
30.6117 243.032 79
29.5921 243.258 79
28.5788 243.5 79
29.2954 242.744 79
29.1437 242.489 79
28.9898 242.235 79
28.8336 241.983 79
28.6753 241.732 79
28.5148 241.482 79
28.3521 241.234 79
28.1873 240.987 79
27.1962 241.309 79
26.2129 241.646 79
26.0517 241.418 79
25.8885 241.191 79
24.9196 241.56 79
25.5563 240.742 79
35.7009 232.606 79
40.9766 227.986 79
34.4348 232.609 79
27.2001 237.974 79
26.2352 238.373 79
22.9813 240.716 79
0 260 79
0 260 79
0 260 79
0 260 79
0 260 79
0 260 79
0 260 79
0 260 79
0 260 79
0 260 79
0 260 79
