-0 260 213
-0 260 213
-0 260 213
-0 260 213
-0 260 213
-0 260 213
-0 260 213
-0 260 213
-17.3583 244.911 213
-22.8122 240.517 213
-26.8116 237.502 213
-27.0069 237.737 213
-34.1944 232.31 213
-43.0435 225.762 213
-40.9766 227.986 213
-27.7674 238.693 213
-25.5563 240.742 213
-26.5273 240.371 213
-25.8885 241.191 213
-25.2376 241.998 213
-26.2129 241.646 213
-26.372 241.875 213
-26.5292 242.106 213
-25.8505 242.89 213
-26.8375 242.572 213
-26.1451 243.344 213
-27.1375 243.043 213
-28.1371 242.758 213
-27.4294 243.519 213
-27.5721 243.759 213
-27.7128 244 213
-26.981 244.735 213
-27.1132 244.971 213
-29.8798 243.777 213
-30.0202 244.038 213
-29.2714 244.762 213
-30.2942 244.564 213
-30.4278 244.829 213
-30.559 245.095 213
-30.6879 245.363 213
-31.7208 245.208 213
-31.8486 245.486 213
-32.8876 245.357 213
-33.0142 245.645 213
-33.1382 245.934 213
-35.1074 245.458 213
-34.3058 246.14 213
-35.3559 246.073 213
-35.4761 246.382 213
-36.5302 246.342 213
-39.4671 245.635 213
-42.4189 244.979 213
-0 260 213
-0 260 213
-71.3292 236.824 213
-72.4825 237.146 213
-0 260 213
-0 260 213
-0 260 213
-0 260 213
-0 260 213
-0 260 213
-0 260 213
-0 260 213
-0 260 213
-0 260 213
-0 260 213
-0 260 213
-0 260 213
-0 260 213
-0 260 213
-0 260 213
-727.926 144.708 213
-726.927 151.36 213
-726.857 157.847 213
-729.703 163.933 213
-728.529 170.548 213
-730.275 176.796 213
-729.979 183.276 213
-730.621 189.649 213
-730.211 196.115 213
-730.74 202.49 213
-731.214 208.869 213
-730.635 215.313 213
-730.997 221.69 213
-730.304 228.114 213
-731.554 234.454 213
-731.749 240.839 213
-730.889 247.242 213
-730.972 253.621 213
-731 260 213
-730.972 266.379 213
-728.889 272.723 213
-728.75 279.083 213
-728.556 285.442 213
-728.306 291.799 213
-727.002 298.101 213
-727.64 304.504 213
-726.227 310.783 213
-724.759 317.04 213
-724.234 323.362 213
-722.658 329.584 213
-722.023 335.888 213
-720.34 342.072 213
-720.588 348.477 213
-716.815 354.371 213
-715.964 360.622 213
-715.058 366.866 213
-713.111 372.946 213
-711.112 378.999 213
-709.062 385.027 213
-707.944 391.21 213
-706.772 397.383 213
-704.566 403.346 213
-702.31 409.281 213
-700.004 415.187 213
-698.623 421.29 213
-696.217 427.147 213
-693.761 432.974 213
-691.257 438.771 213
-688.705 444.538 213
-686.105 450.274 213
-684.418 456.254 213
-680.762 461.651 213
-678.02 467.292 213
-676.185 473.201 213
-673.348 478.784 213
-669.516 484.017 213
-666.591 489.526 213
-664.562 495.334 213
-661.544 500.782 213
-657.544 505.846 213
-654.44 511.216 213
-651.292 516.551 213
-648.101 521.85 213
-644.868 527.113 213
-641.592 532.34 213
-637.357 537.131 213
-634.914 542.682 213
-630.603 547.382 213
-628.071 552.875 213
-624.589 557.914 213
-620.168 562.476 213
-616.61 567.43 213
-613.903 572.8 213
-609.376 577.221 213
-605.702 582.058 213
-601.99 586.854 213
-598.24 591.61 213
-592.712 595.341 213
-589.763 600.5 213
-585.046 604.619 213
-582.017 609.711 213
-577.237 613.732 213
-573.28 618.225 213
-569.289 622.677 213
-565.264 627.087 213
-560.371 630.902 213
-556.284 635.219 213
-552.165 639.492 213
-547.194 643.149 213
-542.201 646.748 213
-539.614 652.053 213
-533.761 654.962 213
-529.495 659.003 213
-524.407 662.391 213
-520.087 666.337 213
-514.956 669.615 213
-510.585 673.464 213
-505.414 676.631 213
-501.759 681.026 213
-497.305 684.739 213
-491.316 687.094 213
-486.821 690.703 213
-481.558 693.597 213
-477.018 697.107 213
-470.26 698.525 213
-467.141 703.3 213
-462.535 706.665 213
-456.48 708.582 213
-451.841 711.841 213
-447.18 715.054 213
-441.108 716.781 213
-436.417 719.887 213
-431.705 722.947 213
-426.973 725.959 213
-420.883 727.438 213
-416.788 731.093 213
-411.349 733.203 213
-405.905 735.254 213
-401.099 738.012 213
-395.005 739.179 213
-389.549 741.053 213
-384.091 742.869 213
-378.632 744.627 213
-374.388 747.912 213
-369.514 750.362 213
-364.031 751.96 213
-357.373 751.882 213
-353.648 755.796 213
-347.014 755.587 213
-342.676 758.596 213
-336.634 759.081 213
-332.266 761.999 213
-326.783 763.202 213
-321.305 764.348 213
-316.362 766.285 213
-299.392 748.563 213
-286.876 737.442 213
-281.176 737.343 213
-277 739.778 213
-282.159 758.714 213
-284.098 772.527 213
-278.184 772.35 213
-273.232 773.876 213
-268.276 775.353 213
-262.406 775.002 213
-257.01 775.482 213
-252.063 776.807 213
-246.683 777.181 213
-241.315 777.502 213
-236.375 778.678 213
-231.026 778.894 213
-225.692 779.056 213
-220.763 780.085 213
-215.833 781.068 213
-210.154 780.15 213
-204.508 779.173 213
-199.611 780.004 213
-194.365 779.853 213
-189.137 779.65 213
-184.595 781.281 213
-179.388 780.981 213
-174.2 780.63 213
-169.032 780.228 213
-163.885 779.776 213
-159.05 780.23 213
-153.936 779.68 213
-149.12 780.043 213
-143.774 778.433 213
-138.727 777.736 213
-133.953 777.959 213
-129.186 778.138 213
-124.193 777.301 213
-119.449 777.391 213
-114.713 777.437 213
-109.777 776.462 213
-105.067 776.42 213
-99.9839 774.373 213
-95.4914 775.226 213
-90.4707 773.085 213
-85.8247 772.869 213
-81.1894 772.61 213
-76.4174 771.321 213
-71.6741 769.988 213
-67.0904 769.603 213
-62.3971 768.184 213
-57.7336 766.722 213
-53.1004 765.217 213
-48.4979 763.67 213
-44.1008 764.075 213
-39.6218 763.443 213
-35.0177 760.777 213
-30.5853 760.066 213
-26.1156 758.316 213
-21.7224 757.526 213
-17.3101 755.698 213
-12.9837 755.83 213
-8.604 752.925 213
-4.27597 749.981 213
3.70695e-05 751 213
4.26731 748.981 213
8.48191 745.926 213
12.7482 746.833 213
16.9263 744.705 213
21.0682 742.54 213
25.226 741.339 213
29.3033 739.105 213
33.4134 737.833 213
37.5035 736.526 213
41.4862 734.189 213
45.4309 731.818 213
49.442 730.409 213
53.2055 726.979 213
57.2786 726.497 213
61.0863 723.996 213
64.9939 722.455 213
68.8792 720.881 213
72.7421 719.275 213
76.5821 717.637 213
80.3991 715.966 213
84.0106 713.281 213
87.7722 711.548 213
91.5099 709.785 213
94.8078 706.035 213
98.2636 703.238 213
102.128 702.364 213
105.751 700.484 213
109.349 698.574 213
112.671 695.666 213
115.951 692.735 213
119.188 689.779 213
122.934 688.723 213
126.387 686.675 213
129.813 684.599 213
132.912 681.543 213
136.277 679.416 213
139.297 676.314 213
142.599 674.137 213
145.874 671.934 213
148.779 668.766 213
152.34 667.452 213
155.89 666.107 213
158.695 662.871 213
161.83 660.543 213
164.937 658.192 213
167.233 653.976 213
170.665 652.502 213
173.677 650.084 213
175.83 645.824 213
179.19 644.274 213
182.537 642.696 213
185.431 640.19 213
188.295 637.662 213
189.768 632.441 213
192.549 629.884 213
196.239 629.072 213
198.021 624.709 213
200.711 622.093 213
203.371 619.457 213
206.5 617.668 213
209.613 615.853 213
211.681 612.296 213
213.179 607.877 213
216.737 606.852 213
219.756 604.947 213
221.123 600.5 213
224.638 599.392 213
227.032 596.589 213
229.961 594.595 213
230.578 589.299 213
233.443 587.274 213
235.702 584.416 213
238.524 582.347 213
240.726 579.454 213
244.113 578.135 213
245.033 573.628 213
248.383 572.261 213
249.84 568.527 213
251.887 565.563 213
253.901 562.588 213
256.532 560.36 213
257.831 556.601 213
259.747 553.591 213
262.299 551.313 213
264.156 548.275 213
266.661 545.959 213
268.458 542.896 213
270.917 540.543 213
271.953 536.741 213
273.65 533.65 213
274.601 529.85 213
278.385 528.833 213
279.269 525.017 213
280.84 521.887 213
283.115 519.427 213
283.138 514.939 213
286.101 513.121 213
287.544 509.958 213
288.954 506.79 213
290.331 503.616 213
293.217 501.71 213
294.538 498.512 213
296.608 495.933 213
297.868 492.72 213
298.301 488.894 213
301.086 486.884 213
303.054 484.248 213
302.572 479.832 213
304.479 477.183 213
307.182 475.091 213
309.047 472.402 213
310.889 469.697 213
311.039 465.872 213
311.985 462.606 213
313.742 459.875 213
316.322 457.66 213
315.477 453.324 213
317.152 450.564 213
317.941 447.282 213
319.563 444.5 213
321.161 441.704 213
322.735 438.895 213
323.405 435.594 213
324.042 432.296 213
327.307 430.385 213
326.999 426.615 213
329.336 424.201 213
330.756 421.321 213
329.444 417.137 213
330.802 414.256 213
333.046 411.778 213
333.444 408.459 213
332.893 404.746 213
335.984 402.617 213
337.216 399.679 213
338.422 396.731 213
338.672 393.406 213
338.89 390.088 213
340.012 387.125 213
342.048 384.495 213
341.236 380.838 213
342.278 377.856 213
344.241 375.182 213
345.234 372.173 213
346.199 369.156 213
345.226 365.546 213
346.134 362.53 213
347.015 359.505 213
347.871 356.473 213
346.767 352.916 213
348.533 350.137 213
350.277 347.334 213
351.026 344.274 213
350.773 340.982 213
352.443 338.135 213
351.155 334.64 213
351.793 331.573 213
353.386 328.691 213
352.989 325.423 213
354.531 322.513 213
355.063 319.417 213
355.568 316.316 213
354.068 312.916 213
356.497 310.102 213
356.92 306.989 213
354.339 303.507 213
355.699 300.527 213
358.028 297.63 213
358.343 294.504 213
358.63 291.376 213
358.89 288.245 213
358.125 285.043 213
359.329 281.977 213
356.511 278.684 213
357.659 275.616 213
359.781 272.564 213
358.877 269.398 213
360.945 266.3 213
358.986 263.133 213
360 260 213
360.986 256.85 213
359.945 253.717 213
357.877 250.629 213
359.781 247.436 213
359.657 244.297 213
360.505 241.107 213
360.327 237.961 213
359.123 234.888 213
359.887 231.676 213
358.63 228.624 213
357.347 225.591 213
360.017 222.161 213
359.673 219.02 213
359.302 215.883 213
358.903 212.75 213
359.467 209.48 213
359.013 206.345 213
358.531 203.214 213
356.049 200.418 213
356.5 197.139 213
355.938 194.031 213
355.349 190.927 213
355.713 187.629 213
353.111 184.944 213
352.443 181.865 213
0 260 213
0 260 213
0 260 213
0 260 213
0 260 213
0 260 213
0 260 213
0 260 213
69.8102 238.657 213
72.4825 237.146 213
0 260 213
0 260 213
0 260 213
39.5909 245.98 213
37.5877 246.319 213
37.4669 245.992 213
35.4761 246.382 213
36.2863 245.706 213
35.233 245.765 213
34.1835 245.841 213
34.0587 245.543 213
33.0142 245.645 213
33.8012 244.951 213
32.7586 245.071 213
32.6271 244.786 213
33.3957 244.071 213
33.2554 243.78 213
32.2176 243.937 213
31.1852 244.11 213
31.0454 243.839 213
30.0202 244.038 213
29.001 244.254 213
29.7371 243.516 213
28.7217 243.75 213
28.5788 243.5 213
28.4338 243.251 213
28.2865 243.004 213
28.9898 242.235 213
28.8336 241.983 213
27.8319 242.269 213
27.6761 242.027 213
27.5182 241.786 213
27.3582 241.547 213
26.372 241.875 213
24.5746 242.793 213
25.2376 241.998 213
25.8885 241.191 213
24.1157 242.155 213
24.7577 241.344 213
34.9075 233.214 213
39.4005 229.217 213
33.6522 233.232 213
26.423 238.603 213
26.2352 238.373 213
22.9813 240.716 213
0 260 213
0 260 213
0 260 213
0 260 213
0 260 213
0 260 213
0 260 213
0 260 213
0 260 213
0 260 213
0 260 213
