-0 260 141
-0 260 141
-0 260 141
-0 260 141
-0 260 141
-0 260 141
-0 260 141
-0 260 141
-16.6036 245.567 141
-22.0518 241.166 141
-26.8116 237.502 141
-27.0069 237.737 141
-34.1944 232.31 141
-43.8261 225.139 141
-40.9766 227.986 141
-28.5607 238.085 141
-25.5563 240.742 141
-27.3311 239.776 141
-27.5066 240.015 141
-26.8658 240.837 141
-26.2129 241.646 141
-26.372 241.875 141
-27.3582 241.547 141
-26.6843 242.338 141
-27.6761 242.027 141
-26.1451 243.344 141
-27.9856 242.513 141
-27.2845 243.28 141
-27.4294 243.519 141
-28.4338 243.251 141
-26.8468 244.5 141
-27.8514 244.242 141
-27.9878 244.486 141
-29.001 244.254 141
-30.0202 244.038 141
-31.0454 243.839 141
-31.1852 244.11 141
-31.3227 244.383 141
-31.4578 244.657 141
-32.4931 244.502 141
-31.7208 245.208 141
-32.7586 245.071 141
-32.8876 245.357 141
-33.0142 245.645 141
-34.9792 245.152 141
-35.1074 245.458 141
-34.3058 246.14 141
-34.4255 246.439 141
-36.4096 246.024 141
-37.4669 245.992 141
-39.4671 245.635 141
-42.4189 244.979 141
-0 260 141
-0 260 141
-73.2314 236.206 141
-72.4825 237.146 141
-0 260 141
-0 260 141
-0 260 141
-0 260 141
-0 260 141
-0 260 141
-0 260 141
-0 260 141
-0 260 141
-0 260 141
-0 260 141
-0 260 141
-0 260 141
-0 260 141
-0 260 141
-0 260 141
-727.926 144.708 141
-726.927 151.36 141
-729.828 157.43 141
-730.695 163.802 141
-731.507 170.182 141
-731.269 176.683 141
-730.974 183.172 141
-731.616 189.553 141
-732.203 195.941 141
-732.734 202.333 141
-733.21 208.729 141
-733.629 215.129 141
-733.993 221.533 141
-735.299 227.896 141
-733.553 234.384 141
-733.748 240.786 141
-734.888 247.173 141
-733.972 253.595 141
-734 260 141
-732.972 266.397 141
-733.888 272.81 141
-733.748 279.214 141
-732.553 285.581 141
-731.303 291.93 141
-731.995 298.362 141
-730.635 304.688 141
-729.219 310.992 141
-729.743 317.432 141
-727.222 323.624 141
-726.639 329.968 141
-726.995 336.41 141
-726.301 342.752 141
-723.566 348.843 141
-722.763 355.154 141
-720.915 361.318 141
-720.004 367.605 141
-718.049 373.728 141
-716.043 379.825 141
-714.97 386.069 141
-713.843 392.303 141
-712.661 398.527 141
-709.465 404.342 141
-708.179 410.528 141
-706.838 416.702 141
-704.47 422.64 141
-703.023 428.781 141
-699.583 434.426 141
-697.066 440.274 141
-695.467 446.35 141
-692.85 452.144 141
-689.225 457.632 141
-687.474 463.639 141
-683.758 469.046 141
-682.861 475.305 141
-679.054 480.638 141
-676.155 486.238 141
-673.209 491.805 141
-671.161 497.671 141
-668.121 503.176 141
-664.101 508.297 141
-660.975 513.725 141
-658.736 519.483 141
-655.519 524.847 141
-653.183 530.557 141
-648.035 535.075 141
-645.61 540.719 141
-642.222 545.936 141
-638.793 551.115 141
-634.415 555.833 141
-630.907 560.927 141
-628.257 566.422 141
-624.664 571.446 141
-621.032 576.431 141
-616.472 580.915 141
-612.766 585.813 141
-609.02 590.671 141
-603.488 594.519 141
-601.416 600.265 141
-595.825 604 141
-592.801 609.186 141
-588.874 613.831 141
-584.058 617.912 141
-579.217 621.935 141
-575.193 626.438 141
-571.973 631.444 141
-567.042 635.317 141
-561.258 638.574 141
-558.758 644.023 141
-553.747 647.738 141
-548.714 651.394 141
-544.468 655.58 141
-540.192 659.721 141
-535.884 663.818 141
-530.753 667.261 141
-524.815 670.031 141
-520.434 673.972 141
-516.025 677.869 141
-511.587 681.72 141
-506.355 684.883 141
-502.628 689.285 141
-496.599 691.687 141
-490.566 694.016 141
-487.503 698.95 141
-481.442 701.16 141
-476.111 703.981 141
-472.219 708.119 141
-466.851 710.833 141
-460.046 712.087 141
-457.498 717.498 141
-451.386 719.333 141
-445.971 721.816 141
-440.547 724.24 141
-435.797 727.335 141
-430.351 729.646 141
-425.567 732.64 141
-419.438 734.089 141
-414.629 736.977 141
-410.451 740.577 141
-404.313 741.842 141
-398.185 743.037 141
-394.584 747.271 141
-388.449 748.348 141
-382.326 749.355 141
-378.041 752.672 141
-373.125 755.154 141
-367.6 756.784 141
-361.488 757.545 141
-355.971 759.053 141
-350.455 760.502 141
-346.074 763.541 141
-340.548 764.884 141
-333.922 764.501 141
-329.507 767.396 141
-324.529 769.408 141
-315.832 765.437 141
-298.869 747.71 141
-289.966 742.585 141
-284.729 743.374 141
-280.5 745.84 141
-289.053 770.899 141
-286.038 776.026 141
-280.569 776.744 141
-276.049 779.173 141
-270.585 779.788 141
-265.13 780.348 141
-259.241 779.957 141
-253.817 780.402 141
-249.266 782.597 141
-243.851 782.94 141
-238.449 783.228 141
-233.467 784.375 141
-227.686 783.641 141
-222.326 783.767 141
-217.364 784.764 141
-211.278 782.932 141
-206.34 783.825 141
-201.403 784.672 141
-196.116 784.536 141
-190.847 784.349 141
-185.93 785.051 141
-181.341 786.654 141
-175.787 785.371 141
-170.577 784.983 141
-165.388 784.544 141
-160.22 784.055 141
-155.072 783.516 141
-149.947 782.926 141
-145.11 783.251 141
-140.021 782.566 141
-135.205 782.8 141
-130.154 782.019 141
-125.127 781.19 141
-120.124 780.314 141
-115.362 780.366 141
-110.401 779.396 141
-105.466 778.38 141
-100.556 777.318 141
-95.6736 776.209 141
-90.9916 776.039 141
-86.1548 774.841 141
-81.5023 774.586 141
-76.713 773.299 141
-71.9525 771.969 141
-67.2209 770.594 141
-62.6408 770.169 141
-57.96 768.709 141
-53.3095 767.206 141
-48.7854 766.657 141
-44.1008 764.075 141
-39.7003 764.44 141
-35.1572 762.772 141
-30.6463 761.064 141
-26.1679 759.315 141
-21.766 758.525 141
-17.345 756.697 141
-12.9314 753.831 141
-8.62145 753.925 141
-4.29342 751.981 141
3.7145e-05 752 141
4.26731 748.981 141
8.49936 746.926 141
12.722 745.833 141
16.8914 743.705 141
20.981 740.542 141
25.0166 737.345 141
29.3033 739.105 141
33.4134 737.833 141
37.425 735.53 141
41.399 733.192 141
45.4309 731.818 141
49.3375 729.414 141
53.3187 727.972 141
57.0349 724.512 141
61.0863 723.996 141
64.8547 721.465 141
68.7314 719.892 141
72.5856 718.287 141
76.252 715.664 141
79.8782 713.012 141
83.6461 711.314 141
87.1997 708.604 141
90.5131 704.886 141
94.3919 704.079 141
97.8307 701.286 141
101.678 700.415 141
105.284 698.539 141
108.865 696.633 141
111.92 692.762 141
115.175 689.837 141
118.654 687.852 141
121.832 684.878 141
125.251 682.839 141
128.644 680.774 141
132.01 678.682 141
135.658 677.514 141
138.979 675.366 141
141.297 670.355 141
144.872 669.106 141
147.411 665.008 141
150.239 661.832 141
154.815 663.307 141
157.229 659.149 141
160.332 656.835 141
163.406 654.497 141
166.061 651.215 141
168.671 647.916 141
172.05 646.43 141
175.415 644.914 141
176.654 638.837 141
180.815 639.086 141
183.678 636.595 141
186.511 634.083 141
188.86 630.659 141
191.626 628.109 141
193.422 623.774 141
196.112 621.194 141
199.257 619.469 141
201.401 615.975 141
204.5 614.204 141
207.583 612.406 141
210.136 609.724 141
212.134 606.172 141
214.617 603.459 141
217.069 600.73 141
220.034 598.823 141
220.775 593.554 141
224.236 592.444 141
227.129 590.475 141
228.283 586.023 141
231.12 584.018 141
233.939 581.989 141
236.145 579.131 141
238.921 577.058 141
239.243 571.788 141
241.955 569.688 141
244.648 567.565 141
246.694 564.641 141
248.707 561.705 141
250.044 557.991 141
252.635 555.798 141
253.895 552.073 141
257.097 550.595 141
257.615 546.111 141
261.453 545.326 141
263.251 542.303 141
265.705 539.994 141
266.749 536.226 141
268.448 533.175 141
269.408 529.408 141
271.035 526.346 141
273.349 523.97 141
275.642 521.575 141
277.183 518.477 141
277.954 514.697 141
280.909 512.931 141
282.356 509.808 141
283.771 506.678 141
284.392 502.894 141
287.267 501.045 141
287.816 497.257 141
290.653 495.366 141
291.913 492.198 141
293.928 489.642 141
295.127 486.459 141
297.092 483.875 141
299.035 481.274 141
300.954 478.656 141
300.409 474.279 141
302.267 471.65 141
302.454 467.871 141
306.744 466.901 141
307.704 463.665 141
308.631 460.427 141
309.525 457.189 141
311.234 454.48 141
313.772 452.279 141
314.58 449.019 141
314.495 445.251 141
316.965 443 141
318.55 440.227 141
319.236 436.956 141
319.889 433.686 141
321.393 430.888 141
321.985 427.615 141
321.653 423.891 141
324.861 421.97 141
324.465 418.252 141
326.736 415.845 141
327.177 412.565 141
327.586 409.29 141
328.876 406.425 141
330.142 403.55 141
329.541 399.882 141
330.749 397.001 141
331.932 394.109 141
334.02 391.574 141
335.155 388.654 141
335.329 385.374 141
336.41 382.443 141
338.408 379.837 141
337.55 376.228 141
337.603 372.96 141
339.527 370.319 141
340.477 367.352 141
341.401 364.377 141
342.299 361.393 141
341.248 357.851 141
343.052 355.137 141
343.87 352.14 141
344.661 349.135 141
345.425 346.124 141
345.191 342.873 141
345.901 339.858 141
347.561 337.052 141
347.242 333.809 141
345.913 330.377 141
346.514 327.356 141
347.089 324.329 141
347.637 321.298 141
349.145 318.427 141
349.642 315.378 141
349.123 312.177 141
349.565 309.128 141
349.98 306.076 141
351.361 303.142 141
351.724 300.074 141
350.072 296.794 141
351.375 293.834 141
352.653 290.853 141
352.909 287.775 141
353.138 284.694 141
352.342 281.55 141
353.515 278.527 141
353.663 275.441 141
353.784 272.354 141
352.879 269.24 141
352.946 266.161 141
354.986 263.098 141
355 260 141
352.987 256.92 141
352.946 253.839 141
354.878 250.707 141
353.784 247.646 141
352.664 244.602 141
354.513 241.421 141
354.338 238.328 141
355.133 235.167 141
354.903 232.069 141
352.653 229.147 141
354.361 225.879 141
353.055 222.892 141
354.705 219.586 141
353.346 216.615 141
353.946 213.402 141
354.516 210.176 141
353.079 207.232 141
352.605 204.153 141
353.09 200.913 141
350.592 198.181 141
350.039 195.124 141
349.459 192.072 141
349.833 188.826 141
349.199 185.776 141
347.561 182.948 141
0 260 141
0 260 141
0 260 141
0 260 141
0 260 141
0 260 141
0 260 141
0 260 141
70.7666 238.364 141
71.5288 237.447 141
0 260 141
0 260 141
0 260 141
39.5909 245.98 141
38.5274 245.977 141
36.5302 246.342 141
35.4761 246.382 141
36.2863 245.706 141
36.1602 245.39 141
36.0313 245.075 141
35.8997 244.761 141
33.9312 245.246 141
33.8012 244.951 141
32.7586 245.071 141
32.6271 244.786 141
33.3957 244.071 141
33.2554 243.78 141
34.0075 243.044 141
32.0762 243.656 141
31.0454 243.839 141
30.0202 244.038 141
29.8798 243.777 141
28.8625 244.001 141
29.5921 243.258 141
28.5788 243.5 141
30.157 242.236 141
30.0009 241.974 141
29.8424 241.713 141
29.6817 241.453 141
28.6753 241.732 141
28.5148 241.482 141
28.3521 241.234 141
27.3582 241.547 141
27.1962 241.309 141
26.2129 241.646 141
25.2376 241.998 141
25.8885 241.191 141
24.9196 241.56 141
24.7577 241.344 141
35.7009 232.606 141
40.1885 228.601 141
33.6522 233.232 141
26.423 238.603 141
27.0069 237.737 141
22.9813 240.716 141
0 260 141
0 260 141
0 260 141
0 260 141
0 260 141
0 260 141
0 260 141
0 260 141
0 260 141
0 260 141
0 260 141
