-0 260 10
-0 260 10
-0 260 10
-0 260 10
-0 260 10
-0 260 10
-0 260 10
-0 260 10
-15.8489 246.223 10
-23.5726 239.867 10
-26.8116 237.502 10
-27.7785 237.101 10
-34.9716 231.681 10
-43.8261 225.139 10
-40.1886 228.601 10
-26.974 239.302 10
-26.355 240.14 10
-28.135 239.181 10
-27.5066 240.015 10
-26.8658 240.837 10
-27.032 241.072 10
-26.372 241.875 10
-26.5292 242.106 10
-27.5182 241.786 10
-26.8375 242.572 10
-27.8319 242.269 10
-27.9856 242.513 10
-28.1371 242.758 10
-28.2865 243.004 10
-27.5721 243.759 10
-28.5788 243.5 10
-28.7217 243.75 10
-27.9878 244.486 10
-29.001 244.254 10
-30.0202 244.038 10
-30.1584 244.301 10
-30.2942 244.564 10
-31.3227 244.383 10
-30.559 245.095 10
-31.5905 244.932 10
-31.7208 245.208 10
-31.8486 245.486 10
-32.8876 245.357 10
-33.0142 245.645 10
-34.0587 245.543 10
-34.1835 245.841 10
-34.3058 246.14 10
-35.3559 246.073 10
-36.4096 246.024 10
-36.5302 246.342 10
-39.4671 245.635 10
-0 260 10
-0 260 10
-0 260 10
-71.3292 236.824 10
-72.4825 237.146 10
-0 260 10
-0 260 10
-0 260 10
-0 260 10
-0 260 10
-0 260 10
-0 260 10
-0 260 10
-0 260 10
-0 260 10
-0 260 10
-0 260 10
-0 260 10
-0 260 10
-0 260 10
-0 260 10
-880.03 120.617 10
-884.18 127.859 10
-884.309 135.719 10
-877.429 144.484 10
-876.418 152.39 10
-869.375 160.947 10
-874.185 168.12 10
-872.962 175.943 10
-878.644 183.129 10
-868.315 191.662 10
-861.895 199.731 10
-863.387 207.193 10
-857.823 215.044 10
-856.184 222.618 10
-859.476 229.987 10
-861.705 237.436 10
-869.867 244.817 10
-880.966 252.312 10
-878 260 10
-880.966 267.688 10
-891.864 275.568 10
-906.689 283.743 10
-1099.33 298.39 10
-1138.91 309.726 10
-1143.43 319.925 10
-1135.88 329.473 10
-1151.19 340.499 10
-1137.48 349.522 10
-1143.63 360.055 10
-1138.73 369.648 10
-1152.65 381.149 10
-1170.43 393.354 10
-1141.43 400.15 10
-1152.06 411.672 10
-1147.72 421.302 10
-1147.26 431.459 10
-1149.67 442.09 10
-1135.21 449.97 10
-1116.77 456.917 10
-1115.01 466.655 10
-1119.05 477.522 10
-1138.67 491.666 10
-1164.72 518.213 10
-1178.99 532.191 10
-1176.57 542.469 10
-1173.09 552.484 10
-1147.25 556.7 10
-1163.94 571.877 10
-1194.85 602.617 10
-1180.31 609.623 10
-0 260 10
-0 260 10
-0 260 10
-0 260 10
-0 260 10
-0 260 10
-0 260 10
-0 260 10
-0 260 10
-0 260 10
-0 260 10
-0 260 10
-0 260 10
-0 260 10
-0 260 10
-0 260 10
-0 260 10
-0 260 10
-0 260 10
-0 260 10
-0 260 10
-0 260 10
-0 260 10
-0 260 10
-0 260 10
-0 260 10
-0 260 10
-0 260 10
-0 260 10
-0 260 10
-0 260 10
-0 260 10
-0 260 10
-0 260 10
-0 260 10
-0 260 10
-0 260 10
-0 260 10
-0 260 10
-0 260 10
-0 260 10
-0 260 10
-0 260 10
-0 260 10
-0 260 10
-0 260 10
-0 260 10
-0 260 10
-0 260 10
-0 260 10
-0 260 10
-0 260 10
-0 260 10
-0 260 10
-0 260 10
-0 260 10
-0 260 10
-0 260 10
-0 260 10
-0 260 10
-0 260 10
-0 260 10
-0 260 10
-0 260 10
-0 260 10
-0 260 10
-0 260 10
-0 260 10
-0 260 10
-0 260 10
-0 260 10
-0 260 10
-0 260 10
-0 260 10
-0 260 10
-0 260 10
-0 260 10
-0 260 10
-0 260 10
-0 260 10
-0 260 10
-0 260 10
-0 260 10
-0 260 10
-0 260 10
-0 260 10
-0 260 10
-0 260 10
-0 260 10
-0 260 10
-0 260 10
-0 260 10
-0 260 10
-0 260 10
-0 260 10
-0 260 10
-0 260 10
-0 260 10
-0 260 10
-0 260 10
-0 260 10
-0 260 10
-0 260 10
-0 260 10
-0 260 10
-0 260 10
-0 260 10
-0 260 10
-0 260 10
-0 260 10
-0 260 10
-0 260 10
-0 260 10
-0 260 10
-0 260 10
-0 260 10
-0 260 10
-0 260 10
0 260 10
0 260 10
0 260 10
0 260 10
0 260 10
0 260 10
0 260 10
0 260 10
0 260 10
0 260 10
0 260 10
0 260 10
0 260 10
0 260 10
0 260 10
0 260 10
0 260 10
0 260 10
0 260 10
0 260 10
0 260 10
0 260 10
0 260 10
0 260 10
0 260 10
0 260 10
0 260 10
0 260 10
0 260 10
0 260 10
0 260 10
0 260 10
0 260 10
0 260 10
0 260 10
0 260 10
0 260 10
0 260 10
0 260 10
0 260 10
0 260 10
0 260 10
0 260 10
0 260 10
0 260 10
0 260 10
0 260 10
0 260 10
0 260 10
0 260 10
0 260 10
0 260 10
0 260 10
0 260 10
0 260 10
0 260 10
0 260 10
0 260 10
0 260 10
0 260 10
0 260 10
0 260 10
0 260 10
0 260 10
0 260 10
0 260 10
0 260 10
0 260 10
0 260 10
0 260 10
0 260 10
0 260 10
0 260 10
0 260 10
0 260 10
0 260 10
0 260 10
0 260 10
0 260 10
0 260 10
0 260 10
0 260 10
0 260 10
0 260 10
0 260 10
0 260 10
0 260 10
0 260 10
0 260 10
0 260 10
0 260 10
0 260 10
0 260 10
0 260 10
0 260 10
0 260 10
0 260 10
0 260 10
0 260 10
0 260 10
0 260 10
0 260 10
0 260 10
0 260 10
0 260 10
0 260 10
0 260 10
0 260 10
0 260 10
0 260 10
0 260 10
0 260 10
0 260 10
0 260 10
0 260 10
0 260 10
0 260 10
0 260 10
0 260 10
0 260 10
0 260 10
0 260 10
0 260 10
0 260 10
0 260 10
0 260 10
0 260 10
0 260 10
0 260 10
0 260 10
0 260 10
0 260 10
0 260 10
0 260 10
0 260 10
0 260 10
0 260 10
0 260 10
0 260 10
0 260 10
0 260 10
0 260 10
0 260 10
0 260 10
0 260 10
0 260 10
0 260 10
0 260 10
0 260 10
0 260 10
0 260 10
0 260 10
0 260 10
0 260 10
0 260 10
0 260 10
0 260 10
0 260 10
0 260 10
0 260 10
0 260 10
0 260 10
0 260 10
0 260 10
0 260 10
0 260 10
0 260 10
0 260 10
0 260 10
0 260 10
0 260 10
0 260 10
0 260 10
0 260 10
0 260 10
1178.88 311.471 10
1180.28 301.216 10
1177.6 290.836 10
1184.82 280.681 10
1144.96 269.992 10
422 260 10
454.983 256.029 10
422.936 252.618 10
436.85 248.561 10
433.736 244.854 10
431.589 241.156 10
424.418 237.757 10
431.194 233.627 10
432.943 229.726 10
434.656 225.792 10
437.329 221.739 10
449.919 216.678 10
1195.64 38.4016 10
1142.61 37.8983 10
1102.42 35.7111 10
1089.66 28.3864 10
1050.49 27.111 10
0 260 10
0 260 10
0 260 10
0 260 10
0 260 10
0 260 10
0 260 10
0 260 10
71.7229 238.072 10
70.5751 237.748 10
0 260 10
0 260 10
0 260 10
39.5909 245.98 10
38.5274 245.977 10
37.4669 245.992 10
35.4761 246.382 10
35.3559 246.073 10
36.1602 245.39 10
36.0313 245.075 10
34.9792 245.152 10
33.9312 245.246 10
32.8876 245.357 10
31.8486 245.486 10
33.5334 244.363 10
34.2982 243.641 10
33.2554 243.78 10
33.1126 243.491 10
31.1852 244.11 10
31.9324 243.377 10
30.0202 244.038 10
29.8798 243.777 10
29.7371 243.516 10
28.7217 243.75 10
28.5788 243.5 10
29.2954 242.744 10
28.2865 243.004 10
28.9898 242.235 10
29.6817 241.453 10
28.6753 241.732 10
28.5148 241.482 10
28.3521 241.234 10
26.5292 242.106 10
26.372 241.875 10
26.2129 241.646 10
26.8658 240.837 10
25.8885 241.191 10
24.1157 242.155 10
23.9591 241.946 10
34.9075 233.214 10
40.9766 227.986 10
33.6522 233.232 10
26.423 238.603 10
25.4636 239.009 10
23.7474 240.074 10
0 260 10
0 260 10
0 260 10
0 260 10
0 260 10
0 260 10
0 260 10
0 260 10
0 260 10
0 260 10
0 260 10
