-0 260 171
-0 260 171
-0 260 171
-0 260 171
-0 260 171
-0 260 171
-0 260 171
-0 260 171
-15.8489 246.223 171
-22.8122 240.517 171
-27.5776 236.86 171
-27.0069 237.737 171
-31.863 234.198 171
-43.8261 225.139 171
-40.9766 227.986 171
-27.7674 238.693 171
-24.7577 241.344 171
-27.3311 239.776 171
-26.6976 240.603 171
-26.8658 240.837 171
-25.3937 242.219 171
-26.372 241.875 171
-26.5292 242.106 171
-27.5182 241.786 171
-26.8375 242.572 171
-26.1451 243.344 171
-27.1375 243.043 171
-27.2845 243.28 171
-29.1437 242.489 171
-28.4338 243.251 171
-26.8468 244.5 171
-27.8514 244.242 171
-27.9878 244.486 171
-29.001 244.254 171
-30.0202 244.038 171
-30.1584 244.301 171
-31.1852 244.11 171
-31.3227 244.383 171
-32.3566 244.219 171
-29.7853 245.793 171
-31.7208 245.208 171
-31.8486 245.486 171
-32.8876 245.357 171
-33.0142 245.645 171
-33.1382 245.934 171
-34.1835 245.841 171
-34.3058 246.14 171
-34.4255 246.439 171
-36.4096 246.024 171
-37.4669 245.992 171
-39.4671 245.635 171
-42.4189 244.979 171
-0 260 171
-0 260 171
-70.3782 237.133 171
-72.4825 237.146 171
-0 260 171
-70.9527 238.983 171
-0 260 171
-0 260 171
-0 260 171
-0 260 171
-0 260 171
-0 260 171
-0 260 171
-0 260 171
-0 260 171
-0 260 171
-0 260 171
-0 260 171
-0 260 171
-0 260 171
-717.062 146.429 171
-716.048 152.986 171
-716.954 159.239 171
-716.815 165.63 171
-718.603 171.767 171
-718.352 178.154 171
-719.039 184.426 171
-718.676 190.799 171
-719.253 197.074 171
-720.771 203.274 171
-720.241 209.636 171
-720.653 215.923 171
-721.011 222.214 171
-721.313 228.507 171
-720.561 234.838 171
-721.753 241.1 171
-719.89 247.434 171
-719.973 253.717 171
-720 260 171
-718.973 266.274 171
-718.89 272.548 171
-718.754 278.821 171
-717.563 285.058 171
-717.317 291.319 171
-717.016 297.577 171
-715.663 303.772 171
-714.256 309.946 171
-714.79 316.255 171
-713.275 322.404 171
-711.708 328.53 171
-711.083 334.738 171
-710.404 340.94 171
-707.685 346.893 171
-706.9 353.065 171
-705.071 359.091 171
-704.179 365.24 171
-703.234 371.381 171
-701.249 377.349 171
-699.213 383.29 171
-698.111 389.387 171
-695.974 395.284 171
-693.787 401.153 171
-691.55 406.994 171
-690.241 413.023 171
-687.905 418.816 171
-685.521 424.579 171
-684.058 430.555 171
-680.608 436.017 171
-679.046 441.95 171
-676.469 447.601 171
-674.806 453.498 171
-671.174 458.811 171
-670.37 464.953 171
-666.648 470.193 171
-662.886 475.385 171
-660.033 480.844 171
-658.081 486.596 171
-654.193 491.662 171
-652.147 497.362 171
-649.114 502.694 171
-645.104 507.632 171
-642.919 513.252 171
-639.757 518.479 171
-636.553 523.669 171
-632.387 528.432 171
-630.02 533.941 171
-626.692 539.021 171
-623.323 544.065 171
-619.008 548.648 171
-614.661 553.178 171
-612.079 558.531 171
-608.555 563.415 171
-603.211 567.352 171
-601.393 573.066 171
-597.755 577.832 171
-594.959 583.037 171
-590.368 587.247 171
-586.62 591.894 171
-582.835 596.5 171
-579.876 601.573 171
-574.302 605.076 171
-571.269 610.074 171
-566.496 613.986 171
-563.385 618.916 171
-559.393 623.274 171
-554.534 627.038 171
-549.652 630.745 171
-546.396 635.527 171
-541.459 639.134 171
-538.13 643.845 171
-532.333 646.763 171
-528.938 651.393 171
-524.703 655.393 171
-520.44 659.348 171
-515.359 662.643 171
-511.043 666.502 171
-505.145 669.058 171
-500.013 672.179 171
-497.163 677.169 171
-490.462 678.894 171
-486.788 683.158 171
-483.076 687.39 171
-478.585 690.92 171
-471.857 692.378 171
-468.798 697.161 171
-463.514 699.859 171
-458.219 702.497 171
-452.914 705.077 171
-447.599 707.599 171
-443.676 711.488 171
-439.024 714.623 171
-434.352 717.711 171
-428.295 719.29 171
-424.271 723.01 171
-418.876 725.209 171
-413.475 727.348 171
-408.725 730.184 171
-402.658 731.452 171
-398.528 734.948 171
-393.732 737.636 171
-388.291 739.499 171
-383.469 742.087 171
-378.632 744.627 171
-373.779 747.119 171
-367.107 747.168 171
-362.247 749.549 171
-356.786 751.073 171
-352.487 754.168 171
-347.014 755.587 171
-342.676 758.596 171
-337.193 759.91 171
-332.266 761.999 171
-326.239 762.364 171
-321.842 765.192 171
-315.302 764.589 171
-310.364 766.468 171
-304.902 767.443 171
-297.925 765.776 171
-282 748.438 171
-272.31 741.307 171
-265.676 739.292 171
-261.483 741.592 171
-269.007 765.929 171
-268.738 776.24 171
-262.406 775.002 171
-257.456 776.377 171
-252.94 778.604 171
-247.974 779.889 171
-242.583 780.221 171
-237.204 780.498 171
-231.84 780.721 171
-226.489 780.89 171
-221.154 781.006 171
-215.833 781.068 171
-211.278 782.932 171
-205.974 782.895 171
-200.686 782.805 171
-195.416 782.663 171
-190.505 783.409 171
-185.597 784.109 171
-180.365 783.817 171
-175.152 783.475 171
-169.959 783.081 171
-165.087 783.591 171
-159.927 783.099 171
-154.788 782.557 171
-149.947 782.926 171
-144.843 782.288 171
-140.021 782.566 171
-135.205 782.8 171
-130.154 782.019 171
-125.127 781.19 171
-120.349 781.288 171
-115.579 781.342 171
-110.401 779.396 171
-105.665 779.36 171
-100.938 779.281 171
-96.2203 779.159 171
-91.3389 778.009 171
-86.6499 777.8 171
-81.6587 775.573 171
-77.1565 776.266 171
-72.2308 773.949 171
-67.6125 773.568 171
-63.0064 773.146 171
-58.4128 772.683 171
-53.7276 771.184 171
-49.1688 770.638 171
-44.5365 769.055 171
-39.9356 767.431 171
-35.3665 765.765 171
-30.9516 766.054 171
-26.4296 764.308 171
-21.9405 762.521 171
-17.4846 760.695 171
-13.1146 760.828 171
-8.69126 757.924 171
-4.34578 757.981 171
3.7296e-05 754 171
4.31967 754.981 171
8.60407 752.925 171
12.8791 751.831 171
17.1357 750.701 171
21.3299 748.535 171
25.4876 746.333 171
29.6696 745.094 171
33.8319 743.819 171
37.6604 738.52 171
42.0963 741.162 171
46.006 737.79 171
50.0692 736.376 171
54.1112 734.927 171
58.1317 733.445 171
62 730.936 171
65.9681 729.387 171
69.9139 727.804 171
73.8371 726.189 171
77.7375 724.541 171
81.441 721.875 171
85.2863 720.163 171
89.1078 718.42 171
92.7061 715.665 171
96.4711 713.86 171
99.7787 710.072 171
103.028 706.261 171
107.385 707.29 171
110.316 702.455 171
114.424 702.443 171
118.022 700.462 171
121.326 697.488 171
125.139 696.413 171
128.375 693.387 171
131.567 690.337 171
135.017 688.219 171
138.749 687.024 171
142.153 684.849 171
145.529 682.647 171
148.878 680.418 171
152.199 678.163 171
155.142 674.946 171
158.399 672.643 171
161.994 671.245 171
164.078 666.107 171
167.998 665.583 171
170.75 662.261 171
173.456 658.921 171
177.337 658.306 171
179.148 653.103 171
183.416 653.338 171
185.55 649.014 171
188.061 645.583 171
191.865 644.822 171
195.216 643.133 171
196.705 637.867 171
200.464 637.019 171
203.27 634.376 171
205.074 629.964 171
208.295 628.16 171
210.5 624.597 171
213.166 621.884 171
215.286 618.296 171
219.449 618.109 171
222.566 616.18 171
225.129 613.381 171
227.114 609.726 171
229.054 606.063 171
232.065 604.051 171
233.359 599.54 171
236.887 598.31 171
238.669 594.601 171
242.168 593.315 171
244.472 590.385 171
246.142 586.642 171
248.983 584.482 171
251.19 581.508 171
252.741 577.739 171
255.504 575.521 171
257.612 572.508 171
259.686 569.482 171
263.026 567.964 171
264.392 564.148 171
265.711 560.331 171
268.991 558.744 171
270.912 555.648 171
271.435 551.079 171
273.965 548.699 171
275.779 545.578 171
278.962 543.874 171
279.307 539.307 171
281.021 536.158 171
283.42 533.695 171
285.072 530.523 171
286.691 527.343 171
287.538 523.48 171
291.313 522.299 171
292.842 519.084 171
294.337 515.863 171
296.558 513.285 171
298.757 510.687 171
298.619 506.162 171
301.533 504.176 171
303.652 501.536 171
304.172 497.645 171
305.441 494.373 171
308.273 492.301 171
310.289 489.602 171
310.663 485.71 171
311.806 482.409 171
313.735 479.68 171
316.464 477.5 171
315.034 472.493 171
317.711 470.288 171
319.533 467.507 171
321.332 464.711 171
322.258 461.369 171
324.856 459.072 171
324.866 455.199 171
325.696 451.849 171
326.492 448.5 171
328.994 446.136 171
329.732 442.773 171
332.193 440.366 171
332.871 436.991 171
333.516 433.617 171
334.127 430.246 171
336.495 427.77 171
337.947 424.828 171
337.567 421.011 171
339.865 418.482 171
340.326 415.095 171
341.666 412.119 171
342.063 408.733 171
343.348 405.743 171
343.683 402.358 171
343.985 398.979 171
344.255 395.605 171
347.292 393.313 171
349.379 390.627 171
346.747 386.205 171
350.663 384.176 171
348.896 380.135 171
350.88 377.403 171
352.842 374.645 171
350.014 370.359 171
352.876 367.885 171
352.846 364.518 171
355.667 361.986 171
354.616 358.344 171
353.529 354.728 171
357.246 352.39 171
357.069 349.027 171
355.887 345.441 171
356.619 342.332 171
359.277 339.65 171
359.958 336.511 171
359.632 333.168 171
359.276 329.836 171
359.871 326.698 171
361.424 323.729 171
360.981 320.407 171
360.506 317.099 171
361.98 314.098 171
362.438 310.937 171
361.877 307.642 171
363.272 304.604 171
363.647 301.432 171
364.99 298.362 171
362.324 294.888 171
363.611 291.812 171
364.872 288.716 171
366.106 285.601 171
367.314 282.466 171
367.496 279.26 171
365.652 275.965 171
366.776 272.808 171
365.875 269.581 171
365.944 266.388 171
365.986 263.194 171
367 260 171
367.986 256.789 171
365.944 253.612 171
365.875 250.419 171
366.776 247.192 171
364.653 244.079 171
366.497 240.793 171
366.315 237.595 171
365.108 234.469 171
366.866 231.127 171
367.596 227.84 171
365.31 224.825 171
364.99 221.638 171
365.634 218.341 171
364.264 215.274 171
362.869 212.227 171
364.419 208.784 171
364.947 205.458 171
365.445 202.119 171
362.953 199.262 171
362.409 196.097 171
360.855 193.12 171
361.239 189.782 171
359.632 186.832 171
359.958 183.489 171
359.277 180.35 171
0 260 171
0 260 171
0 260 171
0 260 171
0 260 171
0 260 171
0 260 171
0 260 171
71.7229 238.072 171
71.5288 237.447 171
73.2314 236.206 171
0 260 171
0 260 171
39.5909 245.98 171
38.5274 245.977 171
36.5302 246.342 171
35.4761 246.382 171
36.2863 245.706 171
36.1602 245.39 171
34.1835 245.841 171
34.0587 245.543 171
33.9312 245.246 171
32.8876 245.357 171
31.8486 245.486 171
33.5334 244.363 171
33.3957 244.071 171
32.3566 244.219 171
32.2176 243.937 171
32.0762 243.656 171
31.9324 243.377 171
30.9032 243.568 171
29.8798 243.777 171
29.7371 243.516 171
28.7217 243.75 171
29.4449 243 171
29.2954 242.744 171
29.1437 242.489 171
28.9898 242.235 171
28.8336 241.983 171
28.6753 241.732 171
28.5148 241.482 171
27.5182 241.786 171
28.1873 240.987 171
27.1962 241.309 171
25.3937 242.219 171
25.2376 241.998 171
25.8885 241.191 171
24.9196 241.56 171
24.7577 241.344 171
34.9075 233.214 171
40.9766 227.986 171
33.6522 233.232 171
25.6458 239.232 171
27.0069 237.737 171
23.7474 240.074 171
0 260 171
0 260 171
0 260 171
0 260 171
0 260 171
0 260 171
0 260 171
0 260 171
0 260 171
0 260 171
0 260 171
