-0 260 147
-0 260 147
-0 260 147
-0 260 147
-0 260 147
-0 260 147
-0 260 147
-0 260 147
-15.8489 246.223 147
-22.8122 240.517 147
-26.0455 238.145 147
-26.2352 238.373 147
-33.4173 232.939 147
-43.8261 225.139 147
-40.1886 228.601 147
-26.1807 239.911 147
-26.355 240.14 147
-26.5273 240.371 147
-26.6976 240.603 147
-26.0517 241.418 147
-26.2129 241.646 147
-26.372 241.875 147
-26.5292 242.106 147
-26.6843 242.338 147
-26.8375 242.572 147
-26.9885 242.806 147
-27.1375 243.043 147
-28.1371 242.758 147
-27.4294 243.519 147
-28.4338 243.251 147
-28.5788 243.5 147
-27.8514 244.242 147
-27.9878 244.486 147
-29.001 244.254 147
-30.0202 244.038 147
-30.1584 244.301 147
-30.2942 244.564 147
-29.5328 245.275 147
-31.4578 244.657 147
-30.6879 245.363 147
-30.8145 245.631 147
-31.8486 245.486 147
-32.8876 245.357 147
-33.0142 245.645 147
-34.0587 245.543 147
-35.1074 245.458 147
-34.3058 246.14 147
-35.3559 246.073 147
-36.4096 246.024 147
-37.4669 245.992 147
-39.4671 245.635 147
-0 260 147
-0 260 147
-0 260 147
-70.3782 237.133 147
-69.6213 238.048 147
-0 260 147
-0 260 147
-0 260 147
-0 260 147
-0 260 147
-0 260 147
-0 260 147
-0 260 147
-0 260 147
-0 260 147
-0 260 147
-0 260 147
-0 260 147
-0 260 147
-0 260 147
-0 260 147
-725.951 145.021 147
-726.927 151.36 147
-727.847 157.708 147
-727.721 164.194 147
-728.529 170.548 147
-730.275 176.796 147
-730.974 183.172 147
-731.616 189.553 147
-731.207 196.028 147
-731.737 202.411 147
-732.212 208.799 147
-731.633 215.252 147
-731.995 221.638 147
-733.301 227.983 147
-733.553 234.384 147
-733.748 240.786 147
-733.888 247.19 147
-733.972 253.595 147
-733 260 147
-732.972 266.397 147
-731.889 272.775 147
-731.749 279.162 147
-732.553 285.581 147
-731.303 291.93 147
-730.997 298.31 147
-730.635 304.688 147
-729.219 310.992 147
-727.75 317.275 147
-728.218 323.711 147
-726.639 329.968 147
-725.006 336.201 147
-725.307 342.638 147
-723.566 348.843 147
-722.763 355.154 147
-721.905 361.457 147
-720.004 367.605 147
-719.037 373.884 147
-717.03 379.99 147
-714.97 386.069 147
-712.86 392.121 147
-712.661 398.527 147
-711.425 404.741 147
-708.179 410.528 147
-705.862 416.486 147
-704.47 422.64 147
-703.023 428.781 147
-700.553 434.668 147
-699.003 440.774 147
-695.467 446.35 147
-694.778 452.679 147
-690.186 457.908 147
-688.433 463.923 147
-686.627 469.923 147
-682.861 475.305 147
-681.907 481.565 147
-678.051 486.873 147
-675.1 492.456 147
-672.103 498.004 147
-669.061 503.518 147
-666.911 509.348 147
-662.842 514.441 147
-659.666 519.849 147
-656.446 525.222 147
-653.183 530.557 147
-650.797 536.247 147
-646.527 541.118 147
-644.05 546.749 147
-640.613 551.944 147
-637.134 557.101 147
-633.615 562.219 147
-630.055 567.298 147
-626.454 572.339 147
-622.814 577.339 147
-619.134 582.301 147
-614.531 586.752 147
-610.778 591.625 147
-606.986 596.458 147
-603.156 601.25 147
-598.424 605.5 147
-595.386 610.709 147
-591.445 615.376 147
-585.764 618.957 147
-582.609 624.055 147
-577.723 628.05 147
-573.651 632.533 147
-569.544 636.973 147
-562.916 639.692 147
-559.582 644.59 147
-555.385 648.885 147
-550.342 652.555 147
-546.086 656.755 147
-541.799 660.911 147
-535.884 663.818 147
-532.34 668.479 147
-527.179 671.878 147
-522.782 675.84 147
-516.802 678.498 147
-513.13 682.992 147
-508.653 686.811 147
-503.389 689.935 147
-498.863 693.655 147
-492.064 695.341 147
-487.503 698.95 147
-482.917 702.512 147
-476.843 704.663 147
-472.944 708.807 147
-467.571 711.528 147
-462.899 714.89 147
-456.791 716.791 147
-452.787 720.76 147
-446.665 722.536 147
-441.924 725.69 147
-435.797 727.335 147
-431.027 730.383 147
-426.236 733.383 147
-420.764 735.587 147
-415.941 738.486 147
-410.451 740.577 147
-403.671 741.076 147
-398.821 743.809 147
-393.325 745.716 147
-387.827 747.565 147
-382.326 749.355 147
-376.823 751.086 147
-371.922 753.557 147
-367.6 756.784 147
-361.488 757.545 147
-356.552 759.867 147
-351.029 761.321 147
-344.941 761.893 147
-339.989 764.055 147
-333.37 763.667 147
-328.962 766.557 147
-323.454 767.722 147
-308.943 754.412 147
-294.167 740.036 147
-288.421 740.014 147
-281.684 738.204 147
-284.5 752.768 147
-290.53 773.51 147
-284.583 773.402 147
-279.615 774.987 147
-274.641 776.524 147
-269.199 777.127 147
-264.222 778.566 147
-258.348 778.167 147
-252.94 778.604 147
-247.974 779.889 147
-242.16 779.314 147
-236.79 779.588 147
-232.247 781.634 147
-226.888 781.807 147
-221.545 781.926 147
-215.833 781.068 147
-210.529 781.077 147
-205.607 781.964 147
-200.328 781.871 147
-195.065 781.726 147
-189.821 781.529 147
-184.595 781.281 147
-179.388 780.981 147
-174.518 781.578 147
-169.341 781.179 147
-164.486 781.683 147
-159.05 780.23 147
-154.504 781.598 147
-149.395 781.004 147
-144.041 779.397 147
-138.986 778.702 147
-134.204 778.927 147
-129.428 779.108 147
-124.193 777.301 147
-119.449 777.391 147
-114.497 776.461 147
-109.569 775.484 147
-104.668 774.46 147
-99.9839 774.373 147
-95.3091 774.242 147
-90.4707 773.085 147
-85.4946 770.896 147
-80.8766 770.635 147
-76.2696 770.332 147
-71.5349 768.998 147
-66.8294 767.62 147
-62.2752 767.191 147
-57.6204 765.728 147
-52.9959 764.223 147
-48.4979 763.67 147
-43.8393 761.086 147
-39.3864 760.453 147
-34.948 759.78 147
-30.5242 759.067 147
-26.0109 756.319 147
-21.6352 755.528 147
-17.2054 752.7 147
-12.9052 752.831 147
-8.56909 750.925 147
-4.26724 748.981 147
3.6843e-05 748 147
4.24113 745.981 147
8.46445 744.926 147
12.6697 743.834 147
16.7518 739.708 147
20.8501 737.545 147
25.0166 737.345 147
29.1202 736.11 147
33.2041 734.84 147
37.1896 732.539 147
41.2247 731.2 147
45.2392 729.827 147
49.1284 727.425 147
52.7527 723.004 147
56.7911 722.527 147
60.4337 719.039 147
64.4372 718.494 147
68.288 716.925 147
71.8035 713.349 147
75.7569 712.705 147
79.5309 711.042 147
82.9172 707.381 147
86.2457 703.695 147
90.3137 703.906 147
93.5603 700.166 147
97.6143 700.309 147
101.228 698.467 147
104.817 696.594 147
108.139 693.722 147
111.67 691.794 147
114.657 687.905 147
118.119 685.925 147
121.556 683.916 147
124.967 681.881 147
127.766 677.905 147
130.807 674.867 147
134.731 674.661 147
137.71 671.572 147
141.297 670.355 147
143.537 665.336 147
147.069 664.068 147
150.239 661.832 147
153.382 659.572 147
155.763 655.427 147
159.582 654.98 147
162.258 651.725 147
164.889 648.453 147
168.272 646.999 147
170.423 642.776 147
173.756 641.274 147
177.077 639.743 147
179.523 636.378 147
182.362 633.898 147
185.172 631.398 147
188.406 629.768 147
189.779 624.561 147
192.014 621.126 147
194.681 618.557 147
197.802 616.845 147
200.909 615.105 147
202.5 610.74 147
206.061 609.821 147
208.59 607.153 147
210.044 602.761 147
212.498 600.067 147
214.92 597.357 147
217.311 594.63 147
220.223 592.72 147
223.118 590.786 147
225.43 588.002 147
226.563 583.565 147
228.797 580.762 147
232.175 579.562 147
232.576 574.308 147
235.31 572.266 147
238.634 570.994 147
240.724 568.112 147
242.781 565.217 147
244.806 562.31 147
247.434 560.162 147
248.116 555.693 147
250.038 552.756 147
251.271 549.054 147
255.109 548.348 147
256.277 544.624 147
256.724 540.165 147
259.841 538.646 147
260.886 534.917 147
262.581 531.91 147
264.944 529.609 147
265.872 525.872 147
268.182 523.542 147
271.191 521.886 147
272.741 518.821 147
274.258 515.749 147
275.004 511.995 147
277.193 509.586 147
278.612 506.495 147
279.997 503.398 147
281.35 500.296 147
284.202 498.474 147
285.501 495.349 147
287.544 492.849 147
288.782 489.708 147
290.776 487.179 147
291.161 483.415 147
292.301 480.264 147
293.408 477.11 147
296.909 475.717 147
297.966 472.537 147
298.171 468.782 147
299.982 466.172 147
301.77 463.546 147
303.534 460.905 147
303.599 457.159 147
304.464 453.965 147
306.993 451.831 147
307.803 448.622 147
310.295 446.444 147
311.048 443.221 147
311.769 440 147
313.328 437.272 147
314.863 434.531 147
313.738 430.346 147
315.212 427.601 147
317.55 425.306 147
318.98 422.529 147
320.387 419.739 147
319.971 416.06 147
321.32 413.262 147
323.552 410.875 147
323.036 407.216 147
323.395 403.985 147
325.556 401.556 147
326.779 398.71 147
325.206 394.705 147
327.296 392.236 147
329.368 389.741 147
329.554 386.504 147
328.772 382.923 147
329.832 380.049 147
332.752 377.834 147
333.768 374.926 147
334.758 372.009 147
333.821 368.465 147
334.755 365.548 147
336.619 362.915 147
336.546 359.689 147
335.48 356.197 147
337.271 353.533 147
339.04 350.845 147
338.852 347.633 147
339.604 344.673 147
339.357 341.472 147
341.03 338.733 147
340.727 335.537 147
339.417 332.145 147
341.994 329.579 147
342.588 326.592 147
343.156 323.6 147
341.728 320.256 147
343.227 317.437 147
344.703 314.596 147
345.167 311.585 147
343.623 308.293 147
345.023 305.423 147
346.399 302.532 147
346.757 299.508 147
346.094 296.376 147
345.402 293.258 147
346.676 290.33 147
346.927 287.304 147
347.152 284.275 147
345.355 281.123 147
346.524 278.161 147
347.669 275.18 147
347.788 272.145 147
346.881 269.083 147
347.947 266.073 147
347.987 263.037 147
346 260 147
345.987 256.981 147
348.947 253.909 147
348.88 250.864 147
348.787 247.82 147
347.669 244.82 147
347.523 241.787 147
348.349 238.694 147
349.147 235.585 147
345.93 232.775 147
347.672 229.583 147
347.393 226.55 147
348.083 223.415 147
347.75 220.379 147
346.399 217.468 147
347.006 214.316 147
346.594 211.289 147
347.145 208.119 147
345.691 205.248 147
346.186 202.068 147
346.652 198.876 147
343.156 196.4 147
344.551 193.026 147
342.974 190.221 147
342.352 187.231 147
340.727 184.463 147
0 260 147
0 260 147
0 260 147
0 260 147
0 260 147
0 260 147
0 260 147
0 260 147
72.6792 237.78 147
70.5751 237.748 147
0 260 147
0 260 147
0 260 147
39.5909 245.98 147
37.5877 246.319 147
36.5302 246.342 147
36.4096 246.024 147
36.2863 245.706 147
34.3058 246.14 147
35.1074 245.458 147
34.0587 245.543 147
34.8483 244.848 147
33.8012 244.951 147
32.7586 245.071 147
32.6271 244.786 147
34.2982 243.641 147
32.3566 244.219 147
33.1126 243.491 147
31.1852 244.11 147
31.0454 243.839 147
30.9032 243.568 147
30.7586 243.299 147
29.7371 243.516 147
29.5921 243.258 147
28.5788 243.5 147
28.4338 243.251 147
30.0009 241.974 147
28.9898 242.235 147
27.9856 242.513 147
28.6753 241.732 147
28.5148 241.482 147
27.5182 241.786 147
27.3582 241.547 147
27.1962 241.309 147
26.2129 241.646 147
26.0517 241.418 147
25.0795 241.779 147
24.1157 242.155 147
24.7577 241.344 147
34.9075 233.214 147
40.9766 227.986 147
32.8695 233.854 147
27.2001 237.974 147
25.4636 239.009 147
22.9813 240.716 147
0 260 147
0 260 147
0 260 147
0 260 147
0 260 147
0 260 147
0 260 147
0 260 147
0 260 147
0 260 147
0 260 147
