-0 260 78
-0 260 78
-0 260 78
-0 260 78
-0 260 78
-0 260 78
-0 260 78
-0 260 78
-16.6036 245.567 78
-23.5726 239.867 78
-27.5776 236.86 78
-27.0069 237.737 78
-34.9716 231.681 78
-40.6956 227.629 78
-41.7646 227.37 78
-27.7674 238.693 78
-26.355 240.14 78
-27.3311 239.776 78
-27.5066 240.015 78
-26.8658 240.837 78
-26.2129 241.646 78
-25.5479 242.441 78
-26.5292 242.106 78
-28.3521 241.234 78
-26.8375 242.572 78
-26.9885 242.806 78
-27.1375 243.043 78
-27.2845 243.28 78
-28.2865 243.004 78
-27.5721 243.759 78
-28.5788 243.5 78
-27.8514 244.242 78
-28.8625 244.001 78
-29.8798 243.777 78
-30.0202 244.038 78
-30.1584 244.301 78
-31.1852 244.11 78
-30.4278 244.829 78
-30.559 245.095 78
-31.5905 244.932 78
-32.6271 244.786 78
-30.9387 245.9 78
-32.8876 245.357 78
-33.0142 245.645 78
-34.0587 245.543 78
-35.1074 245.458 78
-34.3058 246.14 78
-35.3559 246.073 78
-37.3432 245.665 78
-38.4036 245.642 78
-39.4671 245.635 78
-0 260 78
-0 260 78
-0 260 78
-71.3292 236.824 78
-71.5288 237.447 78
-0 260 78
-70.9527 238.983 78
-0 260 78
-0 260 78
-0 260 78
-0 260 78
-0 260 78
-0 260 78
-0 260 78
-0 260 78
-0 260 78
-0 260 78
-0 260 78
-0 260 78
-0 260 78
-0 260 78
-700.271 149.088 78
-700.223 155.351 78
-700.12 161.605 78
-699.96 167.849 78
-700.738 173.96 78
-701.462 180.079 78
-702.132 186.203 78
-701.754 192.429 78
-702.317 198.555 78
-702.827 204.686 78
-702.285 210.892 78
-702.687 217.022 78
-703.035 223.156 78
-703.33 229.292 78
-702.572 235.466 78
-702.759 241.598 78
-701.893 247.749 78
-701.973 253.874 78
-703 260 78
-700.973 266.117 78
-700.893 272.234 78
-700.76 278.35 78
-699.574 284.43 78
-699.334 290.534 78
-699.041 296.635 78
-697.696 302.673 78
-697.297 308.76 78
-696.845 314.843 78
-695.344 320.835 78
-693.791 326.805 78
-693.182 332.856 78
-691.526 338.79 78
-690.812 344.821 78
-689.054 350.716 78
-687.246 356.586 78
-686.377 362.58 78
-684.468 368.409 78
-682.51 374.213 78
-681.487 380.165 78
-680.412 386.107 78
-678.304 391.849 78
-677.128 397.763 78
-673.944 403.251 78
-672.668 409.127 78
-670.367 414.766 78
-668.018 420.377 78
-664.653 425.717 78
-662.213 431.26 78
-659.727 436.773 78
-659.123 442.791 78
-657.503 448.536 78
-653.915 453.699 78
-651.244 459.105 78
-648.527 464.48 78
-645.767 469.823 78
-643.912 475.45 78
-640.116 480.41 78
-638.168 485.987 78
-635.232 491.206 78
-631.317 496.04 78
-629.233 501.54 78
-626.171 506.655 78
-623.068 511.736 78
-618.999 516.398 78
-615.818 521.399 78
-612.596 526.364 78
-610.248 531.7 78
-606.944 536.6 78
-603.601 541.464 78
-599.317 545.859 78
-595.9 550.64 78
-591.552 554.937 78
-588.955 560.088 78
-585.427 564.754 78
-581.862 569.382 78
-579.14 574.448 78
-575.5 579.005 78
-571.824 583.522 78
-567.247 587.5 78
-563.505 591.93 78
-559.73 596.32 78
-556.774 601.192 78
-552.927 605.507 78
-548.204 609.245 78
-545.136 614.015 78
-541.192 618.207 78
-538.045 622.916 78
-533.21 626.465 78
-529.172 630.53 78
-525.104 634.553 78
-519.389 637.358 78
-516.076 641.876 78
-512.724 646.365 78
-506.953 648.999 78
-495.659 647.251 78
-464.869 629.774 78
-460.07 632.558 78
-459.888 639.103 78
-476.48 659.814 78
-482.097 671.75 78
-476.976 674.629 78
-473.34 678.776 78
-466.695 680.214 78
-463.747 684.946 78
-459.29 688.295 78
-454.084 690.91 78
-448.149 692.772 78
-443.642 695.966 78
-439.113 699.113 78
-433.863 701.502 78
-430.688 705.991 78
-426.091 709.007 78
-420.111 710.514 78
-415.488 713.426 78
-411.515 717.034 78
-405.523 718.361 78
-400.852 721.128 78
-396.813 724.608 78
-391.458 726.521 78
-387.372 729.919 78
-381.997 731.728 78
-377.866 735.043 78
-372.475 736.747 78
-366.474 737.599 78
-361.691 739.98 78
-356.894 742.314 78
-352.671 745.41 78
-346.68 746.027 78
-342.425 749.034 78
-337.578 751.179 78
-333.279 754.106 78
-326.747 753.66 78
-321.337 754.816 78
-317.007 757.601 78
-311.592 758.652 78
-306.184 759.647 78
-302.327 763.157 78
-296.402 763.191 78
-291 764.027 78
-286.59 766.547 78
-281.19 767.279 78
-275.798 767.956 78
-271.355 770.344 78
-265.505 770.031 78
-260.59 771.438 78
-255.225 771.902 78
-250.748 774.11 78
-245.822 775.376 78
-240.47 775.689 78
-234.716 775.038 78
-229.806 776.153 78
-225.293 778.139 78
-220.372 779.165 78
-215.068 779.22 78
-209.78 779.223 78
-205.241 781.034 78
-200.328 781.871 78
-195.065 781.726 78
-189.821 781.529 78
-184.929 782.223 78
-179.714 781.926 78
-174.835 782.526 78
-169.959 783.081 78
-164.787 782.637 78
-159.927 783.099 78
-154.788 782.557 78
-149.947 782.926 78
-144.843 782.288 78
-140.28 783.532 78
-135.205 782.8 78
-130.154 782.019 78
-125.36 782.163 78
-120.349 781.288 78
-115.579 781.342 78
-110.817 781.353 78
-106.064 781.32 78
-101.32 781.244 78
-96.4025 780.142 78
-91.6862 779.979 78
-86.98 779.773 78
-82.1281 778.536 78
-77.4521 778.244 78
-72.7875 777.91 78
-68.1346 777.534 78
-63.4939 777.117 78
-58.7524 775.664 78
-54.0412 774.168 78
-49.4564 773.624 78
-44.9723 774.036 78
-40.2495 771.419 78
-35.7153 770.753 78
-31.2568 771.045 78
-26.7436 770.3 78
-22.2022 768.516 78
-17.7289 767.691 78
-13.2717 766.826 78
-8.84833 766.923 78
-4.38941 762.981 78
3.78999e-05 762 78
4.36331 759.981 78
8.72624 759.924 78
13.0885 759.829 78
17.4149 758.696 78
21.6353 755.528 78
25.9587 755.32 78
30.158 753.079 78
34.39 751.799 78
38.5235 749.486 78
42.7063 748.135 78
46.8686 746.749 78
51.0099 745.327 78
55.13 743.869 78
59.3504 743.37 78
63.1747 739.859 78
67.3598 739.29 78
71.392 737.695 78
75.0886 734.09 78
79.2229 733.417 78
83.1775 731.723 78
87.1086 729.996 78
91.0159 728.236 78
94.8992 726.444 78
98.7581 724.62 78
101.943 719.835 78
105.502 716.98 78
109.953 717.986 78
113.703 716.039 78
116.927 712.125 78
120.869 711.087 78
124.533 709.052 78
128.447 707.948 78
131.783 704.892 78
135.368 702.769 78
138.325 698.71 78
143.075 700.339 78
146.277 697.177 78
147.157 687.374 78
138.53 651.196 78
141.254 648.093 78
144.986 647.782 78
148.006 645.569 78
151.732 645.193 78
158.084 651.272 78
170.677 672.05 78
176.61 676.068 78
179.836 673.594 78
183.032 671.095 78
185.783 667.663 78
189.756 666.932 78
192.869 664.358 78
195.075 659.963 78
199.004 659.141 78
201.572 655.607 78
205.016 653.833 78
207.976 651.146 78
211.381 649.316 78
213.801 645.707 78
216.666 642.956 78
219.5 640.185 78
221.794 636.532 78
224.557 633.725 78
228.332 632.604 78
230.515 628.901 78
233.725 626.875 78
235.284 622.306 78
237.885 619.405 78
241.012 617.315 78
243.555 614.374 78
246.638 612.235 78
250.283 610.884 78
250.984 605.45 78
254.584 604.051 78
257.577 601.816 78
259.941 598.762 78
261.04 594.117 78
265.191 593.391 78
266.832 589.51 78
269.697 587.169 78
271.899 584.037 78
274.717 581.652 78
275.545 576.978 78
278.963 575.31 78
280.366 571.378 78
282.397 568.182 78
285.075 565.706 78
287.044 562.481 78
290.367 560.684 78
292.98 558.139 78
294.156 554.156 78
295.999 550.877 78
297.807 547.589 78
301.03 545.667 78
300.586 540.301 78
303.021 537.668 78
306.176 535.682 78
307.821 532.337 78
309.431 528.984 78
311.006 525.624 78
314.078 523.543 78
314.823 519.52 78
316.298 516.133 78
317.739 512.741 78
320.72 510.574 78
323.688 508.375 78
325.045 504.939 78
327.974 502.688 78
326.843 497.465 78
329.717 495.185 78
330.937 491.725 78
332.123 488.262 78
334.931 485.914 78
336.056 482.431 78
339.662 480.579 78
339.887 476.532 78
340.067 472.498 78
343.614 470.567 78
345.438 467.56 78
346.375 464.03 78
346.41 460 78
348.142 456.969 78
350.723 454.409 78
349.769 449.909 78
354.945 448.728 78
354.804 444.699 78
354.621 440.688 78
355.289 437.141 78
357.72 434.472 78
359.229 431.343 78
359.804 427.779 78
359.435 423.804 78
362.678 421.474 78
363.156 417.905 78
364.52 414.73 78
364.932 411.16 78
369.019 409.093 78
368.445 405.134 78
368.764 401.555 78
370.922 398.682 78
373.058 395.782 78
372.343 391.854 78
372.534 388.274 78
374.588 385.335 78
374.716 381.753 78
375.764 378.478 78
375.828 374.902 78
378.734 372.186 78
378.737 368.601 78
378.707 365.025 78
379.609 361.716 78
379.514 358.149 78
381.326 355.075 78
381.169 351.511 78
381.953 348.181 78
383.684 345.061 78
385.39 341.917 78
384.13 338.152 78
384.798 334.797 78
385.436 331.436 78
388.014 328.417 78
384.651 324.369 78
388.162 321.479 78
388.683 318.089 78
389.175 314.695 78
389.638 311.297 78
389.078 307.773 78
390.474 304.489 78
388.858 300.871 78
390.195 297.572 78
390.508 294.165 78
391.789 290.834 78
393.04 287.484 78
392.267 283.992 78
392.461 280.568 78
393.625 277.186 78
391.761 273.681 78
393.865 270.314 78
393.94 266.876 78
393.985 263.438 78
395 260 78
393.985 256.562 78
394.94 253.106 78
393.865 249.686 78
393.76 246.25 78
392.626 242.858 78
393.46 239.38 78
394.263 235.886 78
395.035 232.376 78
394.779 228.93 78
394.493 225.486 78
393.181 222.141 78
394.825 218.502 78
394.448 215.058 78
392.056 211.862 78
394.595 208.051 78
393.136 204.748 78
394.617 201.024 78
393.1 197.739 78
390.569 194.641 78
390.969 191.062 78
389.369 187.835 78
390.688 184.058 78
389.03 180.851 78
388.325 177.459 78
386.613 174.29 78
0 260 78
0 260 78
0 260 78
0 260 78
0 260 78
0 260 78
0 260 78
0 260 78
71.7229 238.072 78
71.5288 237.447 78
0 260 78
0 260 78
0 260 78
39.5909 245.98 78
38.5274 245.977 78
37.4669 245.992 78
36.4096 246.024 78
37.2167 245.34 78
35.233 245.765 78
35.1074 245.458 78
34.0587 245.543 78
33.9312 245.246 78
32.8876 245.357 78
33.6686 244.656 78
32.6271 244.786 78
34.2982 243.641 78
33.2554 243.78 78
33.1126 243.491 78
32.0762 243.656 78
31.9324 243.377 78
30.9032 243.568 78
29.8798 243.777 78
30.6117 243.032 78
29.5921 243.258 78
27.7128 244 78
29.2954 242.744 78
28.2865 243.004 78
29.8424 241.713 78
28.8336 241.983 78
28.6753 241.732 78
28.5148 241.482 78
27.5182 241.786 78
27.3582 241.547 78
26.372 241.875 78
27.032 241.072 78
25.2376 241.998 78
25.0795 241.779 78
24.9196 241.56 78
24.7577 241.344 78
35.7009 232.606 78
40.9766 227.986 78
32.8695 233.854 78
27.2001 237.974 78
26.2352 238.373 78
22.9813 240.716 78
0 260 78
0 260 78
0 260 78
0 260 78
0 260 78
0 260 78
0 260 78
0 260 78
0 260 78
0 260 78
0 260 78
