-0 260 265
-0 260 265
-0 260 265
-0 260 265
-0 260 265
-0 260 265
-0 260 265
-0 260 265
-15.8489 246.223 265
-22.0518 241.166 265
-25.2795 238.788 265
-24.692 239.646 265
-33.4173 232.939 265
-42.2608 226.384 265
-40.9766 227.986 265
-26.974 239.302 265
-25.5563 240.742 265
-26.5273 240.371 265
-25.8885 241.191 265
-26.8658 240.837 265
-25.3937 242.219 265
-26.372 241.875 265
-26.5292 242.106 265
-26.6843 242.338 265
-26.8375 242.572 265
-26.1451 243.344 265
-25.4414 244.102 265
-27.2845 243.28 265
-27.4294 243.519 265
-27.5721 243.759 265
-27.7128 244 265
-27.8514 244.242 265
-27.9878 244.486 265
-29.001 244.254 265
-29.1373 244.507 265
-30.1584 244.301 265
-30.2942 244.564 265
-29.5328 245.275 265
-30.559 245.095 265
-30.6879 245.363 265
-29.9082 246.054 265
-30.9387 245.9 265
-32.8876 245.357 265
-33.0142 245.645 265
-34.9792 245.152 265
-34.1835 245.841 265
-33.3786 246.514 265
-35.3559 246.073 265
-36.4096 246.024 265
-37.4669 245.992 265
-38.5274 245.977 265
-42.4189 244.979 265
-0 260 265
-0 260 265
-70.3782 237.133 265
-70.5751 237.748 265
-0 260 265
-0 260 265
-0 260 265
-0 260 265
-0 260 265
-0 260 265
-0 260 265
-0 260 265
-0 260 265
-0 260 265
-0 260 265
-0 260 265
-0 260 265
-0 260 265
-0 260 265
-0 260 265
-673.603 153.312 265
-672.531 159.49 265
-674.373 165.223 265
-676.165 170.981 265
-675.924 177.007 265
-676.622 182.909 265
-677.269 188.816 265
-676.869 194.825 265
-676.416 200.821 265
-676.907 206.726 265
-676.348 212.705 265
-676.735 218.609 265
-677.071 224.516 265
-678.354 230.383 265
-678.586 236.303 265
-677.768 242.252 265
-677.897 248.167 265
-676.974 254.092 265
-677 260 265
-675.974 265.899 265
-675.897 271.798 265
-674.769 277.67 265
-675.588 283.592 265
-673.358 289.4 265
-674.075 295.327 265
-672.743 301.147 265
-673.356 307.086 265
-671.922 312.882 265
-670.439 318.656 265
-669.902 324.504 265
-669.313 330.348 265
-667.68 336.073 265
-666.991 341.896 265
-665.259 347.583 265
-663.48 353.246 265
-662.641 359.032 265
-660.763 364.655 265
-658.839 370.252 265
-658.836 376.171 265
-656.814 381.733 265
-653.764 387.079 265
-652.63 392.779 265
-651.446 398.469 265
-649.237 403.932 265
-648.93 409.817 265
-645.654 415.008 265
-643.306 420.394 265
-641.882 426.002 265
-640.409 431.597 265
-637.923 436.912 265
-635.394 442.196 265
-632.821 447.45 265
-631.161 452.965 265
-627.546 457.865 265
-626.746 463.642 265
-623.997 468.787 265
-621.206 473.898 265
-619.315 479.311 265
-615.499 484.023 265
-612.584 489.036 265
-609.628 494.014 265
-607.563 499.325 265
-605.451 504.618 265
-600.522 508.744 265
-597.408 513.585 265
-596.089 519.187 265
-592.891 523.972 265
-589.655 528.721 265
-584.568 532.589 265
-583.07 538.11 265
-579.722 542.749 265
-575.443 546.905 265
-572.917 551.916 265
-569.461 556.443 265
-565.969 560.931 265
-563.322 565.859 265
-560.631 570.763 265
-555.287 574.166 265
-553.39 579.5 265
-547.996 582.794 265
-545.158 587.564 265
-543.132 592.832 265
-537.662 595.969 265
-534.71 600.648 265
-530.878 604.757 265
-527.85 609.376 265
-523.952 613.41 265
-519.199 616.836 265
-515.247 620.78 265
-511.265 624.682 265
-508.872 629.717 265
-503.214 632.359 265
-499.147 636.134 265
-495.052 639.867 265
-490.931 643.557 265
-487.565 647.827 265
-481.83 650.179 265
-478.407 654.369 265
-474.181 657.886 265
-471.452 662.658 265
-466.41 665.445 265
-462.106 668.837 265
-457.777 672.185 265
-452.688 674.812 265
-448.32 678.065 265
-443.204 680.585 265
-439.517 684.436 265
-435.083 687.555 265
-430.628 690.628 265
-426.854 694.37 265
-421.658 696.639 265
-417.143 699.577 265
-412.609 702.469 265
-407.381 704.578 265
-402.817 707.373 265
-398.897 710.871 265
-393.635 712.826 265
-388.37 714.723 265
-384.387 718.095 265
-380.375 721.432 265
-374.446 722.402 265
-369.774 724.869 265
-365.087 727.29 265
-360.995 730.459 265
-356.274 732.792 265
-351.54 735.079 265
-346.793 737.32 265
-341.453 738.7 265
-336.689 740.842 265
-331.914 742.938 265
-327.128 744.987 265
-321.779 746.155 265
-316.98 748.106 265
-312.708 750.854 265
-306.823 751.02 265
-302.004 752.826 265
-297.177 754.586 265
-292.85 757.16 265
-287.5 757.965 265
-282.159 758.714 265
-277.796 761.157 265
-272.935 762.683 265
-268.068 764.163 265
-262.735 764.709 265
-258.321 766.983 265
-243.178 747.739 265
-233.652 739.057 265
-228.171 738.37 265
-223.565 739.437 265
-222.276 747.739 265
-227.366 770.672 265
-223.698 774.471 265
-218.419 774.562 265
-213.537 775.525 265
-208.656 776.441 265
-203.408 776.382 265
-198.536 777.204 265
-193.665 777.98 265
-188.453 777.771 265
-183.594 778.453 265
-179.062 780.035 265
-173.248 777.785 265
-168.723 779.277 265
-163.885 779.776 265
-159.05 780.23 265
-154.504 781.598 265
-149.395 781.004 265
-144.843 782.288 265
-139.762 781.6 265
-134.704 780.863 265
-129.67 780.079 265
-125.127 781.19 265
-120.349 781.288 265
-115.579 781.342 265
-110.609 780.375 265
-106.064 781.32 265
-101.32 781.244 265
-96.5848 781.125 265
-91.5125 778.994 265
-87.1451 780.759 265
-82.2845 779.524 265
-77.4521 778.244 265
-72.9267 778.9 265
-68.2652 778.526 265
-63.4939 777.117 265
-58.8656 776.657 265
-54.3548 777.151 265
-49.6481 775.615 265
-45.1466 776.029 265
-40.4064 773.412 265
-35.8548 772.748 265
-31.3789 773.041 265
-26.8483 772.297 265
-22.3331 771.513 265
-17.8336 770.689 265
-13.324 768.826 265
-8.86578 767.923 265
-4.41559 765.981 265
3.81264e-05 765 265
4.40694 764.981 265
8.79605 763.923 265
13.167 762.828 265
17.5196 761.694 265
21.8097 759.524 265
26.1157 758.316 265
30.4633 758.069 265
34.669 755.789 265
38.9157 754.471 265
43.2293 754.113 265
47.4437 752.721 265
51.6371 751.294 265
55.696 748.837 265
59.9598 748.333 265
63.9579 745.808 265
68.0557 744.241 265
72.131 742.64 265
76.1836 741.004 265
80.2132 739.335 265
84.0457 736.647 265
88.3843 736.879 265
92.3516 735.108 265
96.0954 732.324 265
100.006 730.489 265
104.107 729.598 265
107.752 726.723 265
111.587 724.793 265
115.397 722.831 265
119.431 721.806 265
123.198 719.781 265
126.671 716.761 265
130.101 713.716 265
134.339 713.522 265
137.999 711.376 265
141.933 710.154 265
145.547 707.948 265
149.133 705.712 265
152.366 702.503 265
156.222 701.156 265
159.039 696.957 265
162.496 694.616 265
166.641 694.115 265
170.423 692.644 265
173.817 690.213 265
177.182 687.756 265
180.518 685.273 265
184.222 683.682 265
186.692 679.317 265
190.344 677.672 265
192.714 673.276 265
196.744 672.481 265
200.336 670.749 265
203.466 668.09 265
207.02 666.299 265
210.096 663.59 265
213.14 660.858 265
215.676 657.225 265
219.619 656.203 265
222.083 652.53 265
224.5 648.845 265
228.392 647.733 265
230.222 643.154 265
234.602 642.835 265
237.404 639.926 265
240.173 636.996 265
241.82 632.37 265
246.164 631.913 265
248.282 628.093 265
251.484 625.912 265
255.242 624.523 265
257.251 620.653 265
259.213 616.776 265
262.912 615.305 265
264.799 611.4 265
268.464 609.869 265
270.891 606.725 265
273.284 603.565 265
276.272 601.167 265
278.602 597.972 265
281.541 595.527 265
283.809 592.297 265
285.386 588.299 265
286.914 584.298 265
290.403 582.525 265
293.206 579.978 265
295.305 576.676 265
296.681 572.636 265
299.398 570.035 265
302.092 567.411 265
304.763 564.763 265
306.698 561.391 265
310.035 559.398 265
311.186 555.304 265
313.751 552.577 265
315.555 549.153 265
318.066 546.388 265
319.804 542.939 265
320.752 538.825 265
323.173 536.015 265
324.803 532.542 265
327.169 529.697 265
329.51 526.832 265
331.826 523.946 265
332.541 519.809 265
334.795 516.897 265
337.823 514.568 265
340.031 511.61 265
340.596 507.458 265
342.743 504.476 265
345.682 502.049 265
346.957 498.457 265
349.854 495.979 265
351.066 492.365 265
353.08 489.293 265
352.538 484.591 265
355.332 482.036 265
356.404 478.404 265
359.153 475.801 265
361.884 473.166 265
363.731 470 265
364.679 466.325 265
367.34 463.62 265
367.346 459.452 265
368.189 455.77 265
369.884 452.549 265
372.441 449.768 265
372.293 445.618 265
374.797 442.801 265
377.281 439.954 265
377.93 436.232 265
378.544 432.512 265
380.035 429.202 265
381.497 425.88 265
380.169 421.372 265
382.486 418.431 265
385.708 415.836 265
387.054 412.465 265
386.502 408.364 265
387.782 404.986 265
389.033 401.596 265
389.311 397.862 265
390.499 394.46 265
393.554 391.681 265
393.737 387.933 265
394.839 384.492 265
393.998 380.457 265
395.034 377.014 265
397.962 374.114 265
397.979 370.369 265
397.961 366.633 265
398.877 363.157 265
399.762 359.672 265
401.589 356.413 265
403.389 353.13 265
403.21 349.39 265
403.975 345.868 265
403.729 342.14 265
403.449 338.422 265
405.101 335.081 265
405.741 331.543 265
406.35 328 265
404.952 324.138 265
408.464 321.045 265
407.99 317.339 265
409.467 313.907 265
408.929 310.21 265
408.358 306.527 265
410.738 303.17 265
412.094 299.68 265
411.428 295.995 265
411.727 292.404 265
410.996 288.74 265
413.228 285.274 265
412.434 281.615 265
411.608 277.971 265
414.747 274.483 265
411.859 270.785 265
414.937 267.243 265
414.984 263.622 265
413 260 265
413.984 256.387 265
412.937 252.792 265
414.858 249.137 265
413.748 245.552 265
413.606 241.942 265
414.431 238.281 265
413.228 234.726 265
413.989 231.051 265
413.721 227.439 265
413.421 223.83 265
412.094 220.32 265
411.732 216.725 265
413.326 212.907 265
414.884 209.059 265
414.424 205.44 265
412.942 201.965 265
412.42 198.363 265
411.866 194.767 265
412.267 191.01 265
409.68 187.762 265
410.017 184.008 265
410.32 180.242 265
409.609 176.664 265
409.844 172.885 265
408.092 169.528 265
0 260 265
0 260 265
0 260 265
0 260 265
0 260 265
0 260 265
0 260 265
0 260 265
70.7666 238.364 265
71.5288 237.447 265
0 260 265
0 260 265
0 260 265
40.5336 245.646 265
37.5877 246.319 265
36.5302 246.342 265
36.4096 246.024 265
35.3559 246.073 265
35.233 245.765 265
34.1835 245.841 265
34.0587 245.543 265
33.0142 245.645 265
33.8012 244.951 265
32.7586 245.071 265
32.6271 244.786 265
33.3957 244.071 265
32.3566 244.219 265
31.3227 244.383 265
30.2942 244.564 265
30.1584 244.301 265
30.0202 244.038 265
29.8798 243.777 265
28.8625 244.001 265
29.5921 243.258 265
27.7128 244 265
28.4338 243.251 265
29.1437 242.489 265
28.1371 242.758 265
28.8336 241.983 265
28.6753 241.732 265
28.5148 241.482 265
27.5182 241.786 265
27.3582 241.547 265
25.5479 242.441 265
26.2129 241.646 265
26.8658 240.837 265
25.0795 241.779 265
24.1157 242.155 265
24.7577 241.344 265
34.1142 233.823 265
40.9766 227.986 265
34.4348 232.609 265
25.6458 239.232 265
25.4636 239.009 265
22.9813 240.716 265
0 260 265
0 260 265
0 260 265
0 260 265
0 260 265
0 260 265
0 260 265
0 260 265
0 260 265
0 260 265
0 260 265
