-0 260 55
-0 260 55
-0 260 55
-0 260 55
-0 260 55
-0 260 55
-0 260 55
-0 260 55
-15.8489 246.223 55
-22.8122 240.517 55
-26.8116 237.502 55
-27.7785 237.101 55
-33.4173 232.939 55
-43.0435 225.762 55
-41.7646 227.37 55
-26.974 239.302 55
-25.5563 240.742 55
-26.5273 240.371 55
-26.6976 240.603 55
-25.2376 241.998 55
-25.3937 242.219 55
-25.5479 242.441 55
-27.3582 241.547 55
-26.6843 242.338 55
-26.8375 242.572 55
-27.8319 242.269 55
-26.2895 243.573 55
-27.2845 243.28 55
-28.2865 243.004 55
-28.4338 243.251 55
-28.5788 243.5 55
-27.8514 244.242 55
-27.9878 244.486 55
-28.1222 244.731 55
-30.0202 244.038 55
-30.1584 244.301 55
-29.4032 245.018 55
-29.5328 245.275 55
-30.559 245.095 55
-31.5905 244.932 55
-31.7208 245.208 55
-31.8486 245.486 55
-32.8876 245.357 55
-33.0142 245.645 55
-34.0587 245.543 55
-34.1835 245.841 55
-34.3058 246.14 55
-35.3559 246.073 55
-36.4096 246.024 55
-37.4669 245.992 55
-39.4671 245.635 55
-0 260 55
-0 260 55
-0 260 55
-71.3292 236.824 55
-70.5751 237.748 55
-0 260 55
-0 260 55
-0 260 55
-0 260 55
-0 260 55
-0 260 55
-0 260 55
-0 260 55
-0 260 55
-0 260 55
-0 260 55
-0 260 55
-0 260 55
-0 260 55
-0 260 55
-0 260 55
-718.049 146.272 55
-717.037 152.838 55
-717.944 159.1 55
-719.789 165.238 55
-717.611 171.889 55
-719.346 178.041 55
-719.039 184.426 55
-719.671 190.704 55
-720.249 196.987 55
-718.777 203.431 55
-719.244 209.706 55
-719.655 215.984 55
-720.012 222.266 55
-719.315 228.594 55
-719.561 234.872 55
-718.754 241.179 55
-717.891 247.469 55
-718.973 253.726 55
-719 260 55
-716.973 266.257 55
-715.891 272.496 55
-716.754 278.769 55
-715.564 284.988 55
-715.319 291.232 55
-715.019 297.473 55
-714.665 303.711 55
-711.263 309.736 55
-710.802 315.941 55
-710.287 322.142 55
-709.717 328.338 55
-708.1 334.424 55
-707.423 340.601 55
-705.7 346.649 55
-703.926 352.674 55
-703.09 358.813 55
-700.223 364.649 55
-699.283 370.756 55
-697.304 376.689 55
-696.259 382.769 55
-694.178 388.658 55
-691.066 394.33 55
-689.867 400.355 55
-688.616 406.37 55
-685.36 411.941 55
-683.033 417.691 55
-680.659 423.412 55
-678.237 429.103 55
-676.735 435.016 55
-674.216 440.656 55
-671.65 446.265 55
-669.038 451.844 55
-666.38 457.391 55
-663.675 462.906 55
-660.926 468.389 55
-658.131 473.84 55
-655.292 479.258 55
-652.408 484.642 55
-649.48 489.993 55
-646.508 495.31 55
-642.557 500.242 55
-640.436 505.84 55
-636.406 510.687 55
-634.194 516.231 55
-630.086 520.99 55
-625.943 525.697 55
-622.684 530.751 55
-619.384 535.768 55
-616.044 540.747 55
-612.664 545.69 55
-608.342 550.165 55
-605.787 555.462 55
-601.396 559.845 55
-598.756 565.082 55
-595.184 569.833 55
-591.575 574.546 55
-587.929 579.219 55
-583.371 583.368 55
-579.657 587.954 55
-575.041 592 55
-571.26 596.498 55
-568.302 601.47 55
-564.448 605.894 55
-559.712 609.747 55
-555.795 614.081 55
-552.684 618.917 55
-548.697 623.175 55
-543.849 626.831 55
-539.803 630.996 55
-534.087 633.972 55
-530.803 638.618 55
-526.67 642.648 55
-518.488 643.661 55
-484.772 625.302 55
-476.012 625.257 55
-475.958 631.86 55
-489.913 649.694 55
-500.482 665.282 55
-496.155 668.998 55
-491.034 672.027 55
-485.899 674.997 55
-482.259 679.222 55
-477.834 682.752 55
-473.383 686.236 55
-467.434 688.324 55
-462.215 691.023 55
-457.711 694.352 55
-452.465 696.94 55
-448.634 700.872 55
-444.063 704.063 55
-439.47 707.208 55
-433.467 708.868 55
-429.533 712.634 55
-424.885 715.633 55
-418.19 716.375 55
-414.192 720.007 55
-409.499 722.855 55
-403.476 724.146 55
-399.41 727.65 55
-394.672 730.351 55
-389.28 732.234 55
-383.256 733.282 55
-379.111 736.608 55
-372.475 736.747 55
-368.301 739.979 55
-363.496 742.376 55
-358.083 743.922 55
-353.847 747.028 55
-349.002 749.283 55
-343.572 750.672 55
-338.144 752.003 55
-331.601 751.619 55
-327.299 754.494 55
-322.971 757.332 55
-317.544 758.444 55
-312.122 759.5 55
-306.707 760.5 55
-302.327 763.157 55
-296.402 763.191 55
-291 764.027 55
-286.098 765.677 55
-280.705 766.405 55
-275.798 767.956 55
-269.946 767.695 55
-265.044 769.144 55
-259.683 769.656 55
-255.225 771.902 55
-249.433 771.414 55
-244.53 772.668 55
-239.202 772.97 55
-234.302 774.128 55
-228.993 774.326 55
-223.698 774.471 55
-219.2 776.403 55
-213.92 776.449 55
-208.656 776.441 55
-203.408 776.382 55
-198.536 777.204 55
-193.314 777.043 55
-188.453 777.771 55
-183.26 777.51 55
-178.411 778.144 55
-173.566 778.733 55
-168.105 777.375 55
-163.283 777.868 55
-158.173 777.361 55
-153.368 777.763 55
-148.568 778.12 55
-143.507 777.47 55
-138.727 777.736 55
-133.703 776.991 55
-128.944 777.168 55
-123.726 775.356 55
-118.999 775.442 55
-114.28 775.484 55
-109.569 775.484 55
-104.668 774.46 55
-99.9839 774.373 55
-95.3091 774.242 55
-90.6443 774.07 55
-85.6597 771.882 55
-81.1894 772.61 55
-76.4174 771.321 55
-71.8133 770.978 55
-67.0904 769.603 55
-62.5189 769.176 55
-57.96 768.709 55
-53.3095 767.206 55
-48.7854 766.657 55
-44.1879 765.071 55
-39.6218 763.443 55
-35.227 763.77 55
-30.7684 763.06 55
-26.3249 762.311 55
-21.8533 760.523 55
-17.4148 758.696 55
-13.0099 756.83 55
-8.67381 756.924 55
-4.31087 753.981 55
3.7296e-05 754 55
4.29349 751.981 55
8.56917 750.925 55
12.8267 749.832 55
17.0659 748.702 55
21.2863 747.536 55
25.4353 745.334 55
29.5475 743.097 55
33.6924 741.823 55
37.8173 740.514 55
41.9219 739.17 55
45.8143 735.799 55
50.0692 736.376 55
54.1112 734.927 55
57.7661 730.467 55
62 730.936 55
65.6897 727.407 55
69.6183 725.826 55
73.6807 725.201 55
77.5724 723.554 55
81.2674 720.89 55
84.5573 716.23 55
88.917 717.438 55
92.3074 713.705 55
96.4711 713.86 55
99.9951 711.049 55
103.478 708.21 55
107.385 707.29 55
111.042 705.366 55
114.674 703.412 55
117.763 699.496 55
121.593 698.452 55
124.864 695.452 55
123.547 677.087 55
119.288 650.172 55
122.688 649.117 55
125.77 647.08 55
130.412 649.761 55
133.809 648.608 55
139.531 654.024 55
151.515 676.284 55
154.792 674.009 55
158.757 673.576 55
162.36 672.175 55
165.202 668.888 55
168.763 667.431 55
171.531 664.102 55
174.253 660.755 55
177.337 658.306 55
179.977 654.923 55
183.839 654.244 55
186.842 651.722 55
189.815 649.178 55
193.204 647.507 55
194.762 642.242 55
199.014 642.302 55
200.934 637.902 55
203.747 635.255 55
207.499 634.337 55
208.788 629.031 55
212.5 628.061 55
215.196 625.331 55
218.376 623.439 55
221.017 620.667 55
223.096 617.028 55
225.129 613.381 55
227.659 610.564 55
230.71 608.564 55
233.183 605.709 55
235.625 602.836 55
238.608 600.767 55
240.411 597.044 55
242.168 593.315 55
245.662 591.993 55
248.55 589.836 55
249.592 585.275 55
252.421 583.084 55
255.854 581.652 55
258.021 578.63 55
259.52 574.823 55
260.972 571.014 55
264.975 570.246 55
266.36 566.412 55
269.024 564.076 55
270.329 560.23 55
273.614 558.597 55
276.891 556.93 55
278.095 553.051 55
277.863 547.736 55
280.364 545.3 55
282.843 542.843 55
283.874 538.962 55
287.736 537.863 55
288.699 533.965 55
290.347 530.753 55
292.699 528.209 55
295.029 525.645 55
295.089 521.072 55
297.356 518.487 55
299.6 515.883 55
301.055 512.616 55
303.248 509.979 55
305.418 507.323 55
307.565 504.648 55
307.324 500.108 55
309.408 497.417 55
311.468 494.708 55
312.7 491.386 55
313.899 488.061 55
315.877 485.313 55
317.012 481.974 55
320.585 480.332 55
321.667 476.967 55
321.88 473.048 55
323.727 470.231 55
324.706 466.86 55
327.347 464.549 55
327.414 460.639 55
329.152 457.775 55
330.004 454.387 55
333.42 452.5 55
333.346 448.598 55
333.23 444.712 55
335.708 442.275 55
337.286 439.338 55
337.064 435.464 55
339.473 432.97 55
340.97 430.001 55
342.441 427.019 55
341.177 422.733 55
342.584 419.75 55
344.875 417.169 55
347.147 414.56 55
344.815 409.93 55
347.951 407.696 55
350.15 405.037 55
350.475 401.601 55
350.767 398.171 55
351.026 394.746 55
353.125 392.028 55
353.324 388.6 55
355.376 385.845 55
354.569 382.088 55
356.57 379.307 55
355.695 375.572 55
358.598 373.065 55
357.658 369.347 55
358.599 366.222 55
359.512 363.088 55
358.471 359.413 55
359.324 356.281 55
361.119 353.392 55
360.95 349.995 55
362.694 347.075 55
362.466 343.682 55
362.206 340.299 55
364.849 337.551 55
363.552 333.966 55
364.184 330.79 55
365.771 327.792 55
366.348 324.597 55
364.926 321.068 55
366.432 318.037 55
365.936 314.689 55
368.38 311.772 55
366.835 308.295 55
368.235 305.214 55
368.615 301.998 55
369.962 298.885 55
368.297 295.463 55
369.588 292.335 55
368.859 289.03 55
370.096 285.88 55
369.31 282.588 55
369.493 279.364 55
372.645 276.27 55
371.773 272.983 55
370.873 269.712 55
371.943 266.492 55
368.986 263.22 55
370 260 55
370.986 256.762 55
370.943 253.525 55
369.873 250.315 55
371.773 247.017 55
372.645 243.73 55
372.489 240.479 55
370.308 237.351 55
371.094 234.051 55
370.853 230.813 55
370.584 227.578 55
372.278 224.154 55
371.951 220.906 55
370.602 217.775 55
371.212 214.421 55
369.809 211.314 55
370.36 207.949 55
369.892 204.719 55
368.408 201.65 55
369.857 198.107 55
368.318 195.056 55
366.754 192.026 55
365.165 189.019 55
365.512 185.636 55
363.871 182.657 55
363.182 179.484 55
0 260 55
0 260 55
0 260 55
0 260 55
0 260 55
0 260 55
0 260 55
0 260 55
71.7229 238.072 55
69.6213 238.048 55
0 260 55
0 260 55
0 260 55
39.5909 245.98 55
36.648 246.661 55
36.5302 246.342 55
36.4096 246.024 55
34.4255 246.439 55
35.233 245.765 55
36.0313 245.075 55
34.0587 245.543 55
33.0142 245.645 55
33.8012 244.951 55
32.7586 245.071 55
32.6271 244.786 55
34.2982 243.641 55
32.3566 244.219 55
31.3227 244.383 55
32.0762 243.656 55
31.0454 243.839 55
30.9032 243.568 55
29.8798 243.777 55
29.7371 243.516 55
27.8514 244.242 55
28.5788 243.5 55
28.4338 243.251 55
29.1437 242.489 55
28.1371 242.758 55
27.9856 242.513 55
28.6753 241.732 55
26.8375 242.572 55
27.5182 241.786 55
27.3582 241.547 55
27.1962 241.309 55
26.2129 241.646 55
26.0517 241.418 55
25.0795 241.779 55
24.1157 242.155 55
23.9591 241.946 55
35.7009 232.606 55
40.1885 228.601 55
32.8695 233.854 55
26.423 238.603 55
27.0069 237.737 55
22.9813 240.716 55
0 260 55
0 260 55
0 260 55
0 260 55
0 260 55
0 260 55
0 260 55
0 260 55
0 260 55
0 260 55
0 260 55
