-0 260 117
-0 260 117
-0 260 117
-0 260 117
-0 260 117
-0 260 117
-0 260 117
-0 260 117
-17.3583 244.911 117
-23.5726 239.867 117
-27.5776 236.86 117
-27.0069 237.737 117
-32.6401 233.569 117
-43.0435 225.762 117
-40.9766 227.986 117
-28.5607 238.085 117
-26.355 240.14 117
-28.135 239.181 117
-27.5066 240.015 117
-26.8658 240.837 117
-26.2129 241.646 117
-27.1962 241.309 117
-26.5292 242.106 117
-27.5182 241.786 117
-26.8375 242.572 117
-26.9885 242.806 117
-27.9856 242.513 117
-27.2845 243.28 117
-28.2865 243.004 117
-28.4338 243.251 117
-28.5788 243.5 117
-27.8514 244.242 117
-28.8625 244.001 117
-29.8798 243.777 117
-30.9032 243.569 117
-31.0454 243.839 117
-31.1852 244.11 117
-30.4278 244.829 117
-31.4578 244.657 117
-32.4931 244.502 117
-32.6271 244.786 117
-32.7586 245.071 117
-32.8876 245.357 117
-33.9312 245.246 117
-34.9792 245.152 117
-36.0313 245.075 117
-35.233 245.765 117
-36.2863 245.706 117
-36.4096 246.024 117
-37.4669 245.992 117
-39.4671 245.635 117
-0 260 117
-0 260 117
-0 260 117
-71.3292 236.824 117
-72.4825 237.146 117
-0 260 117
-0 260 117
-0 260 117
-0 260 117
-0 260 117
-0 260 117
-0 260 117
-0 260 117
-0 260 117
-0 260 117
-0 260 117
-0 260 117
-0 260 117
-0 260 117
-0 260 117
-0 260 117
-691.382 150.496 117
-691.322 156.681 117
-692.197 162.718 117
-692.029 168.893 117
-693.79 174.813 117
-693.513 180.984 117
-694.176 187.039 117
-694.787 193.1 117
-695.344 199.165 117
-694.851 205.314 117
-695.302 211.38 117
-694.702 217.51 117
-696.045 223.522 117
-694.339 229.685 117
-695.576 235.71 117
-695.762 241.781 117
-695.894 247.853 117
-695.973 253.926 117
-697 260 117
-695.973 266.074 117
-694.894 272.13 117
-694.762 278.193 117
-692.578 284.185 117
-692.34 290.228 117
-693.049 296.321 117
-692.706 302.368 117
-692.309 308.411 117
-691.861 314.451 117
-690.363 320.399 117
-689.81 326.421 117
-688.209 332.334 117
-684.571 337.997 117
-685.849 344.212 117
-685.088 350.194 117
-684.275 356.169 117
-682.421 361.989 117
-680.517 367.783 117
-680.537 373.883 117
-678.533 379.644 117
-677.463 385.56 117
-675.359 391.277 117
-673.208 396.966 117
-671.987 402.835 117
-670.715 408.694 117
-666.469 413.867 117
-666.073 419.91 117
-664.653 425.717 117
-662.213 431.26 117
-659.727 436.773 117
-658.16 442.524 117
-655.58 447.985 117
-653.915 453.699 117
-650.287 458.813 117
-648.527 464.48 117
-646.718 470.132 117
-642.963 475.133 117
-641.062 480.735 117
-638.168 485.987 117
-635.232 491.206 117
-633.19 496.74 117
-629.233 501.54 117
-628.032 507.388 117
-623.995 512.11 117
-621.771 517.546 117
-617.659 522.181 117
-615.347 527.561 117
-612.075 532.514 117
-608.764 537.43 117
-604.507 541.886 117
-602.024 547.151 117
-599.496 552.394 117
-596.026 557.168 117
-592.519 561.904 117
-589.862 567.063 117
-586.277 571.729 117
-582.656 576.356 117
-578.124 580.459 117
-573.564 584.507 117
-571.577 590 117
-567.814 594.468 117
-563.159 598.38 117
-560.185 603.282 117
-556.32 607.627 117
-552.421 611.931 117
-547.652 615.649 117
-544.527 620.415 117
-540.532 624.594 117
-537.33 629.297 117
-533.268 633.398 117
-529.175 637.457 117
-524.243 640.885 117
-520.095 644.85 117
-515.918 648.773 117
-510.92 652.042 117
-507.479 656.486 117
-503.217 660.277 117
-498.928 664.024 117
-494.611 667.726 117
-490.268 671.384 117
-486.66 675.647 117
-482.259 679.222 117
-476.336 681.426 117
-471.154 684.229 117
-467.434 688.324 117
-462.947 691.705 117
-458.437 695.04 117
-453.903 698.329 117
-449.348 701.573 117
-443.356 703.356 117
-438.769 706.495 117
-434.856 710.307 117
-429.533 712.634 117
-424.885 715.633 117
-420.217 718.587 117
-416.199 722.236 117
-410.162 723.604 117
-406.1 727.165 117
-400.06 728.41 117
-395.314 731.117 117
-390.552 733.778 117
-386.403 737.168 117
-380.979 738.956 117
-375.553 740.687 117
-371.953 744.739 117
-366.505 746.369 117
-361.652 748.745 117
-355.61 749.455 117
-350.164 750.912 117
-345.293 753.13 117
-339.844 754.476 117
-336.075 758.252 117
-330.61 759.498 117
-325.149 760.686 117
-320.231 762.661 117
-314.772 763.741 117
-309.842 765.616 117
-304.902 767.443 117
-299.448 768.361 117
-294.5 770.089 117
-289.053 770.899 117
-282.644 769.903 117
-266.255 750.38 117
-258.679 746.504 117
-253.038 746.082 117
-248.333 747.381 117
-253.887 769.218 117
-253.378 779.503 117
-248.405 780.792 117
-243.428 782.033 117
-238.034 782.318 117
-232.653 782.548 117
-227.686 783.641 117
-222.326 783.767 117
-217.364 784.764 117
-212.776 786.64 117
-207.073 785.686 117
-202.119 786.539 117
-196.816 786.41 117
-192.215 788.107 117
-186.932 787.879 117
-181.667 787.599 117
-176.421 787.268 117
-171.504 787.836 117
-166.591 788.359 117
-161.682 788.837 117
-156.492 788.31 117
-151.6 788.694 117
-146.714 789.033 117
-141.833 789.327 117
-136.457 787.64 117
-131.605 787.841 117
-126.994 788.969 117
-121.698 787.134 117
-117.094 788.176 117
-111.856 786.243 117
-107.459 788.179 117
-102.464 787.134 117
-97.6782 787.025 117
-92.9017 786.872 117
-87.9703 785.69 117
-83.2231 785.45 117
-78.4868 785.167 117
-73.6225 783.852 117
-68.9178 783.483 117
-64.2251 783.072 117
-59.5448 782.619 117
-54.7729 781.129 117
-50.1273 780.592 117
-45.4953 780.014 117
-40.8771 779.394 117
-36.2733 778.733 117
-31.5621 776.036 117
-27.0576 776.291 117
-22.4639 774.51 117
-17.9034 772.687 117
-13.4026 771.825 117
-8.91814 770.922 117
-4.45049 769.981 117
3.85039e-05 770 117
4.43312 767.981 117
8.86586 767.923 117
13.2456 765.827 117
17.6243 764.692 117
21.9406 762.521 117
26.2727 761.312 117
30.5854 760.066 117
34.8783 758.782 117
39.1511 757.462 117
43.2293 754.113 117
47.5395 753.717 117
51.6371 751.294 117
55.8092 749.831 117
59.9598 748.333 117
64.0884 746.799 117
68.1949 745.231 117
72.131 742.64 117
76.3401 741.992 117
80.3782 740.321 117
84.393 738.617 117
88.202 735.895 117
92.3516 735.108 117
96.0954 732.324 117
99.5897 728.533 117
103.891 728.622 117
107.752 726.723 117
111.353 723.82 117
114.671 719.92 117
119.181 720.838 117
122.939 718.815 117
126.404 715.797 117
130.101 713.716 117
133.771 711.604 117
137.415 709.463 117
141.031 707.293 117
144.62 705.094 117
148.181 702.867 117
151.389 699.666 117
155.22 698.328 117
158.697 696.017 117
161.446 691.806 117
164.491 688.513 117
168.957 688.922 117
172.694 687.432 117
175.652 684.061 117
178.955 681.591 117
182.228 679.096 117
185.472 676.577 117
188.685 674.032 117
191.869 671.464 117
194.591 667.969 117
197.705 665.356 117
200.343 661.826 117
204.296 660.953 117
206.863 657.381 117
209.854 654.678 117
213.29 652.831 117
215.74 649.206 117
219.129 647.308 117
221.5 643.649 117
224.332 640.84 117
227.132 638.011 117
230.422 636.014 117
233.694 633.989 117
236.949 631.936 117
238.007 626.499 117
240.645 623.574 117
244.367 622.289 117
246.387 618.495 117
248.932 615.512 117
252.025 613.326 117
255.099 611.113 117
257.558 608.07 117
259.984 605.011 117
262.376 601.935 117
264.734 598.845 117
266.436 594.956 117
269.978 593.396 117
271.605 589.484 117
274.47 587.101 117
277.314 584.693 117
280.137 582.261 117
280.288 576.808 117
283.711 575.093 117
286.45 572.606 117
287.803 568.631 117
289.797 565.383 117
293.841 564.281 117
295.784 560.992 117
297.692 557.692 117
300.278 555.083 117
301.403 551.062 117
303.206 547.732 117
304.975 544.393 117
305.97 540.37 117
309.148 538.358 117
310.817 534.987 117
313.959 532.921 117
314.808 528.871 117
317.142 526.114 117
319.453 523.336 117
319.407 518.651 117
322.435 516.476 117
323.084 512.421 117
326.068 510.201 117
327.441 506.744 117
330.385 504.472 117
332.506 501.58 117
332.973 497.507 117
333.395 493.446 117
336.243 491.094 117
339.076 488.71 117
341.059 485.742 117
342.178 482.213 117
342.417 478.144 117
344.308 475.147 117
347.025 472.657 117
347.153 468.59 117
347.237 464.538 117
349.874 462 117
351.624 458.939 117
353.346 455.863 117
355.042 452.772 117
356.711 449.667 117
356.578 445.623 117
357.294 442.05 117
359.764 439.372 117
360.416 435.787 117
361.937 432.635 117
364.336 429.893 117
365.804 426.707 117
367.245 423.508 117
368.658 420.297 117
368.202 416.292 117
369.552 413.073 117
370.874 409.843 117
371.237 406.234 117
372.499 402.989 117
374.669 400.083 117
374.937 396.466 117
376.114 393.189 117
376.316 389.576 117
377.433 386.287 117
378.52 382.989 117
378.626 379.38 117
380.609 376.364 117
382.569 373.322 117
382.582 369.704 117
384.489 366.628 117
383.473 362.751 117
385.323 359.651 117
386.178 356.285 117
387.976 353.145 117
388.774 349.755 117
387.59 345.927 117
390.281 342.957 117
390.99 339.548 117
388.724 335.56 117
389.369 332.165 117
389.984 328.765 117
390.569 325.359 117
391.125 321.948 117
391.65 318.533 117
394.127 315.391 117
392.612 311.688 117
396.026 308.626 117
394.448 304.942 117
394.825 301.498 117
394.177 297.955 117
395.489 294.601 117
395.776 291.148 117
396.033 287.693 117
397.258 284.297 117
394.459 280.673 117
396.622 277.317 117
396.758 273.855 117
395.864 270.366 117
395.94 266.911 117
396.985 263.464 117
399 260 117
398.985 256.518 117
396.94 253.071 117
395.864 249.634 117
398.757 246.075 117
397.621 242.639 117
396.456 239.223 117
397.258 235.703 117
398.028 232.167 117
397.77 228.695 117
395.489 225.399 117
397.163 221.758 117
396.814 218.293 117
397.429 214.719 117
396.026 211.374 117
396.578 207.79 117
396.107 204.331 117
396.595 200.728 117
396.063 197.27 117
396.487 193.651 117
394.908 190.367 117
394.285 186.924 117
393.633 183.486 117
394.91 179.655 117
392.237 176.627 117
390.518 173.424 117
0 260 117
0 260 117
0 260 117
0 260 117
0 260 117
0 260 117
0 260 117
0 260 117
70.7666 238.364 117
70.5751 237.748 117
0 260 117
0 260 117
0 260 117
39.5909 245.98 117
38.5274 245.977 117
36.5302 246.342 117
37.3432 245.665 117
36.2863 245.706 117
37.0874 245.016 117
35.1074 245.458 117
35.8997 244.761 117
34.8483 244.848 117
34.7147 244.544 117
32.7586 245.071 117
34.4397 243.941 117
34.2982 243.641 117
33.2554 243.78 117
33.1126 243.491 117
32.0762 243.656 117
31.9324 243.377 117
30.9032 243.568 117
29.8798 243.777 117
29.7371 243.516 117
29.5921 243.258 117
29.4449 243 117
28.4338 243.251 117
28.2865 243.004 117
28.9898 242.235 117
28.8336 241.983 117
28.6753 241.732 117
28.5148 241.482 117
28.3521 241.234 117
27.3582 241.547 117
27.1962 241.309 117
26.2129 241.646 117
26.0517 241.418 117
25.8885 241.191 117
25.7234 240.966 117
25.5563 240.742 117
34.9075 233.214 117
39.4005 229.217 117
32.8695 233.854 117
27.2001 237.974 117
26.2352 238.373 117
23.7474 240.074 117
0 260 117
0 260 117
0 260 117
0 260 117
0 260 117
0 260 117
0 260 117
0 260 117
0 260 117
0 260 117
0 260 117
