-0 260 248
-0 260 248
-0 260 248
-0 260 248
-0 260 248
-0 260 248
-0 260 248
-0 260 248
-16.6036 245.567 248
-23.5726 239.867 248
-27.5776 236.86 248
-26.2352 238.373 248
-34.9716 231.681 248
-43.8261 225.139 248
-40.1886 228.601 248
-26.1807 239.911 248
-26.355 240.14 248
-27.3311 239.776 248
-26.6976 240.603 248
-25.2376 241.998 248
-26.2129 241.646 248
-25.5479 242.441 248
-25.7002 242.665 248
-26.6843 242.338 248
-26.8375 242.572 248
-26.9885 242.806 248
-26.2895 243.573 248
-27.2845 243.28 248
-28.2865 243.004 248
-27.5721 243.759 248
-27.7128 244 248
-26.981 244.735 248
-28.8625 244.001 248
-28.1222 244.731 248
-30.0202 244.038 248
-29.2714 244.762 248
-30.2942 244.564 248
-30.4278 244.829 248
-31.4578 244.657 248
-30.6879 245.363 248
-31.7208 245.208 248
-31.8486 245.486 248
-31.9741 245.764 248
-33.9312 245.246 248
-34.0587 245.543 248
-34.1835 245.841 248
-33.3786 246.514 248
-35.3559 246.073 248
-35.4761 246.382 248
-36.5302 246.342 248
-38.5274 245.977 248
-0 260 248
-0 260 248
-0 260 248
-71.3292 236.824 248
-72.4825 237.146 248
-0 260 248
-71.9115 238.699 248
-0 260 248
-0 260 248
-0 260 248
-0 260 248
-0 260 248
-0 260 248
-0 260 248
-0 260 248
-0 260 248
-0 260 248
-0 260 248
-0 260 248
-0 260 248
-0 260 248
-684.468 151.591 248
-683.41 157.864 248
-684.275 163.831 248
-685.088 169.807 248
-683.864 176.032 248
-685.565 181.89 248
-686.22 187.875 248
-687.819 193.771 248
-688.371 199.775 248
-685.879 206.02 248
-688.319 211.868 248
-687.715 217.938 248
-688.056 223.941 248
-687.345 229.99 248
-687.581 235.989 248
-688.764 241.964 248
-688.895 247.975 248
-687.974 253.996 248
-689 260 248
-687.974 266.004 248
-687.895 272.007 248
-687.764 278.01 248
-687.581 284.011 248
-686.346 289.967 248
-686.058 295.955 248
-685.719 301.94 248
-685.326 307.923 248
-684.882 313.901 248
-683.39 319.789 248
-681.846 325.654 248
-682.242 331.707 248
-680.597 337.544 248
-678.902 343.359 248
-679.14 349.411 248
-677.343 355.194 248
-675.498 360.954 248
-673.603 366.688 248
-673.633 372.728 248
-670.654 378.255 248
-670.58 384.285 248
-668.488 389.941 248
-667.329 395.77 248
-665.14 401.38 248
-662.905 406.963 248
-662.572 412.967 248
-660.239 418.509 248
-657.86 424.023 248
-656.404 429.758 248
-653.932 435.221 248
-651.414 440.653 248
-649.813 446.331 248
-648.162 451.994 248
-645.506 457.351 248
-641.851 462.375 248
-639.11 467.66 248
-637.273 473.229 248
-635.388 478.782 248
-631.57 483.651 248
-627.715 488.47 248
-626.634 494.289 248
-623.632 499.39 248
-621.519 504.823 248
-618.432 509.863 248
-615.304 514.867 248
-612.136 519.836 248
-608.928 524.769 248
-605.681 529.666 248
-602.394 534.527 248
-599.069 539.351 248
-596.609 544.568 248
-593.204 549.325 248
-589.762 554.044 248
-587.173 559.18 248
-583.653 563.831 248
-580.979 568.912 248
-576.504 573.016 248
-572.876 577.55 248
-569.213 582.045 248
-565.515 586.5 248
-561.782 590.915 248
-558.016 595.29 248
-555.069 600.147 248
-551.231 604.448 248
-545.674 607.633 248
-542.62 612.382 248
-539.524 617.103 248
-534.729 620.679 248
-531.561 625.332 248
-527.534 629.383 248
-523.476 633.392 248
-519.389 637.358 248
-515.272 641.281 248
-510.328 644.56 248
-506.159 648.39 248
-501.963 652.176 248
-496.956 655.297 248
-492.71 658.989 248
-489.21 663.274 248
-485.672 667.527 248
-480.577 670.451 248
-476.222 673.973 248
-471.093 676.788 248
-467.438 680.883 248
-463.01 684.271 248
-458.559 687.613 248
-453.359 690.222 248
-448.868 693.467 248
-444.355 696.667 248
-439.82 699.82 248
-434.564 702.215 248
-428.604 703.833 248
-424.715 707.556 248
-419.429 709.783 248
-415.488 713.426 248
-410.846 716.291 248
-406.186 719.11 248
-400.196 720.373 248
-396.813 724.608 248
-390.815 725.755 248
-386.099 728.376 248
-381.368 730.95 248
-377.866 735.043 248
-371.859 735.959 248
-367.083 738.392 248
-362.293 740.779 248
-356.894 742.314 248
-352.083 744.601 248
-346.099 745.213 248
-341.852 748.215 248
-336.445 749.531 248
-332.72 753.277 248
-327.299 754.494 248
-321.882 755.654 248
-317.007 757.601 248
-312.122 759.5 248
-306.707 760.5 248
-301.812 762.3 248
-296.402 763.191 248
-291.5 764.893 248
-286.098 765.677 248
-281.674 768.154 248
-276.275 768.835 248
-271.824 771.227 248
-262.735 764.709 248
-248.333 747.381 248
-240.947 743.265 248
-236.282 744.45 248
-230.323 742.883 248
-236.244 766.626 248
-235.131 775.948 248
-230.62 777.98 248
-225.293 778.139 248
-219.982 778.244 248
-215.833 781.068 248
-210.154 780.15 248
-205.607 781.964 248
-199.969 780.938 248
-194.365 779.853 248
-190.163 782.469 248
-185.263 783.166 248
-179.714 781.926 248
-175.152 783.475 248
-169.959 783.081 248
-165.087 783.591 248
-160.22 784.055 248
-155.072 783.516 248
-149.947 782.926 248
-145.378 784.215 248
-140.28 783.532 248
-135.456 783.768 248
-130.396 782.989 248
-125.594 783.135 248
-120.799 783.237 248
-116.012 783.295 248
-111.025 782.331 248
-106.263 782.3 248
-101.51 782.226 248
-96.5848 781.125 248
-92.0335 781.948 248
-87.1451 780.759 248
-82.4409 780.512 248
-77.7477 780.222 248
-72.9267 778.9 248
-68.2652 778.526 248
-63.4939 777.117 248
-58.9788 777.651 248
-54.3548 777.151 248
-49.6481 775.615 248
-45.1466 776.029 248
-40.5633 775.406 248
-35.9245 773.745 248
-31.3789 773.041 248
-26.796 771.298 248
-22.2895 770.514 248
-17.7987 769.689 248
-13.2979 767.826 248
-8.86578 767.923 248
-4.41559 765.981 248
3.81264e-05 765 248
4.38949 762.981 248
8.76115 761.924 248
13.1147 760.828 248
17.4498 759.695 248
21.7661 758.525 248
26.0633 757.318 248
30.3412 756.073 248
34.5992 754.792 248
38.6019 750.483 248
42.9678 751.124 248
47.252 750.73 248
51.3235 748.31 248
55.4696 746.85 248
59.4723 744.363 248
63.4358 741.842 248
67.6382 741.27 248
71.6876 739.673 248
75.8707 739.029 248
79.718 736.376 248
83.6985 734.677 248
87.1086 729.996 248
91.2067 729.218 248
95.4973 729.384 248
98.7581 724.62 248
103.242 725.693 248
107.077 723.8 248
110.887 721.876 248
114.671 719.92 248
118.179 716.966 248
121.904 714.951 248
125.335 711.943 248
128.998 709.87 248
132.919 708.728 248
136.538 706.594 248
139.528 702.525 248
143.693 702.241 248
146.912 699.074 248
151.064 698.721 248
154.219 695.5 248
157.671 693.198 248
161.095 690.869 248
164.491 688.513 248
167.858 686.131 248
171.195 683.723 248
174.121 680.365 248
178.173 679.75 248
181.431 677.262 248
184.252 673.836 248
187.441 671.302 248
190.601 668.745 248
194.161 667.066 248
197.267 664.457 248
200.343 661.826 248
202.48 657.389 248
205.478 654.72 248
209.384 653.795 248
212.336 651.074 248
214.771 647.457 248
218.144 645.568 248
220 641.051 248
224.332 640.84 248
227.647 638.868 248
228.854 633.456 248
231.575 630.597 248
235.875 630.249 248
238.007 626.499 248
240.645 623.574 248
243.808 621.46 248
246.387 618.495 248
248.359 614.693 248
252.025 613.326 248
253.923 609.495 248
256.369 606.462 248
258.78 603.413 248
262.376 601.935 248
264.734 598.845 248
267.681 596.521 248
269.349 592.618 248
270.969 588.712 248
273.828 586.335 248
277.314 584.693 248
279.481 581.506 248
280.288 576.808 248
283.711 575.093 248
286.45 572.606 248
288.485 569.363 248
290.486 566.108 248
293.146 563.561 248
294.382 559.565 248
298.399 558.399 248
299.565 554.382 248
302.123 551.757 248
304.657 549.109 248
304.243 543.711 248
307.445 541.721 248
308.405 537.689 248
310.817 534.987 248
312.45 531.608 248
314.808 528.871 248
317.142 526.114 248
320.224 523.972 248
321.738 520.539 248
322.435 516.476 248
324.66 513.653 248
326.862 510.81 248
328.239 507.346 248
331.189 505.067 248
331.697 500.992 248
332.159 496.927 248
335.033 494.593 248
336.243 491.094 248
339.905 489.269 248
340.225 485.19 248
342.178 482.213 248
342.417 478.144 248
346.004 476.207 248
346.172 472.134 248
348.01 469.105 248
349.821 466.061 248
350.74 462.5 248
352.494 459.432 248
353.346 455.863 248
355.042 452.772 248
356.711 449.667 248
358.352 446.546 248
360.858 443.866 248
360.659 439.818 248
362.214 436.664 248
364.644 433.926 248
363.429 429.47 248
366.714 427.121 248
369.072 424.322 248
368.658 420.297 248
368.202 416.292 248
371.4 413.839 248
370.874 409.843 248
372.167 406.6 248
373.432 403.347 248
374.669 400.083 248
374.937 396.466 248
377.999 393.857 248
377.262 389.902 248
378.381 386.605 248
381.374 383.916 248
380.533 379.982 248
381.566 376.656 248
382.569 373.322 248
382.582 369.704 248
383.525 366.361 248
385.404 363.269 248
387.259 360.152 248
388.118 356.769 248
386.031 352.678 248
387.799 349.531 248
390.518 346.576 248
387.346 342.333 248
388.05 338.95 248
389.706 335.751 248
391.335 332.53 248
392.938 329.286 248
392.542 325.689 248
392.112 322.104 248
393.628 318.828 248
395.117 315.53 248
394.595 311.949 248
395.033 308.504 248
395.442 305.055 248
395.82 301.602 248
396.168 298.147 248
396.485 294.688 248
395.776 291.148 248
396.033 287.693 248
395.261 284.175 248
395.457 280.725 248
397.621 277.361 248
398.757 273.925 248
397.864 270.418 248
396.94 266.929 248
397.985 263.473 248
398 260 248
398.985 256.518 248
396.94 253.071 248
398.863 249.555 248
398.757 246.075 248
399.619 242.552 248
399.452 239.066 248
399.254 235.581 248
399.026 232.097 248
398.767 228.616 248
397.482 225.225 248
398.158 221.662 248
397.809 218.189 248
397.429 214.719 248
399.004 211.009 248
396.578 207.79 248
398.088 204.052 248
396.595 200.728 248
395.075 197.426 248
395.501 193.816 248
394.908 190.367 248
394.285 186.924 248
393.633 183.486 248
393.93 179.854 248
392.237 176.627 248
391.495 173.208 248
0 260 248
0 260 248
0 260 248
0 260 248
0 260 248
0 260 248
0 260 248
0 260 248
71.7229 238.072 248
70.5751 237.748 248
0 260 248
0 260 248
42.5483 245.349 248
38.6483 246.314 248
37.5877 246.319 248
35.5935 246.692 248
36.4096 246.024 248
36.2863 245.706 248
36.1602 245.39 248
35.1074 245.458 248
34.0587 245.543 248
33.9312 245.246 248
33.8012 244.951 248
31.8486 245.486 248
31.7208 245.208 248
32.4931 244.502 248
33.2554 243.78 248
33.1126 243.491 248
32.0762 243.656 248
31.0454 243.839 248
30.0202 244.038 248
29.8798 243.777 248
28.8625 244.001 248
27.8514 244.242 248
28.5788 243.5 248
28.4338 243.251 248
27.4294 243.519 248
29.8424 241.713 248
28.8336 241.983 248
27.8319 242.269 248
26.8375 242.572 248
27.5182 241.786 248
26.5292 242.106 248
27.1962 241.309 248
26.2129 241.646 248
26.0517 241.418 248
25.8885 241.191 248
24.1157 242.155 248
23.9591 241.946 248
34.1142 233.823 248
39.4005 229.217 248
32.8695 233.854 248
26.423 238.603 248
27.0069 237.737 248
23.7474 240.074 248
0 260 248
0 260 248
0 260 248
0 260 248
0 260 248
0 260 248
0 260 248
0 260 248
0 260 248
0 260 248
0 260 248
