-0 260 16
-0 260 16
-0 260 16
-0 260 16
-0 260 16
-0 260 16
-0 260 16
-0 260 16
-15.8489 246.223 16
-23.5726 239.867 16
-26.0455 238.145 16
-27.0069 237.737 16
-34.9716 231.681 16
-42.2608 226.384 16
-41.7646 227.37 16
-25.3873 240.52 16
-26.355 240.14 16
-26.5273 240.371 16
-26.6976 240.603 16
-26.8658 240.837 16
-25.3937 242.219 16
-26.372 241.875 16
-26.5292 242.106 16
-26.6843 242.338 16
-26.8375 242.572 16
-26.9885 242.806 16
-27.1375 243.043 16
-27.2845 243.28 16
-28.2865 243.004 16
-27.5721 243.759 16
-27.7128 244 16
-28.7217 243.75 16
-27.9878 244.486 16
-29.8798 243.777 16
-30.0202 244.038 16
-30.1584 244.301 16
-30.2942 244.564 16
-30.4278 244.829 16
-30.559 245.095 16
-31.5905 244.932 16
-31.7208 245.208 16
-31.8486 245.486 16
-32.8876 245.357 16
-34.8483 244.848 16
-34.0587 245.543 16
-35.1074 245.458 16
-34.3058 246.14 16
-35.3559 246.073 16
-36.4096 246.024 16
-37.4669 245.992 16
-39.4671 245.635 16
-0 260 16
-0 260 16
-0 260 16
-71.3292 236.824 16
-70.5751 237.748 16
-0 260 16
-0 260 16
-0 260 16
-0 260 16
-0 260 16
-0 260 16
-0 260 16
-0 260 16
-0 260 16
-0 260 16
-0 260 16
-0 260 16
-0 260 16
-0 260 16
-0 260 16
-0 260 16
-683.48 151.747 16
-868.356 130.223 16
-865.494 138.363 16
-864.54 146.181 16
-865.5 153.73 16
-867.388 161.174 16
-885.125 166.97 16
-875.949 175.656 16
-869.678 183.913 16
-862.334 192.133 16
-859.9 199.87 16
-856.4 207.62 16
-852.83 215.305 16
-851.189 222.836 16
-849.482 230.336 16
-851.708 237.697 16
-853.87 245.096 16
-855.967 252.53 16
-857 260 16
-866.967 267.566 16
-873.867 275.254 16
-890.695 283.324 16
-887.459 290.991 16
-886.156 298.691 16
-879.793 306.108 16
-883.349 314.028 16
-875.861 321.246 16
-882.272 329.436 16
-879.64 336.959 16
-881.921 344.919 16
-884.13 352.926 16
-895.208 361.996 16
-932.001 374.435 16
-939.89 383.739 16
-927.881 390.405 16
-916.818 397.019 16
-903.735 403.138 16
-893.575 409.533 16
-884.357 415.936 16
-897.712 426.381 16
-953.16 445.276 16
-1049.5 473.523 16
-997.711 472.07 16
-1004.61 482.717 16
-1063.04 505.422 16
-1069.61 516.79 16
-1010.08 511.841 16
-981.702 513.885 16
-1013.26 531.501 16
-1068.67 556.368 16
-1029.51 555.208 16
-991.42 553.672 16
-1007.95 568.16 16
-1026.2 583.56 16
-1063.28 605.481 16
-1046.95 610.304 16
-1011.7 608.358 16
-997.315 613.168 16
-993.255 621.515 16
-1015.35 639.625 16
-1007.33 646.679 16
-991.825 650.69 16
-0 260 16
-0 260 16
-0 260 16
-0 260 16
-0 260 16
-0 260 16
-0 260 16
-0 260 16
-0 260 16
-0 260 16
-0 260 16
-0 260 16
-0 260 16
-0 260 16
-0 260 16
-0 260 16
-0 260 16
-0 260 16
-0 260 16
-0 260 16
-0 260 16
-0 260 16
-0 260 16
-0 260 16
-0 260 16
-0 260 16
-0 260 16
-0 260 16
-0 260 16
-0 260 16
-0 260 16
-0 260 16
-0 260 16
-0 260 16
-0 260 16
-0 260 16
-0 260 16
-0 260 16
-0 260 16
-0 260 16
-0 260 16
-0 260 16
-0 260 16
-0 260 16
-0 260 16
-0 260 16
-0 260 16
-0 260 16
-0 260 16
-0 260 16
-0 260 16
-0 260 16
-0 260 16
-0 260 16
-0 260 16
-0 260 16
-0 260 16
-0 260 16
-0 260 16
-0 260 16
-0 260 16
-0 260 16
-0 260 16
-0 260 16
-0 260 16
-0 260 16
-0 260 16
-0 260 16
-0 260 16
-0 260 16
-0 260 16
-0 260 16
-0 260 16
-0 260 16
-0 260 16
-0 260 16
-0 260 16
-0 260 16
-0 260 16
-0 260 16
-0 260 16
-0 260 16
-0 260 16
-0 260 16
-0 260 16
-0 260 16
-0 260 16
-0 260 16
-0 260 16
-0 260 16
-0 260 16
-0 260 16
-0 260 16
-0 260 16
-0 260 16
-0 260 16
-0 260 16
-0 260 16
-0 260 16
-0 260 16
-0 260 16
-0 260 16
-0 260 16
-0 260 16
-0 260 16
-0 260 16
-0 260 16
-0 260 16
-0 260 16
-0 260 16
-0 260 16
-0 260 16
-0 260 16
-0 260 16
-0 260 16
-0 260 16
-0 260 16
-0 260 16
-0 260 16
-0 260 16
0 260 16
0 260 16
0 260 16
0 260 16
0 260 16
0 260 16
0 260 16
0 260 16
0 260 16
0 260 16
0 260 16
0 260 16
0 260 16
0 260 16
0 260 16
0 260 16
0 260 16
0 260 16
0 260 16
0 260 16
0 260 16
0 260 16
0 260 16
0 260 16
0 260 16
0 260 16
0 260 16
0 260 16
0 260 16
0 260 16
0 260 16
0 260 16
0 260 16
0 260 16
0 260 16
0 260 16
0 260 16
0 260 16
0 260 16
0 260 16
0 260 16
0 260 16
0 260 16
0 260 16
0 260 16
0 260 16
0 260 16
0 260 16
0 260 16
0 260 16
0 260 16
0 260 16
0 260 16
0 260 16
0 260 16
0 260 16
0 260 16
0 260 16
0 260 16
0 260 16
0 260 16
0 260 16
0 260 16
0 260 16
0 260 16
0 260 16
0 260 16
0 260 16
0 260 16
0 260 16
0 260 16
0 260 16
0 260 16
0 260 16
0 260 16
0 260 16
0 260 16
0 260 16
0 260 16
0 260 16
0 260 16
0 260 16
0 260 16
0 260 16
0 260 16
0 260 16
0 260 16
0 260 16
0 260 16
0 260 16
0 260 16
0 260 16
0 260 16
0 260 16
0 260 16
0 260 16
0 260 16
0 260 16
0 260 16
0 260 16
0 260 16
0 260 16
0 260 16
0 260 16
0 260 16
0 260 16
0 260 16
0 260 16
0 260 16
0 260 16
0 260 16
0 260 16
0 260 16
0 260 16
0 260 16
0 260 16
0 260 16
0 260 16
0 260 16
0 260 16
0 260 16
0 260 16
0 260 16
0 260 16
0 260 16
0 260 16
0 260 16
0 260 16
0 260 16
0 260 16
0 260 16
0 260 16
0 260 16
0 260 16
0 260 16
0 260 16
0 260 16
0 260 16
0 260 16
0 260 16
0 260 16
0 260 16
0 260 16
0 260 16
0 260 16
0 260 16
0 260 16
0 260 16
0 260 16
0 260 16
0 260 16
0 260 16
0 260 16
0 260 16
0 260 16
0 260 16
0 260 16
0 260 16
0 260 16
0 260 16
0 260 16
0 260 16
0 260 16
0 260 16
0 260 16
0 260 16
0 260 16
0 260 16
0 260 16
0 260 16
0 260 16
0 260 16
0 260 16
0 260 16
0 260 16
0 260 16
0 260 16
0 260 16
0 260 16
0 260 16
0 260 16
0 260 16
0 260 16
0 260 16
0 260 16
0 260 16
0 260 16
0 260 16
0 260 16
0 260 16
0 260 16
663.706 184.38 16
0 260 16
657.538 167.589 16
693.3 156.386 16
1185.81 40.224 16
1129.85 40.3789 16
1099.48 36.3092 16
1086.72 29.0101 16
0 260 16
0 260 16
0 260 16
0 260 16
0 260 16
0 260 16
0 260 16
0 260 16
0 260 16
72.6792 237.78 16
72.4825 237.146 16
0 260 16
0 260 16
0 260 16
39.5909 245.98 16
38.5274 245.977 16
36.5302 246.342 16
35.4761 246.382 16
36.2863 245.706 16
36.1602 245.39 16
35.1074 245.458 16
34.0587 245.543 16
33.9312 245.246 16
33.8012 244.951 16
32.7586 245.071 16
31.7208 245.208 16
32.4931 244.502 16
33.2554 243.78 16
33.1126 243.491 16
31.1852 244.11 16
31.0454 243.839 16
31.7861 243.099 16
29.8798 243.777 16
28.8625 244.001 16
28.7217 243.75 16
28.5788 243.5 16
28.4338 243.251 16
29.1437 242.489 16
29.8424 241.713 16
28.8336 241.983 16
28.6753 241.732 16
27.6761 242.027 16
27.5182 241.786 16
26.5292 242.106 16
26.372 241.875 16
26.2129 241.646 16
26.8658 240.837 16
25.0795 241.779 16
23.3118 242.75 16
23.9591 241.946 16
34.9075 233.214 16
39.4005 229.217 16
32.8695 233.854 16
27.2001 237.974 16
26.2352 238.373 16
23.7474 240.074 16
0 260 16
0 260 16
0 260 16
0 260 16
0 260 16
0 260 16
0 260 16
0 260 16
0 260 16
0 260 16
0 260 16
