-0 260 202
-0 260 202
-0 260 202
-0 260 202
-0 260 202
-0 260 202
-0 260 202
-0 260 202
-15.8489 246.223 202
-23.5726 239.867 202
-26.8116 237.502 202
-27.0069 237.737 202
-33.4173 232.939 202
-44.6087 224.517 202
-40.9766 227.986 202
-26.974 239.302 202
-26.355 240.14 202
-25.7234 240.966 202
-27.5066 240.015 202
-26.0517 241.418 202
-25.3937 242.219 202
-26.372 241.875 202
-25.7002 242.665 202
-26.6843 242.338 202
-26.8375 242.572 202
-27.8319 242.269 202
-27.1375 243.043 202
-28.1371 242.758 202
-28.2865 243.004 202
-28.4338 243.251 202
-28.5788 243.5 202
-27.8514 244.242 202
-27.9878 244.486 202
-29.001 244.254 202
-30.0202 244.038 202
-30.1584 244.301 202
-30.2942 244.564 202
-30.4278 244.829 202
-31.4578 244.657 202
-31.5905 244.932 202
-32.6271 244.786 202
-31.8486 245.486 202
-32.8876 245.357 202
-33.0142 245.645 202
-34.9792 245.152 202
-35.1074 245.458 202
-34.3058 246.14 202
-34.4255 246.439 202
-36.4096 246.024 202
-37.4669 245.992 202
-39.4671 245.635 202
-0 260 202
-0 260 202
-0 260 202
-72.2803 236.515 202
-72.4825 237.146 202
-0 260 202
-0 260 202
-0 260 202
-0 260 202
-0 260 202
-0 260 202
-0 260 202
-0 260 202
-0 260 202
-0 260 202
-0 260 202
-0 260 202
-0 260 202
-0 260 202
-0 260 202
-0 260 202
-730.889 144.239 202
-732.861 150.473 202
-732.798 157.012 202
-733.669 163.411 202
-733.492 169.939 202
-733.256 176.456 202
-734.952 182.754 202
-734.602 189.266 202
-735.192 195.679 202
-734.728 202.176 202
-736.202 208.52 202
-736.623 214.946 202
-735.99 221.429 202
-736.299 227.853 202
-735.552 234.314 202
-735.748 240.734 202
-736.888 247.138 202
-736.972 253.569 202
-736 260 202
-734.972 266.414 202
-733.888 272.81 202
-733.748 279.214 202
-734.552 285.651 202
-734.3 292.06 202
-732.994 298.415 202
-731.633 304.749 202
-731.214 311.132 202
-729.743 317.432 202
-729.215 323.798 202
-726.639 329.968 202
-725.006 336.201 202
-725.307 342.638 202
-724.559 348.965 202
-722.763 355.154 202
-720.915 361.318 202
-720.004 367.605 202
-719.037 373.884 202
-717.03 379.99 202
-714.97 386.069 202
-713.843 392.303 202
-711.68 398.337 202
-708.486 404.143 202
-708.179 410.528 202
-704.886 416.27 202
-703.495 422.415 202
-700.106 428.081 202
-699.583 434.426 202
-696.098 440.023 202
-694.501 446.091 202
-690.923 451.61 202
-688.263 457.356 202
-686.515 463.355 202
-683.758 469.046 202
-680.954 474.704 202
-677.152 480.02 202
-674.258 485.604 202
-672.264 491.479 202
-668.333 496.669 202
-666.242 502.492 202
-662.227 507.597 202
-659.108 513.008 202
-655.944 518.383 202
-652.737 523.723 202
-648.563 528.644 202
-646.194 534.293 202
-642.859 539.523 202
-639.482 544.716 202
-636.063 549.871 202
-632.603 554.988 202
-628.199 559.636 202
-625.561 565.106 202
-620.189 569.215 202
-617.467 574.615 202
-613.811 579.53 202
-610.117 584.405 202
-605.505 588.762 202
-601.738 593.549 202
-597.934 598.295 202
-593.227 602.5 202
-589.354 607.156 202
-585.445 611.771 202
-580.648 615.822 202
-577.521 620.875 202
-572.663 624.827 202
-568.619 629.265 202
-564.541 633.661 202
-560.429 638.014 202
-555.461 641.758 202
-551.289 646.017 202
-545.457 649.071 202
-542.041 653.816 202
-536.976 657.342 202
-532.69 661.411 202
-528.373 665.435 202
-524.027 669.415 202
-517.304 671.482 202
-513.693 675.981 202
-508.501 679.176 202
-502.525 681.669 202
-499.587 686.687 202
-494.335 689.719 202
-489.068 692.691 202
-485.274 696.942 202
-479.23 699.134 202
-474.649 702.617 202
-469.317 705.365 202
-463.974 708.055 202
-458.62 710.685 202
-454.67 714.67 202
-449.283 717.194 202
-444.581 720.378 202
-439.17 722.789 202
-434.433 725.872 202
-428.324 727.434 202
-422.221 728.924 202
-417.451 731.842 202
-412.661 734.712 202
-406.554 736.014 202
-402.385 739.544 202
-397.549 742.265 202
-391.437 743.385 202
-387.204 746.782 202
-381.094 747.779 202
-375.606 749.499 202
-370.116 751.161 202
-364.626 752.764 202
-360.312 755.927 202
-354.229 756.611 202
-349.308 758.864 202
-344.375 761.069 202
-338.871 762.397 202
-332.818 762.833 202
-327.328 764.041 202
-321.842 765.192 202
-309.473 755.26 202
-293.644 739.184 202
-286.361 736.585 202
-280.669 736.481 202
-279.5 744.108 202
-288.56 770.028 202
-285.068 774.276 202
-280.092 775.866 202
-274.171 775.641 202
-268.738 776.24 202
-263.314 776.784 202
-257.456 776.377 202
-252.502 777.705 202
-247.974 779.889 202
-242.583 780.221 202
-236.79 779.588 202
-231.026 778.894 202
-226.091 779.973 202
-221.154 781.006 202
-216.216 781.992 202
-210.529 781.077 202
-205.607 781.964 202
-200.686 782.805 202
-195.065 781.726 202
-189.821 781.529 202
-184.595 781.281 202
-179.714 781.926 202
-174.2 780.63 202
-169.341 781.179 202
-164.185 780.729 202
-159.343 781.186 202
-154.22 780.639 202
-149.12 780.043 202
-144.309 780.36 202
-139.503 780.634 202
-134.204 778.927 202
-129.186 778.138 202
-124.426 778.273 202
-119.224 776.416 202
-114.713 777.437 202
-109.777 776.462 202
-104.867 775.44 202
-100.175 775.354 202
-95.3091 774.242 202
-90.4707 773.085 202
-85.6597 771.882 202
-81.033 771.623 202
-76.1218 769.343 202
-71.6741 769.988 202
-66.8294 767.62 202
-62.2752 767.191 202
-57.6204 765.728 202
-52.9959 764.223 202
-48.4979 763.67 202
-44.0136 763.078 202
-39.4649 761.449 202
-35.0177 760.777 202
-30.4632 758.069 202
-26.0109 756.319 202
-21.6352 755.528 202
-17.2752 754.698 202
-12.9314 753.831 202
-8.58655 751.925 202
-4.28469 750.981 202
3.69185e-05 749 202
4.25859 747.981 202
8.46445 744.926 202
12.6435 742.834 202
16.8565 742.706 202
20.8937 738.544 202
25.1213 739.342 202
29.1812 737.108 202
33.2041 734.84 202
37.1112 731.542 202
41.0504 729.208 202
45.1434 728.832 202
49.2329 728.42 202
53.0923 725.985 202
56.913 723.519 202
60.6947 721.022 202
64.7155 720.475 202
68.4358 717.914 202
71.9599 714.337 202
75.5918 711.719 202
79.7045 712.027 202
83.2817 709.347 202
86.8181 706.64 202
90.3137 703.906 202
93.9761 702.123 202
97.8307 701.286 202
101.003 697.492 202
104.35 694.649 202
108.381 694.692 202
111.67 691.794 202
115.175 689.837 202
118.119 685.925 202
121.832 684.878 202
125.251 682.839 202
128.059 678.861 202
131.709 677.728 202
135.04 675.612 202
138.028 672.521 202
141.297 670.355 202
144.205 667.221 202
147.411 665.008 202
150.939 663.706 202
153.74 660.506 202
156.863 658.219 202
159.582 654.98 202
162.258 651.725 202
165.279 649.374 202
168.272 646.999 202
172.05 646.43 202
174.171 642.184 202
177.077 639.743 202
179.523 636.378 202
183.239 635.696 202
185.172 631.398 202
187.952 628.877 202
191.164 627.222 202
193.892 624.657 202
196.112 621.194 202
199.742 620.343 202
201.401 615.975 202
204 613.338 202
206.568 610.683 202
208.59 607.153 202
211.612 605.319 202
215.147 604.308 202
217.069 600.73 202
220.034 598.823 202
221.879 595.222 202
224.236 592.444 202
226.563 589.65 202
229.431 587.661 202
229.958 582.39 202
232.763 580.371 202
235.55 578.327 202
238.921 577.058 202
240.461 573.375 202
241.955 569.688 202
244.026 566.782 202
246.694 564.641 202
248.071 560.934 202
250.687 558.757 202
253.285 556.558 202
255.207 553.582 202
257.097 550.595 202
258.284 546.854 202
260.778 544.589 202
263.251 542.303 202
263.64 537.818 202
266.054 535.507 202
268.448 533.175 202
270.115 530.115 202
271.748 527.046 202
272.63 523.276 202
274.192 520.198 202
276.452 517.795 202
277.216 514.022 202
280.909 512.931 202
281.607 509.145 202
283.771 506.678 202
285.152 503.543 202
285.735 499.76 202
287.044 496.621 202
289.098 494.107 202
291.13 491.575 202
293.14 489.026 202
294.334 485.85 202
295.495 482.672 202
299.035 481.274 202
300.145 478.068 202
301.223 474.86 202
301.448 471.076 202
304.103 469.004 202
305.086 465.783 202
305.202 462.009 202
307.792 459.883 202
308.681 456.652 202
310.386 453.95 202
312.066 451.234 202
312.866 447.989 202
313.633 444.744 202
315.233 442 202
315.939 438.75 202
316.612 435.501 202
318.132 432.731 202
319.627 429.949 202
321.098 427.153 202
321.653 423.891 202
322.176 420.631 202
323.566 417.814 202
324.028 414.553 202
326.271 412.143 202
325.766 408.46 202
327.049 405.612 202
329.225 403.151 202
330.461 400.272 202
330.749 397.001 202
331.005 393.735 202
332.159 390.841 202
333.288 387.937 202
333.455 384.674 202
336.41 382.443 202
335.58 378.835 202
336.605 375.902 202
336.655 372.643 202
337.625 369.701 202
338.57 366.751 202
337.576 363.207 202
338.463 360.257 202
341.248 357.851 202
341.125 354.602 202
341.938 351.622 202
342.724 348.635 202
342.514 345.398 202
344.219 342.64 202
344.927 339.633 202
345.609 336.62 202
346.264 333.601 202
345.913 330.377 202
348.478 327.737 202
348.072 324.511 202
348.622 321.471 202
348.159 318.262 202
349.642 315.378 202
349.123 312.177 202
349.565 309.128 202
350.971 306.206 202
351.361 303.142 202
350.731 299.961 202
351.066 296.899 202
352.37 293.929 202
353.649 290.94 202
351.912 287.696 202
352.14 284.624 202
352.342 281.55 202
352.516 278.475 202
353.663 275.441 202
352.785 272.32 202
354.878 269.293 202
352.946 266.161 202
353.987 263.089 202
354 260 202
353.987 256.911 202
353.946 253.822 202
354.878 250.707 202
355.783 247.576 202
353.663 244.559 202
354.513 241.421 202
355.336 238.267 202
355.133 235.167 202
353.906 232.147 202
354.645 228.973 202
355.356 225.783 202
353.055 222.892 202
352.718 219.813 202
354.339 216.493 202
354.937 213.272 202
352.535 210.454 202
351.101 207.528 202
352.605 204.153 202
352.104 201.078 202
352.561 197.834 202
351.022 194.942 202
349.459 192.072 202
350.813 188.626 202
348.221 185.983 202
347.561 182.948 202
0 260 202
0 260 202
0 260 202
0 260 202
0 260 202
0 260 202
0 260 202
0 260 202
71.7229 238.072 202
71.5288 237.447 202
0 260 202
0 260 202
0 260 202
39.5909 245.98 202
38.5274 245.977 202
37.4669 245.992 202
36.4096 246.024 202
37.2167 245.34 202
35.233 245.765 202
35.1074 245.458 202
34.9792 245.152 202
33.9312 245.246 202
33.8012 244.951 202
32.7586 245.071 202
32.6271 244.786 202
33.3957 244.071 202
34.1542 243.342 202
33.1126 243.491 202
32.9672 243.202 202
31.0454 243.839 202
30.0202 244.038 202
30.7586 243.299 202
29.7371 243.516 202
28.7217 243.75 202
28.5788 243.5 202
29.2954 242.744 202
29.1437 242.489 202
28.9898 242.235 202
29.6817 241.453 202
27.8319 242.269 202
29.3535 240.938 202
28.3521 241.234 202
26.5292 242.106 202
26.372 241.875 202
26.2129 241.646 202
26.0517 241.418 202
25.0795 241.779 202
24.9196 241.56 202
24.7577 241.344 202
34.9075 233.214 202
41.7646 227.37 202
31.3043 235.099 202
27.2001 237.974 202
27.0069 237.737 202
22.9813 240.716 202
0 260 202
0 260 202
0 260 202
0 260 202
0 260 202
0 260 202
0 260 202
0 260 202
0 260 202
0 260 202
0 260 202
