-0 260 58
-0 260 58
-0 260 58
-0 260 58
-0 260 58
-0 260 58
-0 260 58
-0 260 58
-15.8489 246.223 58
-21.2914 241.815 58
-26.8116 237.502 58
-27.0069 237.737 58
-32.6401 233.569 58
-43.8261 225.139 58
-40.9766 227.986 58
-27.7674 238.693 58
-25.5563 240.742 58
-25.7234 240.966 58
-25.0795 241.779 58
-26.0517 241.418 58
-26.2129 241.646 58
-25.5479 242.441 58
-26.5292 242.106 58
-25.8505 242.89 58
-26.8375 242.572 58
-26.1451 243.344 58
-26.2895 243.573 58
-27.2845 243.28 58
-26.5722 244.034 58
-27.5721 243.759 58
-27.7128 244 58
-27.8514 244.242 58
-27.9878 244.486 58
-28.1222 244.731 58
-29.1373 244.507 58
-29.2714 244.762 58
-30.2942 244.564 58
-31.3227 244.383 58
-30.559 245.095 58
-31.5905 244.932 58
-31.7208 245.208 58
-31.8486 245.486 58
-31.9741 245.764 58
-33.9312 245.246 58
-33.1382 245.934 58
-34.1835 245.841 58
-34.3058 246.14 58
-35.3559 246.073 58
-35.4761 246.382 58
-37.4669 245.992 58
-38.5274 245.977 58
-42.4189 244.979 58
-0 260 58
-0 260 58
-70.3782 237.133 58
-70.5751 237.748 58
-0 260 58
-70.9527 238.983 58
-0 260 58
-0 260 58
-0 260 58
-0 260 58
-0 260 58
-0 260 58
-0 260 58
-0 260 58
-0 260 58
-0 260 58
-0 260 58
-0 260 58
-0 260 58
-0 260 58
-714.099 146.898 58
-714.069 153.282 58
-713.983 159.656 58
-714.832 165.891 58
-716.618 172.01 58
-715.372 178.494 58
-716.056 184.74 58
-715.69 191.087 58
-716.264 197.335 58
-715.787 203.666 58
-717.249 209.845 58
-716.661 216.167 58
-717.016 222.423 58
-716.318 228.725 58
-716.563 234.977 58
-716.754 241.231 58
-716.891 247.487 58
-716.973 253.743 58
-716 260 58
-715.973 266.248 58
-714.891 272.479 58
-713.755 278.69 58
-714.564 284.953 58
-713.32 291.144 58
-713.021 297.368 58
-712.668 303.589 58
-711.263 309.736 58
-710.802 315.941 58
-710.287 322.142 58
-707.727 328.146 58
-708.1 334.424 58
-705.436 340.374 58
-705.7 346.649 58
-703.926 352.674 58
-702.1 358.674 58
-700.223 364.649 58
-699.283 370.756 58
-697.304 376.689 58
-696.259 382.769 58
-695.161 388.841 58
-692.047 394.52 58
-689.867 400.355 58
-687.638 406.162 58
-686.336 412.157 58
-684.008 417.916 58
-682.604 423.879 58
-680.177 429.587 58
-677.703 435.266 58
-676.148 441.173 58
-672.614 446.532 58
-669.999 452.119 58
-665.421 457.107 58
-665.588 463.491 58
-662.833 468.991 58
-660.033 474.458 58
-657.188 479.892 58
-654.299 485.293 58
-651.365 490.661 58
-648.388 495.994 58
-645.367 501.293 58
-641.37 506.199 58
-639.197 511.786 58
-636.048 516.98 58
-632.857 522.138 58
-628.705 526.869 58
-625.435 531.947 58
-622.124 536.988 58
-617.864 541.577 58
-615.383 546.958 58
-611.953 551.887 58
-608.484 556.777 58
-604.081 561.184 58
-600.538 565.99 58
-597.845 571.219 58
-593.341 575.485 58
-589.686 580.174 58
-586.87 585.307 58
-582.268 589.431 58
-578.505 594 58
-574.707 598.528 58
-570.016 602.5 58
-567.006 607.462 58
-563.104 611.866 58
-558.325 615.692 58
-553.523 619.462 58
-550.365 624.278 58
-546.336 628.508 58
-541.451 632.129 58
-537.364 636.266 58
-533.246 640.361 58
-528.288 643.824 58
-523.311 647.23 58
-501.543 637.94 58
-478.392 627.083 58
-476.746 632.475 58
-486 646.582 58
-502.036 666.541 58
-497.698 670.271 58
-493.333 673.955 58
-488.181 676.946 58
-483.769 680.534 58
-477.085 682.089 58
-474.126 686.905 58
-468.908 689.675 58
-465.141 693.751 58
-459.162 695.728 58
-455.342 699.719 58
-450.061 702.274 58
-444.77 704.77 58
-440.171 707.921 58
-434.856 710.307 58
-429.533 712.634 58
-425.567 716.365 58
-420.893 719.324 58
-414.861 720.75 58
-409.499 722.855 58
-405.444 726.411 58
-400.06 728.41 58
-394.029 729.585 58
-388.644 731.463 58
-385.773 736.391 58
-378.489 735.826 58
-374.322 739.111 58
-369.518 741.566 58
-363.496 742.376 58
-358.678 744.726 58
-353.259 746.219 58
-348.422 748.469 58
-342.999 749.853 58
-338.144 752.003 58
-333.279 754.106 58
-327.851 755.328 58
-322.971 757.332 58
-318.081 759.288 58
-312.122 759.5 58
-306.707 760.5 58
-301.297 761.443 58
-296.91 764.053 58
-292 765.759 58
-285.606 764.806 58
-281.19 767.279 58
-276.275 768.835 58
-270.416 768.578 58
-265.044 769.144 58
-260.137 770.547 58
-254.779 771.008 58
-249.872 772.313 58
-244.961 773.571 58
-239.202 772.97 58
-234.302 774.128 58
-228.993 774.326 58
-224.496 776.305 58
-218.809 775.483 58
-213.537 775.525 58
-208.281 775.514 58
-203.408 776.382 58
-198.177 776.27 58
-192.964 776.106 58
-188.111 776.831 58
-183.26 777.51 58
-178.411 778.144 58
-173.248 777.785 58
-168.414 778.326 58
-163.283 777.868 58
-158.173 777.361 58
-153.084 776.804 58
-148.017 776.198 58
-143.24 776.506 58
-138.209 775.804 58
-133.452 776.023 58
-128.702 776.197 58
-123.726 775.356 58
-118.774 774.467 58
-114.28 775.484 58
-109.362 774.506 58
-104.269 772.501 58
-99.6023 772.409 58
-95.1269 773.259 58
-90.297 772.1 58
-85.6597 771.882 58
-81.033 771.623 58
-76.1218 769.343 58
-71.6741 769.988 58
-66.8294 767.62 58
-62.2752 767.191 58
-57.6204 765.728 58
-53.2049 766.212 58
-48.5938 764.666 58
-44.0136 763.078 58
-39.5433 762.446 58
-35.1572 762.772 58
-30.5853 760.066 58
-26.1679 759.315 58
-21.6788 756.527 58
-17.345 756.697 58
-13.0099 756.83 58
-8.6389 754.925 58
-4.30214 752.981 58
3.69185e-05 749 58
4.27604 749.981 58
8.53426 748.926 58
12.7744 747.833 58
16.9612 745.704 58
21.1554 744.538 58
25.3306 743.337 58
29.4254 741.101 58
33.5529 739.828 58
37.7389 739.517 58
41.7476 737.177 58
45.5268 732.813 58
49.6511 732.398 58
53.6584 730.953 58
57.6442 729.474 58
61.3473 725.979 58
65.2722 724.436 58
69.4705 724.837 58
73.3678 723.226 58
77.2423 721.582 58
80.3991 715.966 58
84.5573 716.23 58
88.5354 715.475 58
92.108 712.725 58
95.4315 708.97 58
99.1294 707.144 58
103.028 706.261 58
106.918 705.345 58
109.833 700.514 58
113.923 700.507 58
117.245 697.564 58
121.059 696.525 58
124.588 694.49 58
121.559 670.375 58
118.118 646.347 58
121.184 644.348 58
124.843 644.227 58
128.191 643.123 58
132.181 643.881 58
137.862 649.311 58
151.173 675.344 58
154.441 673.072 58
156.965 668.908 58
161.261 669.384 58
163.703 665.179 58
167.233 663.735 58
169.577 659.499 58
172.658 657.087 58
174.897 652.825 58
177.489 649.463 58
170.738 626.148 58
173.496 623.742 58
176.225 621.315 58
179.818 620.659 58
182.958 619.076 58
186.085 617.465 58
190.605 618.477 58
193.726 616.8 58
196.833 615.096 58
202.386 617.716 58
210.5 624.597 58
213.166 621.884 58
215.286 618.296 58
217.882 615.551 58
220.976 613.636 58
223.517 610.851 58
227.114 609.726 58
229.606 606.896 58
230.947 602.393 58
233.926 600.364 58
237.461 599.129 58
238.088 593.787 58
240.992 591.697 58
243.283 588.777 58
246.142 586.642 58
249.592 585.275 58
251.806 582.296 58
253.363 578.522 58
255.504 575.521 58
256.976 571.736 58
259.686 569.482 58
263.676 568.725 58
264.392 564.148 58
267.699 562.578 58
268.321 558.001 58
270.912 555.648 58
273.481 553.273 58
274.653 549.424 58
276.474 546.297 58
278.962 543.874 58
280.721 540.721 58
283.874 538.962 58
285.578 535.779 58
285.072 530.523 58
288.153 528.707 58
289.013 524.831 58
292.056 522.968 58
292.842 519.084 58
294.337 515.863 58
297.319 513.934 58
299.523 511.33 58
300.934 508.07 58
301.533 504.176 58
303.652 501.536 58
304.172 497.645 58
307.028 495.591 58
308.273 492.301 58
310.289 489.602 58
313.09 487.473 58
312.62 482.99 58
314.554 480.253 58
316.464 477.5 58
316.692 473.612 58
319.378 471.392 58
321.211 468.597 58
321.332 464.711 58
324.802 462.959 58
325.709 459.594 58
325.724 455.714 58
328.281 453.372 58
329.09 450 58
328.994 446.136 58
331.481 443.743 58
333.072 440.843 58
335.52 438.399 58
337.064 435.464 58
335.909 431.154 58
338.285 428.663 58
338.845 425.266 58
341.177 422.733 58
340.772 418.904 58
342.145 415.925 58
342.58 412.526 58
343.898 409.531 58
344.269 406.133 58
346.455 403.506 58
347.694 400.477 58
349.837 397.804 58
348.226 393.671 58
350.315 390.978 58
351.445 387.916 58
352.548 384.844 58
350.787 380.786 58
353.725 378.355 58
353.793 374.954 58
353.829 371.562 58
354.789 368.47 58
355.722 365.37 58
356.628 362.261 58
357.507 359.145 58
357.393 355.763 58
357.246 352.39 58
359.009 349.511 58
358.805 346.141 58
359.543 343.007 58
359.277 339.65 58
360.936 336.719 58
361.592 333.567 58
362.22 330.409 58
362.821 327.245 58
364.379 324.25 58
363.939 320.903 58
362.482 317.411 58
364.947 314.542 58
365.409 311.355 58
364.852 308.034 58
366.25 304.97 58
365.634 301.659 58
366.979 298.571 58
367.301 295.367 58
365.603 291.986 58
366.866 288.873 58
367.104 285.67 58
369.31 282.588 58
368.494 279.312 58
367.65 276.052 58
368.775 272.878 58
368.874 269.659 58
366.944 266.405 58
369.986 263.229 58
367 260 58
369.986 256.771 58
369.944 253.543 58
370.873 250.288 58
367.776 247.157 58
369.648 243.861 58
367.496 240.74 58
368.312 237.473 58
368.101 234.26 58
369.856 230.892 58
370.584 227.578 58
368.297 224.537 58
368.968 221.22 58
369.609 217.888 58
369.227 214.665 58
367.826 211.575 58
367.389 208.367 58
366.925 205.163 58
368.408 201.65 58
366.898 198.602 58
365.364 195.577 58
365.771 192.208 58
364.184 189.21 58
365.512 185.636 58
364.849 182.449 58
361.23 179.917 58
0 260 58
0 260 58
0 260 58
0 260 58
0 260 58
0 260 58
0 260 58
0 260 58
69.8102 238.657 58
71.5288 237.447 58
0 260 58
0 260 58
0 260 58
39.5909 245.98 58
37.5877 246.319 58
37.4669 245.992 58
36.4096 246.024 58
35.3559 246.073 58
35.233 245.765 58
34.1835 245.841 58
34.0587 245.543 58
33.9312 245.246 58
32.8876 245.357 58
32.7586 245.071 58
31.7208 245.208 58
33.3957 244.071 58
33.2554 243.78 58
32.2176 243.937 58
31.1852 244.11 58
31.0454 243.839 58
30.9032 243.568 58
29.001 244.254 58
29.7371 243.516 58
27.8514 244.242 58
28.5788 243.5 58
27.5721 243.759 58
27.4294 243.519 58
28.9898 242.235 58
28.8336 241.983 58
27.8319 242.269 58
27.6761 242.027 58
28.3521 241.234 58
27.3582 241.547 58
26.372 241.875 58
26.2129 241.646 58
26.0517 241.418 58
25.0795 241.779 58
24.1157 242.155 58
24.7577 241.344 58
34.9075 233.214 58
40.9766 227.986 58
34.4348 232.609 58
25.6458 239.232 58
25.4636 239.009 58
23.7474 240.074 58
0 260 58
0 260 58
0 260 58
0 260 58
0 260 58
0 260 58
0 260 58
0 260 58
0 260 58
0 260 58
0 260 58
