-0 260 150
-0 260 150
-0 260 150
-0 260 150
-0 260 150
-0 260 150
-0 260 150
-0 260 150
-16.6036 245.567 150
-22.8122 240.517 150
-26.0455 238.145 150
-26.2352 238.373 150
-33.4173 232.939 150
-40.6956 227.629 150
-40.1886 228.601 150
-26.974 239.302 150
-26.355 240.14 150
-27.3311 239.776 150
-26.6976 240.603 150
-26.0517 241.418 150
-25.3937 242.219 150
-25.5479 242.441 150
-25.7002 242.665 150
-26.6843 242.338 150
-26.8375 242.572 150
-27.8319 242.269 150
-26.2895 243.573 150
-27.2845 243.28 150
-28.2865 243.004 150
-26.7105 244.266 150
-27.7128 244 150
-26.981 244.735 150
-27.1132 244.971 150
-29.001 244.254 150
-30.0202 244.038 150
-30.1584 244.301 150
-30.2942 244.564 150
-30.4278 244.829 150
-30.559 245.095 150
-31.5905 244.932 150
-31.7208 245.208 150
-31.8486 245.486 150
-33.8012 244.951 150
-33.0142 245.645 150
-34.0587 245.543 150
-35.1074 245.458 150
-35.233 245.765 150
-35.3559 246.073 150
-35.4761 246.382 150
-37.4669 245.992 150
-39.4671 245.635 150
-0 260 150
-0 260 150
-0 260 150
-71.3292 236.824 150
-71.5288 237.447 150
-0 260 150
-0 260 150
-0 260 150
-0 260 150
-0 260 150
-0 260 150
-0 260 150
-0 260 150
-0 260 150
-0 260 150
-0 260 150
-0 260 150
-0 260 150
-0 260 150
-0 260 150
-0 260 150
-726.939 144.864 150
-726.927 151.36 150
-728.837 157.569 150
-727.721 164.194 150
-728.529 170.548 150
-729.282 176.909 150
-729.979 183.276 150
-729.625 189.745 150
-732.203 195.941 150
-731.737 202.411 150
-732.212 208.799 150
-731.633 215.252 150
-731.995 221.638 150
-733.301 227.983 150
-733.553 234.384 150
-732.749 240.812 150
-731.889 247.225 150
-732.972 253.604 150
-733 260 150
-732.972 266.397 150
-731.889 272.775 150
-731.749 279.162 150
-731.554 285.547 150
-731.303 291.93 150
-729 298.205 150
-729.637 304.627 150
-728.222 310.922 150
-727.75 317.275 150
-727.222 323.624 150
-726.639 329.968 150
-725.006 336.201 150
-724.314 342.525 150
-722.574 348.721 150
-721.772 355.023 150
-719.925 361.179 150
-719.015 367.458 150
-718.049 373.728 150
-715.057 379.66 150
-713.986 385.895 150
-712.86 392.121 150
-710.698 398.146 150
-708.486 404.143 150
-707.201 410.32 150
-705.862 416.486 150
-701.546 421.965 150
-701.079 428.314 150
-698.613 434.184 150
-697.066 440.274 150
-694.501 446.091 150
-691.887 451.877 150
-689.225 457.632 150
-687.474 463.639 150
-684.714 469.338 150
-680.954 474.704 150
-679.054 480.638 150
-676.155 486.238 150
-674.155 492.13 150
-671.161 497.671 150
-668.121 503.176 150
-664.101 508.297 150
-660.975 513.725 150
-657.805 519.116 150
-654.592 524.472 150
-651.335 529.792 150
-648.035 535.075 150
-643.776 539.922 150
-642.222 545.936 150
-638.793 551.115 150
-634.415 555.833 150
-631.81 561.358 150
-628.257 566.422 150
-623.769 571 150
-619.249 575.523 150
-616.472 580.915 150
-611.883 585.344 150
-609.02 590.671 150
-603.488 594.519 150
-599.675 599.28 150
-596.691 604.5 150
-592.801 609.186 150
-586.302 612.286 150
-583.206 617.389 150
-579.217 621.935 150
-575.193 626.438 150
-571.135 630.899 150
-567.042 635.317 150
-562.087 639.133 150
-557.933 643.457 150
-552.928 647.164 150
-547.086 650.232 150
-543.659 654.992 150
-540.192 659.721 150
-535.086 663.216 150
-530.753 667.261 150
-525.603 670.646 150
-520.434 673.972 150
-516.025 677.869 150
-510.815 681.084 150
-506.355 684.883 150
-501.107 687.986 150
-496.599 691.687 150
-491.315 694.679 150
-486.76 698.281 150
-480.705 700.485 150
-476.111 703.981 150
-470.768 706.742 150
-466.132 710.139 150
-461.473 713.488 150
-456.084 716.084 150
-451.386 719.333 150
-445.276 721.097 150
-441.235 724.965 150
-435.797 727.335 150
-431.027 730.383 150
-424.898 731.897 150
-419.438 734.089 150
-414.629 736.977 150
-409.152 739.056 150
-404.313 741.842 150
-398.821 743.809 150
-393.955 746.493 150
-387.827 747.565 150
-382.941 750.143 150
-377.432 751.879 150
-372.523 754.355 150
-367.006 755.98 150
-361.488 757.545 150
-355.39 758.239 150
-351.029 761.321 150
-345.508 762.717 150
-339.989 764.055 150
-334.474 765.335 150
-329.507 767.396 150
-323.992 768.565 150
-315.832 765.437 150
-296.257 743.447 150
-289.451 741.728 150
-284.221 742.512 150
-279 743.242 150
-287.575 768.288 150
-286.038 776.026 150
-280.092 775.866 150
-274.641 776.524 150
-270.123 778.901 150
-264.676 779.457 150
-258.795 779.062 150
-254.255 781.301 150
-248.405 780.792 150
-243.005 781.127 150
-237.619 781.408 150
-232.653 782.548 150
-226.888 781.807 150
-221.935 782.847 150
-216.981 783.84 150
-211.653 783.859 150
-206.34 783.825 150
-200.686 782.805 150
-195.766 783.6 150
-190.163 782.469 150
-185.263 783.166 150
-180.039 782.872 150
-174.835 782.526 150
-170.268 784.032 150
-164.787 782.637 150
-159.635 782.142 150
-154.788 782.557 150
-149.947 782.926 150
-144.576 781.324 150
-139.762 781.6 150
-134.704 780.863 150
-129.67 780.079 150
-124.893 780.218 150
-119.899 779.339 150
-114.929 778.413 150
-110.193 778.418 150
-105.067 776.42 150
-100.175 775.354 150
-95.6736 776.209 150
-90.818 775.054 150
-85.9898 773.855 150
-81.1894 772.61 150
-76.4174 771.321 150
-71.6741 769.988 150
-67.2209 770.594 150
-62.2752 767.191 150
-57.7336 766.722 150
-53.2049 766.212 150
-48.4979 763.67 150
-44.0136 763.078 150
-39.4649 761.449 150
-35.0875 761.775 150
-30.5853 760.066 150
-26.1156 758.316 150
-21.6788 756.527 150
-17.3101 755.698 150
-12.9314 753.831 150
-8.55164 749.925 150
-4.28469 750.981 150
3.69185e-05 749 150
4.25859 747.981 150
8.48191 745.926 150
12.6959 744.834 150
16.8565 742.706 150
21.0246 741.541 150
25.069 738.344 150
29.1812 737.108 150
33.2739 735.838 150
37.1896 732.539 150
41.2247 731.2 150
45.2392 729.827 150
49.1284 727.425 150
53.0923 725.985 150
56.913 723.519 150
60.5642 720.03 150
64.4372 718.494 150
68.5836 718.903 150
72.1163 715.324 150
76.087 714.678 150
79.7045 712.027 150
83.4639 710.331 150
86.6273 705.659 150
90.3137 703.906 150
93.7682 701.145 150
97.8307 701.286 150
101.453 699.441 150
104.817 696.594 150
108.381 694.692 150
111.419 690.826 150
115.175 689.837 150
118.654 687.852 150
121.832 684.878 150
125.535 683.798 150
128.644 680.774 150
131.709 677.728 150
135.04 675.612 150
137.71 671.572 150
140.971 669.41 150
144.205 667.221 150
147.069 664.068 150
150.239 661.832 150
153.74 660.506 150
156.863 658.219 150
160.332 656.835 150
163.406 654.497 150
166.061 651.215 150
168.272 646.999 150
171.643 645.516 150
173.756 641.274 150
177.5 640.649 150
179.954 637.281 150
183.239 635.696 150
185.618 632.293 150
187.498 627.986 150
191.626 628.109 150
192.953 622.891 150
196.112 621.194 150
198.287 617.719 150
201.401 615.975 150
203.5 612.472 150
207.076 611.545 150
209.621 608.867 150
211.089 604.467 150
213.557 601.763 150
215.994 599.043 150
219.49 597.984 150
221.327 594.388 150
223.118 590.786 150
225.996 588.826 150
229.431 587.661 150
231.12 584.018 150
232.175 579.562 150
234.955 577.523 150
238.319 576.26 150
238.026 570.201 150
241.955 569.688 150
244.648 567.565 150
246.694 564.641 150
247.434 560.162 150
249.402 557.225 150
251.986 555.038 150
253.239 551.318 150
255.109 548.348 150
256.946 545.368 150
260.778 544.589 150
262.569 541.571 150
262.951 537.093 150
265.36 534.788 150
267.046 531.748 150
270.115 530.115 150
270.322 525.645 150
271.91 522.581 150
273.466 519.51 150
274.989 516.431 150
277.954 514.697 150
279.422 511.593 150
280.109 507.82 150
282.261 505.366 150
283.631 502.244 150
285.735 499.76 150
287.816 497.257 150
289.098 494.107 150
290.348 490.953 150
291.564 487.795 150
295.127 486.459 150
295.495 482.672 150
296.623 479.49 150
298.527 476.893 150
298.78 473.118 150
301.448 471.076 150
303.278 468.437 150
303.428 464.665 150
305.202 462.009 150
306.953 459.338 150
308.681 456.652 150
309.538 453.421 150
310.361 450.189 150
312.009 447.474 150
314.495 445.251 150
316.099 442.5 150
315.939 438.75 150
317.487 435.986 150
318.132 432.731 150
318.744 429.479 150
320.211 426.691 150
321.653 423.891 150
323.966 421.524 150
321.768 416.937 150
323.126 414.123 150
326.271 412.143 150
325.766 408.46 150
326.136 405.205 150
328.308 402.752 150
329.541 399.882 150
331.673 397.383 150
332.859 394.484 150
332.159 390.841 150
332.355 387.579 150
333.455 384.674 150
335.47 382.101 150
335.58 378.835 150
336.605 375.902 150
335.707 372.326 150
338.576 370.01 150
337.616 366.45 150
339.488 363.792 150
340.381 360.825 150
339.325 357.3 150
340.162 354.335 150
340.972 351.363 150
342.724 348.635 150
343.485 345.64 150
343.247 342.406 150
344.927 339.633 150
344.632 336.403 150
344.308 333.185 150
344.933 330.178 150
345.533 327.165 150
347.089 324.329 150
347.637 321.298 150
347.173 318.097 150
347.666 315.065 150
347.145 311.881 150
349.565 309.128 150
347.997 305.815 150
350.369 303.02 150
349.737 299.848 150
352.061 297.003 150
350.379 293.738 150
350.661 290.679 150
351.912 287.696 150
351.143 284.554 150
349.347 281.367 150
351.518 278.422 150
352.664 275.398 150
352.785 272.32 150
351.879 269.214 150
352.946 266.161 150
353.987 263.089 150
353 260 150
352.987 256.92 150
352.946 253.839 150
352.879 250.76 150
353.784 247.646 150
353.663 244.559 150
352.516 241.525 150
350.345 238.572 150
352.14 235.376 150
350.915 232.382 150
350.661 229.321 150
351.375 226.166 150
353.055 222.892 150
351.724 219.926 150
351.361 216.858 150
351.963 213.663 150
351.545 210.594 150
350.112 207.675 150
351.617 204.309 150
349.145 201.573 150
351.576 198.008 150
351.022 194.942 150
347.496 192.454 150
348.853 189.025 150
349.199 185.776 150
345.609 183.38 150
0 260 150
0 260 150
0 260 150
0 260 150
0 260 150
0 260 150
0 260 150
0 260 150
71.7229 238.072 150
71.5288 237.447 150
0 260 150
0 260 150
0 260 150
40.5336 245.646 150
38.5274 245.977 150
37.4669 245.992 150
36.4096 246.024 150
36.2863 245.706 150
36.1602 245.39 150
34.1835 245.841 150
34.0587 245.543 150
33.0142 245.645 150
33.8012 244.951 150
33.6686 244.656 150
32.6271 244.786 150
33.3957 244.071 150
33.2554 243.78 150
33.1126 243.491 150
31.1852 244.11 150
31.0454 243.839 150
30.9032 243.568 150
29.8798 243.777 150
29.7371 243.516 150
29.5921 243.258 150
29.4449 243 150
27.5721 243.759 150
28.2865 243.004 150
28.1371 242.758 150
27.9856 242.513 150
27.8319 242.269 150
28.5148 241.482 150
27.5182 241.786 150
26.5292 242.106 150
26.372 241.875 150
26.2129 241.646 150
26.0517 241.418 150
25.0795 241.779 150
24.9196 241.56 150
24.7577 241.344 150
35.7009 232.606 150
40.1885 228.601 150
34.4348 232.609 150
26.423 238.603 150
26.2352 238.373 150
22.9813 240.716 150
0 260 150
0 260 150
0 260 150
0 260 150
0 260 150
0 260 150
0 260 150
0 260 150
0 260 150
0 260 150
0 260 150
