-0 260 88
-0 260 88
-0 260 88
-0 260 88
-0 260 88
-0 260 88
-0 260 88
-0 260 88
-15.8489 246.223 88
-22.8122 240.517 88
-27.5776 236.86 88
-27.0069 237.737 88
-34.1944 232.31 88
-40.6956 227.629 88
-41.7646 227.37 88
-27.7674 238.693 88
-25.5563 240.742 88
-24.9196 241.56 88
-26.6976 240.603 88
-26.0517 241.418 88
-25.3937 242.219 88
-26.372 241.875 88
-26.5292 242.106 88
-26.6843 242.338 88
-25.9988 243.116 88
-26.9885 242.806 88
-26.2895 243.573 88
-27.2845 243.28 88
-28.2865 243.004 88
-27.5721 243.759 88
-27.7128 244 88
-27.8514 244.242 88
-27.1132 244.971 88
-29.001 244.254 88
-30.0202 244.038 88
-30.1584 244.301 88
-30.2942 244.564 88
-30.4278 244.829 88
-30.559 245.095 88
-31.5905 244.932 88
-31.7208 245.208 88
-30.9387 245.9 88
-33.8012 244.951 88
-33.0142 245.645 88
-34.0587 245.543 88
-35.1074 245.458 88
-35.233 245.765 88
-35.3559 246.073 88
-35.4761 246.382 88
-36.5302 246.342 88
-40.4068 245.293 88
-0 260 88
-0 260 88
-0 260 88
-72.2803 236.515 88
-71.5288 237.447 88
-0 260 88
-72.8703 238.415 88
-0 260 88
-0 260 88
-0 260 88
-0 260 88
-0 260 88
-0 260 88
-0 260 88
-0 260 88
-0 260 88
-0 260 88
-0 260 88
-0 260 88
-0 260 88
-0 260 88
-693.357 150.183 88
-694.289 156.238 88
-695.168 162.301 88
-695.003 168.501 88
-695.775 174.57 88
-696.494 180.645 88
-695.171 186.935 88
-695.782 193.004 88
-697.336 198.991 88
-697.842 205.079 88
-697.297 211.24 88
-696.698 217.388 88
-696.045 223.522 88
-697.336 229.554 88
-697.575 235.64 88
-696.761 241.755 88
-695.894 247.853 88
-696.973 253.918 88
-696 260 88
-695.973 266.074 88
-694.894 272.13 88
-695.761 278.219 88
-694.577 284.255 88
-694.339 290.316 88
-692.05 296.269 88
-692.706 302.368 88
-691.312 308.341 88
-689.867 314.294 88
-689.367 320.312 88
-688.814 326.325 88
-687.215 332.229 88
-686.558 338.224 88
-685.849 344.212 88
-684.097 350.063 88
-681.304 355.751 88
-680.443 361.693 88
-679.53 367.627 88
-678.564 373.553 88
-675.578 379.123 88
-673.53 384.831 88
-673.396 390.895 88
-672.228 396.766 88
-667.097 401.796 88
-667.786 408.045 88
-666.469 413.867 88
-664.129 419.443 88
-661.742 424.991 88
-659.309 430.509 88
-656.83 435.997 88
-654.305 441.455 88
-651.735 446.882 88
-650.08 452.562 88
-646.462 457.643 88
-644.713 463.277 88
-642.914 468.896 88
-639.17 473.863 88
-637.279 479.433 88
-634.398 484.652 88
-632.413 490.18 88
-629.444 495.339 88
-626.432 500.465 88
-622.449 505.189 88
-620.286 510.612 88
-616.228 515.25 88
-613.977 520.618 88
-610.762 525.567 88
-607.508 530.48 88
-604.214 535.356 88
-600.882 540.196 88
-595.706 544.137 88
-594.103 549.763 88
-590.657 554.491 88
-587.173 559.18 88
-582.766 563.369 88
-579.214 567.973 88
-576.504 573.016 88
-572.876 577.55 88
-569.213 582.045 88
-563.782 585.5 88
-561.782 590.915 88
-558.873 595.805 88
-554.216 599.624 88
-551.231 604.448 88
-547.361 608.708 88
-542.62 612.382 88
-537.856 615.999 88
-533.9 620.12 88
-531.561 625.332 88
-526.715 628.81 88
-522.662 632.811 88
-518.58 636.77 88
-515.272 641.281 88
-510.328 644.56 88
-506.159 648.39 88
-499.599 650.329 88
-478.956 640.979 88
-457.739 630.67 88
-453.715 634.014 88
-461.925 647.601 88
-479.056 669.152 88
-476.222 673.973 88
-471.093 676.788 88
-466.695 680.214 88
-461.536 682.92 88
-457.096 686.249 88
-451.908 688.845 88
-447.429 692.078 88
-442.928 695.265 88
-439.113 699.113 88
-434.564 702.215 88
-429.993 705.271 88
-424.026 706.831 88
-419.429 709.783 88
-414.812 712.688 88
-410.846 716.291 88
-405.523 718.361 88
-400.196 720.373 88
-395.514 723.087 88
-391.458 726.521 88
-385.463 727.605 88
-380.739 730.173 88
-375.999 732.695 88
-371.244 735.171 88
-365.866 736.805 88
-361.089 739.181 88
-356.894 742.314 88
-352.671 745.41 88
-347.26 746.841 88
-341.278 747.396 88
-336.445 749.531 88
-331.042 750.79 88
-326.747 753.66 88
-321.337 754.816 88
-316.469 756.758 88
-311.592 758.652 88
-306.707 760.5 88
-301.812 762.3 88
-296.402 763.191 88
-290.5 763.161 88
-286.59 766.547 88
-281.19 767.279 88
-275.798 767.956 88
-270.885 769.461 88
-265.505 770.031 88
-261.498 773.22 88
-256.117 773.692 88
-250.31 773.211 88
-245.391 774.474 88
-240.47 775.689 88
-235.131 775.948 88
-230.213 777.067 88
-225.293 778.139 88
-220.372 779.165 88
-215.068 779.22 88
-210.154 780.15 88
-204.874 780.103 88
-199.969 780.938 88
-195.065 781.726 88
-190.163 782.469 88
-184.929 782.223 88
-180.039 782.872 88
-174.835 782.526 88
-169.959 783.081 88
-165.087 783.591 88
-159.927 783.099 88
-155.072 783.516 88
-149.947 782.926 88
-145.378 784.215 88
-140.28 783.532 88
-135.456 783.768 88
-130.396 782.989 88
-125.36 782.163 88
-120.574 782.262 88
-115.795 782.318 88
-111.025 782.331 88
-106.064 781.32 88
-101.51 782.226 88
-96.4025 780.142 88
-91.8598 780.963 88
-86.98 779.773 88
-82.2845 779.524 88
-77.5999 779.233 88
-72.7875 777.91 88
-68.1346 777.534 88
-63.4939 777.117 88
-58.8656 776.657 88
-54.1457 775.162 88
-49.6481 775.615 88
-45.0595 775.033 88
-40.4064 773.412 88
-35.8548 772.748 88
-31.2568 771.045 88
-26.7436 770.3 88
-22.2458 769.515 88
-17.7638 768.69 88
-13.2717 766.826 88
-8.81343 764.923 88
-4.40686 764.981 88
3.79754e-05 763 88
4.38949 762.981 88
8.74369 760.924 88
13.0885 759.829 88
17.4149 758.696 88
21.6789 756.527 88
25.854 753.323 88
30.158 753.079 88
34.5295 753.794 88
38.6804 751.48 88
42.7935 749.132 88
47.0603 748.74 88
51.219 747.316 88
55.3564 745.857 88
59.3504 743.37 88
63.5663 742.834 88
67.3598 739.29 88
71.5398 738.684 88
75.5579 737.053 88
79.553 735.39 88
83.5248 733.693 88
87.2908 730.979 88
91.2067 729.218 88
94.5004 724.484 88
98.966 725.598 88
102.592 722.764 88
106.402 720.877 88
110.42 719.931 88
114.187 717.98 88
117.929 715.998 88
121.386 713.019 88
124.8 710.015 88
128.723 708.909 88
131.783 704.892 88
135.953 704.682 88
139.828 703.478 88
143.075 700.339 88
146.595 698.126 88
149.761 694.939 88
143.537 665.336 88
141.254 648.093 88
144.986 647.782 88
148.723 647.436 88
152.831 647.984 88
156.586 647.563 88
165.319 659.116 88
177.001 676.989 88
179.836 673.594 88
183.845 672.923 88
187.027 670.393 88
189.333 666.026 88
191.147 660.748 88
194.198 658.166 88
198.112 657.351 88
201.118 654.716 88
202.246 648.511 88
194.831 626.423 88
198.021 624.709 88
201.681 623.842 88
205.341 622.938 88
209 621.999 88
212.659 621.023 88
214.771 617.439 88
218.404 616.404 88
223.096 617.028 88
233.188 626.032 88
236.918 624.822 88
238.989 621.073 88
242.69 619.802 88
245.254 616.847 88
246.638 612.235 88
250.864 611.698 88
253.335 608.686 88
253.989 603.247 88
258.78 603.413 88
260.55 599.555 88
263.503 597.269 88
265.814 594.174 88
268.72 591.841 88
270.969 588.712 88
273.185 585.569 88
275.366 582.412 88
276.857 578.487 88
278.963 575.31 88
281.704 572.864 88
284.423 570.394 88
287.803 568.631 88
289.797 565.383 88
291.757 562.123 88
292.98 558.139 88
296.278 556.278 88
296.712 551.578 88
297.807 547.589 88
301.03 545.667 88
303.512 543.029 88
305.233 539.694 88
307.662 537.02 88
309.319 533.662 88
310.94 530.296 88
313.287 527.573 88
314.078 523.543 88
317.909 522.064 88
320.184 519.28 88
320.869 515.231 88
323.872 513.037 88
325.275 509.592 88
325.045 504.939 88
327.974 502.688 88
330.888 500.404 88
332.973 497.507 88
335.033 494.593 88
334.595 489.961 88
336.589 487.032 88
340.225 485.19 88
340.5 481.123 88
340.73 477.069 88
342.611 474.087 88
344.467 471.089 88
345.438 467.56 88
349.821 466.061 88
349.874 462 88
351.624 458.939 88
354.221 456.348 88
355.042 452.772 88
354.945 448.728 88
355.691 445.161 88
357.294 442.05 88
358.869 438.925 88
362.214 436.664 88
362.839 433.065 88
364.336 429.893 88
365.804 426.707 88
367.245 423.508 88
365.907 419.101 88
367.281 415.902 88
368.628 412.691 88
370.874 409.843 88
371.237 406.234 88
373.432 403.347 88
372.796 399.383 88
373.998 396.124 88
375.171 392.855 88
376.316 389.576 88
376.484 385.97 88
378.52 382.989 88
380.533 379.982 88
379.653 376.072 88
379.693 372.47 88
380.66 369.152 88
382.561 366.094 88
381.541 362.234 88
382.418 358.9 88
385.207 356.043 88
386.031 352.678 88
386.825 349.306 88
387.59 345.927 88
387.346 342.333 88
388.05 338.95 88
388.724 335.56 88
390.352 332.348 88
389.984 328.765 88
390.569 325.359 88
392.112 322.104 88
392.639 318.68 88
392.146 315.113 88
392.612 311.688 88
392.056 308.138 88
393.454 304.828 88
392.836 301.289 88
395.172 298.051 88
394.493 294.514 88
394.779 291.07 88
395.035 287.624 88
395.261 284.175 88
396.456 280.777 88
396.622 277.317 88
395.759 273.82 88
396.864 270.392 88
396.94 266.929 88
397.985 263.473 88
397 260 88
396.985 256.536 88
396.94 253.071 88
397.864 249.582 88
396.758 246.145 88
397.621 242.639 88
398.453 239.118 88
399.254 235.581 88
398.028 232.167 88
396.773 228.773 88
397.482 225.225 88
397.163 221.758 88
394.825 218.502 88
395.442 214.945 88
395.033 211.496 88
398.561 207.528 88
397.097 204.192 88
395.606 200.876 88
395.075 197.426 88
394.514 193.981 88
394.908 190.367 88
392.319 187.288 88
392.651 183.676 88
390.99 180.452 88
391.259 176.835 88
390.518 173.424 88
0 260 88
0 260 88
0 260 88
0 260 88
0 260 88
0 260 88
0 260 88
0 260 88
70.7666 238.364 88
71.5288 237.447 88
0 260 88
0 260 88
42.5483 245.349 88
39.5909 245.98 88
37.5877 246.319 88
37.4669 245.992 88
36.4096 246.024 88
34.4255 246.439 88
35.233 245.765 88
35.1074 245.458 88
34.0587 245.543 88
33.0142 245.645 88
31.9741 245.764 88
31.8486 245.486 88
32.6271 244.786 88
33.3957 244.071 88
33.2554 243.78 88
33.1126 243.491 88
32.0762 243.656 88
31.9324 243.377 88
30.0202 244.038 88
29.8798 243.777 88
27.9878 244.486 88
28.7217 243.75 88
28.5788 243.5 88
28.4338 243.251 88
28.2865 243.004 88
28.9898 242.235 88
27.9856 242.513 88
27.8319 242.269 88
28.5148 241.482 88
27.5182 241.786 88
26.5292 242.106 88
27.1962 241.309 88
25.3937 242.219 88
26.8658 240.837 88
25.0795 241.779 88
23.3118 242.75 88
23.9591 241.946 88
34.1142 233.823 88
40.1885 228.601 88
32.0869 234.477 88
27.2001 237.974 88
26.2352 238.373 88
23.7474 240.074 88
0 260 88
0 260 88
0 260 88
0 260 88
0 260 88
0 260 88
0 260 88
0 260 88
0 260 88
0 260 88
0 260 88
