-0 260 146
-0 260 146
-0 260 146
-0 260 146
-0 260 146
-0 260 146
-0 260 146
-0 260 146
-15.8489 246.223 146
-22.0518 241.166 146
-26.0455 238.145 146
-27.0069 237.737 146
-33.4173 232.939 146
-43.8261 225.139 146
-40.9766 227.986 146
-27.7674 238.693 146
-25.5563 240.742 146
-26.5273 240.371 146
-25.8885 241.191 146
-26.8658 240.837 146
-26.2129 241.646 146
-25.5479 242.441 146
-26.5292 242.106 146
-28.3521 241.234 146
-26.8375 242.572 146
-26.9885 242.806 146
-27.1375 243.043 146
-28.1371 242.758 146
-28.2865 243.004 146
-26.7105 244.266 146
-27.7128 244 146
-27.8514 244.242 146
-27.1132 244.971 146
-29.001 244.254 146
-30.0202 244.038 146
-29.2714 244.762 146
-29.4032 245.018 146
-31.3227 244.383 146
-31.4578 244.657 146
-31.5905 244.932 146
-31.7208 245.208 146
-31.8486 245.486 146
-32.8876 245.357 146
-33.0142 245.645 146
-34.0587 245.543 146
-34.1835 245.841 146
-35.233 245.765 146
-34.4255 246.439 146
-35.4761 246.382 146
-38.4036 245.642 146
-38.5274 245.977 146
-0 260 146
-0 260 146
-0 260 146
-72.2803 236.515 146
-70.5751 237.748 146
-0 260 146
-0 260 146
-0 260 146
-0 260 146
-0 260 146
-0 260 146
-0 260 146
-0 260 146
-0 260 146
-0 260 146
-0 260 146
-0 260 146
-0 260 146
-0 260 146
-0 260 146
-0 260 146
-727.926 144.708 146
-728.905 151.065 146
-728.837 157.569 146
-729.703 163.933 146
-729.521 170.426 146
-730.275 176.796 146
-730.974 183.172 146
-730.621 189.649 146
-731.207 196.028 146
-731.737 202.411 146
-734.207 208.659 146
-732.631 215.19 146
-733.993 221.533 146
-734.3 227.94 146
-732.553 234.419 146
-732.749 240.812 146
-733.888 247.19 146
-733.972 253.595 146
-732 260 146
-732.972 266.397 146
-732.888 272.793 146
-731.749 279.162 146
-731.554 285.547 146
-730.304 291.886 146
-730.997 298.31 146
-730.635 304.688 146
-730.217 311.062 146
-727.75 317.275 146
-727.222 323.624 146
-726.639 329.968 146
-726.001 336.306 146
-724.314 342.525 146
-723.566 348.843 146
-722.763 355.154 146
-719.925 361.179 146
-720.004 367.605 146
-718.049 373.728 146
-716.043 379.825 146
-714.97 386.069 146
-713.843 392.303 146
-711.68 398.337 146
-709.465 404.342 146
-708.179 410.528 146
-704.886 416.27 146
-704.47 422.64 146
-702.051 428.548 146
-699.583 434.426 146
-698.034 440.524 146
-695.467 446.35 146
-693.814 452.412 146
-690.186 457.908 146
-688.433 463.923 146
-684.714 469.338 146
-682.861 475.305 146
-680.005 480.947 146
-677.103 486.556 146
-674.155 492.13 146
-671.161 497.671 146
-668.121 503.176 146
-664.101 508.297 146
-661.908 514.083 146
-659.666 519.849 146
-655.519 524.847 146
-652.259 530.175 146
-648.956 535.466 146
-645.61 540.719 146
-643.136 546.343 146
-639.703 551.529 146
-635.322 556.255 146
-632.712 561.788 146
-627.358 565.983 146
-624.664 571.446 146
-621.923 576.885 146
-616.472 580.915 146
-613.649 586.283 146
-609.899 591.148 146
-606.111 595.973 146
-601.416 600.265 146
-597.557 605 146
-591.078 608.171 146
-589.731 614.346 146
-584.911 618.434 146
-580.913 622.995 146
-576.036 626.976 146
-572.812 631.989 146
-567.042 635.317 146
-562.916 639.692 146
-558.758 644.023 146
-552.928 647.164 146
-550.342 652.555 146
-545.277 656.167 146
-540.192 659.721 146
-535.884 663.818 146
-531.547 667.87 146
-525.603 670.646 146
-520.434 673.972 146
-516.802 678.498 146
-510.815 681.084 146
-506.355 684.883 146
-501.868 688.636 146
-497.354 692.343 146
-491.315 694.679 146
-486.76 698.281 146
-480.705 700.485 146
-476.843 704.663 146
-472.944 708.807 146
-466.851 710.833 146
-462.186 714.189 146
-456.791 716.791 146
-451.386 719.333 146
-445.276 721.097 146
-441.235 724.965 146
-436.479 728.066 146
-429.675 728.908 146
-425.567 732.64 146
-420.101 734.838 146
-415.285 737.731 146
-409.152 739.056 146
-403.671 741.076 146
-399.457 744.58 146
-393.955 746.493 146
-387.827 747.565 146
-382.326 749.355 146
-377.432 751.879 146
-371.32 752.758 146
-366.411 755.176 146
-361.488 757.545 146
-355.39 758.239 146
-350.455 760.502 146
-345.508 762.717 146
-339.989 764.055 146
-334.474 765.335 146
-328.962 766.557 146
-322.917 766.878 146
-312.652 760.348 146
-295.734 742.594 146
-289.451 741.728 146
-283.206 740.789 146
-280 744.974 146
-286.59 766.547 146
-285.553 775.151 146
-280.569 776.744 146
-275.58 778.29 146
-269.661 778.014 146
-264.676 779.457 146
-259.687 780.852 146
-254.694 782.199 146
-248.405 780.792 146
-243.005 781.127 146
-237.619 781.408 146
-233.467 784.375 146
-226.888 781.807 146
-221.935 782.847 146
-216.599 782.916 146
-212.027 784.786 146
-206.34 783.825 146
-201.044 783.739 146
-196.466 785.473 146
-190.505 783.409 146
-185.263 783.166 146
-180.039 782.872 146
-175.152 783.475 146
-169.959 783.081 146
-164.787 782.637 146
-159.635 782.142 146
-154.788 782.557 146
-149.947 782.926 146
-144.843 782.288 146
-139.762 781.6 146
-134.454 779.895 146
-129.67 780.079 146
-124.893 780.218 146
-119.674 778.365 146
-114.713 777.437 146
-109.985 777.44 146
-105.266 777.4 146
-100.175 775.354 146
-95.4914 775.226 146
-90.6443 774.07 146
-85.8247 772.869 146
-81.033 771.623 146
-76.4174 771.321 146
-71.8133 770.978 146
-66.9599 768.611 146
-62.2752 767.191 146
-57.8468 767.715 146
-53.1004 765.217 146
-48.6896 765.661 146
-43.9265 762.082 146
-39.5433 762.446 146
-35.0177 760.777 146
-30.5242 759.067 146
-26.1156 758.316 146
-21.6788 756.527 146
-17.2403 753.699 146
-12.9314 753.831 146
-8.604 752.925 146
-4.27597 749.981 146
3.6843e-05 748 146
4.24113 745.981 146
8.48191 745.926 146
12.6697 743.834 146
16.8216 741.706 146
20.8501 737.545 146
25.1213 739.342 146
29.1812 737.108 146
33.2739 735.838 146
37.1896 732.539 146
41.2247 731.2 146
45.2392 729.827 146
49.0239 726.431 146
52.9791 724.992 146
57.0349 724.512 146
60.5642 720.03 146
64.1588 716.514 146
68.288 716.925 146
72.2728 716.312 146
75.9219 713.691 146
79.7045 712.027 146
83.2817 709.347 146
86.8181 706.64 146
90.3137 703.906 146
93.7682 701.145 146
97.6143 700.309 146
101.003 697.492 146
104.584 695.622 146
108.381 694.692 146
111.67 691.794 146
114.398 686.939 146
118.387 686.888 146
121.832 684.878 146
124.115 679.004 146
128.351 679.818 146
131.709 677.728 146
134.113 672.759 146
138.028 672.521 146
141.297 670.355 146
144.205 667.221 146
147.069 664.068 146
150.239 661.832 146
152.665 657.705 146
156.496 657.288 146
158.833 653.126 146
162.258 651.725 146
164.498 647.533 146
168.272 646.999 146
171.643 645.516 146
174.171 642.184 146
176.232 637.93 146
180.384 638.183 146
182.801 634.797 146
186.065 633.188 146
188.406 629.768 146
190.702 626.335 146
192.953 622.891 146
195.635 620.315 146
198.287 617.719 146
199.924 613.364 146
203.5 612.472 146
205.553 608.96 146
209.621 608.867 146
211.612 605.319 146
213.028 600.915 146
215.994 599.043 146
218.4 596.307 146
221.879 595.222 146
222.559 589.957 146
224.863 587.178 146
228.857 586.842 146
229.958 582.39 146
231.587 578.753 146
235.55 578.327 146
236.513 573.864 146
238.634 570.994 146
240.108 567.324 146
243.403 566 146
246.064 563.864 146
248.071 560.934 146
248.759 556.459 146
251.336 554.277 146
253.239 551.318 146
255.109 548.348 146
256.277 544.624 146
258.075 541.64 146
259.159 537.914 146
262.263 536.368 146
263.97 533.349 146
266.346 531.035 146
267.993 527.993 146
269.609 524.944 146
271.91 522.581 146
270.565 516.756 146
274.989 516.431 146
276.479 513.346 146
277.936 510.255 146
278.612 506.495 146
281.507 504.71 146
282.111 500.945 146
283.436 497.831 146
285.501 495.349 146
287.544 492.849 146
289.565 490.33 146
289.988 486.563 146
292.747 484.633 146
293.099 480.866 146
294.212 477.705 146
296.1 475.129 146
297.966 472.537 146
298.171 468.782 146
300.806 466.738 146
302.599 464.105 146
303.534 460.905 146
304.437 457.704 146
306.994 455.577 146
308.69 452.891 146
307.803 448.622 146
309.437 445.929 146
312.771 444.236 146
312.635 440.5 146
314.198 437.765 146
314.863 434.531 146
315.495 431.3 146
316.978 428.54 146
318.437 425.768 146
317.198 421.621 146
319.492 419.293 146
320.869 416.498 146
322.223 413.692 146
323.552 410.875 146
323.946 407.631 146
325.222 404.798 146
325.556 401.556 146
324.938 397.928 146
326.129 395.087 146
328.223 392.611 146
329.368 389.741 146
329.554 386.504 146
331.582 383.973 146
332.651 381.075 146
332.752 377.834 146
333.768 374.926 146
334.758 372.009 146
333.821 368.465 146
335.708 365.848 146
336.619 362.915 146
335.587 359.405 146
336.442 356.473 146
337.271 353.533 146
337.108 350.328 146
337.884 347.383 146
338.633 344.431 146
340.329 341.706 146
340.055 338.508 146
339.751 335.321 146
340.395 332.353 146
341.014 329.38 146
341.606 326.402 146
343.156 323.6 146
342.713 320.43 146
344.214 317.602 146
344.703 314.596 146
344.178 311.438 146
345.604 308.571 146
345.023 305.423 146
345.406 302.411 146
345.763 299.395 146
347.088 296.48 146
346.398 293.354 146
346.676 290.33 146
346.927 287.304 146
346.155 284.205 146
346.353 281.184 146
347.523 278.213 146
347.669 275.18 146
347.788 272.145 146
348.88 269.136 146
348.947 266.091 146
345.987 263.019 146
348 260 146
347.987 256.963 146
347.947 253.927 146
349.88 250.838 146
347.788 247.855 146
349.667 244.733 146
349.52 241.682 146
348.349 238.694 146
348.15 235.655 146
348.921 232.539 146
348.668 229.495 146
346.398 226.646 146
347.088 223.52 146
348.744 220.266 146
348.384 217.224 146
347.997 214.185 146
347.584 211.15 146
346.156 208.267 146
346.679 205.092 146
346.186 202.068 146
343.698 199.397 146
345.122 196.035 146
343.57 193.217 146
343.954 190.022 146
342.352 187.231 146
340.727 184.463 146
0 260 146
0 260 146
0 260 146
0 260 146
0 260 146
0 260 146
0 260 146
0 260 146
71.7229 238.072 146
71.5288 237.447 146
0 260 146
0 260 146
0 260 146
38.6483 246.314 146
38.5274 245.977 146
37.4669 245.992 146
36.4096 246.024 146
35.3559 246.073 146
35.233 245.765 146
34.1835 245.841 146
34.0587 245.543 146
33.0142 245.645 146
33.8012 244.951 146
31.8486 245.486 146
32.6271 244.786 146
34.2982 243.641 146
32.3566 244.219 146
32.2176 243.937 146
32.0762 243.656 146
31.0454 243.839 146
30.0202 244.038 146
29.8798 243.777 146
29.7371 243.516 146
29.5921 243.258 146
29.4449 243 146
28.4338 243.251 146
29.1437 242.489 146
29.8424 241.713 146
28.8336 241.983 146
27.8319 242.269 146
28.5148 241.482 146
27.5182 241.786 146
26.5292 242.106 146
26.372 241.875 146
26.2129 241.646 146
26.0517 241.418 146
25.0795 241.779 146
24.9196 241.56 146
23.9591 241.946 146
34.9075 233.214 146
40.1885 228.601 146
32.8695 233.854 146
26.423 238.603 146
26.2352 238.373 146
23.7474 240.074 146
0 260 146
0 260 146
0 260 146
0 260 146
0 260 146
0 260 146
0 260 146
0 260 146
0 260 146
0 260 146
0 260 146
