-0 260 223
-0 260 223
-0 260 223
-0 260 223
-0 260 223
-0 260 223
-0 260 223
-0 260 223
-16.6036 245.567 223
-22.0518 241.166 223
-26.0455 238.145 223
-26.2352 238.373 223
-32.6401 233.569 223
-43.0435 225.762 223
-40.9766 227.986 223
-27.7674 238.693 223
-26.355 240.14 223
-26.5273 240.371 223
-25.8885 241.191 223
-26.8658 240.837 223
-27.032 241.072 223
-25.5479 242.441 223
-25.7002 242.665 223
-26.6843 242.338 223
-27.6761 242.027 223
-26.9885 242.806 223
-26.2895 243.573 223
-28.1371 242.758 223
-28.2865 243.004 223
-28.4338 243.251 223
-27.7128 244 223
-27.8514 244.242 223
-27.1132 244.971 223
-29.001 244.254 223
-30.0202 244.038 223
-31.0454 243.839 223
-30.2942 244.564 223
-30.4278 244.829 223
-30.559 245.095 223
-31.5905 244.932 223
-31.7208 245.208 223
-31.8486 245.486 223
-33.8012 244.951 223
-33.9312 245.246 223
-33.1382 245.934 223
-34.1835 245.841 223
-34.3058 246.14 223
-35.3559 246.073 223
-36.4096 246.024 223
-37.4669 245.992 223
-38.5274 245.977 223
-0 260 223
-0 260 223
-0 260 223
-72.2803 236.515 223
-71.5288 237.447 223
-0 260 223
-71.9115 238.699 223
-0 260 223
-0 260 223
-0 260 223
-0 260 223
-0 260 223
-0 260 223
-0 260 223
-0 260 223
-0 260 223
-0 260 223
-0 260 223
-0 260 223
-0 260 223
-0 260 223
-717.062 146.429 223
-719.015 152.543 223
-719.925 158.821 223
-720.78 165.108 223
-720.589 171.523 223
-721.333 177.815 223
-721.028 184.217 223
-722.658 190.416 223
-722.241 196.812 223
-721.768 203.196 223
-724.232 209.357 223
-722.65 215.801 223
-723.008 222.109 223
-722.312 228.463 223
-724.558 234.698 223
-722.752 241.074 223
-722.89 247.382 223
-722.972 253.691 223
-722 260 223
-720.973 266.292 223
-722.89 272.618 223
-720.753 278.874 223
-719.561 285.128 223
-720.314 291.45 223
-719.013 297.682 223
-718.657 303.955 223
-718.246 310.225 223
-717.78 316.491 223
-716.264 322.665 223
-714.694 328.817 223
-714.067 335.052 223
-712.391 341.167 223
-711.656 347.38 223
-710.866 353.587 223
-709.032 359.648 223
-708.135 365.832 223
-706.197 371.851 223
-704.208 377.844 223
-704.138 384.159 223
-701.061 389.934 223
-698.919 395.856 223
-697.706 401.95 223
-695.463 407.825 223
-693.17 413.672 223
-691.803 419.715 223
-688.438 425.279 223
-686.969 431.281 223
-685.449 437.269 223
-682.91 442.985 223
-680.323 448.67 223
-677.689 454.324 223
-675.009 459.947 223
-672.282 465.537 223
-669.509 471.096 223
-667.642 476.93 223
-663.827 482.113 223
-661.863 487.898 223
-658.906 493.331 223
-655.905 498.73 223
-652.86 504.095 223
-649.772 509.424 223
-645.71 514.352 223
-643.466 519.977 223
-640.248 525.2 223
-636.069 529.995 223
-632.771 535.137 223
-629.433 540.242 223
-626.963 545.724 223
-622.633 550.339 223
-620.076 555.761 223
-616.573 560.723 223
-613.03 565.646 223
-609.448 570.53 223
-604.941 574.913 223
-601.287 579.71 223
-597.596 584.468 223
-592.118 588.216 223
-590.101 593.863 223
-586.299 598.5 223
-582.461 603.096 223
-577.731 607.136 223
-573.827 611.642 223
-569.888 616.106 223
-565.916 620.528 223
-561.909 624.908 223
-557.87 629.246 223
-552.968 632.982 223
-548.868 637.227 223
-543.917 640.855 223
-540.573 645.587 223
-536.378 649.702 223
-531.349 653.178 223
-527.099 657.198 223
-522.026 660.565 223
-517.723 664.49 223
-511.826 667.125 223
-508.253 671.576 223
-503.871 675.359 223
-498.695 678.455 223
-494.264 682.141 223
-488.297 684.47 223
-483.825 688.053 223
-478.585 690.92 223
-474.807 695.08 223
-469.529 697.843 223
-464.965 701.235 223
-459.658 703.887 223
-455.054 707.18 223
-450.427 710.427 223
-445.778 713.627 223
-440.413 716.061 223
-435.04 718.437 223
-428.977 720.022 223
-424.271 723.01 223
-418.876 725.209 223
-414.8 728.846 223
-409.381 730.939 223
-404.606 733.733 223
-399.814 736.48 223
-393.732 737.636 223
-388.92 740.276 223
-382.846 741.304 223
-378.016 743.839 223
-372.562 745.532 223
-367.709 747.966 223
-355.704 740.706 223
-342.679 731.657 223
-339.711 736.258 223
-334.969 738.385 223
-329.082 738.817 223
-323.773 740.013 223
-317.364 739.484 223
-314.801 744.752 223
-320.231 762.661 223
-315.302 764.589 223
-310.364 766.468 223
-300.267 759.729 223
-282.191 739.066 223
-276 738.046 223
-271.325 739.566 223
-267.13 741.915 223
-276.275 768.835 223
-272.763 772.993 223
-267.814 774.466 223
-262.86 775.893 223
-257.456 776.377 223
-252.063 776.807 223
-246.683 777.181 223
-241.315 777.502 223
-236.375 778.678 223
-231.026 778.894 223
-225.293 778.139 223
-220.372 779.165 223
-215.833 781.068 223
-210.529 781.077 223
-204.874 780.103 223
-199.969 780.938 223
-194.715 780.79 223
-189.479 780.59 223
-184.261 780.338 223
-180.039 782.872 223
-174.518 781.578 223
-169.65 782.13 223
-164.486 781.683 223
-159.343 781.186 223
-154.22 780.639 223
-149.395 781.004 223
-144.309 780.36 223
-139.503 780.634 223
-134.204 778.927 223
-129.67 780.079 223
-124.426 778.273 223
-119.674 778.365 223
-114.929 778.413 223
-109.985 777.44 223
-105.266 777.4 223
-100.175 775.354 223
-95.4914 775.226 223
-90.818 775.054 223
-86.1548 774.841 223
-81.3459 773.598 223
-76.5652 772.31 223
-71.9525 771.969 223
-67.2209 770.594 223
-62.6408 770.169 223
-57.96 768.709 223
-53.414 768.201 223
-48.7854 766.657 223
-44.1879 765.071 223
-39.7787 765.437 223
-35.227 763.77 223
-30.7074 762.062 223
-26.2726 761.312 223
-21.8097 759.524 223
-17.3799 757.697 223
-12.9837 755.83 223
-8.65636 755.924 223
-4.29342 751.981 223
3.7145e-05 752 223
4.29349 751.981 223
8.55172 749.925 223
12.7744 747.833 223
16.9263 744.705 223
21.1554 744.538 223
25.3306 743.337 223
29.4865 742.099 223
33.4134 737.833 223
37.7389 739.517 223
41.6605 736.181 223
45.7185 734.804 223
49.7556 733.392 223
53.6584 730.953 223
57.7661 730.467 223
61.6084 727.962 223
65.4114 725.426 223
69.1748 722.859 223
73.0549 721.25 223
76.9122 719.609 223
80.7464 717.936 223
84.5573 716.23 223
87.963 712.53 223
91.9086 711.745 223
95.4315 708.97 223
99.1294 707.144 223
102.128 702.364 223
106.218 702.428 223
109.833 700.514 223
113.172 697.603 223
116.986 696.598 223
120.525 694.597 223
123.761 691.606 223
127.239 689.551 223
130.105 685.556 223
133.513 683.45 223
137.513 683.22 223
140.566 680.107 223
143.901 677.919 223
147.209 675.705 223
150.489 673.465 223
153.041 669.326 223
155.89 666.107 223
159.428 664.732 223
162.954 663.325 223
166.085 660.964 223
168.796 657.658 223
172.26 656.17 223
174.897 652.825 223
177.903 650.373 223
181.303 648.806 223
183.828 645.404 223
185.869 641.089 223
189.634 640.347 223
192.492 637.787 223
195.32 635.206 223
199.056 634.37 223
200.407 629.103 223
203.62 627.34 223
206.325 624.679 223
208.5 621.133 223
210.628 617.576 223
214.256 616.582 223
215.792 612.14 223
219.387 611.092 223
221.905 608.321 223
224.936 606.371 223
227.398 603.561 223
229.269 599.905 223
231.094 596.243 223
233.446 593.395 223
236.346 591.345 223
239.816 590.079 223
240.903 585.562 223
243.133 582.649 223
245.331 579.721 223
247.496 576.78 223
250.251 574.608 223
252.357 571.636 223
253.159 567.107 223
257.115 566.418 223
259.779 564.162 223
261.768 561.129 223
262.398 556.586 223
266.314 555.772 223
266.858 551.225 223
269.389 548.885 223
272.588 547.248 223
273.001 542.701 223
274.756 539.594 223
277.893 537.893 223
278.881 534.056 223
281.262 531.611 223
282.171 527.77 223
284.497 525.297 223
286.064 522.129 223
287.597 518.954 223
289.846 516.434 223
292.073 513.895 223
294.277 511.336 223
296.459 508.759 223
297.075 504.89 223
298.424 501.659 223
300.522 499.046 223
302.596 496.414 223
303.854 493.156 223
305.877 490.495 223
307.877 487.817 223
309.044 484.534 223
309.364 480.667 223
312.097 478.533 223
313.992 475.801 223
314.205 471.934 223
316.877 469.736 223
317.017 465.874 223
318.802 463.099 223
320.562 460.309 223
323.151 458.027 223
323.152 454.169 223
324.834 451.342 223
327.358 449 223
327.254 445.151 223
329.732 442.773 223
329.556 438.935 223
332.871 436.991 223
333.516 433.617 223
334.127 430.246 223
334.705 426.878 223
336.149 423.951 223
337.567 421.011 223
337.147 417.214 223
339.416 414.681 223
339.839 411.306 223
342.063 408.733 223
341.507 404.961 223
343.683 402.358 223
344.912 399.354 223
346.115 396.338 223
346.358 392.955 223
348.442 390.277 223
348.626 386.889 223
349.72 383.842 223
351.733 381.111 223
352.776 378.037 223
351.891 374.336 223
352.875 371.261 223
353.833 368.178 223
355.722 365.37 223
354.706 361.71 223
357.507 359.145 223
356.427 355.504 223
358.215 352.641 223
358.039 349.269 223
359.777 346.375 223
360.517 343.232 223
361.23 340.083 223
361.915 336.927 223
361.592 333.567 223
363.202 330.599 223
363.804 327.427 223
363.394 324.076 223
362.953 320.738 223
363.469 317.568 223
365.936 314.689 223
363.428 311.077 223
363.86 307.903 223
366.25 304.97 223
366.628 301.772 223
365.984 298.466 223
367.301 295.367 223
367.596 292.16 223
367.862 288.951 223
366.106 285.601 223
368.312 282.527 223
368.494 279.312 223
369.648 276.139 223
370.774 272.948 223
369.873 269.685 223
369.944 266.457 223
369.986 263.229 223
368 260 223
370.986 256.762 223
369.944 253.543 223
368.874 250.341 223
370.774 247.052 223
371.646 243.774 223
370.492 240.583 223
370.308 237.351 223
370.096 234.12 223
368.859 230.97 223
370.584 227.578 223
372.278 224.154 223
369.962 221.115 223
370.602 217.775 223
369.227 214.665 223
369.809 211.314 223
371.351 207.81 223
369.892 204.719 223
368.408 201.65 223
367.885 198.437 223
368.318 195.056 223
368.721 191.662 223
367.129 188.637 223
366.492 185.436 223
366.805 182.033 223
364.158 179.268 223
0 260 223
0 260 223
0 260 223
0 260 223
0 260 223
0 260 223
0 260 223
0 260 223
72.6792 237.78 223
70.5751 237.748 223
71.3292 236.824 223
0 260 223
0 260 223
38.6483 246.314 223
36.648 246.661 223
37.4669 245.992 223
37.3432 245.665 223
36.2863 245.706 223
37.0874 245.016 223
35.1074 245.458 223
34.0587 245.543 223
33.9312 245.246 223
32.8876 245.357 223
32.7586 245.071 223
32.6271 244.786 223
34.2982 243.641 223
33.2554 243.78 223
33.1126 243.491 223
32.9672 243.202 223
31.0454 243.839 223
30.9032 243.568 223
29.001 244.254 223
29.7371 243.516 223
28.7217 243.75 223
28.5788 243.5 223
28.4338 243.251 223
29.1437 242.489 223
29.8424 241.713 223
28.8336 241.983 223
27.8319 242.269 223
28.5148 241.482 223
27.5182 241.786 223
26.5292 242.106 223
27.1962 241.309 223
26.2129 241.646 223
26.0517 241.418 223
25.8885 241.191 223
24.1157 242.155 223
24.7577 241.344 223
34.1142 233.823 223
39.4005 229.217 223
34.4348 232.609 223
27.2001 237.974 223
26.2352 238.373 223
23.7474 240.074 223
0 260 223
0 260 223
0 260 223
0 260 223
0 260 223
0 260 223
0 260 223
0 260 223
0 260 223
0 260 223
0 260 223
