-0 260 62
-0 260 62
-0 260 62
-0 260 62
-0 260 62
-0 260 62
-0 260 62
-0 260 62
-15.8489 246.223 62
-22.0518 241.166 62
-27.5776 236.86 62
-25.4636 239.009 62
-34.1944 232.31 62
-43.0435 225.762 62
-39.4005 229.217 62
-26.1807 239.911 62
-25.5563 240.742 62
-25.7234 240.966 62
-25.8885 241.191 62
-25.2376 241.998 62
-26.2129 241.646 62
-25.5479 242.441 62
-25.7002 242.665 62
-26.6843 242.338 62
-26.8375 242.572 62
-26.9885 242.806 62
-27.1375 243.043 62
-27.2845 243.28 62
-28.2865 243.004 62
-26.7105 244.266 62
-28.5788 243.5 62
-26.981 244.735 62
-27.1132 244.971 62
-28.1222 244.731 62
-29.1373 244.507 62
-30.1584 244.301 62
-29.4032 245.018 62
-30.4278 244.829 62
-30.559 245.095 62
-31.5905 244.932 62
-31.7208 245.208 62
-31.8486 245.486 62
-32.8876 245.357 62
-32.0971 246.044 62
-34.0587 245.543 62
-34.1835 245.841 62
-34.3058 246.14 62
-35.3559 246.073 62
-35.4761 246.382 62
-37.4669 245.992 62
-38.5274 245.977 62
-0 260 62
-0 260 62
-0 260 62
-71.3292 236.824 62
-70.5751 237.748 62
-0 260 62
-0 260 62
-0 260 62
-0 260 62
-0 260 62
-0 260 62
-0 260 62
-0 260 62
-0 260 62
-0 260 62
-0 260 62
-0 260 62
-0 260 62
-0 260 62
-0 260 62
-0 260 62
-706.197 148.149 62
-707.146 154.316 62
-707.051 160.631 62
-708.883 166.674 62
-708.678 172.985 62
-708.417 179.286 62
-708.1 185.576 62
-709.718 191.662 62
-709.291 197.945 62
-710.802 204.059 62
-709.268 210.403 62
-710.672 216.534 62
-710.026 222.789 62
-710.323 228.987 62
-710.567 235.187 62
-710.756 241.388 62
-711.892 247.574 62
-710.973 253.796 62
-709 260 62
-709.973 266.196 62
-709.892 272.391 62
-709.757 278.586 62
-708.568 284.744 62
-707.326 290.883 62
-708.028 297.106 62
-706.679 303.222 62
-705.278 309.318 62
-703.824 315.392 62
-704.31 321.619 62
-702.75 327.667 62
-702.132 333.797 62
-699.475 339.695 62
-698.752 345.796 62
-697.977 351.891 62
-697.149 357.978 62
-695.278 363.91 62
-694.345 369.974 62
-692.372 375.864 62
-691.335 381.901 62
-689.262 387.747 62
-687.139 393.566 62
-685.947 399.558 62
-683.725 405.33 62
-682.431 411.291 62
-680.11 417.016 62
-677.742 422.712 62
-676.296 428.62 62
-674.799 434.515 62
-671.318 439.879 62
-668.76 445.464 62
-666.154 451.017 62
-663.503 456.539 62
-661.763 462.321 62
-658.065 467.487 62
-656.229 473.222 62
-653.395 478.623 62
-650.517 483.991 62
-647.595 489.325 62
-644.629 494.626 62
-641.62 499.892 62
-639.503 505.482 62
-634.545 509.954 62
-632.339 515.482 62
-629.162 520.608 62
-626.864 526.088 62
-622.684 530.751 62
-619.384 535.768 62
-616.044 540.747 62
-613.57 546.113 62
-609.245 550.595 62
-604.888 555.024 62
-601.396 559.845 62
-598.756 565.082 62
-595.184 569.833 62
-591.575 574.546 62
-585.292 577.788 62
-583.371 583.368 62
-579.657 587.954 62
-575.907 592.5 62
-572.983 597.513 62
-561.445 597.35 62
-549.1 596.489 62
-541.055 598.089 62
-535.554 601.185 62
-528.362 603.123 62
-530.351 611.032 62
-543.02 626.271 62
-539.803 630.996 62
-535.725 635.119 62
-529.989 638.038 62
-525.861 642.06 62
-521.703 646.04 62
-501.543 637.94 62
-476.012 625.257 62
-473.594 630.013 62
-480.521 642.224 62
-498.151 663.394 62
-494.611 667.726 62
-490.268 671.384 62
-486.66 675.647 62
-481.505 678.566 62
-476.336 681.426 62
-470.411 683.56 62
-467.434 688.324 62
-462.947 691.705 62
-456.986 693.663 62
-452.465 696.94 62
-447.208 699.47 62
-443.356 703.356 62
-438.769 706.495 62
-434.161 709.587 62
-428.845 711.908 62
-424.203 714.902 62
-419.541 717.849 62
-413.523 719.264 62
-408.174 721.357 62
-402.164 722.637 62
-397.462 725.368 62
-394.029 729.585 62
-389.28 732.234 62
-383.256 733.282 62
-379.111 736.608 62
-373.091 737.535 62
-368.301 739.979 62
-363.496 742.376 62
-358.083 743.922 62
-353.259 746.219 62
-347.841 747.655 62
-342.999 749.853 62
-337.012 750.355 62
-332.72 753.277 62
-326.747 753.66 62
-321.882 755.654 62
-317.007 757.601 62
-311.063 757.804 62
-306.707 760.5 62
-301.297 761.443 62
-295.895 762.33 62
-291 764.027 62
-285.606 764.806 62
-280.22 765.53 62
-275.321 767.078 62
-269.946 767.695 62
-264.582 768.257 62
-260.137 770.547 62
-254.779 771.008 62
-249.872 772.313 62
-244.961 773.571 62
-239.202 772.97 62
-234.716 775.038 62
-228.993 774.326 62
-224.097 775.388 62
-218.809 775.483 62
-213.537 775.525 62
-209.03 777.369 62
-203.408 776.382 62
-198.536 777.204 62
-193.665 777.98 62
-188.453 777.771 62
-183.26 777.51 62
-178.086 777.199 62
-173.248 777.785 62
-168.414 778.326 62
-163.584 778.822 62
-158.465 778.317 62
-153.368 777.763 62
-148.293 777.159 62
-143.507 777.47 62
-138.468 776.77 62
-133.703 776.991 62
-128.702 776.197 62
-124.193 777.301 62
-118.999 775.442 62
-114.28 775.484 62
-109.777 776.462 62
-104.469 773.481 62
-100.175 775.354 62
-95.3091 774.242 62
-90.4707 773.085 62
-85.8247 772.869 62
-81.033 771.623 62
-76.2696 770.332 62
-71.8133 770.978 62
-66.9599 768.611 62
-62.3971 768.184 62
-57.96 768.709 62
-53.2049 766.212 62
-48.6896 765.661 62
-44.2751 766.067 62
-39.5433 762.446 62
-35.1572 762.772 62
-30.7684 763.06 62
-26.2726 761.312 62
-21.8097 759.524 62
-17.4148 758.696 62
-13.0361 757.829 62
-8.65636 755.924 62
-4.31087 753.981 62
3.7145e-05 752 62
4.28477 750.981 62
8.55172 749.925 62
12.8006 748.832 62
17.031 747.703 62
21.1991 745.537 62
25.4353 745.334 62
29.4865 742.099 62
33.5529 739.828 62
37.5819 737.523 62
41.8348 738.173 62
45.9101 736.795 62
49.9646 735.381 62
53.998 733.934 62
57.888 731.459 62
61.8694 729.945 62
65.2722 724.436 62
69.4705 724.837 62
73.5242 724.214 62
77.2423 721.582 62
81.0937 719.905 62
85.104 719.18 62
88.3446 714.493 62
92.5068 714.685 62
95.6394 709.948 62
99.7787 710.072 62
103.253 707.236 62
107.151 706.318 62
110.8 704.395 62
114.424 702.443 62
117.763 699.496 62
121.326 697.488 62
124.312 693.529 62
126.103 685.716 62
120.75 654.954 62
121.786 646.255 62
125.461 646.129 62
129.46 646.916 62
132.832 645.772 62
137.195 647.426 62
145.701 660.309 62
154.091 672.136 62
158.757 673.576 62
161.627 670.314 62
164.827 667.961 62
167.615 664.659 62
171.14 663.181 62
174.253 660.755 62
177.337 658.306 62
180.806 656.743 62
182.148 650.619 62
185.981 649.917 62
189.376 648.279 62
192.311 645.717 62
193.854 640.46 62
198.09 640.528 62
199.525 635.253 62
203.747 635.255 62
205.559 630.839 62
208.788 629.031 62
211 625.463 62
214.689 624.469 62
216.831 620.867 62
221.017 620.667 62
222.566 616.18 62
225.129 613.381 62
227.659 610.564 62
230.71 608.564 62
232.065 604.051 62
235.625 602.836 62
238.608 600.767 62
240.992 597.858 62
243.343 594.933 62
245.067 591.189 62
247.948 589.038 62
249.592 585.275 62
251.19 581.508 62
255.231 580.869 62
256.763 577.076 62
260.156 575.594 62
262.257 572.546 62
263.026 567.964 62
265.048 564.903 62
267.699 562.578 62
269.66 559.487 62
270.912 555.648 62
273.481 553.273 62
276.719 551.6 62
278.558 548.455 62
281.065 546.013 62
282.843 542.843 62
283.874 538.962 62
285.578 535.779 62
287.248 532.588 62
289.616 530.071 62
291.225 526.858 62
293.542 524.307 62
295.089 521.072 62
297.356 518.487 62
298.84 515.233 62
300.289 511.973 62
301.705 508.707 62
302.31 504.806 62
306 503.403 62
307.324 500.108 62
309.408 497.417 62
311.468 494.708 62
312.7 491.386 62
313.899 488.061 62
316.691 485.893 62
317.012 481.974 62
319.761 479.766 62
320.009 475.848 62
324.382 474.703 62
325.404 471.32 62
325.549 467.398 62
327.347 464.549 62
329.119 461.684 62
329.152 457.775 62
330.866 454.895 62
332.554 452 62
335.087 449.583 62
335.854 446.167 62
336.587 442.752 62
336.403 438.869 62
338.838 436.388 62
339.473 432.97 62
341.865 430.448 62
341.542 426.581 62
344.788 424.455 62
344.397 420.595 62
345.785 417.583 62
346.234 414.153 62
347.566 411.126 62
348.871 408.087 62
349.226 404.654 62
351.403 401.976 62
352.628 398.904 62
354.761 396.18 62
354.062 392.378 62
354.264 388.942 62
357.261 386.513 62
357.406 383.065 62
356.57 379.307 62
357.597 376.19 62
358.598 373.065 62
360.527 370.224 62
362.434 367.358 62
361.434 363.64 62
362.325 360.482 62
363.188 357.316 62
363.055 353.892 62
363.861 350.721 62
363.666 347.309 62
365.389 344.357 62
364.158 340.732 62
365.827 337.759 62
366.492 334.564 62
368.11 331.553 62
367.737 328.156 62
367.333 324.771 62
369.857 321.893 62
368.408 318.35 62
370.881 315.429 62
370.36 312.051 62
370.8 308.817 62
372.205 305.701 62
371.596 302.338 62
371.951 299.094 62
371.283 295.75 62
373.573 292.683 62
373.844 289.422 62
375.084 286.228 62
373.302 282.832 62
372.489 279.521 62
371.646 276.226 62
371.773 272.983 62
371.873 269.738 62
373.943 266.527 62
373.986 263.264 62
375 260 62
372.986 256.745 62
375.943 253.438 62
375.871 250.157 62
376.77 246.843 62
374.643 243.643 62
376.483 240.269 62
375.299 237.046 62
378.077 233.562 62
377.832 230.264 62
375.565 227.142 62
376.26 223.77 62
375.929 220.488 62
374.577 217.322 62
375.182 213.933 62
375.758 210.531 62
375.312 207.253 62
374.837 203.98 62
374.334 200.711 62
372.816 197.612 62
372.257 194.361 62
372.654 190.933 62
371.055 187.874 62
372.371 184.24 62
371.696 180.994 62
370.992 177.753 62
0 260 62
0 260 62
0 260 62
0 260 62
0 260 62
0 260 62
0 260 62
0 260 62
71.7229 238.072 62
69.6213 238.048 62
0 260 62
0 260 62
42.5483 245.349 62
38.6483 246.314 62
37.5877 246.319 62
35.5935 246.692 62
35.4761 246.382 62
35.3559 246.073 62
35.233 245.765 62
34.1835 245.841 62
34.0587 245.543 62
33.0142 245.645 62
33.8012 244.951 62
31.8486 245.486 62
31.7208 245.208 62
33.3957 244.071 62
31.4578 244.657 62
32.2176 243.937 62
32.0762 243.656 62
30.1584 244.301 62
30.0202 244.038 62
29.8798 243.777 62
29.7371 243.516 62
27.8514 244.242 62
28.5788 243.5 62
27.5721 243.759 62
28.2865 243.004 62
28.9898 242.235 62
27.9856 242.513 62
27.8319 242.269 62
25.9988 243.116 62
27.5182 241.786 62
27.3582 241.547 62
25.5479 242.441 62
25.3937 242.219 62
26.0517 241.418 62
25.0795 241.779 62
23.3118 242.75 62
24.7577 241.344 62
34.9075 233.214 62
40.9766 227.986 62
32.0869 234.477 62
25.6458 239.232 62
25.4636 239.009 62
22.9813 240.716 62
0 260 62
0 260 62
0 260 62
0 260 62
0 260 62
0 260 62
0 260 62
0 260 62
0 260 62
0 260 62
0 260 62
