-0 260 241
-0 260 241
-0 260 241
-0 260 241
-0 260 241
-0 260 241
-0 260 241
-0 260 241
-16.6036 245.567 241
-22.8122 240.517 241
-26.8116 237.502 241
-27.7785 237.101 241
-34.9716 231.681 241
-43.0435 225.762 241
-40.1886 228.601 241
-27.7674 238.693 241
-25.5563 240.742 241
-27.3311 239.776 241
-26.6976 240.603 241
-26.8658 240.837 241
-27.032 241.072 241
-25.5479 242.441 241
-25.7002 242.665 241
-25.8505 242.89 241
-26.8375 242.572 241
-27.8319 242.269 241
-27.1375 243.043 241
-27.2845 243.28 241
-29.1437 242.489 241
-27.5721 243.759 241
-27.7128 244 241
-26.981 244.735 241
-27.1132 244.971 241
-28.1222 244.731 241
-30.9032 243.569 241
-30.1584 244.301 241
-31.1852 244.11 241
-29.5328 245.275 241
-30.559 245.095 241
-30.6879 245.363 241
-31.7208 245.208 241
-30.9387 245.9 241
-32.8876 245.357 241
-33.9312 245.246 241
-34.0587 245.543 241
-34.1835 245.841 241
-35.233 245.765 241
-35.3559 246.073 241
-35.4761 246.382 241
-36.5302 246.342 241
-39.4671 245.635 241
-42.4189 244.979 241
-0 260 241
-0 260 241
-70.3782 237.133 241
-72.4825 237.146 241
-0 260 241
-72.8703 238.415 241
-0 260 241
-0 260 241
-0 260 241
-0 260 241
-0 260 241
-0 260 241
-0 260 241
-0 260 241
-0 260 241
-0 260 241
-0 260 241
-0 260 241
-0 260 241
-0 260 241
-692.37 150.34 241
-692.311 156.534 241
-692.197 162.718 241
-693.02 168.762 241
-693.79 174.813 241
-694.507 180.871 241
-695.171 186.935 241
-695.782 193.004 241
-696.34 199.078 241
-695.848 205.236 241
-696.3 211.31 241
-696.698 217.388 241
-697.043 223.47 241
-696.337 229.597 241
-697.575 235.64 241
-697.761 241.729 241
-696.894 247.836 241
-696.973 253.918 241
-697 260 241
-695.973 266.074 241
-696.894 272.164 241
-695.761 278.219 241
-695.576 284.29 241
-694.339 290.316 241
-695.046 296.426 241
-693.704 302.429 241
-693.307 308.481 241
-692.858 314.529 241
-690.363 320.399 241
-689.81 326.421 241
-689.204 332.438 241
-688.545 338.45 241
-686.842 344.334 241
-686.08 350.324 241
-684.275 356.169 241
-682.421 361.989 241
-682.493 368.096 241
-680.537 373.883 241
-678.533 379.644 241
-677.463 385.56 241
-676.341 391.467 241
-674.188 397.165 241
-671.987 402.835 241
-670.715 408.694 241
-669.392 414.541 241
-667.046 420.144 241
-663.682 425.475 241
-662.213 431.26 241
-660.693 437.032 241
-659.123 442.791 241
-655.58 447.985 241
-653.915 453.699 241
-652.2 459.398 241
-648.527 464.48 241
-645.767 469.823 241
-643.912 475.45 241
-639.171 480.084 241
-639.111 486.321 241
-636.172 491.548 241
-633.19 496.74 241
-631.1 502.257 241
-628.032 507.388 241
-623.995 512.11 241
-619.923 516.781 241
-617.659 522.181 241
-614.43 527.162 241
-612.075 532.514 241
-608.764 537.43 241
-605.414 542.309 241
-602.024 547.151 241
-598.597 551.955 241
-596.026 557.168 241
-590.737 560.996 241
-588.088 566.139 241
-585.394 571.26 241
-581.777 575.879 241
-578.124 580.459 241
-574.435 585 241
-568.979 588.5 241
-565.229 592.945 241
-563.159 598.38 241
-557.627 601.714 241
-555.471 607.097 241
-551.578 611.394 241
-548.491 616.194 241
-542.026 618.759 241
-539.703 624.035 241
-535.682 628.164 241
-530.81 631.678 241
-525.919 635.134 241
-521.007 638.534 241
-519.291 644.256 241
-514.321 647.569 241
-510.126 651.434 241
-506.691 655.87 241
-501.652 659.032 241
-495.819 661.506 241
-492.296 665.818 241
-487.204 668.813 241
-482.097 671.75 241
-478.486 675.941 241
-474.089 679.439 241
-470.411 683.56 241
-464.485 685.622 241
-459.29 688.295 241
-456.26 692.975 241
-451.026 695.551 241
-446.495 698.769 241
-440.527 700.528 241
-437.367 705.068 241
-432.077 707.429 241
-428.156 711.183 241
-421.475 711.977 241
-418.19 716.375 241
-412.184 717.777 241
-407.511 720.608 241
-404.132 724.901 241
-397.462 725.368 241
-392.743 728.053 241
-388.644 731.463 241
-383.885 734.059 241
-378.489 735.826 241
-373.091 737.535 241
-368.301 739.979 241
-362.894 741.577 241
-357.488 743.118 241
-353.259 746.219 241
-348.422 748.469 241
-342.999 749.853 241
-337.012 750.355 241
-332.161 752.448 241
-327.851 755.328 241
-322.971 757.332 241
-317.007 757.601 241
-312.652 760.348 241
-307.229 761.352 241
-301.812 762.3 241
-297.417 764.915 241
-292.5 766.625 241
-286.098 765.677 241
-281.674 768.154 241
-276.752 769.714 241
-264.782 757.982 241
-250.729 741.647 241
-246.517 743.817 241
-240.947 743.265 241
-237.159 746.248 241
-245.391 774.474 241
-240.47 775.689 241
-235.546 776.858 241
-230.62 777.98 241
-225.692 779.056 241
-220.372 779.165 241
-215.068 779.22 241
-210.529 781.077 241
-204.874 780.103 241
-200.328 781.871 241
-194.715 780.79 241
-189.821 781.529 241
-184.595 781.281 241
-179.714 781.926 241
-174.835 782.526 241
-169.959 783.081 241
-164.787 782.637 241
-160.22 784.055 241
-155.072 783.516 241
-150.222 783.888 241
-144.843 782.288 241
-140.021 782.566 241
-135.205 782.8 241
-130.396 782.989 241
-125.594 783.135 241
-120.574 782.262 241
-115.795 782.318 241
-110.817 781.353 241
-106.064 781.32 241
-101.129 780.262 241
-96.5848 781.125 241
-91.6862 779.979 241
-86.98 779.773 241
-82.1281 778.536 241
-77.4521 778.244 241
-72.7875 777.91 241
-68.1346 777.534 241
-63.2501 775.131 241
-58.7524 775.664 241
-53.9366 773.173 241
-49.4564 773.624 241
-44.8852 773.04 241
-40.3279 772.416 241
-35.785 771.75 241
-31.1958 770.047 241
-26.6913 769.301 241
-22.2022 768.516 241
-17.7289 767.691 241
-13.2193 764.827 241
-8.79597 763.923 241
-4.38941 762.981 241
3.79754e-05 763 241
4.37203 760.981 241
8.72624 759.924 241
13.0623 758.829 241
17.3451 756.697 241
21.5916 754.529 241
25.854 753.323 241
30.0359 751.082 241
34.2505 749.804 241
38.445 748.489 241
42.7063 748.135 241
46.7728 745.753 241
50.9054 744.332 241
55.0168 742.876 241
58.9848 740.392 241
63.1747 739.859 241
67.0815 737.309 241
71.0964 735.717 241
75.0886 734.09 241
79.0578 732.431 241
82.8302 729.753 241
86.7441 728.029 241
90.6343 726.273 241
94.5004 724.484 241
98.3423 722.664 241
101.727 718.859 241
105.727 717.954 241
109.486 716.041 241
113.219 714.098 241
116.927 712.125 241
120.61 710.121 241
123.464 705.197 241
127.62 705.064 241
131.215 702.975 241
135.076 701.813 241
138.325 698.71 241
142.148 697.486 241
145.643 695.281 241
149.11 693.047 241
152.216 689.845 241
155.277 686.62 241
158.994 685.249 241
162.699 683.846 241
164.926 678.688 241
168.948 678.16 241
172.208 675.746 241
175.438 673.307 241
178.241 669.926 241
181.405 667.441 241
184.953 665.843 241
187.643 662.401 241
191.577 661.65 241
194.198 658.166 241
196.327 653.771 241
199.756 652.043 241
202.708 649.398 241
205.629 646.731 241
208.996 644.922 241
211.862 642.209 241
215.189 640.345 241
217.5 636.721 241
220.779 634.809 241
224.042 632.868 241
226.242 629.193 241
229.985 628.053 241
231.576 623.502 241
234.195 620.628 241
237.333 618.571 241
240.453 616.486 241
242.988 613.55 241
245.491 610.597 241
247.379 606.813 241
249.221 603.023 241
252.8 601.639 241
254.568 597.823 241
258.115 596.382 241
260.425 593.329 241
263.324 591.043 241
264.944 587.178 241
267.789 584.854 241
269.328 580.973 241
270.82 577.089 241
274.889 576.223 241
276.975 573.063 241
279.027 569.891 241
281.046 566.707 241
282.347 562.78 241
285.667 561.03 241
287.589 557.807 241
289.476 554.572 241
290.621 550.621 241
293.146 548.074 241
295.649 545.505 241
298.854 543.602 241
300.586 540.301 241
301.546 536.316 241
303.203 533.005 241
305.574 530.349 241
307.922 527.672 241
310.246 524.975 241
310.248 520.329 241
314.051 518.884 241
316.298 516.133 241
316.956 512.118 241
318.356 508.727 241
320.515 505.94 241
321.051 501.93 241
323.954 499.714 241
326.843 497.465 241
328.903 494.604 241
329.299 490.578 241
330.475 487.129 241
332.444 484.236 241
333.554 480.775 241
335.468 477.856 241
336.513 474.383 241
339.219 471.968 241
341.056 468.999 241
342.867 466.015 241
343.79 462.508 241
344.678 459 241
346.402 455.985 241
347.224 452.469 241
348.89 449.432 241
351.413 446.85 241
353.917 444.238 241
354.621 440.688 241
354.394 436.694 241
356.821 434.033 241
356.521 430.052 241
357.085 426.512 241
358.525 423.389 241
360.85 420.661 241
362.239 417.506 241
363.599 414.339 241
365.856 411.543 241
367.165 408.344 241
368.445 405.134 241
369.698 401.914 241
370.922 398.682 241
371.179 395.098 241
372.343 391.854 241
373.48 388.599 241
373.64 385.018 241
374.716 381.753 241
373.857 377.877 241
375.828 374.902 241
376.816 371.618 241
377.776 368.325 241
378.707 365.025 241
380.575 361.975 241
381.45 358.65 241
382.297 355.317 241
382.141 351.744 241
380.979 347.956 241
382.708 344.844 241
383.434 341.501 241
385.11 338.352 241
385.779 334.988 241
385.436 331.436 241
386.045 328.07 241
387.61 324.864 241
388.162 321.479 241
387.694 317.941 241
389.175 314.695 241
389.638 311.297 241
391.063 308.017 241
390.474 304.489 241
390.847 301.08 241
391.191 297.667 241
391.505 294.252 241
391.789 290.834 241
392.043 287.414 241
393.265 284.053 241
393.46 280.62 241
392.626 277.142 241
392.761 273.716 241
391.866 270.261 241
390.94 266.824 241
391.985 263.421 241
394 260 241
393.985 256.562 241
393.94 253.124 241
394.865 249.66 241
393.76 246.25 241
394.624 242.77 241
392.461 239.432 241
392.267 236.008 241
394.038 232.446 241
394.779 228.93 241
395.489 225.399 241
393.181 222.141 241
391.842 218.816 241
392.461 215.285 241
393.048 211.74 241
393.604 208.181 241
395.117 204.47 241
392.639 201.32 241
392.112 197.896 241
390.569 194.641 241
389.984 191.235 241
390.352 187.652 241
389.706 184.249 241
389.03 180.851 241
387.346 177.667 241
387.59 174.073 241
0 260 241
0 260 241
0 260 241
0 260 241
0 260 241
0 260 241
0 260 241
0 260 241
71.7229 238.072 241
70.5751 237.748 241
0 260 241
0 260 241
0 260 241
38.6483 246.314 241
37.5877 246.319 241
35.5935 246.692 241
36.4096 246.024 241
36.2863 245.706 241
36.1602 245.39 241
34.1835 245.841 241
34.0587 245.543 241
33.0142 245.645 241
33.8012 244.951 241
32.7586 245.071 241
33.5334 244.363 241
33.3957 244.071 241
33.2554 243.78 241
33.1126 243.491 241
31.1852 244.11 241
31.0454 243.839 241
30.9032 243.568 241
29.8798 243.777 241
29.7371 243.516 241
29.5921 243.258 241
28.5788 243.5 241
28.4338 243.251 241
29.1437 242.489 241
28.9898 242.235 241
28.8336 241.983 241
27.8319 242.269 241
28.5148 241.482 241
27.5182 241.786 241
27.3582 241.547 241
27.1962 241.309 241
25.3937 242.219 241
26.0517 241.418 241
25.0795 241.779 241
24.9196 241.56 241
24.7577 241.344 241
34.9075 233.214 241
41.7646 227.37 241
32.8695 233.854 241
26.423 238.603 241
27.0069 237.737 241
22.9813 240.716 241
0 260 241
0 260 241
0 260 241
0 260 241
0 260 241
0 260 241
0 260 241
0 260 241
0 260 241
0 260 241
0 260 241
