-0 260 4
-0 260 4
-0 260 4
-0 260 4
-0 260 4
-0 260 4
-0 260 4
-0 260 4
-16.6036 245.567 4
-23.5726 239.867 4
-27.5776 236.86 4
-27.7785 237.101 4
-32.6401 233.569 4
-42.2608 226.384 4
-40.9766 227.986 4
-26.1807 239.911 4
-26.355 240.14 4
-26.5273 240.371 4
-26.6976 240.603 4
-26.0517 241.418 4
-26.2129 241.646 4
-26.372 241.875 4
-25.7002 242.665 4
-26.6843 242.338 4
-25.9988 243.116 4
-26.1451 243.344 4
-27.9856 242.513 4
-27.2845 243.28 4
-27.4294 243.519 4
-27.5721 243.759 4
-28.5788 243.5 4
-27.8514 244.242 4
-27.1132 244.971 4
-29.001 244.254 4
-29.1373 244.507 4
-30.1584 244.301 4
-30.2942 244.564 4
-29.5328 245.275 4
-31.4578 244.657 4
-31.5905 244.932 4
-30.8145 245.631 4
-31.8486 245.486 4
-32.8876 245.357 4
-33.0142 245.645 4
-34.9792 245.152 4
-35.1074 245.458 4
-35.233 245.765 4
-35.3559 246.073 4
-36.4096 246.024 4
-36.5302 246.342 4
-40.4068 245.293 4
-42.4189 244.979 4
-0 260 4
-0 260 4
-71.3292 236.824 4
-72.4825 237.146 4
-0 260 4
-0 260 4
-0 260 4
-0 260 4
-0 260 4
-0 260 4
-0 260 4
-0 260 4
-0 260 4
-0 260 4
-0 260 4
-0 260 4
-0 260 4
-0 260 4
-0 260 4
-911.328 107.496 4
-902.747 117.019 4
-901.982 125.198 4
-900.154 133.492 4
-905.189 140.83 4
-904.21 148.977 4
-900.176 157.438 4
-901.037 165.297 4
-898.843 173.451 4
-896.575 181.56 4
-891.244 189.858 4
-891.822 197.638 4
-893.331 205.362 4
-886.783 213.526 4
-885.157 221.353 4
-887.459 229.009 4
-879.698 236.964 4
-885.865 244.537 4
-885.966 252.268 4
-901 260 4
-905.966 267.906 4
-913.861 275.952 4
-956.672 285.051 4
-965.412 293.713 4
-939.105 301.002 4
-931.721 308.83 4
-907.305 315.493 4
-899.803 322.92 4
-896.229 330.535 4
-918.491 340.358 4
-907.801 347.411 4
-900.042 354.598 4
-924.022 365.279 4
-903.217 370.901 4
-890.317 377.213 4
-861.533 381.081 4
-866.378 389.481 4
-960.033 412.054 4
-973.464 422.902 4
-997.61 435.906 4
-1003.9 446.063 4
-1014.02 457.106 4
-1008.34 465.15 4
-992.82 471.031 4
-980.201 477.306 4
-912.01 470.554 4
-904.304 477.104 4
-899.464 484.262 4
-898.441 492.353 4
-0 260 4
-0 260 4
-0 260 4
-0 260 4
-0 260 4
-0 260 4
-0 260 4
-0 260 4
-0 260 4
-0 260 4
-0 260 4
-0 260 4
-0 260 4
-0 260 4
-0 260 4
-0 260 4
-0 260 4
-0 260 4
-0 260 4
-0 260 4
-0 260 4
-0 260 4
-0 260 4
-0 260 4
-0 260 4
-0 260 4
-0 260 4
-0 260 4
-0 260 4
-0 260 4
-0 260 4
-0 260 4
-0 260 4
-0 260 4
-0 260 4
-0 260 4
-0 260 4
-0 260 4
-0 260 4
-0 260 4
-0 260 4
-0 260 4
-0 260 4
-0 260 4
-0 260 4
-0 260 4
-0 260 4
-0 260 4
-0 260 4
-0 260 4
-0 260 4
-0 260 4
-0 260 4
-0 260 4
-0 260 4
-0 260 4
-0 260 4
-0 260 4
-0 260 4
-0 260 4
-0 260 4
-0 260 4
-0 260 4
-0 260 4
-0 260 4
-0 260 4
-0 260 4
-0 260 4
-0 260 4
-0 260 4
-0 260 4
-0 260 4
-0 260 4
-0 260 4
-0 260 4
-0 260 4
-0 260 4
-0 260 4
-0 260 4
-0 260 4
-0 260 4
-0 260 4
-0 260 4
-0 260 4
-0 260 4
-0 260 4
-0 260 4
-0 260 4
-0 260 4
-0 260 4
-0 260 4
-0 260 4
-0 260 4
-0 260 4
-0 260 4
-0 260 4
-0 260 4
-0 260 4
-0 260 4
-0 260 4
-0 260 4
-0 260 4
-0 260 4
-0 260 4
-0 260 4
-0 260 4
-0 260 4
-0 260 4
-0 260 4
-0 260 4
-0 260 4
-0 260 4
-0 260 4
-0 260 4
-0 260 4
-0 260 4
-0 260 4
-0 260 4
-0 260 4
-0 260 4
-0 260 4
-0 260 4
-0 260 4
-0 260 4
-0 260 4
-0 260 4
-0 260 4
-0 260 4
-0 260 4
-0 260 4
-0 260 4
-0 260 4
-0 260 4
-0 260 4
-0 260 4
-0 260 4
-0 260 4
-0 260 4
-0 260 4
-0 260 4
-0 260 4
0 260 4
0 260 4
0 260 4
0 260 4
0 260 4
0 260 4
0 260 4
0 260 4
0 260 4
0 260 4
0 260 4
0 260 4
0 260 4
0 260 4
0 260 4
0 260 4
0 260 4
0 260 4
0 260 4
0 260 4
0 260 4
0 260 4
0 260 4
0 260 4
0 260 4
0 260 4
0 260 4
0 260 4
0 260 4
0 260 4
0 260 4
0 260 4
0 260 4
0 260 4
0 260 4
0 260 4
0 260 4
0 260 4
0 260 4
0 260 4
0 260 4
0 260 4
0 260 4
0 260 4
0 260 4
0 260 4
0 260 4
0 260 4
0 260 4
0 260 4
0 260 4
0 260 4
0 260 4
0 260 4
0 260 4
0 260 4
0 260 4
0 260 4
0 260 4
0 260 4
0 260 4
0 260 4
0 260 4
0 260 4
0 260 4
0 260 4
0 260 4
0 260 4
0 260 4
0 260 4
0 260 4
0 260 4
0 260 4
0 260 4
0 260 4
0 260 4
0 260 4
0 260 4
0 260 4
0 260 4
0 260 4
0 260 4
0 260 4
0 260 4
0 260 4
0 260 4
0 260 4
0 260 4
0 260 4
0 260 4
0 260 4
0 260 4
0 260 4
0 260 4
0 260 4
0 260 4
0 260 4
0 260 4
0 260 4
0 260 4
0 260 4
0 260 4
0 260 4
0 260 4
0 260 4
0 260 4
0 260 4
0 260 4
0 260 4
0 260 4
0 260 4
0 260 4
0 260 4
0 260 4
0 260 4
0 260 4
0 260 4
0 260 4
0 260 4
0 260 4
0 260 4
0 260 4
0 260 4
0 260 4
0 260 4
0 260 4
0 260 4
0 260 4
0 260 4
0 260 4
0 260 4
0 260 4
0 260 4
0 260 4
0 260 4
0 260 4
0 260 4
0 260 4
0 260 4
0 260 4
0 260 4
0 260 4
0 260 4
0 260 4
0 260 4
0 260 4
0 260 4
0 260 4
0 260 4
0 260 4
0 260 4
0 260 4
0 260 4
0 260 4
0 260 4
0 260 4
0 260 4
0 260 4
0 260 4
0 260 4
0 260 4
0 260 4
0 260 4
0 260 4
0 260 4
0 260 4
0 260 4
1136.65 389.504 4
1134.75 379.267 4
1142.71 370.031 4
1143.63 360.055 4
1153.43 350.777 4
1130.24 339.034 4
1126.89 328.924 4
1128.45 319.14 4
1118.93 308.854 4
1118.32 299.053 4
1111.62 289.109 4
1118.83 279.529 4
1111.96 269.704 4
1104 260 4
1077.96 250.593 4
1073.84 241.256 4
1090.63 231.441 4
1095.33 221.75 4
1086.96 212.542 4
1075.52 203.634 4
1069 194.617 4
355.133 235.167 4
365.869 231.206 4
366.6 227.927 4
362.324 225.112 4
1120.71 62.3884 4
1110.09 54.2561 4
1047.4 56.4068 4
1008.34 54.8504 4
991.842 49.1776 4
983.13 42.0453 4
0 260 4
0 260 4
0 260 4
0 260 4
0 260 4
0 260 4
0 260 4
0 260 4
73.6355 237.487 4
71.5288 237.447 4
0 260 4
0 260 4
42.5483 245.349 4
39.5909 245.98 4
37.5877 246.319 4
37.4669 245.992 4
37.3432 245.665 4
35.3559 246.073 4
36.1602 245.39 4
35.1074 245.458 4
34.0587 245.543 4
33.9312 245.246 4
33.8012 244.951 4
31.8486 245.486 4
31.7208 245.208 4
34.2982 243.641 4
32.3566 244.219 4
33.1126 243.491 4
32.0762 243.656 4
30.1584 244.301 4
30.9032 243.568 4
29.8798 243.777 4
29.7371 243.516 4
29.5921 243.258 4
27.7128 244 4
29.2954 242.744 4
29.1437 242.489 4
29.8424 241.713 4
27.9856 242.513 4
27.8319 242.269 4
29.3535 240.938 4
28.3521 241.234 4
27.3582 241.547 4
27.1962 241.309 4
26.2129 241.646 4
26.0517 241.418 4
25.8885 241.191 4
24.9196 241.56 4
23.9591 241.946 4
34.9075 233.214 4
40.1885 228.601 4
34.4348 232.609 4
26.423 238.603 4
26.2352 238.373 4
22.2153 241.359 4
0 260 4
0 260 4
0 260 4
0 260 4
0 260 4
0 260 4
0 260 4
0 260 4
0 260 4
0 260 4
0 260 4
