-0 260 131
-0 260 131
-0 260 131
-0 260 131
-0 260 131
-0 260 131
-0 260 131
-0 260 131
-16.6036 245.567 131
-22.8122 240.517 131
-26.0455 238.145 131
-27.7785 237.101 131
-32.6401 233.569 131
-43.0435 225.762 131
-40.1886 228.601 131
-27.7674 238.693 131
-25.5563 240.742 131
-26.5273 240.371 131
-26.6976 240.603 131
-26.8658 240.837 131
-26.2129 241.646 131
-27.1962 241.309 131
-26.5292 242.106 131
-26.6843 242.338 131
-27.6761 242.027 131
-26.9885 242.806 131
-27.9856 242.513 131
-27.2845 243.28 131
-28.2865 243.004 131
-29.2954 242.744 131
-26.8468 244.5 131
-28.7217 243.75 131
-27.9878 244.486 131
-29.001 244.254 131
-30.0202 244.038 131
-30.1584 244.301 131
-29.4032 245.018 131
-30.4278 244.829 131
-30.559 245.095 131
-32.4931 244.502 131
-31.7208 245.208 131
-31.8486 245.486 131
-33.8012 244.951 131
-33.0142 245.645 131
-34.9792 245.152 131
-35.1074 245.458 131
-35.233 245.765 131
-35.3559 246.073 131
-37.3432 245.665 131
-37.4669 245.992 131
-39.4671 245.635 131
-0 260 131
-0 260 131
-0 260 131
-73.2314 236.206 131
-73.4362 236.846 131
-0 260 131
-0 260 131
-0 260 131
-0 260 131
-0 260 131
-0 260 131
-0 260 131
-0 260 131
-0 260 131
-0 260 131
-0 260 131
-0 260 131
-0 260 131
-0 260 131
-0 260 131
-0 260 131
-708.173 147.837 131
-707.146 154.316 131
-708.042 160.491 131
-709.875 166.543 131
-709.671 172.864 131
-709.41 179.173 131
-710.089 185.367 131
-710.713 191.566 131
-711.283 197.771 131
-712.796 203.902 131
-712.261 210.194 131
-711.67 216.473 131
-712.023 222.685 131
-713.32 228.856 131
-712.566 235.117 131
-712.756 241.336 131
-713.891 247.539 131
-712.973 253.778 131
-712 260 131
-711.973 266.213 131
-710.892 272.409 131
-711.756 278.638 131
-711.566 284.849 131
-710.323 291.013 131
-710.026 297.211 131
-709.674 303.406 131
-708.27 309.527 131
-706.814 315.628 131
-707.298 321.881 131
-705.736 327.955 131
-705.116 334.111 131
-703.449 340.148 131
-701.73 346.162 131
-700.952 352.282 131
-701.11 358.535 131
-697.256 364.206 131
-697.308 370.443 131
-696.318 376.524 131
-693.305 382.248 131
-693.195 388.476 131
-691.066 394.33 131
-689.867 400.355 131
-687.638 406.162 131
-684.383 411.724 131
-683.033 417.691 131
-680.659 423.412 131
-679.207 429.345 131
-677.703 435.266 131
-674.216 440.656 131
-672.614 446.532 131
-669.999 452.119 131
-667.339 457.675 131
-665.588 463.491 131
-662.833 468.991 131
-659.082 474.149 131
-657.188 479.892 131
-654.299 485.293 131
-651.365 490.661 131
-649.328 496.336 131
-645.367 501.293 131
-642.303 506.557 131
-639.197 511.786 131
-636.048 516.98 131
-633.781 522.521 131
-630.546 527.651 131
-627.269 532.744 131
-623.038 537.394 131
-620.594 542.821 131
-617.196 547.803 131
-614.661 553.178 131
-610.281 557.654 131
-606.765 562.522 131
-603.211 567.352 131
-599.619 572.142 131
-596.873 577.363 131
-592.323 581.605 131
-588.619 586.277 131
-584.879 590.909 131
-581.103 595.5 131
-577.291 600.051 131
-573.445 604.561 131
-569.564 609.029 131
-565.648 613.456 131
-561.699 617.842 131
-557.716 622.185 131
-554.534 627.038 131
-549.652 630.745 131
-545.571 634.961 131
-540.64 638.561 131
-536.502 642.683 131
-533.142 647.351 131
-528.134 650.799 131
-523.905 654.791 131
-519.646 658.739 131
-516.147 663.258 131
-510.26 665.88 131
-505.145 669.058 131
-501.556 673.451 131
-497.163 677.169 131
-492.743 680.842 131
-487.542 683.814 131
-483.825 688.053 131
-478.585 690.92 131
-474.069 694.405 131
-468.066 696.479 131
-464.24 700.547 131
-459.658 703.887 131
-453.627 705.778 131
-449.72 709.72 131
-443.676 711.488 131
-439.024 714.623 131
-435.04 718.437 131
-429.659 720.753 131
-425.622 724.485 131
-418.876 725.209 131
-414.8 728.846 131
-410.037 731.694 131
-403.957 732.973 131
-399.814 736.48 131
-395.005 739.179 131
-390.179 741.831 131
-384.714 743.652 131
-379.247 745.415 131
-374.388 747.912 131
-368.913 749.564 131
-363.437 751.157 131
-357.961 752.691 131
-353.648 755.796 131
-348.734 758.044 131
-343.242 759.421 131
-338.312 761.568 131
-332.818 762.833 131
-326.783 763.202 131
-322.38 766.035 131
-317.422 767.981 131
-311.932 769.026 131
-306.448 770.015 131
-301.478 771.808 131
-295 770.955 131
-277.727 750.881 131
-268.584 744.539 131
-262.914 744.228 131
-257.74 744.738 131
-261.35 762.048 131
-264.676 779.457 131
-259.687 780.852 131
-254.255 781.301 131
-249.266 782.597 131
-243.851 782.94 131
-238.449 783.228 131
-233.06 783.462 131
-228.084 784.558 131
-222.717 784.688 131
-218.13 786.611 131
-212.776 786.64 131
-207.44 786.616 131
-202.478 787.473 131
-197.167 787.346 131
-192.215 788.107 131
-186.598 786.937 131
-181.667 787.599 131
-176.421 787.268 131
-171.195 786.885 131
-166.591 788.359 131
-161.389 787.88 131
-156.492 788.31 131
-151.049 786.771 131
-146.179 787.106 131
-141.574 788.361 131
-136.457 787.64 131
-131.364 786.871 131
-126.294 786.052 131
-121.474 786.16 131
-116.661 786.224 131
-111.649 785.265 131
-106.662 784.26 131
-101.892 784.189 131
-96.9493 783.092 131
-92.2071 782.933 131
-87.4752 782.731 131
-82.7538 782.487 131
-77.8955 781.211 131
-73.0658 779.891 131
-68.3957 779.517 131
-63.7376 779.102 131
-58.9788 777.651 131
-54.2502 776.157 131
-49.6481 775.615 131
-45.0595 775.033 131
-40.4849 774.409 131
-35.8548 772.748 131
-31.2568 771.045 131
-26.796 771.298 131
-22.2022 768.516 131
-17.7289 767.691 131
-13.2717 766.826 131
-8.83088 765.923 131
-4.39814 763.981 131
3.78999e-05 762 131
4.38076 761.981 131
8.70879 758.924 131
13.0623 758.829 131
17.38 757.697 131
21.6353 755.528 131
25.9063 754.322 131
30.097 752.08 131
34.39 751.799 131
38.445 748.489 131
42.4449 745.147 131
46.7728 745.753 131
50.8009 743.338 131
54.9036 741.882 131
58.9848 740.392 131
62.9137 737.876 131
66.9423 736.319 131
70.5051 731.761 131
74.6193 731.127 131
78.7277 730.458 131
82.6566 728.768 131
86.3797 726.063 131
90.4435 725.291 131
94.1017 722.524 131
97.7185 719.729 131
101.51 717.883 131
105.052 715.031 131
109.019 714.097 131
112.736 712.158 131
116.677 711.157 131
120.092 708.19 131
123.731 706.161 131
126.518 701.219 131
130.647 701.057 131
134.199 698.944 131
137.122 694.895 131
140.912 693.682 131
144.691 692.436 131
147.808 689.265 131
151.215 687.017 131
154.251 683.801 131
157.593 681.502 131
160.907 679.178 131
163.826 675.897 131
167.449 674.451 131
170.677 672.05 131
173.875 669.625 131
176.646 666.258 131
180.184 664.701 131
183.294 662.203 131
185.952 658.775 131
188.564 655.332 131
191.13 651.874 131
194.988 651.086 131
197.94 648.479 131
201.322 646.737 131
202.812 641.433 131
206.61 640.528 131
208.468 636.086 131
211.742 634.253 131
215.5 633.257 131
217.734 629.639 131
220.951 627.725 131
223.107 624.077 131
226.276 622.117 131
228.89 619.285 131
231.472 616.435 131
232.917 611.9 131
236.539 610.683 131
237.891 606.133 131
241.476 604.863 131
243.895 601.929 131
246.87 599.787 131
249.231 596.816 131
251.559 593.83 131
253.245 590.035 131
256.731 588.6 131
257.721 584 131
259.28 580.184 131
262.064 577.909 131
265.471 576.376 131
267.573 573.287 131
270.296 570.94 131
271.012 566.323 131
273.005 563.203 131
275.641 560.809 131
276.891 556.93 131
279.472 554.502 131
282.031 552.052 131
283.868 548.866 131
284.964 544.964 131
288.153 543.167 131
289.175 539.253 131
291.601 536.719 131
292.541 532.799 131
294.174 529.56 131
297.258 527.652 131
300.331 525.711 131
301.129 521.768 131
303.402 519.13 131
304.12 515.187 131
305.563 511.887 131
307.75 509.211 131
309.913 506.516 131
312.052 503.802 131
311.788 499.243 131
315.461 497.717 131
317.523 494.955 131
317.135 490.412 131
319.133 487.636 131
321.108 484.842 131
323.057 482.031 131
323.325 478.085 131
326.049 475.807 131
327.082 472.409 131
328.079 469.01 131
330.739 466.669 131
330.824 462.729 131
332.581 459.835 131
334.312 456.925 131
336.018 454 131
338.568 451.553 131
340.227 448.591 131
340.981 445.138 131
342.584 442.155 131
342.386 438.235 131
343.038 434.786 131
343.655 431.34 131
346.935 429.211 131
344.788 424.455 131
348.022 422.285 131
349.425 419.242 131
351.715 416.594 131
352.151 413.12 131
352.553 409.65 131
354.77 406.95 131
355.111 403.474 131
356.35 400.37 131
355.694 396.538 131
357.809 393.779 131
358.963 390.652 131
358.204 386.847 131
360.243 384.041 131
360.363 380.576 131
362.353 377.735 131
361.459 373.967 131
362.44 370.809 131
364.352 367.926 131
366.241 365.018 131
364.252 361.016 131
366.086 358.092 131
366.928 354.894 131
368.712 351.93 131
367.556 348.242 131
368.312 345.031 131
369.04 341.814 131
368.762 338.383 131
370.412 335.361 131
370.073 331.935 131
370.687 328.703 131
373.242 325.813 131
372.816 322.388 131
372.359 318.976 131
372.859 315.724 131
374.321 312.607 131
372.783 309.078 131
373.197 305.823 131
374.577 302.678 131
373.94 299.303 131
376.26 296.23 131
374.569 292.771 131
376.835 289.658 131
378.077 286.438 131
376.297 283.015 131
378.481 279.835 131
376.641 276.445 131
377.77 273.192 131
377.87 269.895 131
377.942 266.597 131
376.986 263.29 131
379 260 131
379.986 256.684 131
379.942 253.368 131
378.87 250.079 131
378.769 246.773 131
379.638 243.425 131
380.478 240.06 131
379.291 236.802 131
378.077 233.562 131
377.832 230.264 131
380.546 226.707 131
378.251 223.579 131
377.918 220.279 131
378.551 216.87 131
378.16 213.568 131
378.732 210.139 131
377.292 206.975 131
377.804 203.537 131
377.297 200.242 131
377.747 196.787 131
377.181 193.493 131
376.587 190.204 131
374.982 187.111 131
373.351 184.041 131
371.696 180.994 131
372.945 177.32 131
0 260 131
0 260 131
0 260 131
0 260 131
0 260 131
0 260 131
0 260 131
0 260 131
72.6792 237.78 131
72.4825 237.146 131
0 260 131
0 260 131
0 260 131
39.5909 245.98 131
39.4671 245.635 131
36.5302 246.342 131
36.4096 246.024 131
35.3559 246.073 131
37.0874 245.016 131
36.0313 245.075 131
34.9792 245.152 131
34.8483 244.848 131
34.7147 244.544 131
32.7586 245.071 131
33.5334 244.363 131
34.2982 243.641 131
33.2554 243.78 131
34.0075 243.044 131
32.0762 243.656 131
31.0454 243.839 131
30.9032 243.568 131
29.8798 243.777 131
29.7371 243.516 131
28.7217 243.75 131
28.5788 243.5 131
29.2954 242.744 131
29.1437 242.489 131
28.9898 242.235 131
29.6817 241.453 131
29.5187 241.195 131
28.5148 241.482 131
28.3521 241.234 131
28.1873 240.987 131
27.1962 241.309 131
26.2129 241.646 131
26.0517 241.418 131
25.0795 241.779 131
24.1157 242.155 131
24.7577 241.344 131
35.7009 232.606 131
41.7646 227.37 131
32.8695 233.854 131
26.423 238.603 131
26.2352 238.373 131
23.7474 240.074 131
0 260 131
0 260 131
0 260 131
0 260 131
0 260 131
0 260 131
0 260 131
0 260 131
0 260 131
0 260 131
0 260 131
