-0 260 287
-0 260 287
-0 260 287
-0 260 287
-0 260 287
-0 260 287
-0 260 287
-0 260 287
-15.8489 246.223 287
-22.8122 240.517 287
-27.5776 236.86 287
-26.2352 238.373 287
-34.1944 232.31 287
-41.4782 227.007 287
-40.1886 228.601 287
-27.7674 238.693 287
-24.7577 241.344 287
-26.5273 240.371 287
-26.6976 240.603 287
-26.8658 240.837 287
-26.2129 241.646 287
-25.5479 242.441 287
-25.7002 242.665 287
-26.6843 242.338 287
-26.8375 242.572 287
-26.9885 242.806 287
-27.1375 243.043 287
-27.2845 243.28 287
-27.4294 243.519 287
-27.5721 243.759 287
-26.8468 244.5 287
-27.8514 244.242 287
-28.8625 244.001 287
-29.001 244.254 287
-30.0202 244.038 287
-30.1584 244.301 287
-29.4032 245.018 287
-30.4278 244.829 287
-30.559 245.095 287
-30.6879 245.363 287
-30.8145 245.631 287
-31.8486 245.486 287
-33.8012 244.951 287
-33.9312 245.246 287
-34.0587 245.543 287
-35.1074 245.458 287
-34.3058 246.14 287
-36.2863 245.706 287
-36.4096 246.024 287
-37.4669 245.992 287
-39.4671 245.635 287
-0 260 287
-0 260 287
-0 260 287
-71.3292 236.824 287
-71.5288 237.447 287
-0 260 287
-0 260 287
-0 260 287
-0 260 287
-0 260 287
-0 260 287
-0 260 287
-0 260 287
-0 260 287
-0 260 287
-0 260 287
-0 260 287
-0 260 287
-0 260 287
-0 260 287
-797.905 126.477 287
-809.904 131.724 287
-828.795 136.136 287
-764.487 152.558 287
-748.541 161.453 287
-784.111 163.723 287
-787.902 170.23 287
-790.645 176.9 287
-771.432 185.72 287
-741.169 195.156 287
-765.633 199.744 287
-769.122 206.218 287
-763.573 213.298 287
-778.931 219.178 287
-764.272 226.631 287
-802.969 252.993 287
-0 260 287
-0 260 287
-0 260 287
-0 260 287
-0 260 287
-0 260 287
-0 260 287
-0 260 287
-0 260 287
-0 260 287
-0 260 287
-0 260 287
-0 260 287
-0 260 287
-0 260 287
-0 260 287
-0 260 287
-0 260 287
-0 260 287
-0 260 287
-0 260 287
-0 260 287
-0 260 287
-0 260 287
-0 260 287
-0 260 287
-0 260 287
-0 260 287
-0 260 287
-0 260 287
-0 260 287
-0 260 287
-0 260 287
-0 260 287
-0 260 287
-0 260 287
-0 260 287
-0 260 287
-0 260 287
-0 260 287
-0 260 287
-0 260 287
-0 260 287
-0 260 287
-0 260 287
-0 260 287
-0 260 287
-0 260 287
-0 260 287
-0 260 287
-0 260 287
-0 260 287
-0 260 287
-0 260 287
-0 260 287
-0 260 287
-0 260 287
-0 260 287
-0 260 287
-0 260 287
-0 260 287
-0 260 287
-0 260 287
-0 260 287
-0 260 287
-0 260 287
-0 260 287
-0 260 287
-0 260 287
-0 260 287
-0 260 287
-0 260 287
-0 260 287
-0 260 287
-0 260 287
-0 260 287
-0 260 287
-0 260 287
-0 260 287
-0 260 287
-0 260 287
-0 260 287
-0 260 287
-0 260 287
-0 260 287
-0 260 287
-0 260 287
-0 260 287
-0 260 287
-0 260 287
-0 260 287
-0 260 287
-0 260 287
-0 260 287
-0 260 287
-0 260 287
-0 260 287
-0 260 287
-0 260 287
-0 260 287
-0 260 287
-0 260 287
-0 260 287
-0 260 287
-0 260 287
-0 260 287
-0 260 287
-0 260 287
-0 260 287
-0 260 287
-0 260 287
-0 260 287
-0 260 287
-0 260 287
-0 260 287
-0 260 287
-0 260 287
-0 260 287
-0 260 287
-0 260 287
-0 260 287
-0 260 287
-0 260 287
-0 260 287
-0 260 287
-0 260 287
-0 260 287
-0 260 287
-0 260 287
-0 260 287
-0 260 287
-0 260 287
-0 260 287
-0 260 287
-0 260 287
-0 260 287
-0 260 287
-0 260 287
-0 260 287
-0 260 287
-0 260 287
-0 260 287
-0 260 287
-0 260 287
-0 260 287
-0 260 287
-0 260 287
-0 260 287
-0 260 287
-0 260 287
-0 260 287
-0 260 287
-0 260 287
-0 260 287
-0 260 287
-0 260 287
-0 260 287
-0 260 287
-0 260 287
-0 260 287
-0 260 287
-0 260 287
-0 260 287
-0 260 287
-0 260 287
-0 260 287
-0 260 287
-0 260 287
-0 260 287
-0 260 287
-0 260 287
-0 260 287
-0 260 287
-0 260 287
-0 260 287
-0 260 287
-0 260 287
-0 260 287
-0 260 287
0 260 287
0 260 287
0 260 287
0 260 287
0 260 287
0 260 287
0 260 287
0 260 287
0 260 287
0 260 287
0 260 287
0 260 287
0 260 287
0 260 287
0 260 287
0 260 287
0 260 287
0 260 287
0 260 287
0 260 287
0 260 287
0 260 287
0 260 287
0 260 287
0 260 287
0 260 287
0 260 287
0 260 287
0 260 287
0 260 287
0 260 287
0 260 287
0 260 287
0 260 287
0 260 287
0 260 287
0 260 287
0 260 287
0 260 287
0 260 287
0 260 287
0 260 287
0 260 287
0 260 287
0 260 287
0 260 287
0 260 287
0 260 287
0 260 287
0 260 287
0 260 287
0 260 287
0 260 287
0 260 287
0 260 287
0 260 287
0 260 287
0 260 287
0 260 287
0 260 287
0 260 287
0 260 287
0 260 287
0 260 287
0 260 287
0 260 287
0 260 287
0 260 287
0 260 287
0 260 287
0 260 287
0 260 287
0 260 287
0 260 287
0 260 287
0 260 287
0 260 287
0 260 287
0 260 287
0 260 287
0 260 287
0 260 287
0 260 287
0 260 287
0 260 287
0 260 287
0 260 287
0 260 287
0 260 287
0 260 287
0 260 287
0 260 287
0 260 287
0 260 287
0 260 287
0 260 287
0 260 287
0 260 287
0 260 287
0 260 287
0 260 287
0 260 287
0 260 287
0 260 287
0 260 287
0 260 287
0 260 287
0 260 287
0 260 287
0 260 287
0 260 287
0 260 287
0 260 287
0 260 287
0 260 287
0 260 287
0 260 287
0 260 287
0 260 287
0 260 287
0 260 287
0 260 287
0 260 287
0 260 287
0 260 287
0 260 287
0 260 287
0 260 287
0 260 287
0 260 287
0 260 287
0 260 287
0 260 287
0 260 287
0 260 287
0 260 287
0 260 287
0 260 287
0 260 287
0 260 287
0 260 287
0 260 287
0 260 287
0 260 287
0 260 287
0 260 287
0 260 287
0 260 287
0 260 287
0 260 287
0 260 287
0 260 287
0 260 287
0 260 287
0 260 287
0 260 287
0 260 287
0 260 287
0 260 287
0 260 287
0 260 287
0 260 287
0 260 287
0 260 287
0 260 287
0 260 287
0 260 287
0 260 287
525.108 315.191 287
531.542 311.182 287
538.941 307.151 287
550.298 303.309 287
550.655 298.506 287
550.97 293.699 287
0 260 287
547.478 283.903 287
553.663 279.334 287
543.979 264.747 287
548 260 287
558.979 255.122 287
566.914 250.104 287
875.7 237.069 287
867.471 229.707 287
852.188 222.793 287
846.838 215.619 287
848.415 208.109 287
842.942 201.056 287
843.392 193.624 287
850.75 185.569 287
847.082 178.435 287
842.36 171.464 287
853.478 162.758 287
859.545 154.461 287
1154.34 46.0555 287
1177.95 31.0292 287
790.799 99.1101 287
1120.96 21.7332 287
0 260 287
0 260 287
0 260 287
0 260 287
0 260 287
0 260 287
0 260 287
0 260 287
0 260 287
71.7229 238.072 287
72.4825 237.146 287
0 260 287
0 260 287
0 260 287
39.5909 245.98 287
38.5274 245.977 287
36.5302 246.342 287
35.4761 246.382 287
35.3559 246.073 287
36.1602 245.39 287
35.1074 245.458 287
34.9792 245.152 287
33.0142 245.645 287
32.8876 245.357 287
32.7586 245.071 287
31.7208 245.208 287
33.3957 244.071 287
33.2554 243.78 287
32.2176 243.937 287
32.0762 243.656 287
30.1584 244.301 287
30.0202 244.038 287
29.001 244.254 287
29.7371 243.516 287
28.7217 243.75 287
28.5788 243.5 287
28.4338 243.251 287
29.1437 242.489 287
28.9898 242.235 287
29.6817 241.453 287
27.8319 242.269 287
27.6761 242.027 287
28.3521 241.234 287
27.3582 241.547 287
27.1962 241.309 287
26.2129 241.646 287
26.8658 240.837 287
25.0795 241.779 287
24.1157 242.155 287
23.9591 241.946 287
32.5275 235.041 287
39.4005 229.217 287
32.8695 233.854 287
27.2001 237.974 287
26.2352 238.373 287
23.7474 240.074 287
0 260 287
0 260 287
0 260 287
0 260 287
0 260 287
0 260 287
0 260 287
0 260 287
0 260 287
0 260 287
0 260 287
