-0 260 35
-0 260 35
-0 260 35
-0 260 35
-0 260 35
-0 260 35
-0 260 35
-0 260 35
-16.6036 245.567 35
-23.5726 239.867 35
-27.5776 236.86 35
-26.2352 238.373 35
-33.4173 232.939 35
-42.2608 226.384 35
-41.7646 227.37 35
-26.974 239.302 35
-26.355 240.14 35
-26.5273 240.371 35
-27.5066 240.015 35
-26.8658 240.837 35
-26.2129 241.646 35
-27.1962 241.309 35
-26.5292 242.106 35
-27.5182 241.786 35
-27.6761 242.027 35
-26.9885 242.806 35
-27.1375 243.043 35
-27.2845 243.28 35
-27.4294 243.519 35
-26.7105 244.266 35
-27.7128 244 35
-28.7217 243.75 35
-28.8625 244.001 35
-29.8798 243.777 35
-29.1373 244.507 35
-30.1584 244.301 35
-30.2942 244.564 35
-31.3227 244.383 35
-31.4578 244.657 35
-31.5905 244.932 35
-31.7208 245.208 35
-31.8486 245.486 35
-32.8876 245.357 35
-32.0971 246.044 35
-34.0587 245.543 35
-35.1074 245.458 35
-34.3058 246.14 35
-34.4255 246.439 35
-36.4096 246.024 35
-37.4669 245.992 35
-40.4068 245.293 35
-0 260 35
-0 260 35
-0 260 35
-69.4271 237.442 35
-72.4825 237.146 35
-0 260 35
-71.9115 238.699 35
-0 260 35
-0 260 35
-0 260 35
-0 260 35
-0 260 35
-0 260 35
-0 260 35
-0 260 35
-0 260 35
-0 260 35
-0 260 35
-0 260 35
-0 260 35
-602.621 159.156 35
-599.527 165.044 35
-882.202 128.154 35
-878.368 136.554 35
-879.412 144.223 35
-876.418 152.39 35
-870.369 160.834 35
-869.212 168.642 35
-878.935 175.368 35
-865.693 184.262 35
-865.324 191.898 35
-856.908 200.079 35
-850.411 207.987 35
-844.841 215.724 35
-847.193 223.011 35
-844.485 230.51 35
-839.712 238.011 35
-838.872 245.358 35
-837.968 252.687 35
-836 260 35
-834.968 267.287 35
-838.872 274.643 35
-842.711 282.067 35
-841.487 289.386 35
-845.195 296.902 35
-863.815 305.271 35
-879.357 313.784 35
-918.756 324.246 35
-897.226 330.613 35
-906.537 339.312 35
-904.815 347.124 35
-871.201 351.567 35
-873.35 359.506 35
-887.336 368.951 35
-888.335 376.952 35
-889.261 384.978 35
-893.081 393.472 35
-891.883 401.26 35
-893.575 409.533 35
-891.251 417.152 35
-0 260 35
-0 260 35
-0 260 35
-0 260 35
-0 260 35
-0 260 35
-0 260 35
-0 260 35
-0 260 35
-0 260 35
-0 260 35
-0 260 35
-0 260 35
-0 260 35
-0 260 35
-0 260 35
-0 260 35
-0 260 35
-0 260 35
-0 260 35
-0 260 35
-0 260 35
-0 260 35
-0 260 35
-0 260 35
-0 260 35
-0 260 35
-0 260 35
-0 260 35
-0 260 35
-0 260 35
-0 260 35
-0 260 35
-0 260 35
-0 260 35
-0 260 35
-0 260 35
-0 260 35
-0 260 35
-0 260 35
-0 260 35
-0 260 35
-0 260 35
-0 260 35
-0 260 35
-0 260 35
-0 260 35
-0 260 35
-0 260 35
-0 260 35
-0 260 35
-0 260 35
-0 260 35
-0 260 35
-0 260 35
-0 260 35
-0 260 35
-0 260 35
-0 260 35
-0 260 35
-0 260 35
-0 260 35
-0 260 35
-0 260 35
-0 260 35
-0 260 35
-0 260 35
-0 260 35
-0 260 35
-0 260 35
-0 260 35
-0 260 35
-0 260 35
-0 260 35
-0 260 35
-0 260 35
-0 260 35
-0 260 35
-0 260 35
-0 260 35
-0 260 35
-0 260 35
-0 260 35
-0 260 35
-0 260 35
-0 260 35
-0 260 35
-0 260 35
-0 260 35
-0 260 35
-0 260 35
-0 260 35
-0 260 35
-0 260 35
-0 260 35
-0 260 35
-0 260 35
-0 260 35
-0 260 35
-0 260 35
-0 260 35
-0 260 35
-0 260 35
-0 260 35
-0 260 35
-0 260 35
-0 260 35
-0 260 35
-0 260 35
-0 260 35
-0 260 35
-0 260 35
-0 260 35
-0 260 35
-0 260 35
-0 260 35
-0 260 35
-0 260 35
-0 260 35
-0 260 35
-0 260 35
-0 260 35
-0 260 35
-0 260 35
-0 260 35
-0 260 35
-0 260 35
-0 260 35
-0 260 35
-0 260 35
0 260 35
0 260 35
0 260 35
0 260 35
0 260 35
0 260 35
0 260 35
0 260 35
0 260 35
0 260 35
0 260 35
0 260 35
0 260 35
0 260 35
0 260 35
0 260 35
0 260 35
0 260 35
0 260 35
0 260 35
0 260 35
0 260 35
0 260 35
0 260 35
0 260 35
0 260 35
0 260 35
0 260 35
0 260 35
0 260 35
0 260 35
0 260 35
0 260 35
0 260 35
0 260 35
0 260 35
0 260 35
0 260 35
0 260 35
0 260 35
0 260 35
0 260 35
0 260 35
0 260 35
0 260 35
0 260 35
0 260 35
0 260 35
0 260 35
0 260 35
0 260 35
0 260 35
0 260 35
0 260 35
0 260 35
0 260 35
0 260 35
0 260 35
0 260 35
0 260 35
0 260 35
0 260 35
0 260 35
0 260 35
0 260 35
0 260 35
0 260 35
0 260 35
0 260 35
0 260 35
0 260 35
0 260 35
0 260 35
0 260 35
0 260 35
0 260 35
0 260 35
0 260 35
0 260 35
0 260 35
0 260 35
0 260 35
0 260 35
0 260 35
0 260 35
0 260 35
0 260 35
0 260 35
0 260 35
0 260 35
0 260 35
0 260 35
0 260 35
0 260 35
0 260 35
0 260 35
0 260 35
0 260 35
0 260 35
0 260 35
0 260 35
0 260 35
0 260 35
0 260 35
0 260 35
0 260 35
0 260 35
0 260 35
0 260 35
0 260 35
0 260 35
0 260 35
0 260 35
0 260 35
0 260 35
0 260 35
0 260 35
0 260 35
0 260 35
0 260 35
0 260 35
0 260 35
0 260 35
0 260 35
0 260 35
0 260 35
0 260 35
0 260 35
0 260 35
0 260 35
0 260 35
0 260 35
0 260 35
582.333 513.206 35
598.328 513.975 35
606.065 511.04 35
612.869 507.615 35
613.145 501.524 35
604.96 492.222 35
606.027 486.584 35
592.946 475.815 35
599.52 472.301 35
607.023 469.015 35
614.514 465.613 35
613.431 459.316 35
623.731 456.662 35
641.68 456.181 35
633.78 447.734 35
643.084 444.401 35
665.869 444.662 35
661.659 437.291 35
647.691 427.504 35
648.158 421.604 35
642.737 414.307 35
706.418 423.09 35
433.475 356.099 35
434.298 352.313 35
701.626 402.747 35
694.992 395.093 35
434.599 340.548 35
731.712 389.021 35
692.372 375.863 35
788.175 384.835 35
761.542 373.813 35
790.234 371.06 35
684.097 350.063 35
665.998 341.774 35
651.783 334.261 35
566.877 319.581 35
485.753 306.773 35
464.227 300.615 35
460.576 296.248 35
461.872 292.297 35
407.239 284.908 35
387.468 280.306 35
447.574 279.541 35
456.722 275.949 35
440.849 271.544 35
413.937 267.225 35
421.984 263.683 35
440 260 35
429.984 256.248 35
424.935 252.583 35
419.856 249.006 35
437.733 244.714 35
759.277 226.849 35
749.971 220.696 35
737.622 214.885 35
738.197 208.38 35
748.685 201.077 35
725.23 196.551 35
698.768 192.716 35
710.089 185.367 35
974.694 148.948 35
744.41 168.598 35
735.652 163.15 35
732.798 157.012 35
730.883 150.769 35
957.07 108.415 35
971.491 97.4281 35
976.929 87.741 35
974.406 79.4046 35
1136.72 39.0432 35
1084.78 39.2997 35
973.257 53.1279 35
921.623 55.681 35
0 260 35
0 260 35
0 260 35
0 260 35
0 260 35
0 260 35
0 260 35
0 260 35
71.7229 238.072 35
71.5288 237.447 35
0 260 35
0 260 35
0 260 35
40.5336 245.646 35
38.5274 245.977 35
37.4669 245.992 35
36.4096 246.024 35
36.2863 245.706 35
36.1602 245.39 35
36.0313 245.075 35
34.9792 245.152 35
33.9312 245.246 35
32.8876 245.357 35
32.7586 245.071 35
32.6271 244.786 35
33.3957 244.071 35
34.1542 243.342 35
34.0075 243.044 35
31.1852 244.11 35
31.0454 243.839 35
30.9032 243.568 35
29.8798 243.777 35
29.7371 243.516 35
29.5921 243.258 35
29.4449 243 35
29.2954 242.744 35
29.1437 242.489 35
29.8424 241.713 35
27.9856 242.513 35
27.8319 242.269 35
29.3535 240.938 35
28.3521 241.234 35
27.3582 241.547 35
28.0203 240.742 35
26.2129 241.646 35
26.8658 240.837 35
25.8885 241.191 35
24.1157 242.155 35
24.7577 241.344 35
35.7009 232.606 35
40.9766 227.986 35
30.5217 235.722 35
26.423 238.603 35
27.0069 237.737 35
22.9813 240.716 35
0 260 35
0 260 35
0 260 35
0 260 35
0 260 35
0 260 35
0 260 35
0 260 35
0 260 35
0 260 35
0 260 35
