-0 260 216
-0 260 216
-0 260 216
-0 260 216
-0 260 216
-0 260 216
-0 260 216
-0 260 216
-16.6036 245.567 216
-23.5726 239.867 216
-26.8116 237.502 216
-27.0069 237.737 216
-33.4173 232.939 216
-43.8261 225.139 216
-41.7646 227.37 216
-27.7674 238.693 216
-24.7577 241.344 216
-25.7234 240.966 216
-25.8885 241.191 216
-26.8658 240.837 216
-26.2129 241.646 216
-26.372 241.875 216
-26.5292 242.106 216
-27.5182 241.786 216
-26.8375 242.572 216
-25.3017 243.881 216
-26.2895 243.573 216
-27.2845 243.28 216
-27.4294 243.519 216
-26.7105 244.266 216
-27.7128 244 216
-26.981 244.735 216
-27.1132 244.971 216
-29.001 244.254 216
-29.1373 244.507 216
-30.1584 244.301 216
-31.1852 244.11 216
-30.4278 244.829 216
-31.4578 244.657 216
-31.5905 244.932 216
-30.8145 245.631 216
-31.8486 245.486 216
-32.8876 245.357 216
-33.0142 245.645 216
-34.0587 245.543 216
-35.1074 245.458 216
-35.233 245.765 216
-35.3559 246.073 216
-35.4761 246.382 216
-36.5302 246.342 216
-39.4671 245.635 216
-42.4189 244.979 216
-0 260 216
-0 260 216
-71.3292 236.824 216
-71.5288 237.447 216
-0 260 216
-0 260 216
-0 260 216
-0 260 216
-0 260 216
-0 260 216
-0 260 216
-0 260 216
-0 260 216
-0 260 216
-0 260 216
-0 260 216
-0 260 216
-0 260 216
-0 260 216
-0 260 216
-722.988 145.49 216
-722.971 151.951 216
-724.876 158.125 216
-724.746 164.585 216
-725.551 170.914 216
-725.307 177.362 216
-726.001 183.694 216
-726.639 190.033 216
-727.222 196.376 216
-726.753 202.803 216
-727.224 209.148 216
-727.64 215.496 216
-728.001 221.847 216
-728.306 228.202 216
-727.557 234.593 216
-727.751 240.943 216
-728.889 247.277 216
-727.972 253.647 216
-727 260 216
-726.972 266.344 216
-727.889 272.705 216
-726.751 279.031 216
-725.558 285.337 216
-725.309 291.668 216
-724.006 297.944 216
-723.648 304.26 216
-723.234 310.574 216
-721.768 316.804 216
-721.245 323.101 216
-720.667 329.392 216
-719.039 335.574 216
-716.365 341.62 216
-716.618 347.99 216
-714.832 354.109 216
-712.003 360.066 216
-712.091 366.423 216
-710.148 372.476 216
-709.139 378.669 216
-707.092 384.679 216
-705.977 390.845 216
-703.827 396.81 216
-701.626 402.748 216
-700.354 408.865 216
-698.052 414.754 216
-695.7 420.615 216
-693.3 426.447 216
-691.821 432.49 216
-689.321 438.271 216
-686.773 444.02 216
-683.214 449.472 216
-682.496 455.703 216
-678.844 461.083 216
-677.064 466.999 216
-673.324 472.298 216
-670.495 477.857 216
-668.568 483.7 216
-664.7 488.875 216
-661.734 494.333 216
-658.724 499.756 216
-655.67 505.145 216
-653.506 510.858 216
-650.362 516.184 216
-646.247 521.101 216
-643.02 526.348 216
-639.751 531.558 216
-636.44 536.732 216
-632.173 541.462 216
-628.783 546.553 216
-626.259 552.029 216
-622.784 557.053 216
-618.37 561.599 216
-613.925 566.092 216
-611.23 571.438 216
-608.489 576.76 216
-603.936 581.119 216
-599.353 585.422 216
-596.491 590.64 216
-592.712 595.341 216
-588.031 599.5 216
-584.185 604.111 216
-580.302 608.681 216
-575.532 612.687 216
-572.432 617.696 216
-567.602 621.603 216
-562.748 625.453 216
-559.537 630.35 216
-553.797 633.541 216
-549.692 637.793 216
-546.374 642.576 216
-540.573 645.587 216
-537.187 650.289 216
-532.153 653.773 216
-527.099 657.198 216
-522.82 661.174 216
-518.511 665.105 216
-514.174 668.992 216
-509.031 672.205 216
-505.414 676.631 216
-500.227 679.74 216
-495.024 682.791 216
-489.806 685.782 216
-485.323 689.378 216
-480.072 692.258 216
-474.807 695.08 216
-469.529 697.843 216
-465.69 701.924 216
-461.816 705.971 216
-456.48 708.582 216
-450.427 710.427 216
-445.778 713.627 216
-439.719 715.342 216
-435.728 719.162 216
-431.023 722.216 216
-424.946 723.747 216
-420.214 726.695 216
-414.8 728.846 216
-410.693 732.448 216
-403.957 732.973 216
-399.171 735.714 216
-394.368 738.407 216
-388.92 740.276 216
-384.714 743.652 216
-379.863 746.203 216
-374.388 747.912 216
-368.913 749.564 216
-363.437 751.157 216
-357.373 751.882 216
-352.487 754.168 216
-347.587 756.406 216
-342.109 757.772 216
-336.634 759.081 216
-332.266 761.999 216
-327.328 764.041 216
-320.231 762.661 216
-315.302 764.589 216
-300.437 750.268 216
-287.906 739.157 216
-281.176 737.343 216
-276 738.046 216
-281.174 756.973 216
-284.098 772.527 216
-278.184 772.35 216
-273.232 773.876 216
-267.814 774.466 216
-262.86 775.893 216
-257.456 776.377 216
-251.625 775.908 216
-246.683 777.181 216
-241.738 778.408 216
-236.79 779.588 216
-231.433 779.807 216
-225.692 779.056 216
-220.372 779.165 216
-215.451 780.144 216
-210.154 780.15 216
-204.874 780.103 216
-199.611 780.004 216
-194.715 780.79 216
-190.163 782.469 216
-184.595 781.281 216
-179.714 781.926 216
-174.518 781.578 216
-169.341 781.179 216
-164.185 780.729 216
-159.05 780.23 216
-154.22 780.639 216
-149.395 781.004 216
-144.309 780.36 216
-139.245 779.668 216
-134.454 779.895 216
-129.428 779.108 216
-124.426 778.273 216
-119.674 778.365 216
-114.713 777.437 216
-109.985 777.44 216
-105.067 776.42 216
-100.175 775.354 216
-95.3091 774.242 216
-90.6443 774.07 216
-85.8247 772.869 216
-81.033 771.623 216
-76.4174 771.321 216
-71.6741 769.988 216
-67.2209 770.594 216
-62.2752 767.191 216
-57.7336 766.722 216
-53.2049 766.212 216
-48.5938 764.666 216
-44.1008 764.075 216
-39.5433 762.446 216
-35.0875 761.775 216
-30.6463 761.064 216
-26.1679 759.315 216
-21.7224 757.526 216
-17.3101 755.698 216
-12.9837 755.83 216
-8.62145 753.925 216
-4.29342 751.981 216
3.70695e-05 751 216
4.27604 749.981 216
8.51681 747.926 216
12.6959 744.834 216
16.9263 744.705 216
21.0682 742.54 216
25.1736 740.341 216
29.3644 740.103 216
33.4134 737.833 216
37.5035 736.526 216
41.5733 735.185 216
45.5268 732.813 216
49.5465 731.403 216
53.0923 725.985 216
57.2786 726.497 216
61.2168 724.988 216
64.9939 722.455 216
68.8792 720.881 216
72.4292 717.3 216
76.5821 717.637 216
80.0518 713.996 216
84.0106 713.281 216
87.7722 711.548 216
90.9118 706.846 216
94.5998 705.057 216
98.6965 705.191 216
102.128 702.364 216
105.517 699.511 216
108.623 695.663 216
112.421 694.698 216
115.951 692.735 216
119.723 691.706 216
122.659 687.761 216
126.387 686.675 216
129.521 683.643 216
132.611 680.589 216
135.658 677.514 216
139.297 676.314 216
142.924 675.083 216
144.872 669.106 216
149.463 670.646 216
151.64 665.579 216
155.532 665.174 216
157.962 661.01 216
161.081 658.689 216
163.789 655.42 216
167.624 654.897 216
170.266 651.585 216
173.677 650.084 216
176.245 646.734 216
178.768 643.368 216
181.245 639.988 216
185.431 640.19 216
187.403 635.872 216
189.768 632.441 216
193.011 630.771 216
196.239 629.072 216
199.452 627.346 216
201.681 623.842 216
203.371 619.457 216
207 618.535 216
208.598 614.13 216
211.681 612.296 216
214.747 610.435 216
217.267 607.7 216
220.293 605.79 216
222.213 602.178 216
224.638 599.392 216
226.473 595.76 216
228.828 592.947 216
231.151 590.118 216
232.862 586.46 216
236.877 586.034 216
239.119 583.15 216
241.328 580.253 216
244.113 578.135 216
246.265 575.204 216
249.006 573.043 216
251.099 570.081 216
251.887 565.563 216
255.187 564.12 216
257.181 561.121 216
259.799 558.865 216
261.735 555.837 216
262.968 552.056 216
264.831 549.013 216
268.025 547.422 216
269.147 543.621 216
270.222 539.823 216
273.355 538.168 216
274.357 534.357 216
276.741 531.953 216
277.665 528.138 216
279.995 525.705 216
283.034 523.933 216
282.377 518.751 216
283.881 515.608 216
287.599 514.446 216
289.808 511.927 216
290.475 508.089 216
291.863 504.902 216
294.761 502.982 216
294.538 498.512 216
296.608 495.933 216
298.656 493.336 216
300.681 490.721 216
302.683 488.088 216
303.858 484.843 216
304.999 481.595 216
305.293 477.764 216
307.182 475.091 216
309.047 472.402 216
310.06 469.138 216
311.873 466.424 216
314.501 464.24 216
316.272 461.487 216
317.17 458.19 216
318.035 454.892 216
318.866 451.594 216
320.526 448.804 216
322.161 446 216
323.772 443.182 216
324.484 439.864 216
326.041 437.026 216
325.808 433.235 216
327.307 430.385 216
329.672 427.976 216
331.126 425.093 216
330.756 421.321 216
331.249 417.998 216
333.521 415.524 216
334.866 412.607 216
335.271 409.272 216
336.561 406.341 216
335.984 402.617 216
339.064 400.445 216
340.276 397.481 216
338.672 393.406 216
341.69 391.163 216
342.822 388.176 216
343.928 385.179 216
342.179 381.172 216
346.06 379.158 216
345.19 375.499 216
346.185 372.482 216
345.246 368.855 216
347.139 366.131 216
348.052 363.098 216
349.899 360.332 216
350.761 357.275 216
351.597 354.21 216
351.438 350.888 216
352.217 347.818 216
351.026 344.274 216
352.722 341.432 216
354.395 338.568 216
355.068 335.472 216
356.693 332.57 216
354.367 328.882 216
355.938 325.969 216
357.485 323.034 216
358.022 319.912 216
359.519 316.942 216
358.024 313.507 216
358.477 310.381 216
359.894 307.381 216
358.309 303.995 216
358.679 300.866 216
361.011 297.944 216
361.329 294.792 216
358.63 291.376 216
360.884 288.402 216
361.118 285.252 216
361.325 282.1 216
362.503 278.998 216
361.655 275.79 216
362.779 272.669 216
361.876 269.476 216
359.945 266.283 216
362.986 263.168 216
364 260 216
364.986 256.815 216
360.945 253.7 216
361.876 250.524 216
362.779 247.331 216
362.655 244.166 216
363.501 240.95 216
363.321 237.778 216
364.111 234.539 216
363.875 231.362 216
363.611 228.188 216
362.324 225.112 216
363 221.847 216
363.647 218.568 216
360.294 215.761 216
362.869 212.227 216
360.458 209.341 216
362.969 205.754 216
363.469 202.432 216
360.981 199.593 216
359.455 196.618 216
359.871 193.302 216
359.276 190.164 216
358.652 187.031 216
358.002 183.904 216
357.324 180.783 216
0 260 216
0 260 216
0 260 216
0 260 216
0 260 216
0 260 216
0 260 216
0 260 216
71.7229 238.072 216
72.4825 237.146 216
0 260 216
0 260 216
0 260 216
38.6483 246.314 216
37.5877 246.319 216
36.5302 246.342 216
35.4761 246.382 216
36.2863 245.706 216
37.0874 245.016 216
35.1074 245.458 216
34.0587 245.543 216
33.0142 245.645 216
32.8876 245.357 216
32.7586 245.071 216
31.7208 245.208 216
34.2982 243.641 216
32.3566 244.219 216
32.2176 243.937 216
32.0762 243.656 216
31.9324 243.377 216
30.0202 244.038 216
29.001 244.254 216
29.7371 243.516 216
29.5921 243.258 216
28.5788 243.5 216
28.4338 243.251 216
27.4294 243.519 216
28.9898 242.235 216
28.8336 241.983 216
27.8319 242.269 216
28.5148 241.482 216
28.3521 241.234 216
27.3582 241.547 216
26.372 241.875 216
25.3937 242.219 216
25.2376 241.998 216
25.8885 241.191 216
24.1157 242.155 216
23.9591 241.946 216
34.1142 233.823 216
40.9766 227.986 216
32.0869 234.477 216
25.6458 239.232 216
26.2352 238.373 216
23.7474 240.074 216
0 260 216
0 260 216
0 260 216
0 260 216
0 260 216
0 260 216
0 260 216
0 260 216
0 260 216
0 260 216
0 260 216
