-0 260 174
-0 260 174
-0 260 174
-0 260 174
-0 260 174
-0 260 174
-0 260 174
-0 260 174
-16.6036 245.567 174
-22.8122 240.517 174
-26.8116 237.502 174
-26.2352 238.373 174
-34.1944 232.31 174
-43.8261 225.139 174
-40.9766 227.986 174
-27.7674 238.693 174
-27.1536 239.538 174
-27.3311 239.776 174
-25.8885 241.191 174
-26.8658 240.837 174
-24.5746 242.793 174
-25.5479 242.441 174
-26.5292 242.106 174
-27.5182 241.786 174
-26.8375 242.572 174
-26.9885 242.806 174
-27.1375 243.043 174
-27.2845 243.28 174
-28.2865 243.004 174
-27.5721 243.759 174
-27.7128 244 174
-27.8514 244.242 174
-27.9878 244.486 174
-28.1222 244.731 174
-29.1373 244.507 174
-31.0454 243.839 174
-30.2942 244.564 174
-31.3227 244.383 174
-31.4578 244.657 174
-31.5905 244.932 174
-31.7208 245.208 174
-31.8486 245.486 174
-32.8876 245.357 174
-33.9312 245.246 174
-34.0587 245.543 174
-34.1835 245.841 174
-35.233 245.765 174
-34.4255 246.439 174
-36.4096 246.024 174
-37.4669 245.992 174
-40.4068 245.293 174
-42.4189 244.979 174
-0 260 174
-0 260 174
-70.3782 237.133 174
-72.4825 237.146 174
-0 260 174
-0 260 174
-0 260 174
-0 260 174
-0 260 174
-0 260 174
-0 260 174
-0 260 174
-0 260 174
-0 260 174
-0 260 174
-0 260 174
-0 260 174
-0 260 174
-0 260 174
-0 260 174
-718.049 146.272 174
-718.026 152.69 174
-718.935 158.96 174
-719.789 165.238 174
-719.596 171.645 174
-720.34 177.928 174
-721.028 184.217 174
-719.671 190.704 174
-722.241 196.812 174
-722.765 203.117 174
-722.236 209.496 174
-720.653 215.923 174
-721.011 222.214 174
-721.313 228.507 174
-722.56 234.768 174
-721.753 241.1 174
-720.89 247.417 174
-720.973 253.708 174
-721 260 174
-721.973 266.301 174
-720.89 272.583 174
-720.753 278.874 174
-720.561 285.163 174
-718.316 291.362 174
-718.015 297.63 174
-716.661 303.833 174
-717.249 310.155 174
-715.787 316.334 174
-713.275 322.404 174
-712.704 328.626 174
-712.078 334.842 174
-711.397 341.054 174
-710.663 347.259 174
-708.883 353.326 174
-707.051 359.37 174
-707.146 365.684 174
-705.209 371.694 174
-703.222 377.679 174
-701.183 383.638 174
-700.077 389.752 174
-697.937 395.665 174
-696.726 401.751 174
-694.485 407.617 174
-692.194 413.456 174
-689.854 419.265 174
-688.438 425.279 174
-685.999 431.039 174
-683.512 436.768 174
-680.978 442.468 174
-679.359 448.403 174
-676.728 454.049 174
-674.05 459.663 174
-671.326 465.245 174
-668.556 470.795 174
-666.691 476.621 174
-663.827 482.113 174
-659.972 487.247 174
-657.964 492.997 174
-654.966 498.388 174
-650.987 503.394 174
-647.905 508.707 174
-642.919 513.252 174
-641.611 519.228 174
-638.401 524.434 174
-633.307 528.823 174
-630.937 534.339 174
-626.692 539.021 174
-625.143 544.894 174
-621.727 549.916 174
-619.173 555.331 174
-614.775 559.846 174
-612.135 565.199 174
-608.557 570.076 174
-603.167 573.989 174
-600.404 579.241 174
-596.717 583.991 174
-592.992 588.701 174
-589.231 593.371 174
-585.433 598 174
-582.461 603.096 174
-576.016 606.106 174
-572.974 611.119 174
-569.888 616.106 174
-565.072 619.991 174
-561.071 624.364 174
-557.036 628.694 174
-552.139 632.423 174
-548.868 637.227 174
-542.279 639.708 174
-539.759 645.006 174
-533.951 647.938 174
-529.742 651.988 174
-527.099 657.198 174
-522.026 660.565 174
-516.935 663.874 174
-512.608 667.747 174
-508.253 671.576 174
-503.099 674.723 174
-498.695 678.455 174
-493.503 681.492 174
-488.297 684.47 174
-484.574 688.715 174
-479.328 691.589 174
-474.807 695.08 174
-469.529 697.843 174
-464.965 701.235 174
-460.377 704.581 174
-454.34 706.479 174
-449.72 709.72 174
-445.077 712.914 174
-439.024 714.623 174
-435.728 719.162 174
-430.341 721.484 174
-425.622 724.485 174
-419.545 725.952 174
-414.8 728.846 174
-408.725 730.184 174
-405.256 734.493 174
-399.171 735.714 174
-393.096 736.864 174
-389.549 741.053 174
-384.091 742.869 174
-379.863 746.203 174
-373.779 747.119 174
-368.913 749.564 174
-363.437 751.157 174
-357.373 751.882 174
-351.906 753.354 174
-346.44 754.768 174
-341.543 756.948 174
-336.634 759.081 174
-332.266 761.999 174
-326.783 763.202 174
-320.231 762.661 174
-315.302 764.589 174
-310.887 767.321 174
-305.418 768.3 174
-297.925 765.776 174
-282.5 749.304 174
-270.833 738.696 174
-266.16 740.166 174
-260.529 739.834 174
-268.068 764.163 174
-267.814 774.466 174
-262.86 775.893 174
-257.902 777.272 174
-252.063 776.807 174
-247.113 778.084 174
-241.738 778.408 174
-235.96 777.768 174
-231.433 779.807 174
-226.091 779.973 174
-221.545 781.926 174
-215.833 781.068 174
-210.529 781.077 174
-205.607 781.964 174
-200.328 781.871 174
-195.065 781.726 174
-190.163 782.469 174
-184.929 782.223 174
-179.714 781.926 174
-174.518 781.578 174
-169.65 782.13 174
-164.486 781.683 174
-159.343 781.186 174
-154.22 780.639 174
-149.671 781.965 174
-144.576 781.324 174
-139.503 780.634 174
-134.704 780.863 174
-129.67 780.079 174
-124.66 779.246 174
-119.899 779.339 174
-115.146 779.389 174
-110.193 778.418 174
-105.266 777.4 174
-100.556 777.318 174
-95.6736 776.209 174
-90.9916 776.039 174
-86.3199 775.827 174
-81.5023 774.586 174
-76.713 773.299 174
-71.9525 771.969 174
-67.482 772.577 174
-62.7627 771.161 174
-58.0732 769.702 174
-53.5185 769.195 174
-48.9771 768.647 174
-44.2751 766.067 174
-39.8572 766.434 174
-35.2967 764.767 174
-30.7684 763.06 174
-26.2726 761.312 174
-21.8969 761.522 174
-17.4846 760.695 174
-13.0623 758.829 174
-8.69126 757.924 174
-4.33705 756.981 174
3.73715e-05 755 174
4.30222 752.981 174
8.55172 749.925 174
12.8267 749.832 174
17.031 747.703 174
21.2863 747.536 174
25.4353 745.334 174
29.5475 743.097 174
33.7622 742.821 174
37.8958 741.511 174
41.9219 739.17 174
45.7185 734.804 174
50.0692 736.376 174
53.8848 732.94 174
57.888 731.459 174
61.8694 729.945 174
65.6897 727.407 174
69.7661 726.815 174
73.6807 725.201 174
77.2423 721.582 174
80.7464 717.936 174
84.9218 718.197 174
88.5354 715.475 174
92.5068 714.685 174
96.0552 711.904 174
99.9951 711.049 174
103.702 709.185 174
106.918 705.345 174
110.316 702.455 174
113.673 699.539 174
117.763 699.496 174
121.059 696.525 174
124.864 695.452 174
128.091 692.428 174
131.275 689.381 174
135.318 689.173 174
138.44 686.073 174
141.201 682.004 174
144.878 680.756 174
148.21 678.533 174
151.173 675.344 174
154.441 673.072 174
158.04 671.709 174
161.261 669.384 174
164.452 667.034 174
167.615 664.659 174
170.359 661.34 174
172.658 657.087 174
176.117 655.565 174
178.733 652.193 174
182.571 651.525 174
185.55 649.014 174
188.061 645.583 174
190.526 642.137 174
193.854 640.46 174
196.243 636.98 174
199.525 635.253 174
202.792 633.497 174
204.59 629.09 174
208.295 628.16 174
210.5 624.597 174
212.659 621.023 174
215.801 619.153 174
218.927 617.256 174
220.446 612.788 174
223.517 610.851 174
226.025 608.048 174
227.95 604.395 174
230.387 601.563 174
233.359 599.54 174
235.74 596.671 174
238.088 593.787 174
240.404 590.888 174
243.283 588.777 174
245.541 585.843 174
248.983 584.482 174
250.574 580.72 174
251.496 576.174 174
254.245 573.967 174
256.34 570.965 174
259.043 568.716 174
261.728 566.444 174
262.424 561.884 174
265.711 560.331 174
266.314 555.772 174
270.236 554.911 174
272.117 551.81 174
273.277 547.974 174
275.085 544.859 174
276.158 541.021 174
277.893 537.893 174
280.307 535.457 174
283.42 533.695 174
284.347 529.835 174
285.959 526.661 174
289.013 524.831 174
289.083 520.292 174
291.344 517.759 174
292.073 513.895 174
295.038 511.986 174
297.225 509.402 174
299.39 506.798 174
299.978 502.918 174
301.304 499.668 174
303.384 497.03 174
306.234 494.982 174
306.676 491.097 174
309.485 489.007 174
309.044 484.534 174
312.62 482.99 174
311.278 477.959 174
313.168 475.234 174
315.863 473.052 174
317.711 470.288 174
317.856 466.418 174
318.802 463.099 174
321.41 460.839 174
323.151 458.027 174
325.724 455.714 174
325.696 451.849 174
326.492 448.5 174
328.994 446.136 174
329.732 442.773 174
329.556 438.935 174
332.871 436.991 174
334.403 434.079 174
335.018 430.7 174
337.39 428.217 174
337.048 424.389 174
338.469 421.442 174
338.053 417.637 174
338.506 414.266 174
341.666 412.119 174
341.146 408.335 174
344.269 406.133 174
345.531 403.124 174
344.912 399.354 174
345.185 395.972 174
348.226 393.671 174
347.505 389.927 174
347.686 386.547 174
349.72 383.842 174
350.787 380.786 174
352.776 378.037 174
351.891 374.336 174
352.875 371.261 174
353.833 368.178 174
353.804 364.802 174
353.744 361.435 174
354.616 358.344 174
356.427 355.504 174
355.31 351.889 174
359.009 349.511 174
356.86 345.674 174
358.568 342.782 174
358.301 339.433 174
358.98 336.304 174
358.652 332.969 174
361.239 330.218 174
361.838 327.063 174
363.394 324.076 174
361.967 320.572 174
362.482 317.411 174
362.969 314.246 174
364.419 311.216 174
365.843 308.164 174
365.257 304.848 174
364.641 301.546 174
365.984 298.466 174
364.315 295.08 174
366.6 292.073 174
364.872 288.716 174
365.108 285.531 174
364.319 282.283 174
364.5 279.103 174
366.651 276.008 174
367.776 272.843 174
367.874 269.633 174
364.944 266.37 174
368.986 263.22 174
368 260 174
367.986 256.789 174
365.944 253.612 174
366.874 250.393 174
367.776 247.157 174
368.649 243.904 174
366.497 240.793 174
368.312 237.473 174
367.104 234.33 174
365.869 231.206 174
369.588 227.665 174
367.301 224.633 174
367.973 221.324 174
367.622 218.115 174
366.25 215.03 174
365.843 211.836 174
366.399 208.506 174
366.925 205.163 174
365.445 202.119 174
363.939 199.097 174
363.394 195.924 174
363.804 192.573 174
363.202 189.401 174
363.552 186.034 174
360.936 183.281 174
361.23 179.917 174
0 260 174
0 260 174
0 260 174
0 260 174
0 260 174
0 260 174
0 260 174
70.9527 238.983 174
71.7229 238.072 174
70.5751 237.748 174
0 260 174
0 260 174
0 260 174
40.5336 245.646 174
37.5877 246.319 174
37.4669 245.992 174
36.4096 246.024 174
36.2863 245.706 174
36.1602 245.39 174
35.1074 245.458 174
34.0587 245.543 174
34.8483 244.848 174
32.8876 245.357 174
33.6686 244.656 174
31.7208 245.208 174
34.2982 243.641 174
33.2554 243.78 174
33.1126 243.491 174
32.0762 243.656 174
31.0454 243.839 174
31.7861 243.099 174
29.8798 243.777 174
29.7371 243.516 174
28.7217 243.75 174
28.5788 243.5 174
29.2954 242.744 174
28.2865 243.004 174
28.9898 242.235 174
28.8336 241.983 174
27.8319 242.269 174
28.5148 241.482 174
28.3521 241.234 174
27.3582 241.547 174
26.372 241.875 174
27.032 241.072 174
26.8658 240.837 174
25.8885 241.191 174
24.9196 241.56 174
23.1604 242.547 174
34.1142 233.823 174
39.4005 229.217 174
34.4348 232.609 174
26.423 238.603 174
27.0069 237.737 174
23.7474 240.074 174
0 260 174
0 260 174
0 260 174
0 260 174
0 260 174
0 260 174
0 260 174
0 260 174
0 260 174
0 260 174
0 260 174
