-0 260 203
-0 260 203
-0 260 203
-0 260 203
-0 260 203
-0 260 203
-0 260 203
-0 260 203
-15.8489 246.223 203
-23.5726 239.867 203
-25.2795 238.788 203
-28.5501 236.465 203
-34.1944 232.31 203
-43.0435 225.762 203
-40.9766 227.986 203
-26.974 239.302 203
-26.355 240.14 203
-26.5273 240.371 203
-27.5066 240.015 203
-26.8658 240.837 203
-26.2129 241.646 203
-27.1962 241.309 203
-26.5292 242.106 203
-25.8505 242.89 203
-26.8375 242.572 203
-26.9885 242.806 203
-27.1375 243.043 203
-27.2845 243.28 203
-29.1437 242.489 203
-28.4338 243.251 203
-28.5788 243.5 203
-27.8514 244.242 203
-27.9878 244.486 203
-29.001 244.254 203
-30.9032 243.569 203
-30.1584 244.301 203
-30.2942 244.564 203
-30.4278 244.829 203
-31.4578 244.657 203
-31.5905 244.932 203
-32.6271 244.786 203
-32.7586 245.071 203
-32.8876 245.357 203
-33.0142 245.645 203
-33.1382 245.934 203
-34.1835 245.841 203
-34.3058 246.14 203
-35.3559 246.073 203
-37.3432 245.665 203
-38.4036 245.642 203
-39.4671 245.635 203
-0 260 203
-0 260 203
-0 260 203
-70.3782 237.133 203
-71.5288 237.447 203
-0 260 203
-71.9115 238.699 203
-0 260 203
-0 260 203
-0 260 203
-0 260 203
-0 260 203
-0 260 203
-0 260 203
-0 260 203
-0 260 203
-0 260 203
-0 260 203
-0 260 203
-0 260 203
-0 260 203
-732.865 143.926 203
-733.85 150.326 203
-733.789 156.873 203
-733.669 163.411 203
-736.469 169.573 203
-736.237 176.117 203
-736.941 182.545 203
-736.593 189.074 203
-737.184 195.505 203
-736.722 202.019 203
-738.197 208.38 203
-737.622 214.885 203
-735.99 221.429 203
-738.297 227.765 203
-737.55 234.244 203
-738.747 240.655 203
-736.888 247.138 203
-736.972 253.569 203
-738 260 203
-736.972 266.432 203
-735.888 272.845 203
-735.748 279.266 203
-735.552 285.686 203
-734.3 292.06 203
-733.993 298.467 203
-732.631 304.81 203
-732.212 311.201 203
-730.74 317.511 203
-731.207 323.972 203
-729.625 330.255 203
-726.995 336.41 203
-728.288 342.978 203
-725.551 349.087 203
-724.746 355.415 203
-721.905 361.457 203
-720.993 367.753 203
-719.037 373.884 203
-717.03 379.99 203
-715.955 386.242 203
-713.843 392.303 203
-712.661 398.527 203
-710.445 404.542 203
-709.157 410.736 203
-705.862 416.486 203
-703.495 422.415 203
-701.079 428.314 203
-699.583 434.426 203
-697.066 440.274 203
-694.501 446.091 203
-693.814 452.412 203
-690.186 457.908 203
-686.515 463.355 203
-683.758 469.046 203
-681.908 475.005 203
-678.103 480.329 203
-675.206 485.921 203
-673.209 491.805 203
-670.218 497.337 203
-667.182 502.834 203
-664.101 508.297 203
-660.041 513.366 203
-656.875 518.75 203
-653.665 524.098 203
-650.411 529.409 203
-647.115 534.684 203
-642.859 539.523 203
-639.482 544.716 203
-636.973 550.285 203
-632.603 554.988 203
-629.102 560.066 203
-625.561 565.106 203
-621.084 569.661 203
-618.358 575.069 203
-614.698 579.992 203
-610.117 584.405 203
-606.384 589.24 203
-602.613 594.034 203
-597.934 598.295 203
-594.959 603.5 203
-590.216 607.664 203
-586.302 612.286 203
-581.501 616.344 203
-578.369 621.405 203
-573.506 625.364 203
-568.619 629.265 203
-565.375 634.213 203
-560.429 638.014 203
-556.285 642.324 203
-551.289 646.017 203
-546.271 649.652 203
-541.232 653.228 203
-537.78 657.937 203
-532.69 661.411 203
-528.373 665.435 203
-523.239 668.799 203
-518.869 672.727 203
-512.916 675.352 203
-509.272 679.812 203
-504.057 682.954 203
-499.587 686.687 203
-495.089 690.375 203
-489.817 693.354 203
-483.787 695.604 203
-479.967 699.809 203
-474.649 702.617 203
-468.592 704.677 203
-463.974 708.055 203
-460.046 712.087 203
-454.67 714.67 203
-449.283 717.194 203
-444.581 720.378 203
-438.482 722.064 203
-433.751 725.141 203
-429 728.171 203
-423.56 730.411 203
-418.776 733.34 203
-412.661 734.712 203
-408.503 738.295 203
-403.028 740.31 203
-396.913 741.494 203
-392.067 744.162 203
-385.959 745.217 203
-381.094 747.779 203
-375.606 749.499 203
-370.116 751.161 203
-365.221 753.568 203
-360.9 756.736 203
-355.39 758.239 203
-349.882 759.683 203
-343.242 759.421 203
-338.312 761.568 203
-332.818 762.833 203
-328.962 766.557 203
-322.917 766.878 203
-310.003 756.108 203
-293.122 738.331 203
-286.876 737.442 203
-281.684 738.204 203
-286 755.367 203
-290.037 772.64 203
-284.583 773.402 203
-279.615 774.987 203
-273.702 774.758 203
-269.199 777.127 203
-264.222 778.566 203
-258.348 778.167 203
-253.378 779.503 203
-247.544 778.987 203
-242.583 780.221 203
-237.204 780.498 203
-231.84 780.721 203
-226.091 779.973 203
-221.545 781.926 203
-216.216 781.992 203
-210.903 782.005 203
-205.974 782.895 203
-200.328 781.871 203
-194.715 780.79 203
-189.821 781.529 203
-184.929 782.223 203
-179.714 781.926 203
-174.835 782.526 203
-169.65 782.13 203
-164.486 781.683 203
-159.635 782.142 203
-154.22 780.639 203
-149.395 781.004 203
-144.309 780.36 203
-139.245 779.668 203
-134.704 780.863 203
-129.428 779.108 203
-124.426 778.273 203
-119.449 777.391 203
-114.497 776.461 203
-109.777 776.462 203
-105.067 776.42 203
-99.9839 774.373 203
-95.3091 774.242 203
-90.4707 773.085 203
-85.6597 771.882 203
-81.033 771.623 203
-76.2696 770.332 203
-71.6741 769.988 203
-66.9599 768.611 203
-62.2752 767.191 203
-57.6204 765.728 203
-52.9959 764.223 203
-48.4021 762.675 203
-43.9265 762.082 203
-39.3864 760.453 203
-34.8782 758.782 203
-30.5242 759.067 203
-26.0633 757.318 203
-21.6352 755.528 203
-17.2752 754.698 203
-12.9314 753.831 203
-8.56909 750.925 203
-4.26724 748.981 203
3.67675e-05 747 203
4.24986 746.981 203
8.48191 745.926 203
12.6697 743.834 203
16.8216 741.706 203
20.9373 739.543 203
25.069 738.344 203
28.9981 734.114 203
33.2041 734.84 203
37.1896 732.539 203
41.2247 731.2 203
44.9517 726.841 203
49.1284 727.425 203
53.0923 725.985 203
56.7911 722.527 203
60.8252 722.013 203
64.5764 719.484 203
68.288 716.925 203
72.1163 715.324 203
76.087 714.678 203
79.3572 710.057 203
83.4639 710.331 203
86.8181 706.64 203
90.5131 704.886 203
94.184 703.101 203
97.6143 700.309 203
101.228 698.467 203
104.584 695.622 203
108.139 693.722 203
111.92 692.762 203
114.916 688.871 203
117.852 684.961 203
121.556 683.916 203
124.399 679.963 203
127.766 677.905 203
130.807 674.867 203
134.113 672.759 203
138.028 672.521 203
141.297 670.355 203
144.205 667.221 203
147.411 665.008 203
149.889 660.896 203
153.023 658.639 203
156.863 658.219 203
159.582 654.98 203
162.64 652.649 203
166.061 651.215 203
168.671 647.916 203
171.236 644.603 203
173.342 640.364 203
176.654 638.837 203
178.662 634.573 203
182.362 633.898 203
184.726 630.503 203
187.952 628.877 203
191.164 627.222 203
193.892 624.657 203
195.635 620.315 203
198.287 617.719 203
201.401 615.975 203
204 613.338 203
206.061 609.821 203
209.105 608.01 203
211.089 604.467 203
213.028 600.915 203
215.457 598.2 203
219.49 597.984 203
221.327 594.388 203
223.677 591.615 203
225.996 588.826 203
227.71 585.203 203
231.12 584.018 203
232.175 579.562 203
234.955 577.523 203
237.115 574.662 203
239.243 571.788 203
242.571 570.476 203
244.026 566.782 203
246.064 563.864 203
248.707 561.705 203
251.33 559.523 203
251.986 555.038 203
254.551 552.827 203
256.434 549.846 203
257.615 546.111 203
259.427 543.114 203
262.569 541.571 203
264.328 538.544 203
265.36 534.788 203
268.448 533.175 203
268.701 528.701 203
270.322 525.645 203
273.349 523.97 203
273.466 519.51 203
275.72 517.113 203
278.691 515.373 203
280.166 512.262 203
281.607 509.145 203
283.771 506.678 203
283.631 502.244 203
285.735 499.76 203
289.359 498.529 203
289.875 494.736 203
291.13 491.575 203
292.352 488.41 203
294.334 485.85 203
296.294 483.273 203
297.427 480.084 203
299.336 477.481 203
300.409 474.279 203
300.629 470.503 203
301.63 467.305 203
305.086 465.783 203
306.036 462.561 203
307.792 459.883 203
308.681 456.652 203
309.538 453.421 203
311.214 450.712 203
312.009 447.474 203
311.91 443.729 203
314.367 441.5 203
316.809 439.242 203
317.487 435.986 203
318.132 432.731 203
318.744 429.479 203
320.211 426.691 203
321.653 423.891 203
320.387 419.739 203
322.667 417.375 203
324.028 414.553 203
326.271 412.143 203
326.676 408.875 203
327.049 405.612 203
327.39 402.353 203
329.541 399.882 203
328.901 396.235 203
330.077 393.36 203
332.159 390.841 203
332.355 387.579 203
333.455 384.674 203
333.591 381.417 203
335.58 378.835 203
335.659 375.577 203
336.655 372.643 203
335.723 369.083 203
337.616 366.45 203
339.488 363.792 203
341.34 361.109 203
341.248 357.851 203
341.125 354.602 203
341.938 351.622 203
342.724 348.635 203
341.544 345.157 203
344.219 342.64 203
344.927 339.633 203
346.585 336.836 203
346.264 333.601 203
345.913 330.377 203
347.496 327.546 203
348.072 324.511 203
348.622 321.471 203
348.159 318.262 203
346.679 314.908 203
348.134 312.029 203
349.565 309.128 203
349.98 306.076 203
349.376 302.898 203
350.731 299.961 203
350.072 296.794 203
348.389 293.546 203
351.657 290.766 203
351.912 287.696 203
351.143 284.554 203
353.34 281.611 203
351.518 278.422 203
353.663 275.441 203
351.786 272.285 203
350.88 269.188 203
352.946 266.161 203
352.987 263.08 203
354 260 203
353.987 256.911 203
352.946 253.839 203
353.879 250.733 203
353.784 247.646 203
354.662 244.515 203
354.513 241.421 203
352.342 238.45 203
353.138 235.306 203
353.906 232.147 203
351.657 229.234 203
353.366 225.975 203
354.05 222.788 203
352.718 219.813 203
351.361 216.858 203
351.963 213.663 203
352.535 210.454 203
352.09 207.38 203
352.605 204.153 203
351.118 201.243 203
350.592 198.181 203
350.039 195.124 203
348.478 192.263 203
348.853 189.025 203
349.199 185.776 203
347.561 182.948 203
0 260 203
0 260 203
0 260 203
0 260 203
0 260 203
0 260 203
0 260 203
0 260 203
71.7229 238.072 203
70.5751 237.748 203
0 260 203
0 260 203
43.4939 245.024 203
39.5909 245.98 203
37.5877 246.319 203
37.4669 245.992 203
36.4096 246.024 203
35.3559 246.073 203
35.233 245.765 203
36.0313 245.075 203
34.9792 245.152 203
33.9312 245.246 203
32.8876 245.357 203
32.7586 245.071 203
32.6271 244.786 203
33.3957 244.071 203
33.2554 243.78 203
34.0075 243.044 203
32.0762 243.656 203
31.0454 243.839 203
30.9032 243.568 203
29.8798 243.777 203
28.8625 244.001 203
29.5921 243.258 203
28.5788 243.5 203
28.4338 243.251 203
28.2865 243.004 203
30.695 241.19 203
29.6817 241.453 203
27.8319 242.269 203
28.5148 241.482 203
28.3521 241.234 203
26.5292 242.106 203
27.1962 241.309 203
25.3937 242.219 203
26.8658 240.837 203
25.0795 241.779 203
24.1157 242.155 203
23.9591 241.946 203
34.9075 233.214 203
40.9766 227.986 203
33.6522 233.232 203
26.423 238.603 203
26.2352 238.373 203
24.5134 239.431 203
0 260 203
0 260 203
0 260 203
0 260 203
0 260 203
0 260 203
0 260 203
0 260 203
0 260 203
0 260 203
0 260 203
