-0 260 57
-0 260 57
-0 260 57
-0 260 57
-0 260 57
-0 260 57
-0 260 57
-0 260 57
-16.6036 245.567 57
-22.8122 240.517 57
-26.0455 238.145 57
-27.0069 237.737 57
-33.4173 232.939 57
-43.8261 225.139 57
-40.9766 227.986 57
-27.7674 238.693 57
-25.5563 240.742 57
-27.3311 239.776 57
-26.6976 240.603 57
-26.0517 241.418 57
-26.2129 241.646 57
-26.372 241.875 57
-25.7002 242.665 57
-25.8505 242.89 57
-27.6761 242.027 57
-26.1451 243.344 57
-27.9856 242.513 57
-27.2845 243.28 57
-26.5722 244.034 57
-28.4338 243.251 57
-28.5788 243.5 57
-26.981 244.735 57
-27.9878 244.486 57
-29.001 244.254 57
-29.1373 244.507 57
-30.1584 244.301 57
-29.4032 245.018 57
-29.5328 245.275 57
-31.4578 244.657 57
-31.5905 244.932 57
-30.8145 245.631 57
-30.9387 245.9 57
-32.8876 245.357 57
-32.0971 246.044 57
-34.0587 245.543 57
-34.1835 245.841 57
-34.3058 246.14 57
-35.3559 246.073 57
-36.4096 246.024 57
-36.5302 246.342 57
-39.4671 245.635 57
-42.4189 244.979 57
-0 260 57
-0 260 57
-70.3782 237.133 57
-70.5751 237.748 57
-0 260 57
-71.9115 238.699 57
-0 260 57
-0 260 57
-0 260 57
-0 260 57
-0 260 57
-0 260 57
-0 260 57
-0 260 57
-0 260 57
-0 260 57
-0 260 57
-0 260 57
-0 260 57
-0 260 57
-715.086 146.742 57
-716.048 152.986 57
-716.954 159.239 57
-716.815 165.63 57
-717.611 171.889 57
-719.346 178.041 57
-717.05 184.635 57
-718.676 190.799 57
-720.249 196.987 57
-718.777 203.431 57
-720.241 209.636 57
-719.655 215.984 57
-719.013 222.318 57
-718.316 228.638 57
-719.561 234.872 57
-717.754 241.205 57
-717.891 247.469 57
-718.973 253.726 57
-718 260 57
-716.973 266.257 57
-716.891 272.513 57
-716.754 278.769 57
-715.564 284.988 57
-716.318 291.275 57
-714.02 297.42 57
-712.668 303.589 57
-713.258 309.876 57
-711.799 316.02 57
-710.287 322.142 57
-709.717 328.338 57
-709.094 334.529 57
-707.423 340.601 57
-706.693 346.771 57
-705.909 352.935 57
-702.1 358.674 57
-701.212 364.797 57
-700.271 370.912 57
-698.29 376.854 57
-696.259 382.769 57
-695.161 388.841 57
-692.047 394.52 57
-691.827 400.754 57
-688.616 406.37 57
-687.312 412.374 57
-684.982 418.141 57
-682.604 423.879 57
-680.177 429.587 57
-677.703 435.266 57
-676.148 441.173 57
-673.578 446.8 57
-670.961 452.395 57
-667.339 457.675 57
-665.588 463.491 57
-662.833 468.991 57
-660.033 474.458 57
-657.188 479.892 57
-654.299 485.293 57
-650.423 490.327 57
-648.388 495.994 57
-644.43 500.943 57
-641.37 506.199 57
-638.266 511.42 57
-636.048 516.98 57
-631.934 521.756 57
-628.705 526.869 57
-624.518 531.548 57
-622.124 536.988 57
-618.774 541.991 57
-616.289 547.38 57
-611.05 551.456 57
-607.585 556.339 57
-604.081 561.184 57
-600.538 565.99 57
-596.958 570.757 57
-594.224 575.954 57
-589.686 580.174 57
-585.121 584.338 57
-580.527 588.447 57
-577.639 593.5 57
-573.845 598.021 57
-570.873 603.015 57
-566.153 606.939 57
-561.408 610.807 57
-558.325 615.692 57
-553.523 619.462 57
-550.365 624.278 57
-545.507 627.949 57
-539.803 630.996 57
-538.183 636.84 57
-532.432 639.78 57
-529.097 644.412 57
-524.115 647.825 57
-503.939 639.745 57
-481.565 629.518 57
-475.17 631.244 57
-482.087 643.469 57
-500.482 665.282 57
-496.926 669.634 57
-491.8 672.67 57
-488.181 676.946 57
-483.014 679.878 57
-478.583 683.414 57
-472.64 685.567 57
-468.908 689.675 57
-463.678 692.387 57
-457.711 694.352 57
-454.623 699.024 57
-449.348 701.573 57
-444.063 704.063 57
-440.171 707.921 57
-434.161 709.587 57
-428.156 711.183 57
-425.567 716.365 57
-419.541 717.849 57
-414.861 720.75 57
-410.162 723.604 57
-404.132 724.901 57
-400.06 728.41 57
-395.314 731.117 57
-389.28 732.234 57
-384.515 734.836 57
-379.734 737.391 57
-374.938 739.899 57
-368.909 740.772 57
-364.098 743.175 57
-359.273 745.53 57
-354.434 747.837 57
-349.002 749.283 57
-343.572 750.672 57
-337.578 751.179 57
-333.279 754.106 57
-327.299 754.494 57
-322.971 757.332 57
-317.544 758.444 57
-312.122 759.5 57
-307.752 762.205 57
-301.812 762.3 57
-296.91 764.053 57
-291.5 764.893 57
-287.083 767.417 57
-281.19 767.279 57
-276.275 768.835 57
-270.885 769.461 57
-265.044 769.144 57
-261.044 772.329 57
-255.225 771.902 57
-249.872 772.313 57
-245.391 774.474 57
-240.047 774.783 57
-234.302 774.128 57
-229.399 775.24 57
-224.496 776.305 57
-219.591 777.324 57
-214.303 777.373 57
-209.03 777.369 57
-204.141 778.243 57
-198.894 778.137 57
-194.015 778.916 57
-188.795 778.71 57
-183.928 779.395 57
-178.411 778.144 57
-173.566 778.733 57
-168.723 779.277 57
-163.584 778.822 57
-158.465 778.317 57
-153.652 778.721 57
-148.568 778.12 57
-143.774 778.433 57
-138.986 778.702 57
-133.953 777.959 57
-129.186 778.138 57
-124.426 778.273 57
-119.449 777.391 57
-114.28 775.484 57
-109.777 776.462 57
-104.867 775.44 57
-99.7931 773.391 57
-95.1269 773.259 57
-90.6443 774.07 57
-85.8247 772.869 57
-81.1894 772.61 57
-76.5652 772.31 57
-71.8133 770.978 57
-67.0904 769.603 57
-62.6408 770.169 57
-57.8468 767.715 57
-53.2049 766.212 57
-48.7854 766.657 57
-44.2751 766.067 57
-39.7003 764.44 57
-35.1572 762.772 57
-30.7074 762.062 57
-26.2203 760.313 57
-21.766 758.525 57
-17.4148 758.696 57
-13.0099 756.83 57
-8.6389 754.925 57
-4.31087 753.981 57
3.7145e-05 752 57
4.29349 751.981 57
8.56917 750.925 57
12.8006 748.832 57
17.031 747.703 57
21.1991 745.537 57
25.383 744.335 57
29.5475 743.097 57
33.6227 740.826 57
37.7389 739.517 57
41.5733 735.185 57
45.9101 736.795 57
49.8601 734.387 57
53.5452 729.959 57
57.6442 729.474 57
61.7389 728.953 57
65.5506 726.416 57
69.1748 722.859 57
73.5242 724.214 57
77.2423 721.582 57
81.0937 719.905 57
84.7395 717.214 57
88.5354 715.475 57
92.108 712.725 57
96.0552 711.904 57
99.7787 710.072 57
103.478 708.21 57
107.151 706.318 57
110.8 704.395 57
113.923 700.507 57
117.763 699.496 57
120.792 695.561 57
124.588 694.49 57
121.843 671.334 57
118.411 647.303 57
122.087 647.209 57
125.461 646.129 57
129.46 646.916 57
132.832 645.772 57
139.865 654.967 57
151.515 676.284 57
155.142 674.946 57
157.682 670.775 57
160.161 666.592 57
164.452 667.034 57
167.615 664.659 57
170.359 661.34 57
173.057 658.004 57
176.93 657.392 57
179.148 653.103 57
182.994 652.431 57
175.649 628.255 57
177.102 623.113 57
180.264 621.553 57
183.412 619.967 57
186.546 618.352 57
190.136 617.594 57
194.681 618.557 57
205.559 630.839 57
208.295 628.16 57
211.5 626.329 57
212.659 621.023 57
216.316 620.01 57
218.404 616.404 57
220.976 613.636 57
224.054 611.694 57
227.114 609.726 57
229.054 606.063 57
232.065 604.051 57
234.492 601.188 57
236.887 598.31 57
239.25 595.416 57
240.992 591.697 57
243.877 589.581 57
245.541 585.843 57
249.592 585.275 57
251.806 582.296 57
253.363 578.522 57
256.133 576.298 57
258.248 573.28 57
260.329 570.248 57
261.728 566.444 57
264.392 564.148 57
267.036 561.829 57
270.329 560.23 57
272.263 557.123 57
272.799 552.541 57
274.653 549.424 57
276.474 546.297 57
280.364 545.3 57
280.721 540.721 57
284.587 539.663 57
284.139 534.39 57
287.974 533.277 57
288.153 528.707 57
289.013 524.831 57
291.313 522.299 57
293.591 519.747 57
295.091 516.519 57
298.079 514.584 57
298.757 510.687 57
301.705 508.707 57
303.087 505.435 57
304.435 502.158 57
306.536 499.492 57
307.821 496.199 57
308.273 492.301 57
311.093 490.196 57
313.09 487.473 57
314.249 484.151 57
314.554 480.253 57
316.464 477.5 57
318.35 474.73 57
319.378 471.392 57
319.533 467.507 57
323.019 465.786 57
323.954 462.429 57
325.709 459.594 57
325.724 455.714 57
328.281 453.372 57
328.224 449.5 57
330.735 447.121 57
333.23 444.712 57
331.314 439.889 57
334.637 437.93 57
335.29 434.541 57
335.909 431.154 57
338.285 428.663 57
339.744 425.704 57
339.372 421.872 57
341.678 419.327 57
340.326 415.095 57
343.493 412.933 57
344.815 409.93 57
343.348 405.743 57
345.531 403.124 57
345.84 399.728 57
347.976 397.071 57
348.226 393.671 57
349.379 390.627 57
350.505 387.574 57
351.605 384.51 57
352.678 381.437 57
353.725 378.355 57
354.744 375.263 57
355.736 372.163 57
354.789 368.47 57
353.804 364.802 57
355.667 361.986 57
357.507 359.145 57
358.358 356.022 57
358.215 352.641 57
359.009 349.511 57
359.777 346.375 57
360.517 343.232 57
361.23 340.083 57
360.936 336.719 57
361.592 333.567 57
363.202 330.599 57
363.804 327.427 57
363.394 324.076 57
364.926 321.068 57
365.445 317.881 57
364.947 314.542 57
365.409 311.355 57
363.86 307.903 57
366.25 304.97 57
367.622 301.885 57
365.984 298.466 57
366.306 295.271 57
368.592 292.248 57
366.866 288.873 57
366.106 285.601 57
367.314 282.466 57
368.494 279.312 57
367.65 276.052 57
367.776 272.843 57
367.874 269.633 57
369.944 266.457 57
367.986 263.211 57
368 260 57
368.986 256.78 57
369.944 253.543 57
370.873 250.288 57
368.775 247.122 57
369.648 243.861 57
369.493 240.636 57
369.31 237.412 57
368.101 234.26 57
368.859 230.97 57
366.6 227.927 57
369.292 224.441 57
368.968 221.22 57
368.615 218.002 57
369.227 214.665 57
368.817 211.444 57
366.399 208.506 57
367.914 205.015 57
368.408 201.65 57
366.898 198.602 57
366.348 195.403 57
364.788 192.391 57
365.165 189.019 57
364.532 185.835 57
362.893 182.865 57
362.206 179.701 57
0 260 57
0 260 57
0 260 57
0 260 57
0 260 57
0 260 57
0 260 57
0 260 57
71.7229 238.072 57
71.5288 237.447 57
73.2314 236.206 57
0 260 57
42.5483 245.349 57
38.6483 246.314 57
37.5877 246.319 57
36.5302 246.342 57
36.4096 246.024 57
36.2863 245.706 57
36.1602 245.39 57
35.1074 245.458 57
33.1382 245.934 57
33.0142 245.645 57
33.8012 244.951 57
32.7586 245.071 57
31.7208 245.208 57
33.3957 244.071 57
32.3566 244.219 57
34.0075 243.044 57
32.0762 243.656 57
30.1584 244.301 57
30.9032 243.568 57
29.8798 243.777 57
29.7371 243.516 57
28.7217 243.75 57
28.5788 243.5 57
28.4338 243.251 57
27.4294 243.519 57
28.9898 242.235 57
27.9856 242.513 57
27.8319 242.269 57
28.5148 241.482 57
27.5182 241.786 57
27.3582 241.547 57
26.372 241.875 57
25.3937 242.219 57
25.2376 241.998 57
24.2705 242.366 57
24.1157 242.155 57
23.9591 241.946 57
35.7009 232.606 57
39.4005 229.217 57
33.6522 233.232 57
26.423 238.603 57
24.692 239.645 57
23.7474 240.074 57
0 260 57
0 260 57
0 260 57
0 260 57
0 260 57
0 260 57
0 260 57
0 260 57
0 260 57
0 260 57
0 260 57
