-0 260 283
-0 260 283
-0 260 283
-0 260 283
-0 260 283
-0 260 283
-0 260 283
-0 260 283
-16.6036 245.567 283
-22.8122 240.517 283
-26.0455 238.145 283
-27.0069 237.737 283
-34.9716 231.681 283
-42.2608 226.384 283
-40.9766 227.986 283
-27.7674 238.693 283
-24.7577 241.344 283
-26.5273 240.371 283
-27.5066 240.015 283
-26.0517 241.418 283
-25.3937 242.219 283
-25.5479 242.441 283
-26.5292 242.106 283
-25.8505 242.89 283
-25.9988 243.116 283
-26.1451 243.344 283
-27.1375 243.043 283
-27.2845 243.28 283
-27.4294 243.519 283
-27.5721 243.759 283
-28.5788 243.5 283
-27.8514 244.242 283
-27.1132 244.971 283
-29.001 244.254 283
-30.0202 244.038 283
-30.1584 244.301 283
-30.2942 244.564 283
-30.4278 244.829 283
-30.559 245.095 283
-31.5905 244.932 283
-30.8145 245.631 283
-32.7586 245.071 283
-31.9741 245.764 283
-33.0142 245.645 283
-34.0587 245.543 283
-35.1074 245.458 283
-34.3058 246.14 283
-35.3559 246.073 283
-35.4761 246.382 283
-37.4669 245.992 283
-39.4671 245.635 283
-0 260 283
-0 260 283
-0 260 283
-70.3782 237.133 283
-72.4825 237.146 283
-0 260 283
-69.035 239.551 283
-0 260 283
-0 260 283
-0 260 283
-0 260 283
-0 260 283
-0 260 283
-0 260 283
-0 260 283
-0 260 283
-0 260 283
-0 260 283
-0 260 283
-0 260 283
-0 260 283
-790.151 134.853 283
-794.18 141.309 283
-796.176 148.105 283
-1057.87 120.729 283
-1057.06 130.209 283
-1061.13 139.099 283
-0 260 283
-0 260 283
-0 260 283
-0 260 283
-0 260 283
-0 260 283
-0 260 283
-0 260 283
-0 260 283
-0 260 283
-0 260 283
-0 260 283
-0 260 283
-0 260 283
-0 260 283
-0 260 283
-0 260 283
-0 260 283
-0 260 283
-0 260 283
-0 260 283
-0 260 283
-0 260 283
-0 260 283
-0 260 283
-0 260 283
-0 260 283
-0 260 283
-0 260 283
-0 260 283
-0 260 283
-0 260 283
-0 260 283
-0 260 283
-0 260 283
-0 260 283
-0 260 283
-0 260 283
-0 260 283
-0 260 283
-0 260 283
-0 260 283
-0 260 283
-0 260 283
-0 260 283
-0 260 283
-0 260 283
-0 260 283
-0 260 283
-0 260 283
-0 260 283
-0 260 283
-0 260 283
-0 260 283
-0 260 283
-0 260 283
-0 260 283
-0 260 283
-0 260 283
-0 260 283
-0 260 283
-0 260 283
-0 260 283
-0 260 283
-0 260 283
-0 260 283
-0 260 283
-0 260 283
-0 260 283
-0 260 283
-0 260 283
-0 260 283
-0 260 283
-0 260 283
-0 260 283
-0 260 283
-0 260 283
-0 260 283
-0 260 283
-0 260 283
-0 260 283
-0 260 283
-0 260 283
-0 260 283
-0 260 283
-0 260 283
-0 260 283
-0 260 283
-0 260 283
-0 260 283
-0 260 283
-0 260 283
-0 260 283
-0 260 283
-0 260 283
-0 260 283
-0 260 283
-0 260 283
-0 260 283
-0 260 283
-0 260 283
-0 260 283
-0 260 283
-0 260 283
-0 260 283
-0 260 283
-0 260 283
-0 260 283
-0 260 283
-0 260 283
-0 260 283
-0 260 283
-0 260 283
-0 260 283
-0 260 283
-0 260 283
-0 260 283
-0 260 283
-0 260 283
-0 260 283
-0 260 283
-0 260 283
-0 260 283
-0 260 283
-0 260 283
-0 260 283
-0 260 283
-0 260 283
-0 260 283
-0 260 283
-0 260 283
-0 260 283
-0 260 283
-0 260 283
-0 260 283
-0 260 283
-0 260 283
-0 260 283
-0 260 283
-0 260 283
-0 260 283
-0 260 283
-0 260 283
-0 260 283
-0 260 283
-0 260 283
-0 260 283
0 260 283
0 260 283
0 260 283
0 260 283
0 260 283
0 260 283
0 260 283
0 260 283
0 260 283
0 260 283
0 260 283
0 260 283
0 260 283
0 260 283
0 260 283
0 260 283
0 260 283
0 260 283
0 260 283
0 260 283
0 260 283
0 260 283
0 260 283
0 260 283
0 260 283
0 260 283
0 260 283
0 260 283
0 260 283
0 260 283
0 260 283
0 260 283
0 260 283
0 260 283
0 260 283
0 260 283
0 260 283
0 260 283
0 260 283
0 260 283
0 260 283
0 260 283
0 260 283
0 260 283
0 260 283
0 260 283
0 260 283
0 260 283
0 260 283
0 260 283
0 260 283
0 260 283
0 260 283
0 260 283
0 260 283
0 260 283
0 260 283
0 260 283
0 260 283
0 260 283
0 260 283
0 260 283
0 260 283
0 260 283
0 260 283
0 260 283
0 260 283
0 260 283
0 260 283
0 260 283
0 260 283
0 260 283
0 260 283
0 260 283
0 260 283
0 260 283
0 260 283
0 260 283
0 260 283
0 260 283
0 260 283
0 260 283
0 260 283
0 260 283
0 260 283
0 260 283
0 260 283
0 260 283
0 260 283
0 260 283
0 260 283
0 260 283
0 260 283
0 260 283
0 260 283
0 260 283
0 260 283
0 260 283
0 260 283
0 260 283
0 260 283
0 260 283
0 260 283
0 260 283
0 260 283
0 260 283
0 260 283
0 260 283
0 260 283
0 260 283
0 260 283
0 260 283
0 260 283
0 260 283
0 260 283
0 260 283
0 260 283
0 260 283
0 260 283
0 260 283
0 260 283
0 260 283
0 260 283
0 260 283
0 260 283
0 260 283
0 260 283
0 260 283
0 260 283
0 260 283
0 260 283
0 260 283
0 260 283
0 260 283
0 260 283
0 260 283
0 260 283
0 260 283
0 260 283
0 260 283
0 260 283
0 260 283
0 260 283
0 260 283
0 260 283
0 260 283
0 260 283
0 260 283
0 260 283
0 260 283
0 260 283
0 260 283
0 260 283
0 260 283
0 260 283
0 260 283
0 260 283
0 260 283
0 260 283
0 260 283
0 260 283
0 260 283
0 260 283
0 260 283
0 260 283
433.261 317.04 283
436.72 313.623 283
463.998 312.866 283
476.376 310.069 283
473.809 305.623 283
430.356 297.651 283
418.705 292.953 283
443.916 291.042 283
441.176 286.983 283
430.409 282.557 283
435.585 279.018 283
433.736 275.146 283
434.851 271.387 283
434.934 267.592 283
439.983 263.84 283
434 260 283
435.983 256.195 283
446.932 252.199 283
441.849 248.43 283
446.728 244.4 283
448.573 240.415 283
450.382 236.396 283
452.155 232.345 283
458.879 227.912 283
443.628 225.086 283
438.326 221.651 283
458.878 215.815 283
462.453 211.394 283
440.152 209.851 283
439.698 206.012 283
435.244 202.699 283
439.679 198.207 283
444.068 193.634 283
440.509 190.23 283
448.76 184.903 283
844.965 111.01 283
848.549 102.731 283
846.163 95.5227 283
813.338 94.5246 283
767.846 96.7893 283
741.985 95.5059 283
0 260 283
0 260 283
0 260 283
0 260 283
0 260 283
0 260 283
0 260 283
0 260 283
72.6792 237.78 283
70.5751 237.748 283
73.2314 236.206 283
0 260 283
42.5483 245.349 283
39.5909 245.98 283
35.7083 247.003 283
36.5302 246.342 283
35.4761 246.382 283
35.3559 246.073 283
36.1602 245.39 283
35.1074 245.458 283
34.9792 245.152 283
33.9312 245.246 283
32.8876 245.357 283
32.7586 245.071 283
32.6271 244.786 283
33.3957 244.071 283
33.2554 243.78 283
33.1126 243.491 283
32.0762 243.656 283
31.0454 243.839 283
30.9032 243.568 283
29.001 244.254 283
28.8625 244.001 283
29.5921 243.258 283
28.5788 243.5 283
28.4338 243.251 283
30.0009 241.974 283
29.8424 241.713 283
28.8336 241.983 283
27.8319 242.269 283
27.6761 242.027 283
28.3521 241.234 283
27.3582 241.547 283
26.372 241.875 283
26.2129 241.646 283
25.2376 241.998 283
25.8885 241.191 283
23.3118 242.75 283
23.9591 241.946 283
34.1142 233.823 283
40.9766 227.986 283
33.6522 233.232 283
25.6458 239.232 283
26.2352 238.373 283
23.7474 240.074 283
0 260 283
0 260 283
0 260 283
0 260 283
0 260 283
0 260 283
0 260 283
0 260 283
0 260 283
0 260 283
0 260 283
