-0 260 196
-0 260 196
-0 260 196
-0 260 196
-0 260 196
-0 260 196
-0 260 196
-0 260 196
-15.0942 246.879 196
-22.0518 241.166 196
-26.8116 237.502 196
-27.0069 237.737 196
-33.4173 232.939 196
-43.0435 225.762 196
-39.4005 229.217 196
-26.974 239.302 196
-26.355 240.14 196
-25.7234 240.966 196
-26.6976 240.603 196
-26.0517 241.418 196
-26.2129 241.646 196
-24.7238 243.008 196
-26.5292 242.106 196
-26.6843 242.338 196
-26.8375 242.572 196
-25.3017 243.881 196
-27.1375 243.043 196
-28.1371 242.758 196
-28.2865 243.004 196
-27.5721 243.759 196
-27.7128 244 196
-27.8514 244.242 196
-28.8625 244.001 196
-29.001 244.254 196
-30.0202 244.038 196
-30.1584 244.301 196
-30.2942 244.564 196
-31.3227 244.383 196
-30.559 245.095 196
-30.6879 245.363 196
-31.7208 245.208 196
-32.7586 245.071 196
-31.9741 245.764 196
-33.0142 245.645 196
-34.0587 245.543 196
-34.1835 245.841 196
-34.3058 246.14 196
-34.4255 246.439 196
-37.3432 245.665 196
-37.4669 245.992 196
-38.5274 245.977 196
-42.4189 244.979 196
-0 260 196
-0 260 196
-71.3292 236.824 196
-72.4825 237.146 196
-0 260 196
-0 260 196
-0 260 196
-0 260 196
-0 260 196
-0 260 196
-0 260 196
-0 260 196
-0 260 196
-0 260 196
-0 260 196
-0 260 196
-0 260 196
-0 260 196
-0 260 196
-0 260 196
-727.926 144.708 196
-727.916 151.212 196
-727.847 157.708 196
-728.712 164.063 196
-729.521 170.426 196
-729.282 176.909 196
-729.979 183.276 196
-729.625 189.745 196
-731.207 196.028 196
-732.734 202.333 196
-732.212 208.799 196
-731.633 215.252 196
-730.997 221.69 196
-732.302 228.027 196
-731.554 234.454 196
-731.749 240.839 196
-730.889 247.242 196
-731.972 253.612 196
-731 260 196
-731.972 266.388 196
-729.889 272.74 196
-729.75 279.109 196
-730.555 285.512 196
-729.305 291.842 196
-728.001 298.153 196
-727.64 304.504 196
-728.222 310.922 196
-725.756 317.118 196
-724.234 323.362 196
-724.648 329.776 196
-723.017 335.992 196
-722.327 342.299 196
-720.588 348.477 196
-718.798 354.632 196
-717.944 360.901 196
-716.047 367.014 196
-716.074 373.415 196
-713.084 379.33 196
-712.016 385.548 196
-709.91 391.574 196
-707.753 397.573 196
-706.526 403.744 196
-704.266 409.697 196
-702.933 415.837 196
-699.598 421.515 196
-697.189 427.38 196
-694.732 433.216 196
-693.194 439.272 196
-690.637 445.056 196
-688.996 451.076 196
-687.302 457.081 196
-683.638 462.503 196
-680.889 468.169 196
-679.046 474.103 196
-675.25 479.402 196
-671.413 484.652 196
-669.427 490.502 196
-666.448 496.002 196
-663.423 501.466 196
-661.291 507.246 196
-656.307 511.933 196
-654.084 517.65 196
-650.883 522.974 196
-647.64 528.261 196
-644.353 533.512 196
-640.108 538.327 196
-636.741 543.496 196
-633.333 548.627 196
-629.884 553.72 196
-626.394 558.775 196
-622.864 563.791 196
-620.189 569.215 196
-614.794 573.254 196
-611.15 578.145 196
-609.234 583.935 196
-604.626 588.285 196
-600.864 593.064 196
-596.194 597.31 196
-593.227 602.5 196
-588.493 606.649 196
-584.588 611.256 196
-580.648 615.822 196
-576.673 620.345 196
-571.819 624.289 196
-567.78 628.721 196
-563.707 633.109 196
-558.771 636.896 196
-554.637 641.191 196
-550.47 645.443 196
-545.457 649.071 196
-539.614 652.053 196
-536.172 656.747 196
-531.891 660.809 196
-527.58 664.826 196
-522.451 668.184 196
-518.087 672.105 196
-513.693 675.981 196
-508.501 679.176 196
-502.525 681.669 196
-498.826 686.038 196
-494.335 689.719 196
-488.319 692.028 196
-484.53 696.273 196
-479.23 699.134 196
-475.38 703.299 196
-467.866 703.989 196
-463.255 707.36 196
-458.62 710.685 196
-453.255 713.255 196
-447.881 715.767 196
-443.192 718.939 196
-438.482 722.064 196
-433.069 724.41 196
-429 728.171 196
-422.89 729.668 196
-417.451 731.842 196
-412.005 733.958 196
-407.853 737.535 196
-401.099 738.012 196
-396.913 741.494 196
-392.067 744.162 196
-386.582 746 196
-381.094 747.779 196
-374.997 748.706 196
-370.116 751.161 196
-365.221 753.568 196
-359.725 755.118 196
-353.067 754.982 196
-349.308 758.864 196
-343.809 760.245 196
-338.871 762.397 196
-333.37 763.667 196
-327.328 764.041 196
-322.917 766.878 196
-315.832 765.437 196
-310.364 766.468 196
-298.722 757.157 196
-284.221 742.512 196
-278.5 742.376 196
-272.803 742.177 196
-270.039 747.163 196
-277.229 770.593 196
-273.702 774.758 196
-268.276 775.353 196
-262.86 775.893 196
-258.348 778.167 196
-252.94 778.604 196
-247.113 778.084 196
-242.583 780.221 196
-236.375 778.678 196
-231.433 779.807 196
-226.489 780.89 196
-221.154 781.006 196
-215.451 780.144 196
-210.154 780.15 196
-205.607 781.964 196
-199.969 780.938 196
-194.715 780.79 196
-189.479 780.59 196
-184.261 780.338 196
-179.388 780.981 196
-174.518 781.578 196
-169.341 781.179 196
-164.185 780.729 196
-158.758 779.273 196
-154.22 780.639 196
-149.12 780.043 196
-144.041 779.397 196
-138.986 778.702 196
-133.953 777.959 196
-129.428 779.108 196
-124.426 778.273 196
-119.449 777.391 196
-114.497 776.461 196
-109.777 776.462 196
-104.867 775.44 196
-100.175 775.354 196
-95.3091 774.242 196
-90.6443 774.07 196
-85.8247 772.869 196
-81.033 771.623 196
-76.2696 770.332 196
-71.6741 769.988 196
-66.8294 767.62 196
-62.3971 768.184 196
-57.8468 767.715 196
-53.2049 766.212 196
-48.4979 763.67 196
-44.1008 764.075 196
-39.5433 762.446 196
-35.0177 760.777 196
-30.5853 760.066 196
-26.1156 758.316 196
-21.6788 756.527 196
-17.3101 755.698 196
-12.9314 753.831 196
-8.604 752.925 196
-4.28469 750.981 196
3.6994e-05 750 196
4.24113 745.981 196
8.48191 745.926 196
12.6959 744.834 196
16.9263 744.705 196
21.0682 742.54 196
25.1736 740.341 196
29.3033 739.105 196
33.4134 737.833 196
37.3466 734.533 196
41.2247 731.2 196
45.1434 728.832 196
49.442 730.409 196
53.3187 727.972 196
57.1568 725.504 196
60.8252 722.013 196
64.9939 722.455 196
68.8792 720.881 196
72.5856 718.287 196
76.4171 716.65 196
79.7045 712.027 196
83.4639 710.331 196
87.0089 707.622 196
91.1112 707.826 196
94.8078 706.035 196
98.4801 704.215 196
101.678 700.415 196
104.817 696.594 196
108.865 696.633 196
112.17 693.73 196
115.951 692.735 196
118.654 687.852 196
122.659 687.761 196
126.103 685.716 196
129.521 683.643 196
132.311 679.635 196
135.968 678.465 196
139.297 676.314 196
141.948 672.246 196
145.54 670.992 196
149.121 669.706 196
151.64 665.579 196
155.173 664.24 196
157.962 661.01 196
159.957 655.907 196
163.789 655.42 196
166.842 653.056 196
169.867 650.668 196
173.27 649.17 196
176.245 646.734 196
178.768 643.368 196
181.676 640.891 196
184.116 637.493 196
186.511 634.083 196
189.768 632.441 196
192.549 629.884 196
196.239 629.072 196
198.498 625.588 196
200.711 622.093 196
203.863 620.327 196
206 616.802 196
208.091 613.268 196
210.136 609.724 196
213.702 608.73 196
216.207 606.004 196
218.144 602.417 196
221.668 601.339 196
223.534 597.724 196
225.914 594.931 196
227.695 591.299 196
230.004 588.48 196
232.281 585.646 196
235.114 583.607 196
237.929 581.543 196
239.522 577.857 196
241.678 574.961 196
245.033 573.628 196
245.893 569.13 196
248.582 566.973 196
251.251 564.792 196
252.616 561.055 196
255.233 558.84 196
257.831 556.601 196
259.747 553.591 196
260.961 549.826 196
262.805 546.801 196
264.615 543.765 196
267.77 542.171 196
267.443 536.946 196
270.551 535.315 196
272.943 532.943 196
273.888 529.149 196
275.507 526.054 196
277.093 522.951 196
280.108 521.205 196
280.903 517.4 196
281.652 513.6 196
283.105 510.47 196
287.544 509.958 196
288.954 506.79 196
288.799 502.331 196
291.674 500.438 196
293.761 497.883 196
295.043 494.688 196
297.08 492.104 196
296.714 487.677 196
299.488 485.681 196
300.642 482.464 196
302.572 479.832 196
303.665 476.602 196
304.725 473.37 196
307.399 471.27 196
307.573 467.461 196
308.538 464.217 196
311.985 462.606 196
313.742 459.875 196
315.474 457.13 196
315.477 453.324 196
317.152 450.564 196
317.941 447.282 196
319.563 444.5 196
319.421 440.719 196
321.86 438.41 196
322.526 435.117 196
325.808 433.235 196
325.533 429.462 196
327.89 427.068 196
327.546 423.308 196
329.857 420.882 196
328.541 416.706 196
330.802 414.256 196
333.046 411.778 196
334.358 408.866 196
335.644 405.942 196
335.064 402.226 196
337.216 399.679 196
337.495 396.357 196
338.672 393.406 196
337.956 389.729 196
339.075 386.775 196
340.169 383.811 196
342.179 381.172 196
342.278 377.856 196
343.293 374.864 196
344.282 371.864 196
345.246 368.855 196
343.313 364.961 196
345.175 362.246 196
347.015 359.505 196
348.834 356.74 196
348.699 353.434 196
348.533 350.137 196
349.306 347.092 196
351.026 344.274 196
349.799 340.757 196
350.49 337.702 196
352.133 334.848 196
352.773 331.772 196
355.349 329.073 196
352.989 325.423 196
353.546 322.34 196
355.063 319.417 196
356.555 316.473 196
356.046 313.211 196
355.506 309.963 196
356.92 306.989 196
358.309 303.995 196
356.692 300.64 196
358.028 297.63 196
359.338 294.6 196
358.63 291.376 196
355.899 288.01 196
359.123 285.112 196
359.329 281.977 196
359.507 278.841 196
359.657 275.703 196
358.781 272.529 196
360.876 269.45 196
360.945 266.3 196
360.986 263.15 196
362 260 196
359.986 256.858 196
360.945 253.7 196
360.876 250.55 196
360.78 247.401 196
360.656 244.253 196
358.508 241.211 196
358.33 238.084 196
362.116 234.678 196
358.89 231.755 196
361.619 228.362 196
362.324 225.112 196
360.017 222.161 196
359.673 219.02 196
361.287 215.64 196
359.894 212.619 196
357.487 209.759 196
360.002 206.197 196
358.531 203.214 196
358.022 200.088 196
358.47 196.792 196
356.922 193.849 196
358.294 190.355 196
357.673 187.231 196
355.068 184.528 196
354.395 181.432 196
0 260 196
0 260 196
0 260 196
0 260 196
0 260 196
0 260 196
0 260 196
0 260 196
71.7229 238.072 196
71.5288 237.447 196
73.2314 236.206 196
0 260 196
0 260 196
39.5909 245.98 196
38.5274 245.977 196
36.5302 246.342 196
36.4096 246.024 196
35.3559 246.073 196
34.3058 246.14 196
35.1074 245.458 196
34.0587 245.543 196
33.0142 245.645 196
33.8012 244.951 196
32.7586 245.071 196
32.6271 244.786 196
32.4931 244.502 196
31.4578 244.657 196
33.1126 243.491 196
31.1852 244.11 196
30.1584 244.301 196
30.0202 244.038 196
29.8798 243.777 196
29.7371 243.516 196
28.7217 243.75 196
27.7128 244 196
27.5721 243.759 196
28.2865 243.004 196
28.9898 242.235 196
29.6817 241.453 196
27.8319 242.269 196
28.5148 241.482 196
28.3521 241.234 196
27.3582 241.547 196
27.1962 241.309 196
26.2129 241.646 196
25.2376 241.998 196
25.0795 241.779 196
24.1157 242.155 196
24.7577 241.344 196
34.9075 233.214 196
40.9766 227.986 196
34.4348 232.609 196
26.423 238.603 196
25.4636 239.009 196
22.2153 241.359 196
0 260 196
0 260 196
0 260 196
0 260 196
0 260 196
0 260 196
0 260 196
0 260 196
0 260 196
0 260 196
0 260 196
