-0 260 234
-0 260 234
-0 260 234
-0 260 234
-0 260 234
-0 260 234
-0 260 234
-0 260 234
-16.6036 245.567 234
-22.0518 241.166 234
-27.5776 236.86 234
-27.7785 237.101 234
-34.9716 231.681 234
-43.8261 225.139 234
-41.7646 227.37 234
-28.5607 238.085 234
-26.355 240.14 234
-25.7234 240.966 234
-25.8885 241.191 234
-26.0517 241.418 234
-26.2129 241.646 234
-26.372 241.875 234
-26.5292 242.106 234
-27.5182 241.786 234
-27.6761 242.027 234
-26.9885 242.806 234
-27.1375 243.043 234
-28.1371 242.758 234
-28.2865 243.004 234
-27.5721 243.759 234
-28.5788 243.5 234
-27.8514 244.242 234
-27.9878 244.486 234
-29.001 244.254 234
-30.0202 244.038 234
-31.0454 243.839 234
-30.2942 244.564 234
-30.4278 244.829 234
-31.4578 244.657 234
-31.5905 244.932 234
-32.6271 244.786 234
-31.8486 245.486 234
-31.9741 245.764 234
-33.9312 245.246 234
-33.1382 245.934 234
-35.1074 245.458 234
-35.233 245.765 234
-35.3559 246.073 234
-36.4096 246.024 234
-37.4669 245.992 234
-39.4671 245.635 234
-0 260 234
-0 260 234
-0 260 234
-72.2803 236.515 234
-71.5288 237.447 234
-0 260 234
-0 260 234
-0 260 234
-0 260 234
-0 260 234
-0 260 234
-0 260 234
-0 260 234
-0 260 234
-0 260 234
-0 260 234
-0 260 234
-0 260 234
-0 260 234
-0 260 234
-0 260 234
-704.222 148.462 234
-705.168 154.612 234
-704.081 161.048 234
-704.917 167.196 234
-706.693 173.229 234
-707.423 179.399 234
-706.111 185.785 234
-706.731 191.95 234
-707.298 198.12 234
-707.811 204.294 234
-708.27 210.473 234
-707.678 216.717 234
-707.03 222.946 234
-707.326 229.118 234
-708.568 235.256 234
-707.757 241.467 234
-707.892 247.644 234
-707.973 253.822 234
-707 260 234
-706.973 266.17 234
-705.892 272.322 234
-705.758 278.481 234
-705.57 284.639 234
-704.329 290.752 234
-705.032 296.949 234
-702.687 302.978 234
-703.283 309.178 234
-701.83 315.235 234
-701.321 321.358 234
-699.764 327.38 234
-699.149 333.484 234
-697.487 339.469 234
-696.767 345.552 234
-695.003 351.499 234
-693.188 357.421 234
-692.311 363.467 234
-690.394 369.348 234
-688.427 375.203 234
-687.396 381.207 234
-685.329 387.018 234
-684.194 392.994 234
-680.068 398.361 234
-680.791 404.707 234
-675.597 409.776 234
-676.213 416.116 234
-674.825 422.011 234
-672.415 427.652 234
-669.958 433.263 234
-667.455 438.844 234
-664.905 444.395 234
-663.271 450.19 234
-658.709 455.119 234
-657.938 461.152 234
-655.204 466.585 234
-653.376 472.295 234
-649.602 477.354 234
-646.735 482.689 234
-643.824 487.99 234
-641.81 493.6 234
-637.874 498.491 234
-634.835 503.69 234
-632.684 509.221 234
-629.558 514.358 234
-626.39 519.459 234
-623.182 524.525 234
-619.933 529.554 234
-616.643 534.547 234
-612.404 539.089 234
-609.039 544 234
-606.537 549.304 234
-603.091 554.147 234
-599.606 558.953 234
-596.083 563.72 234
-592.523 568.448 234
-588.043 572.668 234
-585.292 577.788 234
-580.747 581.914 234
-577.046 586.477 234
-574.175 591.5 234
-570.398 595.99 234
-565.73 599.925 234
-562.742 604.849 234
-557.168 608.157 234
-554.952 613.543 234
-550.168 617.283 234
-547.029 622.071 234
-542.191 625.712 234
-538.154 629.863 234
-534.087 633.972 234
-529.989 638.038 234
-525.052 641.473 234
-520.899 645.445 234
-515.918 648.773 234
-512.506 653.26 234
-508.267 657.102 234
-504 660.899 234
-498.928 664.024 234
-494.611 667.726 234
-491.034 672.027 234
-485.899 674.997 234
-479.995 677.254 234
-475.587 680.764 234
-471.897 684.898 234
-466.697 687.649 234
-462.947 691.705 234
-457.711 694.352 234
-453.184 697.635 234
-448.634 700.872 234
-444.063 704.063 234
-439.47 707.208 234
-433.467 708.868 234
-428.845 711.908 234
-423.521 714.171 234
-419.541 717.849 234
-414.861 720.75 234
-410.162 723.604 234
-404.788 725.656 234
-399.41 727.65 234
-394.672 730.351 234
-389.28 732.234 234
-384.515 734.836 234
-378.489 735.826 234
-374.322 739.111 234
-370.127 742.359 234
-365.302 744.772 234
-359.273 745.53 234
-355.022 748.646 234
-348.422 748.469 234
-343.572 750.672 234
-338.711 752.827 234
-333.279 754.106 234
-328.402 756.162 234
-324.06 759.009 234
-318.619 760.131 234
-313.182 761.196 234
-307.752 762.205 234
-302.842 764.014 234
-297.925 765.776 234
-292.5 766.625 234
-283.143 760.455 234
-268.584 744.539 234
-261.96 742.471 234
-256.801 742.972 234
-250.729 741.647 234
-256.959 764.31 234
-257.01 775.482 234
-251.625 775.908 234
-245.822 775.376 234
-241.315 777.502 234
-235.96 777.768 234
-231.026 778.894 234
-226.091 779.973 234
-219.982 778.244 234
-215.451 780.144 234
-210.529 781.077 234
-205.241 781.034 234
-199.969 780.938 234
-195.416 782.663 234
-190.163 782.469 234
-184.929 782.223 234
-180.039 782.872 234
-174.835 782.526 234
-169.959 783.081 234
-165.087 783.591 234
-159.927 783.099 234
-154.788 782.557 234
-149.947 782.926 234
-144.843 782.288 234
-139.762 781.6 234
-135.205 782.8 234
-130.154 782.019 234
-125.127 781.19 234
-120.349 781.288 234
-115.579 781.342 234
-110.817 781.353 234
-105.864 780.34 234
-100.938 779.281 234
-96.4025 780.142 234
-91.5125 778.994 234
-86.815 778.786 234
-81.9716 777.549 234
-77.3043 777.255 234
-72.5091 775.93 234
-68.0041 776.543 234
-63.1283 774.139 234
-58.526 773.677 234
-53.9366 773.173 234
-49.1688 770.638 234
-44.6237 770.052 234
-40.171 770.422 234
-35.6455 769.755 234
-31.0737 768.051 234
-26.5343 766.305 234
-22.0714 765.518 234
-17.6242 764.692 234
-13.1931 763.827 234
-8.74362 760.924 234
-4.37196 760.981 234
3.77489e-05 760 234
4.35458 758.981 234
8.67388 756.924 234
12.9576 754.83 234
17.2404 753.699 234
21.5044 752.531 234
25.6447 749.328 234
29.9138 749.086 234
34.1807 748.806 234
38.3665 747.493 234
42.4449 745.147 234
46.5811 743.763 234
50.5918 741.349 234
54.6772 739.895 234
58.6192 737.415 234
62.6526 735.894 234
66.8031 735.329 234
70.6529 732.75 234
74.15 728.164 234
78.0675 726.513 234
82.3093 726.799 234
86.1974 725.08 234
90.0619 723.328 234
93.703 720.565 234
97.7185 719.729 234
101.294 716.907 234
105.052 715.031 234
108.319 711.18 234
112.252 710.217 234
115.926 708.252 234
119.574 706.258 234
123.197 704.234 234
126.793 702.18 234
130.079 699.139 234
133.906 697.988 234
137.423 695.849 234
140.294 691.78 234
144.056 690.539 234
147.482 688.32 234
151.548 687.959 234
154.593 684.741 234
157.944 682.439 234
160.907 679.178 234
163.826 675.897 234
167.075 673.524 234
170.677 672.05 234
173.094 667.784 234
176.646 666.258 234
180.184 664.701 234
182.465 660.383 234
186.797 660.588 234
188.994 656.235 234
192.445 654.571 234
194.988 651.086 234
198.394 649.37 234
201.322 646.737 234
204.69 644.965 234
207.087 641.407 234
209.438 637.836 234
212.235 635.123 234
216 634.123 234
217.734 629.639 234
221.466 628.582 234
224.674 626.635 234
227.335 623.813 234
229.427 620.128 234
232.016 617.274 234
234.573 614.401 234
237.098 611.512 234
239.023 607.781 234
243.196 607.32 234
245.057 603.557 234
248.045 601.405 234
250.42 598.424 234
252.762 595.427 234
254.462 591.622 234
256.731 588.6 234
259.589 586.348 234
262.427 584.07 234
264.609 580.996 234
266.757 577.908 234
269.521 575.568 234
271.608 572.45 234
272.337 567.821 234
275.682 566.176 234
276.316 561.546 234
279.619 559.855 234
281.537 556.678 234
283.421 553.491 234
284.569 549.58 234
289.207 549.207 234
289.58 544.569 234
291.333 541.337 234
293.051 538.095 234
296.198 536.209 234
296.385 531.587 234
298.001 528.321 234
300.331 525.711 234
302.639 523.08 234
304.162 519.779 234
307.184 517.758 234
307.107 513.159 234
309.304 510.47 234
311.478 507.761 234
314.416 505.649 234
315.755 502.287 234
317.058 498.921 234
319.131 496.145 234
320.371 492.763 234
320.762 488.797 234
324.384 487.136 234
326.354 484.297 234
326.641 480.322 234
329.385 478.015 234
329.598 474.043 234
330.609 470.621 234
332.435 467.728 234
334.235 464.819 234
336.867 462.41 234
337.759 458.955 234
336.884 454.5 234
340.309 452.538 234
341.976 449.561 234
343.617 446.569 234
343.467 442.624 234
345.047 439.62 234
346.602 436.602 234
347.235 433.125 234
346.935 429.211 234
348.398 426.177 234
350.741 423.553 234
350.335 419.657 234
351.715 416.594 234
353.068 413.518 234
354.394 410.431 234
355.694 407.333 234
356.966 404.224 234
357.28 400.736 234
360.362 398.33 234
360.619 394.83 234
360.842 391.336 234
360.089 387.514 234
363.079 385.018 234
363.208 381.528 234
365.206 378.663 234
366.227 375.471 234
366.265 371.978 234
367.228 368.778 234
366.241 365.018 234
367.143 361.818 234
368.984 358.869 234
368.864 355.395 234
368.712 351.93 234
370.473 348.943 234
372.209 345.931 234
372.945 342.68 234
372.674 339.214 234
372.371 335.76 234
374 332.698 234
374.62 329.432 234
373.242 325.813 234
374.789 322.718 234
375.322 319.445 234
376.815 316.315 234
376.302 312.886 234
375.758 309.469 234
377.168 306.31 234
378.551 303.13 234
378.913 299.825 234
378.251 296.421 234
378.554 293.119 234
378.829 289.814 234
379.074 286.507 234
377.295 283.076 234
379.479 279.888 234
378.639 276.532 234
377.77 273.192 234
380.869 269.973 234
378.942 266.614 234
379.986 263.316 234
380 260 234
378.986 256.693 234
380.942 253.351 234
379.87 250.053 234
377.77 246.808 234
380.637 243.381 234
380.478 240.06 234
380.289 236.741 234
381.069 233.353 234
378.829 230.186 234
379.55 226.794 234
379.246 223.483 234
377.918 220.279 234
378.551 216.87 234
379.153 213.446 234
379.723 210.008 234
380.263 206.558 234
377.804 203.537 234
378.285 200.086 234
377.747 196.787 234
377.181 193.493 234
374.62 190.568 234
375.963 186.92 234
374.331 183.841 234
374.631 180.37 234
371.969 177.537 234
0 260 234
0 260 234
0 260 234
0 260 234
0 260 234
0 260 234
0 260 234
0 260 234
70.7666 238.364 234
71.5288 237.447 234
0 260 234
0 260 234
0 260 234
38.6483 246.314 234
37.5877 246.319 234
36.5302 246.342 234
36.4096 246.024 234
35.3559 246.073 234
37.0874 245.016 234
35.1074 245.458 234
34.0587 245.543 234
33.9312 245.246 234
33.8012 244.951 234
32.7586 245.071 234
32.6271 244.786 234
34.2982 243.641 234
34.1542 243.342 234
34.0075 243.044 234
32.0762 243.656 234
31.9324 243.377 234
30.9032 243.568 234
30.7586 243.299 234
29.7371 243.516 234
29.5921 243.258 234
29.4449 243 234
30.157 242.236 234
28.2865 243.004 234
29.8424 241.713 234
28.8336 241.983 234
27.8319 242.269 234
28.5148 241.482 234
27.5182 241.786 234
27.3582 241.547 234
27.1962 241.309 234
27.032 241.072 234
26.8658 240.837 234
25.8885 241.191 234
25.7234 240.966 234
23.9591 241.946 234
33.3208 234.432 234
39.4005 229.217 234
34.4348 232.609 234
27.2001 237.974 234
25.4636 239.009 234
23.7474 240.074 234
0 260 234
0 260 234
0 260 234
0 260 234
0 260 234
0 260 234
0 260 234
0 260 234
0 260 234
0 260 234
0 260 234
