-0 260 191
-0 260 191
-0 260 191
-0 260 191
-0 260 191
-0 260 191
-0 260 191
-0 260 191
-15.8489 246.223 191
-22.0518 241.166 191
-26.8116 237.502 191
-27.0069 237.737 191
-33.4173 232.939 191
-42.2608 226.384 191
-40.9766 227.986 191
-26.974 239.302 191
-25.5563 240.742 191
-27.3311 239.776 191
-25.8885 241.191 191
-26.8658 240.837 191
-26.2129 241.646 191
-25.5479 242.441 191
-25.7002 242.665 191
-26.6843 242.338 191
-25.9988 243.116 191
-26.9885 242.806 191
-27.1375 243.043 191
-27.2845 243.28 191
-28.2865 243.004 191
-27.5721 243.759 191
-27.7128 244 191
-27.8514 244.242 191
-27.1132 244.971 191
-29.001 244.254 191
-30.9032 243.569 191
-29.2714 244.762 191
-30.2942 244.564 191
-30.4278 244.829 191
-31.4578 244.657 191
-30.6879 245.363 191
-30.8145 245.631 191
-31.8486 245.486 191
-31.9741 245.764 191
-33.0142 245.645 191
-33.1382 245.934 191
-34.1835 245.841 191
-33.3786 246.514 191
-35.3559 246.073 191
-36.4096 246.024 191
-36.5302 246.342 191
-39.4671 245.635 191
-42.4189 244.979 191
-0 260 191
-0 260 191
-72.2803 236.515 191
-70.5751 237.748 191
-0 260 191
-71.9115 238.699 191
-0 260 191
-0 260 191
-0 260 191
-0 260 191
-0 260 191
-0 260 191
-0 260 191
-0 260 191
-0 260 191
-0 260 191
-0 260 191
-0 260 191
-0 260 191
-0 260 191
-718.049 146.272 191
-718.026 152.69 191
-719.925 158.821 191
-719.789 165.238 191
-720.589 171.523 191
-721.333 177.815 191
-722.023 184.112 191
-722.658 190.416 191
-723.237 196.725 191
-722.765 203.117 191
-723.234 209.427 191
-723.648 215.74 191
-723.008 222.109 191
-723.311 228.42 191
-723.559 234.733 191
-723.752 241.048 191
-724.89 247.347 191
-724.972 253.673 191
-723 260 191
-723.972 266.318 191
-722.89 272.618 191
-722.752 278.926 191
-722.56 285.232 191
-721.313 291.493 191
-721.011 297.787 191
-721.651 304.138 191
-719.244 310.295 191
-719.774 316.648 191
-718.256 322.839 191
-718.676 329.201 191
-716.056 335.261 191
-715.372 341.506 191
-714.633 347.746 191
-712.849 353.848 191
-712.003 360.066 191
-710.113 366.127 191
-709.16 372.32 191
-708.153 378.504 191
-706.107 384.506 191
-704.01 390.481 191
-701.863 396.429 191
-700.646 402.548 191
-698.397 408.449 191
-697.075 414.538 191
-695.7 420.615 191
-693.3 426.447 191
-691.821 432.49 191
-689.321 438.271 191
-685.807 443.762 191
-683.214 449.472 191
-681.535 455.427 191
-678.844 461.083 191
-676.107 466.707 191
-673.324 472.298 191
-670.495 477.857 191
-667.62 483.383 191
-666.591 489.526 191
-662.677 494.666 191
-659.664 500.098 191
-657.544 505.846 191
-654.44 511.216 191
-650.362 516.184 191
-647.174 521.475 191
-644.868 527.113 191
-640.671 531.949 191
-638.274 537.529 191
-634.914 542.682 191
-631.513 547.797 191
-628.071 552.875 191
-624.589 557.914 191
-620.168 562.476 191
-616.61 567.43 191
-613.903 572.8 191
-609.376 577.221 191
-606.585 582.527 191
-601.99 586.854 191
-598.24 591.61 191
-592.712 595.341 191
-588.897 600 191
-585.046 604.619 191
-582.017 609.711 191
-578.943 614.777 191
-573.28 618.225 191
-570.133 623.215 191
-564.425 626.542 191
-561.205 631.454 191
-556.284 635.219 191
-552.989 640.059 191
-548.832 644.296 191
-543.829 647.91 191
-539.614 652.053 191
-534.565 655.557 191
-529.495 659.003 191
-525.993 663.609 191
-520.875 666.952 191
-514.956 669.615 191
-510.585 673.464 191
-506.186 677.267 191
-500.993 680.383 191
-497.305 684.739 191
-492.071 687.751 191
-487.57 691.366 191
-482.301 694.266 191
-477.018 697.107 191
-471.723 699.889 191
-467.141 703.3 191
-461.097 705.276 191
-457.907 709.984 191
-451.841 711.841 191
-447.18 715.054 191
-441.108 716.781 191
-435.728 719.162 191
-432.387 723.678 191
-426.297 725.222 191
-421.552 728.181 191
-416.125 730.344 191
-411.349 733.203 191
-406.554 736.014 191
-401.099 738.012 191
-396.277 740.722 191
-390.808 742.608 191
-385.337 744.434 191
-379.863 746.203 191
-374.388 747.912 191
-368.913 749.564 191
-363.437 751.157 191
-358.549 753.5 191
-354.229 756.611 191
-348.734 758.044 191
-343.242 759.421 191
-337.193 759.91 191
-331.714 761.165 191
-326.783 763.202 191
-320.768 763.505 191
-316.892 767.133 191
-310.887 767.321 191
-304.902 767.443 191
-297.417 764.915 191
-281 746.706 191
-271.818 740.436 191
-268.1 743.665 191
-261.96 742.471 191
-271.355 770.344 191
-267.352 773.579 191
-263.314 776.784 191
-257.456 776.377 191
-252.063 776.807 191
-246.683 777.181 191
-241.738 778.408 191
-236.375 778.678 191
-231.026 778.894 191
-225.692 779.056 191
-220.372 779.165 191
-215.833 781.068 191
-210.529 781.077 191
-205.241 781.034 191
-199.969 780.938 191
-195.065 781.726 191
-189.821 781.529 191
-184.929 782.223 191
-179.388 780.981 191
-174.2 780.63 191
-169.65 782.13 191
-164.486 781.683 191
-159.05 780.23 191
-153.936 779.68 191
-149.12 780.043 191
-144.041 779.397 191
-139.245 779.668 191
-134.204 778.927 191
-128.944 777.168 191
-124.426 778.273 191
-119.449 777.391 191
-114.713 777.437 191
-109.777 776.462 191
-105.266 777.4 191
-99.9839 774.373 191
-95.4914 775.226 191
-90.6443 774.07 191
-85.9898 773.855 191
-81.1894 772.61 191
-76.5652 772.31 191
-71.8133 770.978 191
-67.2209 770.594 191
-62.3971 768.184 191
-57.96 768.709 191
-53.3095 767.206 191
-48.6896 765.661 191
-43.9265 762.082 191
-39.6218 763.443 191
-35.0177 760.777 191
-30.7074 762.062 191
-26.1679 759.315 191
-21.766 758.525 191
-17.345 756.697 191
-12.9052 752.831 191
-8.62145 753.925 191
-4.30214 752.981 191
3.6994e-05 750 191
4.28477 750.981 191
8.53426 748.926 191
12.7744 747.833 191
16.9263 744.705 191
21.1554 744.538 191
25.3306 743.337 191
29.4254 741.101 191
33.4831 738.831 191
37.5819 737.523 191
41.5733 735.185 191
45.6226 733.809 191
49.5465 731.403 191
53.5452 729.959 191
57.5224 728.482 191
61.3473 725.979 191
65.2722 724.436 191
68.8792 720.881 191
72.8985 720.263 191
76.7472 718.623 191
80.3991 715.966 191
84.1928 714.264 191
87.963 712.53 191
91.5099 709.785 191
95.2236 707.992 191
98.0472 702.262 191
102.128 702.364 191
105.751 700.484 191
109.349 698.574 191
112.921 696.635 191
115.692 691.769 191
119.99 692.67 191
122.934 688.723 191
126.671 687.634 191
128.936 681.73 191
133.213 682.497 191
136.277 679.416 191
139.931 678.211 191
143.25 676.028 191
146.207 672.877 191
149.805 671.585 191
152.69 668.389 191
155.173 664.24 191
159.062 663.801 191
161.081 658.689 191
165.319 659.116 191
168.014 655.817 191
171.462 654.336 191
173.27 649.17 191
177.074 648.553 191
179.19 644.274 191
182.106 641.794 191
184.993 639.291 191
188.742 638.557 191
190.222 633.332 191
194.396 633.432 191
196.709 629.955 191
198.975 626.467 191
202.166 624.716 191
204.848 622.068 191
206.5 617.668 191
210.121 616.714 191
212.196 613.153 191
215.792 612.14 191
217.267 607.7 191
218.681 603.26 191
222.757 603.016 191
224.086 598.558 191
226.473 595.76 191
229.395 593.771 191
232.298 591.757 191
234.604 588.903 191
236.29 585.225 191
238.524 582.347 191
240.726 579.454 191
244.113 578.135 191
245.649 574.416 191
248.383 572.261 191
249.84 568.527 191
252.523 566.335 191
255.829 564.886 191
257.181 561.121 191
259.143 558.11 191
261.072 555.089 191
263.637 552.799 191
264.156 548.275 191
268.025 547.422 191
269.147 543.621 191
270.222 539.823 191
272.654 537.454 191
273.65 533.65 191
276.028 531.252 191
279.104 529.527 191
279.995 525.705 191
281.571 522.569 191
282.377 518.751 191
286.111 517.615 191
288.348 515.109 191
289.808 511.927 191
290.475 508.089 191
291.863 504.902 191
293.217 501.71 191
296.093 499.771 191
296.608 495.933 191
299.444 493.951 191
300.681 490.721 191
302.683 488.088 191
303.858 484.843 191
305.808 482.183 191
307.736 479.506 191
309.639 476.812 191
309.871 472.969 191
312.547 470.816 191
311.873 466.424 191
315.34 464.784 191
317.115 462.025 191
318.866 459.25 191
318.035 454.892 191
320.581 452.624 191
322.249 449.819 191
322.161 446 191
324.643 443.674 191
326.233 440.834 191
328.678 438.457 191
329.339 435.113 191
329.081 431.309 191
330.563 428.43 191
333.811 426.432 191
332.554 422.197 191
333.957 419.289 191
335.334 416.369 191
337.596 413.851 191
338.012 410.493 191
338.395 407.138 191
339.666 404.18 191
341.835 401.593 191
343.058 398.604 191
343.324 395.239 191
344.491 392.238 191
343.759 388.526 191
344.867 385.521 191
346.892 382.841 191
347.951 379.809 191
349.931 377.085 191
348.087 373.1 191
349.06 370.058 191
351.92 367.593 191
351.887 364.234 191
351.822 360.883 191
354.616 358.344 191
353.529 354.728 191
355.31 351.889 191
355.128 348.543 191
355.887 345.441 191
356.619 342.332 191
357.324 339.217 191
358.98 336.304 191
359.632 333.168 191
358.294 329.645 191
359.871 326.698 191
361.424 323.729 191
360.981 320.407 191
360.506 317.099 191
359.013 313.655 191
361.448 310.798 191
362.869 307.773 191
364.264 304.726 191
363.647 301.432 191
363.995 298.257 191
363.32 294.984 191
362.615 291.725 191
364.872 288.716 191
365.108 285.531 191
366.315 282.405 191
365.498 279.155 191
365.652 275.965 191
365.777 272.773 191
365.875 269.581 191
364.944 266.37 191
367.986 263.211 191
368 260 191
367.986 256.789 191
365.944 253.612 191
367.874 250.367 191
369.775 247.087 191
369.648 243.861 191
365.498 240.845 191
367.314 237.534 191
368.101 234.26 191
368.859 230.97 191
365.603 228.014 191
367.301 224.633 191
367.973 221.324 191
367.622 218.115 191
367.242 214.908 191
365.843 211.836 191
367.389 208.367 191
366.925 205.163 191
367.42 201.806 191
364.926 198.932 191
364.379 195.75 191
364.788 192.391 191
364.184 189.21 191
362.572 186.234 191
360.936 183.281 191
362.206 179.701 191
0 260 191
0 260 191
0 260 191
0 260 191
0 260 191
0 260 191
0 260 191
0 260 191
70.7666 238.364 191
71.5288 237.447 191
73.2314 236.206 191
0 260 191
42.5483 245.349 191
39.5909 245.98 191
38.5274 245.977 191
36.5302 246.342 191
35.4761 246.382 191
36.2863 245.706 191
35.233 245.765 191
35.1074 245.458 191
34.9792 245.152 191
33.9312 245.246 191
32.8876 245.357 191
32.7586 245.071 191
32.6271 244.786 191
33.3957 244.071 191
32.3566 244.219 191
33.1126 243.491 191
30.2942 244.564 191
31.0454 243.839 191
30.9032 243.568 191
29.001 244.254 191
29.7371 243.516 191
29.5921 243.258 191
28.5788 243.5 191
29.2954 242.744 191
29.1437 242.489 191
28.9898 242.235 191
28.8336 241.983 191
28.6753 241.732 191
28.5148 241.482 191
27.5182 241.786 191
27.3582 241.547 191
27.1962 241.309 191
25.3937 242.219 191
26.0517 241.418 191
25.0795 241.779 191
25.7234 240.966 191
23.9591 241.946 191
34.9075 233.214 191
39.4005 229.217 191
33.6522 233.232 191
24.8687 239.862 191
26.2352 238.373 191
22.9813 240.716 191
0 260 191
0 260 191
0 260 191
0 260 191
0 260 191
0 260 191
0 260 191
0 260 191
0 260 191
0 260 191
0 260 191
