-0 260 251
-0 260 251
-0 260 251
-0 260 251
-0 260 251
-0 260 251
-0 260 251
-0 260 251
-16.6036 245.567 251
-22.8122 240.517 251
-26.8116 237.502 251
-26.2352 238.373 251
-33.4173 232.939 251
-43.0435 225.762 251
-41.7646 227.37 251
-26.974 239.302 251
-25.5563 240.742 251
-25.7234 240.966 251
-27.5066 240.015 251
-26.8658 240.837 251
-25.3937 242.219 251
-26.372 241.875 251
-26.5292 242.106 251
-26.6843 242.338 251
-26.8375 242.572 251
-26.9885 242.806 251
-27.9856 242.513 251
-26.4318 243.803 251
-28.2865 243.004 251
-27.5721 243.759 251
-26.8468 244.5 251
-27.8514 244.242 251
-27.9878 244.486 251
-28.1222 244.731 251
-30.0202 244.038 251
-31.0454 243.839 251
-31.1852 244.11 251
-30.4278 244.829 251
-31.4578 244.657 251
-30.6879 245.363 251
-31.7208 245.208 251
-31.8486 245.486 251
-31.9741 245.764 251
-33.9312 245.246 251
-34.0587 245.543 251
-34.1835 245.841 251
-34.3058 246.14 251
-34.4255 246.439 251
-35.4761 246.382 251
-36.5302 246.342 251
-38.5274 245.977 251
-0 260 251
-0 260 251
-0 260 251
-72.2803 236.515 251
-70.5751 237.748 251
-0 260 251
-69.9938 239.267 251
-0 260 251
-0 260 251
-0 260 251
-0 260 251
-0 260 251
-0 260 251
-0 260 251
-0 260 251
-0 260 251
-0 260 251
-0 260 251
-0 260 251
-0 260 251
-0 260 251
-684.468 151.591 251
-684.399 157.716 251
-685.266 163.692 251
-686.08 169.676 251
-685.849 175.788 251
-687.552 181.663 251
-686.22 187.875 251
-687.819 193.771 251
-688.371 199.775 251
-687.873 205.863 251
-689.317 211.798 251
-688.713 217.877 251
-689.054 223.888 251
-688.344 229.946 251
-688.58 235.954 251
-688.764 241.964 251
-687.895 247.993 251
-687.974 253.996 251
-689 260 251
-687.974 266.004 251
-685.896 271.972 251
-687.764 278.01 251
-687.581 284.011 251
-685.347 289.923 251
-686.058 295.955 251
-684.72 301.879 251
-684.329 307.853 251
-683.885 313.823 251
-682.393 319.702 251
-681.846 325.654 251
-681.247 331.602 251
-679.603 337.431 251
-677.909 343.237 251
-678.148 349.28 251
-676.353 355.055 251
-674.509 360.806 251
-673.603 366.688 251
-672.647 372.563 251
-671.639 378.428 251
-669.597 384.102 251
-667.506 389.75 251
-665.369 395.371 251
-665.14 401.38 251
-661.929 406.746 251
-660.623 412.517 251
-658.294 418.043 251
-655.92 423.539 251
-654.468 429.257 251
-652.966 434.962 251
-650.451 440.386 251
-647.89 445.78 251
-646.244 451.426 251
-644.549 457.059 251
-640.898 462.074 251
-640.061 467.969 251
-637.273 473.229 251
-633.497 478.131 251
-630.627 483.317 251
-628.654 488.812 251
-624.76 493.588 251
-623.632 499.39 251
-619.658 504.09 251
-617.504 509.488 251
-613.456 514.102 251
-611.215 519.446 251
-608.011 524.371 251
-604.767 529.26 251
-601.484 534.112 251
-597.257 538.506 251
-595.706 544.137 251
-592.305 548.887 251
-588.867 553.598 251
-585.391 558.272 251
-581.879 562.907 251
-578.331 567.504 251
-574.746 572.062 251
-570.252 576.096 251
-568.342 581.553 251
-564.649 586 251
-560.921 590.408 251
-557.159 594.775 251
-553.363 599.102 251
-549.535 603.388 251
-544.831 607.096 251
-540.942 611.292 251
-537.856 615.999 251
-532.242 619.002 251
-529.913 624.199 251
-525.896 628.236 251
-521.848 632.231 251
-518.58 636.77 251
-512.057 638.902 251
-509.529 643.958 251
-506.159 648.39 251
-501.963 652.176 251
-496.956 655.297 251
-492.71 658.989 251
-488.438 662.638 251
-482.608 664.956 251
-478.295 668.503 251
-473.958 672.005 251
-470.344 676.125 251
-465.952 679.545 251
-461.536 682.92 251
-456.365 685.567 251
-451.183 688.157 251
-448.868 693.467 251
-442.928 695.265 251
-439.113 699.113 251
-433.162 700.789 251
-427.91 703.113 251
-424.026 706.831 251
-418.747 709.051 251
-414.812 712.688 251
-410.177 715.548 251
-404.861 717.612 251
-400.196 720.373 251
-396.163 723.848 251
-390.815 725.755 251
-384.827 726.833 251
-380.739 730.173 251
-374.754 731.13 251
-371.244 735.171 251
-365.866 736.805 251
-361.691 739.98 251
-355.704 740.706 251
-350.908 742.983 251
-345.518 744.399 251
-341.278 747.396 251
-335.879 748.707 251
-331.601 751.619 251
-326.195 752.827 251
-321.337 754.816 251
-316.469 756.758 251
-311.592 758.652 251
-305.662 758.795 251
-300.782 760.586 251
-295.895 762.33 251
-291 764.027 251
-285.113 763.936 251
-280.705 766.405 251
-276.275 768.835 251
-271.824 771.227 251
-265.505 770.031 251
-251.511 753.618 251
-241.839 745.054 251
-235.405 742.652 251
-230.323 742.883 251
-229.059 751.219 251
-234.302 774.128 251
-230.213 777.067 251
-225.692 779.056 251
-219.982 778.244 251
-214.685 778.296 251
-209.78 779.223 251
-205.241 781.034 251
-199.969 780.938 251
-194.715 780.79 251
-189.821 781.529 251
-184.929 782.223 251
-180.039 782.872 251
-174.835 782.526 251
-169.959 783.081 251
-164.787 782.637 251
-159.927 783.099 251
-154.788 782.557 251
-150.222 783.888 251
-145.11 783.251 251
-140.539 784.498 251
-135.456 783.768 251
-130.396 782.989 251
-125.594 783.135 251
-121.024 784.211 251
-115.795 782.318 251
-111.025 782.331 251
-106.064 781.32 251
-101.51 782.226 251
-96.5848 781.125 251
-91.6862 779.979 251
-86.98 779.773 251
-82.4409 780.512 251
-77.5999 779.233 251
-73.0658 779.891 251
-68.2652 778.526 251
-63.4939 777.117 251
-58.8656 776.657 251
-54.2502 776.157 251
-49.5522 774.62 251
-44.9723 774.036 251
-40.4064 773.412 251
-35.9245 773.745 251
-31.3179 772.043 251
-26.7436 770.3 251
-22.2022 768.516 251
-17.7289 767.691 251
-13.2717 766.826 251
-8.84833 766.923 251
-4.41559 765.981 251
3.79754e-05 763 251
4.38076 761.981 251
8.74369 760.924 251
13.0885 759.829 251
17.4149 758.696 251
21.7225 757.526 251
25.9587 755.32 251
30.2191 754.077 251
34.4597 752.797 251
38.7588 752.477 251
42.8807 750.128 251
47.1561 749.735 251
51.3235 748.31 251
55.0168 742.876 251
59.3504 743.37 251
63.5663 742.834 251
67.6382 741.27 251
71.5398 738.684 251
75.5579 737.053 251
79.553 735.39 251
83.1775 731.723 251
87.2908 730.979 251
91.2067 729.218 251
94.6998 725.464 251
98.966 725.598 251
102.592 722.764 251
106.627 721.851 251
110.653 720.903 251
114.187 717.98 251
117.428 714.061 251
121.904 714.951 251
125.335 711.943 251
128.723 708.909 251
132.635 707.769 251
136.245 705.638 251
139.828 703.478 251
143.384 701.29 251
146.912 699.074 251
150.087 695.884 251
153.551 693.615 251
157.329 692.259 251
160.745 689.933 251
164.491 688.513 251
167.491 685.201 251
170.446 681.869 251
174.121 680.365 251
177.392 677.909 251
179.836 673.594 251
184.252 673.836 251
187.441 671.302 251
191.023 669.651 251
193.3 665.261 251
196.829 663.559 251
199.004 659.141 251
202.934 658.28 251
204.555 652.946 251
208.445 652.029 251
211.859 650.195 251
215.255 648.331 251
217.651 644.697 251
221 642.783 251
223.824 639.978 251
227.132 638.011 251
228.854 633.456 251
231.575 630.597 251
234.8 628.562 251
238.007 626.499 251
241.196 624.408 251
242.69 619.802 251
246.387 618.495 251
248.359 614.693 251
250.283 610.884 251
252.748 607.877 251
256.963 607.266 251
258.78 603.413 251
261.767 601.142 251
264.119 598.057 251
267.681 596.521 251
268.72 591.841 251
271.605 589.484 251
273.185 585.569 251
276.015 583.173 251
278.169 579.997 251
280.951 577.557 251
283.711 575.093 251
286.45 572.606 251
288.485 569.363 251
289.797 565.383 251
291.757 562.123 251
293.681 558.852 251
296.278 556.278 251
299.565 554.382 251
299.965 549.673 251
303.206 547.732 251
305.706 545.075 251
307.445 541.721 251
309.148 538.358 251
309.319 533.662 251
311.695 530.952 251
314.808 528.871 251
317.142 526.114 251
317.909 522.064 251
320.961 519.909 251
321.652 515.854 251
323.872 513.037 251
325.275 509.592 251
329.038 507.948 251
329.581 503.877 251
331.697 500.992 251
333.787 498.088 251
335.852 495.166 251
337.068 491.66 251
338.247 488.151 251
339.392 484.638 251
343.016 482.757 251
343.26 478.681 251
346.004 476.207 251
346.172 472.134 251
348.01 469.105 251
350.683 466.568 251
350.74 462.5 251
351.624 458.939 251
353.346 455.863 251
354.163 452.295 251
356.711 449.667 251
360.126 447.47 251
359.967 443.412 251
362.448 440.71 251
362.214 436.664 251
362.839 433.065 251
364.336 429.893 251
364.894 426.292 251
367.245 423.508 251
369.575 420.696 251
370.963 417.465 251
371.4 413.839 251
372.728 410.592 251
374.028 407.333 251
374.366 403.706 251
374.669 400.083 251
376.817 397.15 251
377.999 393.857 251
378.207 390.227 251
380.278 387.239 251
380.423 383.607 251
381.487 380.282 251
381.566 376.656 251
382.569 373.322 251
383.543 369.979 251
385.452 366.895 251
386.37 363.528 251
387.259 360.152 251
387.148 356.527 251
387.976 353.145 251
389.748 349.98 251
388.566 346.143 251
390.281 342.957 251
390.99 339.548 251
390.688 335.942 251
393.302 332.894 251
393.923 329.459 251
393.528 325.854 251
394.088 322.417 251
394.617 318.976 251
397.097 315.808 251
395.587 312.08 251
397.018 308.748 251
396.435 305.168 251
396.814 301.707 251
395.172 298.051 251
398.478 294.862 251
397.77 291.305 251
398.028 287.833 251
398.256 284.358 251
399.452 280.934 251
400.618 277.491 251
400.756 273.995 251
398.863 270.445 251
398.939 266.964 251
399.985 263.491 251
402 260 251
398.985 256.518 251
399.939 253.019 251
399.863 249.529 251
400.756 246.005 251
398.62 242.596 251
400.45 239.013 251
400.252 235.52 251
399.026 232.097 251
400.761 228.459 251
402.463 224.789 251
401.145 221.374 251
402.781 217.666 251
401.403 214.266 251
400.989 210.765 251
401.535 207.137 251
399.078 203.913 251
399.562 200.285 251
400.014 196.644 251
398.459 193.321 251
398.847 189.672 251
399.201 186.012 251
396.577 182.913 251
395.89 179.455 251
395.172 176.004 251
396.376 172.126 251
0 260 251
0 260 251
0 260 251
0 260 251
0 260 251
0 260 251
0 260 251
0 260 251
71.7229 238.072 251
72.4825 237.146 251
0 260 251
0 260 251
0 260 251
39.5909 245.98 251
38.5274 245.977 251
36.5302 246.342 251
35.4761 246.382 251
36.2863 245.706 251
36.1602 245.39 251
34.1835 245.841 251
33.1382 245.934 251
33.9312 245.246 251
32.8876 245.357 251
32.7586 245.071 251
33.5334 244.363 251
33.3957 244.071 251
32.3566 244.219 251
33.1126 243.491 251
32.0762 243.656 251
31.9324 243.377 251
30.9032 243.568 251
29.001 244.254 251
28.8625 244.001 251
29.5921 243.258 251
27.7128 244 251
28.4338 243.251 251
29.1437 242.489 251
28.9898 242.235 251
27.9856 242.513 251
28.6753 241.732 251
27.6761 242.027 251
27.5182 241.786 251
26.5292 242.106 251
26.372 241.875 251
27.032 241.072 251
26.0517 241.418 251
25.8885 241.191 251
24.9196 241.56 251
24.7577 241.344 251
34.9075 233.214 251
40.1885 228.601 251
33.6522 233.232 251
27.2001 237.974 251
26.2352 238.373 251
22.2153 241.359 251
0 260 251
0 260 251
0 260 251
0 260 251
0 260 251
0 260 251
0 260 251
0 260 251
0 260 251
0 260 251
0 260 251
