-0 260 36
-0 260 36
-0 260 36
-0 260 36
-0 260 36
-0 260 36
-0 260 36
-0 260 36
-16.6036 245.567 36
-23.5726 239.867 36
-26.0455 238.145 36
-26.2352 238.373 36
-33.4173 232.939 36
-41.4782 227.007 36
-39.4005 229.217 36
-27.7674 238.693 36
-27.1536 239.538 36
-27.3311 239.776 36
-26.6976 240.603 36
-26.8658 240.837 36
-26.2129 241.646 36
-27.1962 241.309 36
-25.7002 242.665 36
-26.6843 242.338 36
-26.8375 242.572 36
-27.8319 242.269 36
-27.1375 243.043 36
-28.1371 242.758 36
-29.1437 242.489 36
-28.4338 243.251 36
-27.7128 244 36
-26.981 244.735 36
-27.9878 244.486 36
-29.001 244.254 36
-30.0202 244.038 36
-30.1584 244.301 36
-30.2942 244.564 36
-30.4278 244.829 36
-31.4578 244.657 36
-31.5905 244.932 36
-31.7208 245.208 36
-30.9387 245.9 36
-33.8012 244.951 36
-33.9312 245.246 36
-34.0587 245.543 36
-35.1074 245.458 36
-34.3058 246.14 36
-35.3559 246.073 36
-37.3432 245.665 36
-36.5302 246.342 36
-39.4671 245.635 36
-0 260 36
-0 260 36
-0 260 36
-73.2314 236.206 36
-72.4825 237.146 36
-0 260 36
-71.9115 238.699 36
-0 260 36
-0 260 36
-0 260 36
-0 260 36
-0 260 36
-0 260 36
-0 260 36
-0 260 36
-0 260 36
-0 260 36
-0 260 36
-0 260 36
-0 260 36
-578.95 163.117 36
-586.687 167.078 36
-879.235 128.598 36
-870.446 137.667 36
-874.454 144.876 36
-881.381 151.78 36
-880.305 159.702 36
-881.146 167.388 36
-879.93 175.272 36
-878.644 183.129 36
-882.272 190.564 36
-878.854 198.545 36
-877.36 206.338 36
-877.795 213.997 36
-878.163 221.659 36
-882.462 229.184 36
-879.698 236.964 36
-878.866 244.659 36
-878.967 252.33 36
-884 260 36
-888.966 267.758 36
-912.861 275.934 36
-965.669 285.287 36
-987.398 294.481 36
-987.06 303.096 36
-998.63 312.336 36
-991.148 320.621 36
-996.566 329.687 36
-1009.88 339.479 36
-975.275 345.326 36
-950.603 351.533 36
-937.834 358.57 36
-946.874 367.883 36
-960.785 377.97 36
-965.667 387.133 36
-980.365 397.782 36
-1002.86 409.879 36
-1044.97 425.508 36
-1043.49 434.621 36
-1025.18 440.768 36
-1018.65 448.796 36
-996.352 453.671 36
-998.543 463.156 36
-979.126 468.12 36
-976.296 476.44 36
-979.242 486.076 36
-976.259 494.379 36
-964.474 500.47 36
-948.785 505.373 36
-935.016 510.537 36
-932.794 518.687 36
-0 260 36
-0 260 36
-0 260 36
-0 260 36
-0 260 36
-0 260 36
-0 260 36
-0 260 36
-0 260 36
-0 260 36
-0 260 36
-0 260 36
-0 260 36
-0 260 36
-0 260 36
-0 260 36
-0 260 36
-0 260 36
-0 260 36
-0 260 36
-0 260 36
-0 260 36
-0 260 36
-0 260 36
-0 260 36
-0 260 36
-0 260 36
-0 260 36
-0 260 36
-0 260 36
-0 260 36
-0 260 36
-0 260 36
-0 260 36
-0 260 36
-0 260 36
-0 260 36
-0 260 36
-0 260 36
-0 260 36
-0 260 36
-0 260 36
-0 260 36
-0 260 36
-0 260 36
-0 260 36
-0 260 36
-0 260 36
-0 260 36
-0 260 36
-0 260 36
-0 260 36
-0 260 36
-0 260 36
-0 260 36
-0 260 36
-0 260 36
-0 260 36
-0 260 36
-0 260 36
-0 260 36
-0 260 36
-0 260 36
-0 260 36
-0 260 36
-0 260 36
-0 260 36
-0 260 36
-0 260 36
-0 260 36
-0 260 36
-0 260 36
-0 260 36
-0 260 36
-0 260 36
-0 260 36
-0 260 36
-0 260 36
-0 260 36
-0 260 36
-0 260 36
-0 260 36
-0 260 36
-0 260 36
-0 260 36
-0 260 36
-0 260 36
-0 260 36
-0 260 36
-0 260 36
-0 260 36
-0 260 36
-0 260 36
-0 260 36
-0 260 36
-0 260 36
-0 260 36
-0 260 36
-0 260 36
-0 260 36
-0 260 36
-0 260 36
-0 260 36
-0 260 36
-0 260 36
-0 260 36
-0 260 36
-0 260 36
-0 260 36
-0 260 36
-0 260 36
-0 260 36
-0 260 36
-0 260 36
-0 260 36
-0 260 36
-0 260 36
-0 260 36
-0 260 36
-0 260 36
-0 260 36
-0 260 36
-0 260 36
-0 260 36
-0 260 36
0 260 36
0 260 36
0 260 36
0 260 36
0 260 36
0 260 36
0 260 36
0 260 36
0 260 36
0 260 36
0 260 36
0 260 36
0 260 36
0 260 36
0 260 36
0 260 36
0 260 36
0 260 36
0 260 36
0 260 36
0 260 36
0 260 36
0 260 36
0 260 36
0 260 36
0 260 36
0 260 36
0 260 36
0 260 36
0 260 36
0 260 36
0 260 36
0 260 36
0 260 36
0 260 36
0 260 36
0 260 36
0 260 36
0 260 36
0 260 36
0 260 36
0 260 36
0 260 36
0 260 36
0 260 36
0 260 36
0 260 36
0 260 36
0 260 36
0 260 36
0 260 36
0 260 36
0 260 36
0 260 36
0 260 36
0 260 36
0 260 36
0 260 36
0 260 36
0 260 36
0 260 36
0 260 36
0 260 36
0 260 36
0 260 36
0 260 36
0 260 36
0 260 36
0 260 36
0 260 36
0 260 36
0 260 36
0 260 36
0 260 36
0 260 36
0 260 36
0 260 36
0 260 36
0 260 36
0 260 36
0 260 36
0 260 36
0 260 36
0 260 36
0 260 36
0 260 36
0 260 36
0 260 36
0 260 36
0 260 36
0 260 36
0 260 36
0 260 36
0 260 36
0 260 36
0 260 36
0 260 36
0 260 36
0 260 36
0 260 36
0 260 36
0 260 36
0 260 36
0 260 36
0 260 36
0 260 36
0 260 36
0 260 36
0 260 36
0 260 36
0 260 36
0 260 36
0 260 36
0 260 36
0 260 36
0 260 36
0 260 36
0 260 36
0 260 36
0 260 36
0 260 36
0 260 36
0 260 36
0 260 36
0 260 36
0 260 36
0 260 36
0 260 36
0 260 36
0 260 36
0 260 36
0 260 36
0 260 36
0 260 36
0 260 36
0 260 36
0 260 36
0 260 36
0 260 36
0 260 36
0 260 36
0 260 36
417.919 403.901 36
390.709 390.73 36
371.863 380.826 36
378.626 379.38 36
359.571 369.932 36
361.475 367.074 36
375.853 367.774 36
399.907 370.904 36
424.041 373.622 36
423.081 369.416 36
410.435 362.333 36
418.119 360.382 36
411.184 354.929 36
419.807 353.069 36
423.538 350.026 36
439.006 349.317 36
449.585 347.391 36
447.381 342.917 36
442.179 337.968 36
439.883 333.611 36
450.386 331.334 36
459.892 328.731 36
494.144 329.447 36
492.748 324.872 36
510.169 322.641 36
463.998 312.866 36
452.507 307.56 36
448.924 303.226 36
456.257 299.917 36
308.047 284.244 36
344.16 284.066 36
435.187 286.617 36
421.422 282.086 36
428.592 278.713 36
467.715 276.333 36
451.845 271.832 36
436.933 267.627 36
409.984 263.578 36
423 260 36
422.984 256.309 36
409.938 252.845 36
406.861 249.346 36
460.719 243.911 36
456.565 240.066 36
451.381 236.344 36
456.148 232.101 36
454.889 228.191 36
508.428 219.986 36
414.417 223.743 36
416.076 219.936 36
409.743 216.934 36
402.397 214.153 36
399.004 211.009 36
384.681 209.356 36
359.467 209.48 36
350.112 207.675 36
345.691 205.248 36
349.145 201.573 36
364.379 195.75 36
516.209 164.326 36
485.905 165.55 36
514.46 155.332 36
526.243 148.144 36
485.219 152.43 36
0 260 36
0 260 36
0 260 36
0 260 36
0 260 36
0 260 36
0 260 36
0 260 36
71.7229 238.072 36
71.5288 237.447 36
0 260 36
0 260 36
0 260 36
39.5909 245.98 36
38.5274 245.977 36
37.4669 245.992 36
35.4761 246.382 36
35.3559 246.073 36
36.1602 245.39 36
36.0313 245.075 36
34.9792 245.152 36
33.0142 245.645 36
32.8876 245.357 36
32.7586 245.071 36
32.6271 244.786 36
34.2982 243.641 36
33.2554 243.78 36
32.2176 243.937 36
32.9672 243.202 36
31.9324 243.377 36
30.9032 243.568 36
29.8798 243.777 36
29.7371 243.516 36
28.7217 243.75 36
28.5788 243.5 36
28.4338 243.251 36
29.1437 242.489 36
28.9898 242.235 36
29.6817 241.453 36
26.9885 242.806 36
28.5148 241.482 36
28.3521 241.234 36
27.3582 241.547 36
27.1962 241.309 36
26.2129 241.646 36
26.8658 240.837 36
25.8885 241.191 36
24.1157 242.155 36
23.9591 241.946 36
35.7009 232.606 36
40.9766 227.986 36
32.0869 234.477 36
27.2001 237.974 36
27.7785 237.101 36
23.7474 240.074 36
0 260 36
0 260 36
0 260 36
0 260 36
0 260 36
0 260 36
0 260 36
0 260 36
0 260 36
0 260 36
0 260 36
