-0 260 64
-0 260 64
-0 260 64
-0 260 64
-0 260 64
-0 260 64
-0 260 64
-0 260 64
-16.6036 245.567 64
-22.0518 241.166 64
-26.0455 238.145 64
-27.7785 237.101 64
-32.6401 233.569 64
-43.0435 225.762 64
-40.9766 227.986 64
-26.974 239.302 64
-25.5563 240.742 64
-25.7234 240.966 64
-25.8885 241.191 64
-26.0517 241.418 64
-26.2129 241.646 64
-25.5479 242.441 64
-26.5292 242.106 64
-26.6843 242.338 64
-26.8375 242.572 64
-26.9885 242.806 64
-26.2895 243.573 64
-27.2845 243.28 64
-28.2865 243.004 64
-28.4338 243.251 64
-27.7128 244 64
-26.981 244.735 64
-27.9878 244.486 64
-28.1222 244.731 64
-30.0202 244.038 64
-29.2714 244.762 64
-30.2942 244.564 64
-30.4278 244.829 64
-31.4578 244.657 64
-30.6879 245.363 64
-31.7208 245.208 64
-31.8486 245.486 64
-32.8876 245.357 64
-33.9312 245.246 64
-33.1382 245.934 64
-33.2597 246.223 64
-35.233 245.765 64
-35.3559 246.073 64
-35.4761 246.382 64
-36.5302 246.342 64
-38.5274 245.977 64
-0 260 64
-0 260 64
-0 260 64
-71.3292 236.824 64
-71.5288 237.447 64
-0 260 64
-0 260 64
-0 260 64
-0 260 64
-0 260 64
-0 260 64
-0 260 64
-0 260 64
-0 260 64
-0 260 64
-0 260 64
-0 260 64
-0 260 64
-0 260 64
-0 260 64
-0 260 64
-701.259 148.932 64
-701.212 155.203 64
-702.1 161.326 64
-702.934 167.457 64
-703.715 173.595 64
-703.449 179.852 64
-705.116 185.889 64
-704.741 192.141 64
-705.306 198.294 64
-704.821 204.53 64
-706.275 210.613 64
-705.681 216.839 64
-707.03 222.946 64
-705.328 229.205 64
-705.57 235.361 64
-706.758 241.493 64
-704.893 247.696 64
-704.973 253.848 64
-705 260 64
-704.973 266.152 64
-704.893 272.304 64
-703.759 278.429 64
-703.571 284.569 64
-702.331 290.665 64
-704.034 296.897 64
-701.689 302.917 64
-701.288 309.039 64
-699.836 315.078 64
-698.332 321.096 64
-697.773 327.188 64
-698.154 333.379 64
-696.494 339.356 64
-694.782 345.309 64
-695.003 351.499 64
-692.197 357.282 64
-691.322 363.319 64
-689.406 369.191 64
-687.441 375.038 64
-686.411 381.033 64
-684.345 386.836 64
-683.213 392.803 64
-681.048 398.561 64
-678.834 404.291 64
-675.597 409.776 64
-675.238 415.891 64
-672.88 421.544 64
-670.474 427.168 64
-668.99 433.013 64
-666.489 438.585 64
-663.941 444.127 64
-662.309 449.914 64
-659.668 455.403 64
-656.025 460.567 64
-654.25 466.284 64
-651.474 471.677 64
-649.602 477.354 64
-646.735 482.689 64
-643.824 487.99 64
-638.991 492.574 64
-637.874 498.491 64
-633.901 503.332 64
-630.823 508.488 64
-628.631 513.983 64
-624.543 518.694 64
-622.261 524.134 64
-619.016 529.156 64
-614.816 533.734 64
-611.494 538.674 64
-608.132 543.577 64
-605.635 548.873 64
-601.293 553.27 64
-596.026 557.168 64
-593.41 562.358 64
-591.636 567.986 64
-588.043 572.668 64
-584.413 577.311 64
-580.747 581.914 64
-577.046 586.477 64
-573.309 591 64
-568.675 594.975 64
-563.159 598.38 64
-561.037 603.804 64
-556.32 607.627 64
-552.421 611.931 64
-549.329 616.739 64
-544.527 620.415 64
-541.361 625.153 64
-535.682 628.164 64
-531.63 632.251 64
-527.547 636.296 64
-525.052 641.473 64
-520.095 644.85 64
-514.321 647.569 64
-497.432 641.693 64
-472.806 629.397 64
-467.217 631.641 64
-473.282 643.256 64
-492.296 665.818 64
-487.97 669.456 64
-484.379 673.698 64
-479.241 676.598 64
-474.838 680.101 64
-469.667 682.891 64
-465.959 686.973 64
-460.753 689.659 64
-454.81 691.598 64
-450.307 694.856 64
-446.495 698.769 64
-441.235 701.235 64
-436.666 704.355 64
-432.077 707.429 64
-427.468 710.458 64
-422.157 712.708 64
-417.515 715.637 64
-412.184 717.777 64
-406.849 719.859 64
-402.164 722.637 64
-396.163 723.848 64
-392.1 727.287 64
-387.372 729.919 64
-382.627 732.505 64
-377.244 734.261 64
-372.475 736.747 64
-366.474 737.599 64
-362.293 740.779 64
-357.488 743.118 64
-352.671 745.41 64
-346.68 746.027 64
-341.278 747.396 64
-337.012 750.355 64
-332.161 752.448 64
-326.195 752.827 64
-321.337 754.816 64
-315.395 755.071 64
-311.063 757.804 64
-305.662 758.795 64
-300.782 760.586 64
-295.387 761.468 64
-291 764.027 64
-285.606 764.806 64
-279.735 764.656 64
-274.843 766.199 64
-270.416 768.578 64
-264.582 768.257 64
-259.229 768.765 64
-255.225 771.902 64
-249.433 771.414 64
-244.53 772.668 64
-239.202 772.97 64
-233.887 773.218 64
-228.993 774.326 64
-223.698 774.471 64
-218.809 775.483 64
-213.537 775.525 64
-209.03 777.369 64
-203.408 776.382 64
-198.177 776.27 64
-193.314 777.043 64
-188.453 777.771 64
-183.26 777.51 64
-178.086 777.199 64
-173.248 777.785 64
-168.414 778.326 64
-163.584 778.822 64
-158.758 779.273 64
-153.652 778.721 64
-148.568 778.12 64
-143.774 778.433 64
-138.727 777.736 64
-133.953 777.959 64
-128.944 777.168 64
-124.193 777.301 64
-119.449 777.391 64
-114.497 776.461 64
-109.569 775.484 64
-104.867 775.44 64
-100.365 776.336 64
-95.4914 775.226 64
-90.6443 774.07 64
-85.9898 773.855 64
-81.1894 772.61 64
-76.8609 774.288 64
-71.9525 771.969 64
-67.3515 771.586 64
-62.6408 770.169 64
-58.0732 769.702 64
-53.6231 770.19 64
-48.8813 767.652 64
-44.3622 767.063 64
-39.8572 766.434 64
-35.2967 764.767 64
-30.8295 764.058 64
-26.3249 762.311 64
-21.9405 762.521 64
-17.4846 760.695 64
-13.0623 758.829 64
-8.70871 758.924 64
-4.33705 756.981 64
3.7447e-05 756 64
4.31095 753.981 64
8.58662 751.925 64
12.8791 751.831 64
17.1357 750.701 64
21.2427 746.536 64
25.54 747.331 64
29.6696 745.094 64
33.9017 744.816 64
38.0527 743.505 64
42.1834 742.158 64
46.2935 740.776 64
50.2782 738.365 64
54.3376 736.914 64
58.3754 735.43 64
62.3916 733.911 64
65.9681 729.387 64
69.9139 727.804 64
73.6807 725.201 64
77.7375 724.541 64
81.7883 723.844 64
85.833 723.113 64
89.4894 720.383 64
93.3042 718.605 64
97.0948 716.795 64
100.644 713.978 64
104.602 713.082 64
107.618 708.263 64
111.526 707.306 64
115.425 706.316 64
119.057 704.326 64
122.662 702.306 64
126.242 700.258 64
129.511 697.222 64
129.813 684.599 64
123.59 651.978 64
127.006 650.884 64
130.412 649.761 64
134.134 649.554 64
137.862 649.311 64
143.648 654.671 64
154.792 674.009 64
160.549 678.244 64
163.46 674.966 64
165.951 670.742 64
169.911 670.203 64
172.703 666.863 64
176.646 666.258 64
178.964 661.96 64
182.465 660.383 64
185.529 657.869 64
188.133 654.43 64
191.13 651.874 64
194.988 651.086 64
197.486 647.588 64
200.399 644.963 64
202.812 641.433 64
206.133 639.649 64
209.438 637.836 64
211.742 634.253 64
214.5 631.525 64
216.719 627.916 64
219.921 626.01 64
222.062 622.372 64
225.216 620.42 64
228.89 619.285 64
230.927 615.596 64
233.469 612.734 64
235.42 609.025 64
237.324 605.309 64
240.902 604.044 64
244.476 602.743 64
245.694 598.169 64
249.231 596.816 64
251.559 593.83 64
252.636 589.242 64
255.5 587.024 64
257.721 584 64
259.909 580.961 64
261.428 577.138 64
264.829 575.61 64
267.573 573.287 64
268.984 569.431 64
271.012 566.323 64
275.013 565.433 64
275.641 560.809 64
278.255 558.392 64
279.472 554.502 64
281.337 551.333 64
284.569 549.58 64
286.378 546.378 64
289.58 544.569 64
289.894 539.947 64
292.326 537.407 64
294.004 534.163 64
296.385 531.587 64
297.258 527.652 64
300.331 525.711 64
301.129 521.768 64
304.162 519.779 64
305.652 516.472 64
306.335 512.523 64
308.527 509.84 64
311.478 507.761 64
312.052 503.802 64
314.168 501.07 64
317.058 498.921 64
318.327 495.55 64
320.371 492.763 64
322.39 489.958 64
322.746 485.989 64
325.53 483.73 64
324.983 479.204 64
326.883 476.359 64
328.759 473.498 64
331.453 471.159 64
331.587 467.198 64
335.088 465.342 64
336.867 462.41 64
336.035 457.94 64
337.75 455 64
338.568 451.553 64
340.227 448.591 64
342.739 446.092 64
343.467 442.624 64
345.934 440.082 64
345.711 436.148 64
347.235 433.125 64
348.732 430.088 64
352.008 427.899 64
349.835 423.131 64
353.065 420.901 64
353.542 417.407 64
355.819 414.715 64
355.315 410.822 64
355.694 407.333 64
357.893 404.598 64
359.141 401.469 64
358.495 397.613 64
360.619 394.83 64
362.721 392.02 64
362.917 388.516 64
364.025 385.344 64
364.156 381.845 64
365.206 378.663 64
367.181 375.772 64
366.265 371.978 64
367.228 368.778 64
369.124 365.845 64
370.998 362.887 64
372.847 359.904 64
372.737 356.396 64
371.623 352.656 64
371.445 349.176 64
374.158 346.381 64
374.898 343.113 64
374.631 339.63 64
376.291 336.557 64
376.945 333.271 64
376.587 329.796 64
377.181 326.507 64
377.747 323.213 64
377.297 319.758 64
376.815 316.315 64
377.292 313.025 64
378.732 309.861 64
380.145 306.676 64
381.532 303.47 64
378.913 299.825 64
380.241 296.613 64
381.543 293.381 64
382.816 290.128 64
381.069 286.647 64
383.284 283.443 64
382.475 280.045 64
383.635 276.75 64
384.765 273.436 64
383.868 270.052 64
383.942 266.702 64
382.985 263.342 64
385 260 64
382.985 256.658 64
384.941 253.281 64
385.868 249.896 64
383.766 246.599 64
383.635 243.25 64
384.472 239.851 64
384.282 236.496 64
385.06 233.074 64
385.807 229.636 64
384.531 226.358 64
386.214 222.812 64
385.874 219.443 64
383.519 216.304 64
384.115 212.837 64
385.672 209.225 64
382.243 206.279 64
381.76 202.946 64
384.211 199.147 64
383.665 195.796 64
383.09 192.451 64
381.503 189.293 64
380.871 185.966 64
380.211 182.645 64
379.521 179.33 64
376.85 176.454 64
0 260 64
0 260 64
0 260 64
0 260 64
0 260 64
0 260 64
0 260 64
0 260 64
72.6792 237.78 64
70.5751 237.748 64
0 260 64
0 260 64
0 260 64
38.6483 246.314 64
38.5274 245.977 64
37.4669 245.992 64
36.4096 246.024 64
35.3559 246.073 64
36.1602 245.39 64
35.1074 245.458 64
34.9792 245.152 64
33.9312 245.246 64
33.8012 244.951 64
31.8486 245.486 64
31.7208 245.208 64
33.3957 244.071 64
33.2554 243.78 64
33.1126 243.491 64
31.1852 244.11 64
31.0454 243.839 64
29.1373 244.507 64
29.8798 243.777 64
29.7371 243.516 64
29.5921 243.258 64
28.5788 243.5 64
28.4338 243.251 64
29.1437 242.489 64
28.9898 242.235 64
27.9856 242.513 64
26.9885 242.806 64
28.5148 241.482 64
26.6843 242.338 64
27.3582 241.547 64
27.1962 241.309 64
26.2129 241.646 64
26.0517 241.418 64
25.0795 241.779 64
24.9196 241.56 64
23.1604 242.547 64
34.9075 233.214 64
40.1885 228.601 64
33.6522 233.232 64
26.423 238.603 64
25.4636 239.009 64
23.7474 240.074 64
0 260 64
0 260 64
0 260 64
0 260 64
0 260 64
0 260 64
0 260 64
0 260 64
0 260 64
0 260 64
0 260 64
