-0 260 80
-0 260 80
-0 260 80
-0 260 80
-0 260 80
-0 260 80
-0 260 80
-0 260 80
-15.0942 246.879 80
-22.8122 240.517 80
-26.8116 237.502 80
-27.0069 237.737 80
-34.1944 232.31 80
-43.0435 225.762 80
-40.9766 227.986 80
-27.7674 238.693 80
-25.5563 240.742 80
-25.7234 240.966 80
-26.6976 240.603 80
-26.0517 241.418 80
-27.032 241.072 80
-26.372 241.875 80
-27.3582 241.547 80
-26.6843 242.338 80
-26.8375 242.572 80
-26.9885 242.806 80
-27.1375 243.043 80
-26.4318 243.803 80
-28.2865 243.004 80
-28.4338 243.251 80
-28.5788 243.5 80
-26.981 244.735 80
-27.9878 244.486 80
-29.001 244.254 80
-30.0202 244.038 80
-30.1584 244.301 80
-30.2942 244.564 80
-30.4278 244.829 80
-31.4578 244.657 80
-31.5905 244.932 80
-30.8145 245.631 80
-32.7586 245.071 80
-31.9741 245.764 80
-33.9312 245.246 80
-34.0587 245.543 80
-34.1835 245.841 80
-34.3058 246.14 80
-36.2863 245.706 80
-36.4096 246.024 80
-37.4669 245.992 80
-38.5274 245.977 80
-0 260 80
-0 260 80
-0 260 80
-72.2803 236.515 80
-71.5288 237.447 80
-0 260 80
-0 260 80
-0 260 80
-0 260 80
-0 260 80
-0 260 80
-0 260 80
-0 260 80
-0 260 80
-0 260 80
-0 260 80
-0 260 80
-0 260 80
-0 260 80
-0 260 80
-0 260 80
-697.308 149.557 80
-697.256 155.794 80
-699.129 161.744 80
-697.977 168.11 80
-699.745 174.082 80
-699.475 180.305 80
-700.143 186.412 80
-698.768 192.716 80
-700.325 198.73 80
-699.836 204.922 80
-699.292 211.101 80
-700.691 217.144 80
-701.038 223.26 80
-700.333 229.423 80
-700.573 235.536 80
-699.76 241.676 80
-697.894 247.818 80
-698.973 253.9 80
-699 260 80
-698.973 266.1 80
-697.894 272.182 80
-697.761 278.272 80
-696.575 284.325 80
-696.337 290.403 80
-697.043 296.531 80
-693.704 302.429 80
-694.305 308.551 80
-692.858 314.529 80
-692.355 320.573 80
-691.8 326.613 80
-691.193 332.647 80
-689.539 338.563 80
-687.834 344.456 80
-687.071 350.455 80
-684.275 356.169 80
-684.399 362.284 80
-681.505 367.94 80
-680.537 373.883 80
-679.517 379.817 80
-676.479 385.378 80
-675.359 391.277 80
-673.208 396.966 80
-671.009 402.628 80
-669.739 408.478 80
-666.469 413.867 80
-666.073 419.91 80
-663.682 425.475 80
-661.245 431.01 80
-659.727 436.773 80
-657.196 442.257 80
-654.619 447.709 80
-651.997 453.131 80
-649.331 458.52 80
-646.62 463.879 80
-644.816 469.514 80
-642.015 474.815 80
-639.171 480.084 80
-636.283 485.32 80
-633.353 490.522 80
-630.38 495.69 80
-626.432 500.465 80
-622.449 505.189 80
-621.213 510.986 80
-617.151 515.633 80
-614.897 521.008 80
-611.679 525.966 80
-608.421 530.887 80
-604.214 535.356 80
-600.882 540.196 80
-598.414 545.429 80
-592.305 548.887 80
-590.657 554.491 80
-588.064 559.634 80
-584.54 564.292 80
-580.097 568.443 80
-576.504 573.016 80
-572.876 577.55 80
-568.342 581.553 80
-564.649 586 80
-562.644 591.423 80
-558.016 595.29 80
-554.216 599.624 80
-550.383 603.918 80
-535.554 601.185 80
-528.362 603.123 80
-522.846 606.065 80
-514.003 606.7 80
-506.838 608.34 80
-511.97 618.485 80
-521.848 632.231 80
-518.58 636.77 80
-514.468 640.687 80
-511.127 645.162 80
-504.573 647.172 80
-497.235 648.482 80
-468.782 632.886 80
-456.962 630.04 80
-455.258 635.286 80
-464.223 649.529 80
-479.816 669.802 80
-476.222 673.973 80
-471.093 676.788 80
-466.695 680.214 80
-461.536 682.92 80
-456.365 685.567 80
-453.359 690.222 80
-446.71 691.383 80
-442.928 695.265 80
-438.406 698.406 80
-433.162 700.789 80
-427.91 703.113 80
-424.715 707.556 80
-420.111 710.514 80
-414.137 711.951 80
-409.508 714.805 80
-404.198 716.863 80
-400.196 720.373 80
-395.514 723.087 80
-390.172 724.989 80
-386.099 728.376 80
-380.739 730.173 80
-375.999 732.695 80
-370.628 734.383 80
-365.866 736.805 80
-359.885 737.584 80
-355.704 740.706 80
-351.496 743.792 80
-346.68 746.027 80
-341.278 747.396 80
-335.879 748.707 80
-330.483 749.961 80
-325.643 751.993 80
-321.337 754.816 80
-314.858 754.227 80
-310.533 756.956 80
-305.662 758.795 80
-301.812 762.3 80
-294.88 760.607 80
-290 762.295 80
-285.606 764.806 80
-280.22 765.53 80
-275.321 767.078 80
-269.946 767.695 80
-265.044 769.144 80
-261.044 772.329 80
-255.671 772.797 80
-249.872 772.313 80
-244.961 773.571 80
-239.625 773.877 80
-234.716 775.038 80
-229.399 775.24 80
-223.698 774.471 80
-219.2 776.403 80
-214.303 777.373 80
-209.405 778.296 80
-204.141 778.243 80
-199.253 779.071 80
-194.365 779.853 80
-188.795 778.71 80
-183.928 779.395 80
-179.062 780.035 80
-174.2 780.63 80
-169.341 781.179 80
-164.185 780.729 80
-159.343 781.186 80
-154.504 781.598 80
-149.671 781.965 80
-144.576 781.324 80
-139.503 780.634 80
-134.955 781.832 80
-130.154 782.019 80
-125.127 781.19 80
-120.124 780.314 80
-115.362 780.366 80
-110.609 780.375 80
-105.665 779.36 80
-100.938 779.281 80
-96.2203 779.159 80
-91.5125 778.994 80
-86.815 778.786 80
-82.1281 778.536 80
-77.3043 777.255 80
-72.6483 776.92 80
-68.1346 777.534 80
-63.2501 775.131 80
-58.7524 775.664 80
-54.0412 774.168 80
-49.5522 774.62 80
-44.8852 773.04 80
-40.2495 771.419 80
-35.7153 770.753 80
-31.1958 770.047 80
-26.6913 769.301 80
-22.2022 768.516 80
-17.7289 767.691 80
-13.2455 765.827 80
-8.81343 764.923 80
-4.38941 762.981 80
3.79754e-05 763 80
4.37203 760.981 80
8.72624 759.924 80
13.0623 758.829 80
17.38 757.697 80
21.6353 755.528 80
25.9063 754.322 80
30.2191 754.077 80
34.4597 752.797 80
38.6804 751.48 80
42.7935 749.132 80
46.9645 747.744 80
51.1145 746.321 80
55.2432 744.863 80
59.2285 742.377 80
63.3052 740.851 80
66.9423 736.319 80
71.5398 738.684 80
75.4014 736.066 80
79.3879 734.403 80
83.3512 732.708 80
87.2908 730.979 80
91.2067 729.218 80
94.5004 724.484 80
98.966 725.598 80
102.592 722.764 80
105.952 718.928 80
109.953 717.986 80
113.461 715.069 80
117.679 715.029 80
121.386 713.019 80
125.068 710.979 80
128.171 706.987 80
132.351 706.81 80
135.66 703.725 80
139.528 702.525 80
143.075 700.339 80
146.595 698.126 80
150.087 695.884 80
146.541 673.82 80
141.254 648.093 80
144.285 645.909 80
148.364 646.502 80
152.465 647.054 80
156.211 646.636 80
163.406 654.497 80
177.001 676.989 80
180.633 675.428 80
183.438 672.009 80
186.197 668.573 80
189.333 666.026 80
192.008 662.553 80
195.514 660.862 80
199.45 660.036 80
202.026 656.498 80
204.555 652.946 80
207.506 650.263 80
211.381 649.316 80
213.316 644.833 80
217.159 643.827 80
220 641.051 80
222.302 637.394 80
225.072 634.582 80
228.854 633.456 80
231.045 629.749 80
233.725 626.875 80
236.918 624.822 80
238.437 620.239 80
242.69 619.802 80
245.254 616.847 80
248.359 614.693 80
250.864 611.698 80
252.748 607.877 80
254.584 604.051 80
258.179 602.615 80
261.159 600.349 80
263.503 597.269 80
265.191 593.391 80
268.72 591.841 80
270.333 587.94 80
273.185 585.569 80
276.015 583.173 80
278.169 579.997 80
279.626 576.059 80
282.373 573.607 80
284.423 570.394 80
287.803 568.631 80
289.797 565.383 80
290.367 560.684 80
293.681 558.852 80
295.571 555.571 80
297.425 552.279 80
299.245 548.978 80
302.481 547.044 80
304.243 543.711 80
305.233 539.694 80
308.405 537.689 80
310.068 534.325 80
310.94 530.296 80
313.287 527.573 80
314.078 523.543 80
317.138 521.428 80
318.63 518.021 80
320.087 514.608 80
322.296 511.806 80
324.482 508.983 80
325.843 505.541 80
328.777 503.283 80
329.27 499.229 80
330.531 495.765 80
333.395 493.446 80
335.419 490.527 80
337.418 487.592 80
337.724 483.534 80
339.662 480.579 80
342.417 478.144 80
341.763 473.557 80
343.614 470.567 80
345.438 467.56 80
347.237 464.538 80
349.008 461.5 80
351.624 458.939 80
351.597 454.893 80
353.284 451.818 80
354.062 448.258 80
356.578 445.623 80
359.076 442.958 80
357.974 438.479 80
361.315 436.225 80
361.034 432.204 80
363.429 429.47 80
364.894 426.292 80
365.418 422.695 80
364.99 418.702 80
367.281 415.902 80
368.628 412.691 80
371.801 410.217 80
371.237 406.234 80
370.631 402.272 80
372.796 399.383 80
373.998 396.124 80
374.229 392.521 80
377.262 389.902 80
378.381 386.605 80
378.52 382.989 80
380.533 379.982 80
380.609 376.364 80
379.693 372.47 80
380.66 369.152 80
382.561 366.094 80
384.438 363.01 80
381.45 358.65 80
384.237 355.801 80
386.031 352.678 80
385.851 349.081 80
384.661 345.277 80
385.39 341.917 80
387.07 338.75 80
388.724 335.56 80
387.402 331.801 80
388.999 328.591 80
387.61 324.864 80
389.149 321.635 80
390.661 318.385 80
392.146 315.113 80
391.621 311.558 80
391.063 308.017 80
393.454 304.828 80
391.842 301.184 80
394.177 297.955 80
394.493 294.514 80
394.779 291.07 80
394.038 287.554 80
394.263 284.114 80
394.459 280.673 80
393.625 277.186 80
394.759 273.785 80
395.864 270.366 80
396.94 266.929 80
396.985 263.464 80
396 260 80
396.985 256.536 80
395.94 253.089 80
394.865 249.66 80
394.759 246.215 80
396.622 242.683 80
396.456 239.223 80
397.258 235.703 80
395.035 232.376 80
396.773 228.773 80
395.489 225.399 80
396.168 221.853 80
394.825 218.502 80
396.435 214.832 80
396.026 211.374 80
396.578 207.79 80
394.127 204.609 80
395.606 200.876 80
394.088 197.583 80
393.528 194.146 80
392.938 190.714 80
393.302 187.106 80
392.651 183.676 80
391.97 180.253 80
391.259 176.835 80
389.542 173.641 80
0 260 80
0 260 80
0 260 80
0 260 80
0 260 80
0 260 80
0 260 80
0 260 80
71.7229 238.072 80
71.5288 237.447 80
0 260 80
0 260 80
0 260 80
39.5909 245.98 80
38.5274 245.977 80
36.5302 246.342 80
35.4761 246.382 80
36.2863 245.706 80
35.233 245.765 80
36.0313 245.075 80
34.0587 245.543 80
33.9312 245.246 80
33.8012 244.951 80
31.8486 245.486 80
33.5334 244.363 80
34.2982 243.641 80
34.1542 243.342 80
34.0075 243.044 80
32.9672 243.202 80
31.9324 243.377 80
30.0202 244.038 80
29.8798 243.777 80
28.8625 244.001 80
28.7217 243.75 80
28.5788 243.5 80
28.4338 243.251 80
29.1437 242.489 80
29.8424 241.713 80
28.8336 241.983 80
27.8319 242.269 80
28.5148 241.482 80
27.5182 241.786 80
27.3582 241.547 80
27.1962 241.309 80
27.032 241.072 80
26.0517 241.418 80
25.0795 241.779 80
24.9196 241.56 80
25.5563 240.742 80
34.1142 233.823 80
39.4005 229.217 80
32.0869 234.477 80
26.423 238.603 80
27.0069 237.737 80
22.9813 240.716 80
0 260 80
0 260 80
0 260 80
0 260 80
0 260 80
0 260 80
0 260 80
0 260 80
0 260 80
0 260 80
0 260 80
