-0 260 41
-0 260 41
-0 260 41
-0 260 41
-0 260 41
-0 260 41
-0 260 41
-0 260 41
-16.6036 245.567 41
-22.8122 240.517 41
-26.8116 237.502 41
-27.0069 237.737 41
-34.1944 232.31 41
-40.6956 227.629 41
-39.4005 229.217 41
-26.974 239.302 41
-26.355 240.14 41
-26.5273 240.371 41
-25.8885 241.191 41
-26.8658 240.837 41
-25.3937 242.219 41
-26.372 241.875 41
-25.7002 242.665 41
-26.6843 242.338 41
-26.8375 242.572 41
-26.9885 242.806 41
-27.1375 243.043 41
-26.4318 243.803 41
-27.4294 243.519 41
-27.5721 243.759 41
-28.5788 243.5 41
-26.981 244.735 41
-27.1132 244.971 41
-28.1222 244.731 41
-28.2543 244.977 41
-29.2714 244.762 41
-30.2942 244.564 41
-30.4278 244.829 41
-29.6602 245.534 41
-31.5905 244.932 41
-30.8145 245.631 41
-31.8486 245.486 41
-32.8876 245.357 41
-33.0142 245.645 41
-34.0587 245.543 41
-34.1835 245.841 41
-34.3058 246.14 41
-35.3559 246.073 41
-35.4761 246.382 41
-36.5302 246.342 41
-39.4671 245.635 41
-0 260 41
-0 260 41
-0 260 41
-72.2803 236.515 41
-71.5288 237.447 41
-0 260 41
-71.9115 238.699 41
-0 260 41
-0 260 41
-0 260 41
-0 260 41
-0 260 41
-0 260 41
-0 260 41
-0 260 41
-0 260 41
-0 260 41
-0 260 41
-0 260 41
-0 260 41
-0 260 41
-694.345 150.027 41
-695.278 156.09 41
-694.178 162.44 41
-695.994 168.371 41
-695.775 174.57 41
-696.494 180.645 41
-697.16 186.726 41
-697.773 192.812 41
-697.336 198.991 41
-697.842 205.079 41
-698.295 211.171 41
-697.696 217.327 41
-697.043 223.47 41
-698.335 229.51 41
-698.574 235.605 41
-697.761 241.729 41
-697.894 247.818 41
-697.973 253.909 41
-697 260 41
-696.973 266.083 41
-696.894 272.164 41
-694.762 278.193 41
-695.576 284.29 41
-695.338 290.359 41
-695.046 296.426 41
-693.704 302.429 41
-692.309 308.411 41
-691.861 314.451 41
-691.359 320.486 41
-688.814 326.325 41
-688.209 332.334 41
-687.552 338.337 41
-686.842 344.334 41
-686.08 350.324 41
-685.265 356.308 41
-683.41 362.136 41
-681.505 367.94 41
-679.551 373.718 41
-677.548 379.47 41
-677.463 385.56 41
-675.359 391.277 41
-673.208 396.966 41
-671.987 402.835 41
-669.739 408.478 41
-667.443 414.092 41
-666.073 419.91 41
-663.682 425.475 41
-659.309 430.509 41
-657.795 436.256 41
-657.196 442.257 41
-654.619 447.709 41
-651.997 453.131 41
-649.331 458.52 41
-647.574 464.179 41
-643.865 469.205 41
-642.015 474.815 41
-639.171 480.084 41
-635.34 484.986 41
-633.353 490.522 41
-630.38 495.69 41
-625.499 500.107 41
-625.241 506.289 41
-622.14 511.361 41
-618.075 516.015 41
-614.897 521.008 41
-610.762 525.567 41
-608.421 530.887 41
-606.034 536.186 41
-601.788 540.619 41
-598.414 545.429 41
-595.9 550.64 41
-592.447 555.383 41
-588.064 559.634 41
-584.54 564.292 41
-581.862 569.382 41
-578.262 573.971 41
-575.5 579.005 41
-571.824 583.522 41
-567.247 587.5 41
-564.367 592.438 41
-560.587 596.835 41
-556.774 601.192 41
-553.775 606.037 41
-549.891 610.319 41
-544.297 613.471 41
-541.192 618.207 41
-538.045 622.916 41
-534.034 627.031 41
-529.991 631.104 41
-525.104 634.553 41
-521.007 638.534 41
-516.88 642.471 41
-513.523 646.967 41
-509.333 650.825 41
-505.115 654.639 41
-499.304 657.164 41
-496.596 662.136 41
-491.525 665.182 41
-487.204 668.813 41
-482.097 671.75 41
-476.976 674.629 41
-473.34 678.776 41
-468.181 681.552 41
-464.485 685.622 41
-460.753 689.659 41
-455.535 692.287 41
-450.307 694.856 41
-445.781 698.068 41
-441.235 701.235 41
-435.265 702.929 41
-432.772 708.149 41
-426.78 709.732 41
-423.521 714.171 41
-418.19 716.375 41
-413.523 719.264 41
-406.849 719.859 41
-403.476 724.146 41
-399.41 727.65 41
-392.743 728.053 41
-388.008 730.691 41
-383.256 733.282 41
-377.866 735.043 41
-373.706 738.323 41
-368.301 739.979 41
-363.496 742.376 41
-359.273 745.53 41
-352.671 745.41 41
-348.422 748.469 41
-343.572 750.672 41
-338.144 752.003 41
-333.838 754.935 41
-328.954 756.996 41
-322.971 757.332 41
-318.081 759.288 41
-312.652 760.348 41
-307.752 762.205 41
-302.327 763.157 41
-297.925 765.776 41
-293 767.491 41
-287.575 768.288 41
-282.159 769.029 41
-277.229 770.593 41
-272.293 772.11 41
-267.352 773.579 41
-261.952 774.111 41
-256.564 774.587 41
-251.625 775.908 41
-246.683 777.181 41
-241.738 778.408 41
-236.375 778.678 41
-231.433 779.807 41
-226.091 779.973 41
-221.154 781.006 41
-216.216 781.992 41
-210.529 781.077 41
-205.974 782.895 41
-201.403 784.672 41
-195.766 783.6 41
-190.505 783.409 41
-185.597 784.109 41
-180.365 783.817 41
-175.469 784.423 41
-170.577 784.983 41
-165.689 785.498 41
-160.804 785.968 41
-155.64 785.433 41
-150.774 785.81 41
-145.645 785.179 41
-140.798 785.464 41
-135.956 785.704 41
-130.88 784.93 41
-126.294 786.052 41
-121.249 785.185 41
-116.228 784.271 41
-111.441 784.287 41
-106.662 784.26 41
-101.892 784.189 41
-96.9493 783.092 41
-92.3808 783.918 41
-87.4752 782.731 41
-82.7538 782.487 41
-77.8955 781.211 41
-73.3442 781.871 41
-68.6567 781.5 41
-63.8595 780.094 41
-59.2052 779.638 41
-54.5638 779.14 41
-49.9356 778.601 41
-45.2338 777.025 41
-40.6418 776.403 41
-35.9943 774.743 41
-31.5621 776.036 41
-27.0053 775.293 41
-22.3767 772.512 41
-17.8685 771.688 41
-13.3764 770.825 41
-8.90069 769.922 41
-4.43304 767.981 41
3.83529e-05 768 41
4.42439 766.981 41
8.8135 764.923 41
13.1932 763.827 41
17.5545 762.694 41
21.897 761.522 41
26.2204 760.313 41
30.5243 759.067 41
34.5992 754.792 41
38.9942 755.468 41
43.2293 754.113 41
47.5395 753.717 41
51.6371 751.294 41
55.9224 750.824 41
59.9598 748.333 41
64.0884 746.799 41
68.0557 744.241 41
72.131 742.64 41
76.1836 741.004 41
80.2132 739.335 41
84.393 738.617 41
88.202 735.895 41
91.7792 732.163 41
96.0954 732.324 41
99.7976 729.511 41
103.458 726.669 41
107.527 725.749 41
111.353 723.82 41
115.397 722.831 41
118.931 719.87 41
122.939 718.815 41
126.671 716.761 41
130.376 714.677 41
133.203 709.686 41
137.415 709.463 41
140.73 706.34 41
144.002 703.192 41
148.499 703.815 41
152.04 701.557 41
154.553 696.443 41
158.355 695.078 41
161.446 691.806 41
165.924 692.248 41
168.957 688.922 41
172.694 687.432 41
176.034 684.985 41
179.346 682.512 41
181.83 678.179 41
185.472 676.577 41
187.856 672.212 41
192.291 672.37 41
195.022 668.871 41
198.582 667.154 41
201.681 664.51 41
204.75 661.844 41
208.249 660.042 41
210.793 656.443 41
213.767 653.71 41
216.71 650.955 41
219.621 648.179 41
222.5 645.381 41
225.347 642.563 41
228.677 640.582 41
231.467 637.72 41
234.224 634.837 41
236.412 631.092 41
239.097 628.176 41
241.748 625.242 41
244.367 622.289 41
247.52 620.143 41
250.653 617.969 41
254.348 616.583 41
256.274 612.731 41
257.558 608.07 41
260.586 605.809 41
262.376 601.935 41
265.35 599.633 41
268.304 597.304 41
270.608 594.173 41
274.15 592.57 41
276.399 589.399 41
278.613 586.214 41
280.793 583.016 41
284.264 581.302 41
285.719 577.323 41
289.153 575.555 41
289.849 570.825 41
292.551 568.284 41
295.23 565.719 41
297.186 562.418 41
298.399 558.399 41
299.565 554.382 41
302.842 552.451 41
305.383 549.797 41
307.169 546.439 41
307.445 541.721 41
309.891 539.027 41
312.315 536.313 41
313.959 532.921 41
316.329 530.17 41
319.441 528.042 41
321.767 525.245 41
322.516 521.168 41
324.782 518.344 41
326.236 514.884 41
329.242 512.636 41
329.836 508.55 41
331.189 505.067 41
333.315 502.168 41
337.044 500.411 41
338.31 496.887 41
337.892 492.227 41
341.563 490.387 41
342.727 486.846 41
344.694 483.847 41
345.79 480.293 41
347.7 477.267 41
347.877 473.179 41
350.581 470.651 41
351.545 467.076 41
353.338 464 41
355.105 460.909 41
357.719 458.287 41
358.557 454.681 41
359.36 451.075 41
360.126 447.47 41
361.749 444.32 41
363.343 441.156 41
365.809 438.417 41
367.352 435.218 41
366.148 430.738 41
367.624 427.536 41
369.986 424.728 41
370.492 421.095 41
370.043 417.074 41
372.323 414.221 41
375.509 411.716 41
374.028 407.333 41
377.166 404.781 41
376.542 400.783 41
377.756 397.492 41
377.999 393.857 41
381.044 391.204 41
380.278 387.239 41
381.374 383.916 41
381.487 380.282 41
384.435 377.533 41
383.528 373.606 41
385.466 370.531 41
385.452 366.895 41
384.438 363.01 41
388.227 360.402 41
389.089 357.011 41
389.92 353.612 41
388.774 349.755 41
390.518 346.576 41
391.259 343.165 41
390.99 339.548 41
391.669 336.133 41
391.335 332.53 41
392.938 329.286 41
393.528 325.854 41
395.075 322.574 41
395.606 319.124 41
394.127 315.391 41
394.595 311.949 41
395.033 308.504 41
395.442 305.055 41
395.82 301.602 41
397.163 298.242 41
398.478 294.862 41
397.77 291.305 41
397.03 287.763 41
398.256 284.358 41
396.456 280.777 41
396.622 277.317 41
399.756 273.96 41
399.863 270.471 41
399.939 266.981 41
397.985 263.473 41
399 260 41
398.985 256.518 41
398.939 253.036 41
399.863 249.529 41
399.756 246.04 41
397.621 242.639 41
398.453 239.118 41
400.252 235.52 41
398.028 232.167 41
398.767 228.616 41
397.482 225.225 41
396.168 221.853 41
397.809 218.189 41
398.422 214.606 41
398.011 211.13 41
399.552 207.398 41
396.107 204.331 41
396.595 200.728 41
396.063 197.27 41
394.514 193.981 41
393.923 190.541 41
394.285 186.924 41
393.633 183.486 41
393.93 179.854 41
393.215 176.42 41
391.495 173.208 41
0 260 41
0 260 41
0 260 41
0 260 41
0 260 41
0 260 41
0 260 41
0 260 41
70.7666 238.364 41
70.5751 237.748 41
0 260 41
0 260 41
0 260 41
38.6483 246.314 41
37.5877 246.319 41
36.5302 246.342 41
35.4761 246.382 41
34.4255 246.439 41
36.1602 245.39 41
35.1074 245.458 41
34.0587 245.543 41
33.9312 245.246 41
32.8876 245.357 41
31.8486 245.486 41
31.7208 245.208 41
33.3957 244.071 41
33.2554 243.78 41
33.1126 243.491 41
31.1852 244.11 41
31.0454 243.839 41
30.0202 244.038 41
29.001 244.254 41
28.8625 244.001 41
27.8514 244.242 41
29.4449 243 41
29.2954 242.744 41
29.1437 242.489 41
28.9898 242.235 41
28.8336 241.983 41
28.6753 241.732 41
27.6761 242.027 41
27.5182 241.786 41
26.5292 242.106 41
26.372 241.875 41
26.2129 241.646 41
26.0517 241.418 41
25.0795 241.779 41
24.1157 242.155 41
23.9591 241.946 41
34.9075 233.214 41
40.9766 227.986 41
32.8695 233.854 41
26.423 238.603 41
25.4636 239.009 41
22.9813 240.716 41
0 260 41
0 260 41
0 260 41
0 260 41
0 260 41
0 260 41
0 260 41
0 260 41
0 260 41
0 260 41
0 260 41
