-0 260 187
-0 260 187
-0 260 187
-0 260 187
-0 260 187
-0 260 187
-0 260 187
-0 260 187
-16.6036 245.567 187
-23.5726 239.867 187
-26.8116 237.502 187
-27.0069 237.737 187
-33.4173 232.939 187
-43.0435 225.762 187
-40.9766 227.986 187
-26.1807 239.911 187
-25.5563 240.742 187
-27.3311 239.776 187
-28.3156 239.428 187
-26.0517 241.418 187
-26.2129 241.646 187
-26.372 241.875 187
-26.5292 242.106 187
-27.5182 241.786 187
-27.6761 242.027 187
-27.8319 242.269 187
-27.9856 242.513 187
-28.1371 242.758 187
-28.2865 243.004 187
-27.5721 243.759 187
-26.8468 244.5 187
-26.981 244.735 187
-27.1132 244.971 187
-28.1222 244.731 187
-30.0202 244.038 187
-31.0454 243.839 187
-31.1852 244.11 187
-31.3227 244.383 187
-31.4578 244.657 187
-30.6879 245.363 187
-30.8145 245.631 187
-31.8486 245.486 187
-31.9741 245.764 187
-33.0142 245.645 187
-34.9792 245.152 187
-35.1074 245.458 187
-34.3058 246.14 187
-35.3559 246.073 187
-36.4096 246.024 187
-36.5302 246.342 187
-40.4068 245.293 187
-0 260 187
-0 260 187
-0 260 187
-72.2803 236.515 187
-72.4825 237.146 187
-0 260 187
-0 260 187
-0 260 187
-0 260 187
-0 260 187
-0 260 187
-0 260 187
-0 260 187
-0 260 187
-0 260 187
-0 260 187
-0 260 187
-0 260 187
-0 260 187
-0 260 187
-0 260 187
-716.074 146.585 187
-716.048 152.986 187
-716.954 159.239 187
-717.806 165.499 187
-717.611 171.889 187
-719.346 178.041 187
-720.034 184.322 187
-719.671 190.704 187
-720.249 196.987 187
-720.771 203.274 187
-720.241 209.636 187
-721.651 215.862 187
-722.009 222.161 187
-720.314 228.551 187
-720.561 234.838 187
-720.753 241.127 187
-720.89 247.417 187
-721.973 253.7 187
-721 260 187
-720.973 266.292 187
-720.89 272.583 187
-720.753 278.874 187
-719.561 285.128 187
-719.315 291.406 187
-719.013 297.682 187
-717.659 303.894 187
-717.249 310.155 187
-716.784 316.412 187
-715.268 322.578 187
-714.694 328.817 187
-713.072 334.947 187
-712.391 341.167 187
-711.656 347.38 187
-709.875 353.457 187
-708.042 359.509 187
-706.157 365.536 187
-705.209 371.694 187
-704.208 377.844 187
-704.138 384.159 187
-701.061 389.934 187
-699.9 396.047 187
-696.726 401.751 187
-695.463 407.825 187
-693.17 413.672 187
-691.803 419.715 187
-690.383 425.746 187
-686.969 431.281 187
-686.417 437.52 187
-682.91 442.985 187
-680.323 448.67 187
-678.651 454.6 187
-675.968 460.231 187
-674.195 466.122 187
-671.417 471.697 187
-668.593 477.239 187
-665.723 482.748 187
-662.808 488.223 187
-659.849 493.665 187
-654.026 498.046 187
-653.797 504.445 187
-650.706 509.783 187
-647.571 515.085 187
-644.393 520.352 187
-641.172 525.582 187
-637.91 530.777 187
-634.606 535.934 187
-631.26 541.055 187
-627.873 546.138 187
-623.54 550.761 187
-619.173 555.331 187
-618.37 561.599 187
-614.82 566.538 187
-611.23 571.438 187
-606.715 575.836 187
-603.936 581.119 187
-599.353 585.422 187
-595.616 590.155 187
-592.712 595.341 187
-586.299 598.5 187
-584.185 604.111 187
-580.302 608.681 187
-575.532 612.687 187
-570.736 616.636 187
-567.602 621.603 187
-563.587 625.998 187
-557.036 628.694 187
-554.626 634.1 187
-551.34 638.926 187
-547.194 643.149 187
-542.201 646.748 187
-537.996 650.877 187
-532.153 653.773 187
-527.898 657.8 187
-522.82 661.174 187
-517.723 664.49 187
-514.174 668.992 187
-509.808 672.834 187
-505.414 676.631 187
-500.993 680.383 187
-496.545 684.09 187
-491.316 687.094 187
-486.072 690.04 187
-480.815 692.928 187
-477.018 697.107 187
-471.723 699.889 187
-465.69 701.924 187
-462.535 706.665 187
-457.193 709.283 187
-451.841 711.841 187
-447.18 715.054 187
-441.108 716.781 187
-436.417 719.887 187
-430.341 721.484 187
-426.297 725.222 187
-421.552 728.181 187
-415.463 729.595 187
-411.349 733.203 187
-405.905 735.254 187
-399.814 736.48 187
-396.277 740.722 187
-390.179 741.831 187
-384.091 742.869 187
-379.863 746.203 187
-373.779 747.119 187
-368.913 749.564 187
-364.031 751.96 187
-359.137 754.309 187
-353.067 754.982 187
-347.587 756.406 187
-342.676 758.596 187
-337.193 759.91 187
-332.266 761.999 187
-327.328 764.041 187
-321.305 764.348 187
-316.892 767.133 187
-310.887 767.321 187
-304.902 767.443 187
-299.955 769.223 187
-286.5 756.233 187
-272.31 741.307 187
-266.16 740.166 187
-261.006 740.713 187
-264.782 757.982 187
-268.738 776.24 187
-263.314 776.784 187
-257.456 776.377 187
-252.502 777.705 187
-247.544 778.987 187
-242.16 779.314 187
-237.619 781.408 187
-231.84 780.721 187
-226.091 779.973 187
-220.763 780.085 187
-215.833 781.068 187
-210.903 782.005 187
-205.607 781.964 187
-200.686 782.805 187
-195.065 781.726 187
-189.821 781.529 187
-185.263 783.166 187
-180.039 782.872 187
-174.835 782.526 187
-169.959 783.081 187
-164.787 782.637 187
-159.635 782.142 187
-154.788 782.557 187
-149.671 781.965 187
-144.309 780.36 187
-139.762 781.6 187
-134.704 780.863 187
-129.67 780.079 187
-124.893 780.218 187
-119.899 779.339 187
-114.929 778.413 187
-110.193 778.418 187
-105.266 777.4 187
-100.556 777.318 187
-95.8558 777.192 187
-91.1652 777.024 187
-86.3199 775.827 187
-81.5023 774.586 187
-76.713 773.299 187
-72.0916 772.959 187
-67.482 772.577 187
-62.7627 771.161 187
-58.0732 769.702 187
-53.5185 769.195 187
-48.8813 767.652 187
-44.2751 766.067 187
-39.8572 766.434 187
-35.2967 764.767 187
-30.8295 764.058 187
-26.3249 762.311 187
-21.8533 760.523 187
-17.3799 757.697 187
-13.0361 757.829 187
-8.69126 757.924 187
-4.32832 755.981 187
3.7296e-05 754 187
4.30222 752.981 187
8.58662 751.925 187
12.8006 748.832 187
16.9961 746.703 187
21.2427 746.536 187
25.383 744.335 187
29.6086 744.095 187
33.6924 741.823 187
37.5819 737.523 187
41.9219 739.17 187
45.9101 736.795 187
49.9646 735.381 187
53.6584 730.953 187
57.7661 730.467 187
61.7389 728.953 187
65.8289 728.397 187
69.7661 726.815 187
73.2114 722.238 187
77.4074 722.568 187
81.0937 719.905 187
84.9218 718.197 187
88.7262 716.457 187
92.3074 713.705 187
95.6394 709.948 187
99.5623 709.096 187
103.253 707.236 187
106.685 704.373 187
110.558 703.425 187
113.673 699.539 187
116.986 696.598 187
120.525 694.597 187
124.588 694.49 187
127.807 691.469 187
131.567 690.337 187
134.716 687.265 187
138.131 685.122 187
141.518 682.952 187
144.227 678.865 187
147.209 675.705 187
150.489 673.465 187
154.441 673.072 187
157.324 669.842 187
160.894 668.453 187
163.703 665.179 187
166.85 662.811 187
169.968 660.42 187
173.057 658.004 187
176.117 655.565 187
178.733 652.193 187
182.148 650.619 187
184.689 647.209 187
187.623 644.684 187
190.526 642.137 187
193.4 639.569 187
195.781 636.093 187
199.525 635.253 187
200.884 629.982 187
204.105 628.215 187
206.818 625.549 187
209.5 622.865 187
213.166 621.884 187
215.286 618.296 187
217.882 615.551 187
219.917 611.94 187
221.905 608.321 187
225.481 607.21 187
228.502 605.229 187
230.387 601.563 187
232.227 597.892 187
234.019 594.214 187
237.508 592.973 187
239.229 589.27 187
240.903 585.562 187
245.541 585.843 187
246.548 581.308 187
249.343 579.144 187
251.496 576.174 187
252.987 572.413 187
256.34 570.965 187
257.758 567.184 187
259.779 564.162 187
263.08 562.639 187
263.723 558.084 187
265.645 555.028 187
268.209 552.699 187
270.753 550.347 187
271.212 545.797 187
273.001 542.701 187
275.457 540.307 187
277.186 537.186 187
279.594 534.756 187
281.262 531.611 187
283.621 529.147 187
284.497 525.297 187
286.064 522.129 187
287.597 518.954 187
291.344 517.759 187
292.827 514.551 187
292.756 510.037 187
294.927 507.473 187
297.847 505.526 187
299.201 502.288 187
300.522 499.046 187
303.384 497.03 187
303.854 493.156 187
305.079 489.893 187
305.466 486.033 187
308.235 483.946 187
310.178 481.248 187
312.097 478.533 187
313.992 475.801 187
315.034 472.493 187
316.877 469.736 187
318.695 466.963 187
318.802 463.099 187
320.562 460.309 187
322.298 457.504 187
324.866 455.199 187
323.973 450.834 187
326.492 448.5 187
327.254 445.151 187
328.857 442.288 187
331.314 439.889 187
330.222 435.582 187
332.629 433.156 187
334.127 430.246 187
336.495 427.77 187
336.149 423.951 187
336.664 420.581 187
338.053 417.637 187
338.506 414.266 187
340.752 411.713 187
341.146 408.335 187
343.348 405.743 187
344.607 402.741 187
345.84 399.728 187
345.185 395.972 187
346.358 392.955 187
348.442 390.277 187
346.747 386.205 187
347.835 383.175 187
349.842 380.46 187
351.828 377.72 187
349.989 373.718 187
351.922 370.96 187
352.876 367.885 187
351.887 364.234 187
352.783 361.159 187
352.689 357.809 187
355.461 355.245 187
357.246 352.39 187
359.009 349.511 187
358.805 346.141 187
357.594 342.557 187
359.277 339.65 187
358.98 336.304 187
357.673 332.769 187
360.257 330.027 187
360.855 326.88 187
361.424 323.729 187
361.967 320.572 187
362.482 317.411 187
362.969 314.246 187
363.428 311.077 187
364.852 308.034 187
363.272 304.604 187
363.647 301.432 187
365.984 298.466 187
367.301 295.367 187
367.596 292.16 187
365.869 288.794 187
367.104 285.67 187
366.315 282.405 187
366.497 279.207 187
364.653 275.921 187
367.776 272.843 187
367.874 269.633 187
367.944 266.422 187
365.986 263.194 187
368 260 187
366.986 256.797 187
365.944 253.612 187
366.874 250.393 187
368.775 247.122 187
368.649 243.904 187
368.494 240.688 187
367.314 237.534 187
366.106 234.399 187
367.862 231.049 187
366.6 227.927 187
369.292 224.441 187
366.979 221.429 187
368.615 218.002 187
368.235 214.786 187
367.826 211.575 187
366.399 208.506 187
366.925 205.163 187
365.445 202.119 187
365.912 198.767 187
364.379 195.75 187
364.788 192.391 187
365.165 189.019 187
364.532 185.835 187
361.915 183.073 187
361.23 179.917 187
0 260 187
0 260 187
0 260 187
0 260 187
0 260 187
0 260 187
0 260 187
71.9115 238.699 187
72.6792 237.78 187
72.4825 237.146 187
0 260 187
0 260 187
0 260 187
40.5336 245.646 187
37.5877 246.319 187
37.4669 245.992 187
36.4096 246.024 187
36.2863 245.706 187
35.233 245.765 187
35.1074 245.458 187
34.9792 245.152 187
33.9312 245.246 187
33.8012 244.951 187
31.8486 245.486 187
32.6271 244.786 187
34.2982 243.641 187
33.2554 243.78 187
33.1126 243.491 187
32.0762 243.656 187
30.1584 244.301 187
30.9032 243.568 187
29.8798 243.777 187
28.8625 244.001 187
28.7217 243.75 187
28.5788 243.5 187
28.4338 243.251 187
28.2865 243.004 187
29.8424 241.713 187
28.8336 241.983 187
28.6753 241.732 187
29.3535 240.938 187
27.5182 241.786 187
28.1873 240.987 187
27.1962 241.309 187
26.2129 241.646 187
26.8658 240.837 187
25.0795 241.779 187
24.1157 242.155 187
23.9591 241.946 187
34.1142 233.823 187
40.1885 228.601 187
32.0869 234.477 187
27.2001 237.974 187
27.0069 237.737 187
23.7474 240.074 187
0 260 187
0 260 187
0 260 187
0 260 187
0 260 187
0 260 187
0 260 187
0 260 187
0 260 187
0 260 187
0 260 187
