-0 260 112
-0 260 112
-0 260 112
-0 260 112
-0 260 112
-0 260 112
-0 260 112
-0 260 112
-17.3583 244.911 112
-22.8122 240.517 112
-27.5776 236.86 112
-27.7785 237.101 112
-34.1944 232.31 112
-43.0435 225.762 112
-40.1886 228.601 112
-27.7674 238.693 112
-27.1536 239.538 112
-27.3311 239.776 112
-26.6976 240.603 112
-26.8658 240.837 112
-27.032 241.072 112
-26.372 241.875 112
-26.5292 242.106 112
-27.5182 241.786 112
-27.6761 242.027 112
-27.8319 242.269 112
-27.1375 243.043 112
-28.1371 242.758 112
-28.2865 243.004 112
-28.4338 243.251 112
-27.7128 244 112
-26.981 244.735 112
-27.9878 244.486 112
-29.8798 243.777 112
-30.0202 244.038 112
-31.0454 243.839 112
-31.1852 244.11 112
-31.3227 244.383 112
-31.4578 244.657 112
-30.6879 245.363 112
-31.7208 245.208 112
-32.7586 245.071 112
-33.8012 244.951 112
-33.9312 245.246 112
-34.0587 245.543 112
-34.1835 245.841 112
-35.233 245.765 112
-34.4255 246.439 112
-37.3432 245.665 112
-38.4036 245.642 112
-39.4671 245.635 112
-0 260 112
-0 260 112
-0 260 112
-73.2314 236.206 112
-72.4825 237.146 112
-0 260 112
-0 260 112
-0 260 112
-0 260 112
-0 260 112
-0 260 112
-0 260 112
-0 260 112
-0 260 112
-0 260 112
-0 260 112
-0 260 112
-0 260 112
-0 260 112
-0 260 112
-0 260 112
-691.382 150.496 112
-691.322 156.681 112
-692.197 162.718 112
-693.02 168.762 112
-693.79 174.813 112
-694.507 180.871 112
-695.171 186.935 112
-695.782 193.004 112
-695.344 199.165 112
-695.848 205.236 112
-694.305 211.45 112
-696.698 217.388 112
-696.045 223.522 112
-696.337 229.597 112
-696.575 235.675 112
-695.762 241.781 112
-695.894 247.853 112
-695.973 253.926 112
-696 260 112
-695.973 266.074 112
-694.894 272.13 112
-694.762 278.193 112
-694.577 284.255 112
-694.339 290.316 112
-694.048 296.374 112
-693.704 302.429 112
-692.309 308.411 112
-691.861 314.451 112
-691.359 320.486 112
-690.805 326.517 112
-689.204 332.438 112
-687.552 338.337 112
-687.834 344.456 112
-686.08 350.324 112
-684.275 356.169 112
-683.41 362.136 112
-681.505 367.94 112
-680.537 373.883 112
-679.517 379.817 112
-675.496 385.196 112
-674.378 391.086 112
-674.188 397.165 112
-672.966 403.043 112
-670.715 408.694 112
-668.418 414.317 112
-667.046 420.144 112
-663.682 425.475 112
-663.181 431.51 112
-660.693 437.032 112
-659.123 442.791 112
-656.542 448.26 112
-653.915 453.699 112
-651.244 459.105 112
-649.481 464.781 112
-646.718 470.132 112
-642.015 474.815 112
-641.062 480.735 112
-639.111 486.321 112
-637.112 491.89 112
-634.127 497.09 112
-631.1 502.257 112
-628.032 507.388 112
-624.922 512.485 112
-620.847 517.163 112
-616.738 521.79 112
-615.347 527.561 112
-612.075 532.514 112
-607.854 537.015 112
-605.414 542.309 112
-602.927 547.581 112
-599.496 552.394 112
-595.131 556.722 112
-592.519 561.904 112
-589.862 567.063 112
-586.277 571.729 112
-582.656 576.356 112
-578.998 580.944 112
-576.175 585.984 112
-573.309 591 112
-568.675 594.975 112
-564.016 598.895 112
-560.185 603.282 112
-557.168 608.157 112
-552.421 611.931 112
-548.491 616.194 112
-545.361 620.967 112
-542.191 625.712 112
-538.154 629.863 112
-533.268 633.398 112
-528.361 636.876 112
-525.052 641.473 112
-520.899 645.445 112
-516.717 649.374 112
-512.506 653.26 112
-508.267 657.102 112
-502.434 659.654 112
-499.705 664.653 112
-495.383 668.362 112
-490.268 671.384 112
-485.139 674.348 112
-482.259 679.222 112
-477.085 682.089 112
-472.64 685.567 112
-467.434 688.324 112
-463.678 692.387 112
-458.437 695.04 112
-453.903 698.329 112
-447.921 700.171 112
-444.063 704.063 112
-438.769 706.495 112
-434.856 710.307 112
-430.222 713.359 112
-426.249 717.096 112
-419.541 717.849 112
-414.861 720.75 112
-410.162 723.604 112
-405.444 726.411 112
-400.06 728.41 112
-395.957 731.883 112
-390.552 733.778 112
-387.032 737.945 112
-381.601 739.739 112
-376.169 741.475 112
-371.953 744.739 112
-365.302 744.772 112
-360.463 747.137 112
-355.61 749.455 112
-350.164 750.912 112
-345.867 753.949 112
-340.41 755.3 112
-336.075 758.252 112
-330.058 758.664 112
-324.605 759.848 112
-320.231 762.661 112
-314.772 763.741 112
-310.364 766.468 112
-303.872 765.729 112
-299.448 768.361 112
-294.5 770.089 112
-289.545 771.769 112
-273.433 753.286 112
-263.392 745.107 112
-256.801 742.972 112
-252.115 744.308 112
-257.867 766.092 112
-257.902 777.272 112
-252.94 778.604 112
-248.405 780.792 112
-243.428 782.033 112
-237.619 781.408 112
-232.247 781.634 112
-227.287 782.724 112
-221.935 782.847 112
-217.364 784.764 112
-212.402 785.713 112
-206.707 784.756 112
-201.761 785.606 112
-196.816 786.41 112
-191.189 785.288 112
-186.264 785.994 112
-181.341 786.654 112
-176.421 787.268 112
-171.195 786.885 112
-166.591 788.359 112
-161.097 786.924 112
-156.492 788.31 112
-151.325 787.733 112
-146.179 787.106 112
-141.315 787.396 112
-136.207 786.672 112
-131.364 786.871 112
-126.294 786.052 112
-121.249 785.185 112
-116.661 786.224 112
-111.856 786.243 112
-107.061 786.22 112
-102.083 785.171 112
-97.496 786.041 112
-92.5544 784.903 112
-87.8053 784.704 112
-83.0667 784.463 112
-78.0433 782.2 112
-73.4834 782.862 112
-68.6567 781.5 112
-63.9814 781.087 112
-59.3184 780.632 112
-54.6683 780.135 112
-49.9356 778.601 112
-45.3209 778.021 112
-40.7202 777.4 112
-36.1338 776.738 112
-31.501 775.038 112
-26.953 774.294 112
-22.4203 773.511 112
-17.9034 772.687 112
-13.3764 770.825 112
-8.90069 769.922 112
-4.43304 767.981 112
3.82774e-05 767 112
4.41566 765.981 112
8.8135 764.923 112
13.1932 763.827 112
17.5894 763.693 112
21.897 761.522 112
26.2204 760.313 112
30.4633 758.069 112
34.7388 756.787 112
38.7588 752.477 112
43.1421 753.116 112
47.3478 751.726 112
51.6371 751.294 112
55.5828 747.844 112
59.4723 744.363 112
63.6968 743.825 112
68.0557 744.241 112
71.8354 740.662 112
76.0272 740.017 112
79.8831 737.362 112
84.0457 736.647 112
88.202 735.895 112
91.97 733.144 112
95.896 731.344 112
99.7976 729.511 112
103.675 727.646 112
107.527 725.749 112
110.887 721.876 112
114.671 719.92 112
118.68 718.902 112
122.421 716.883 112
126.137 714.834 112
129.55 711.793 112
133.203 709.686 112
136.538 706.594 112
139.828 703.478 112
144.311 704.143 112
147.229 700.022 112
150.738 697.775 112
153.885 694.558 112
158.355 695.078 112
161.446 691.806 112
165.208 690.381 112
167.491 685.201 112
171.195 683.723 112
174.886 682.213 112
177.783 678.83 112
181.431 677.262 112
183.845 672.923 112
187.856 672.212 112
191.023 669.651 112
193.3 665.261 112
196.829 663.559 112
199.897 660.931 112
202.934 658.28 112
206.402 656.494 112
208.915 652.912 112
212.813 651.952 112
216.225 650.08 112
218.144 645.568 112
221.5 643.649 112
223.317 639.117 112
225.587 635.439 112
229.377 634.309 112
233.164 633.141 112
235.875 630.249 112
238.007 626.499 112
240.645 623.574 112
242.69 619.802 112
245.82 617.671 112
248.359 614.693 112
252.025 613.326 112
254.511 610.304 112
255.774 605.658 112
258.179 602.615 112
261.159 600.349 112
264.119 598.057 112
266.436 594.956 112
268.72 591.841 112
270.969 588.712 112
273.828 586.335 112
276.015 583.173 112
278.825 580.752 112
280.951 577.557 112
281.704 572.864 112
285.775 571.868 112
287.803 568.631 112
290.486 566.108 112
291.757 562.123 112
294.382 559.565 112
296.985 556.985 112
296.712 551.578 112
299.965 549.673 112
301.03 545.667 112
304.975 544.393 112
305.233 539.694 112
306.919 536.351 112
309.319 533.662 112
311.695 530.952 112
313.287 527.573 112
314.844 524.186 112
317.909 522.064 112
319.407 518.651 112
320.869 515.231 112
322.296 511.806 112
326.068 510.201 112
327.441 506.744 112
330.385 504.472 112
330.888 500.404 112
331.345 496.346 112
333.395 493.446 112
334.595 489.961 112
335.76 486.473 112
340.225 485.19 112
341.339 481.668 112
340.73 477.069 112
345.156 475.677 112
344.467 471.089 112
346.296 468.075 112
348.098 465.045 112
350.74 462.5 112
350.753 458.447 112
352.472 455.378 112
354.163 452.295 112
356.711 449.667 112
357.465 446.085 112
358.185 442.504 112
359.764 439.372 112
360.416 435.787 112
363.742 433.496 112
362.523 429.047 112
363.075 425.463 112
365.418 422.695 112
364.99 418.702 112
368.202 416.292 112
370.476 413.456 112
369.946 409.468 112
370.306 405.867 112
373.432 403.347 112
374.669 400.083 112
375.877 396.808 112
376.114 393.189 112
376.316 389.576 112
375.536 385.653 112
377.569 382.68 112
379.579 379.681 112
379.653 376.072 112
379.693 372.47 112
382.582 369.704 112
383.525 366.361 112
383.473 362.751 112
385.323 359.651 112
385.207 356.043 112
385.058 352.444 112
387.799 349.531 112
386.613 345.71 112
388.325 342.541 112
388.05 338.95 112
389.706 335.751 112
389.369 332.165 112
389.984 328.765 112
392.542 325.689 112
392.112 322.104 112
392.639 318.68 112
394.127 315.391 112
393.604 311.819 112
394.041 308.382 112
393.454 304.828 112
394.825 301.498 112
394.177 297.955 112
393.497 294.427 112
394.779 291.07 112
396.033 287.693 112
398.256 284.358 112
398.453 280.882 112
396.622 277.317 112
396.758 273.855 112
397.864 270.418 112
394.94 266.894 112
395.985 263.456 112
398 260 112
398.985 256.518 112
397.939 253.054 112
398.863 249.555 112
396.758 246.145 112
397.621 242.639 112
395.457 239.275 112
396.26 235.764 112
397.03 232.237 112
398.767 228.616 112
399.474 225.051 112
397.163 221.758 112
397.809 218.189 112
397.429 214.719 112
396.026 211.374 112
397.569 207.659 112
398.088 204.052 112
396.595 200.728 112
397.051 197.113 112
397.473 193.486 112
396.878 190.02 112
393.302 187.106 112
393.633 183.486 112
394.91 179.655 112
392.237 176.627 112
391.495 173.208 112
0 260 112
0 260 112
0 260 112
0 260 112
0 260 112
0 260 112
0 260 112
0 260 112
71.7229 238.072 112
71.5288 237.447 112
74.1824 235.897 112
0 260 112
0 260 112
39.5909 245.98 112
38.5274 245.977 112
37.4669 245.992 112
37.3432 245.665 112
37.2167 245.34 112
36.1602 245.39 112
36.0313 245.075 112
34.0587 245.543 112
33.9312 245.246 112
33.8012 244.951 112
32.7586 245.071 112
33.5334 244.363 112
34.2982 243.641 112
33.2554 243.78 112
34.0075 243.044 112
32.0762 243.656 112
31.9324 243.377 112
30.9032 243.568 112
30.7586 243.299 112
30.6117 243.032 112
28.7217 243.75 112
30.3109 242.5 112
29.2954 242.744 112
28.2865 243.004 112
28.9898 242.235 112
29.6817 241.453 112
28.6753 241.732 112
28.5148 241.482 112
28.3521 241.234 112
28.1873 240.987 112
27.1962 241.309 112
27.032 241.072 112
26.0517 241.418 112
25.0795 241.779 112
24.1157 242.155 112
24.7577 241.344 112
35.7009 232.606 112
41.7646 227.37 112
32.0869 234.477 112
27.2001 237.974 112
27.0069 237.737 112
22.9813 240.716 112
0 260 112
0 260 112
0 260 112
0 260 112
0 260 112
0 260 112
0 260 112
0 260 112
0 260 112
0 260 112
0 260 112
