-0 260 81
-0 260 81
-0 260 81
-0 260 81
-0 260 81
-0 260 81
-0 260 81
-0 260 81
-15.8489 246.223 81
-22.8122 240.517 81
-26.8116 237.502 81
-27.0069 237.737 81
-34.1944 232.31 81
-42.2608 226.384 81
-41.7646 227.37 81
-26.974 239.302 81
-25.5563 240.742 81
-25.7234 240.966 81
-26.6976 240.603 81
-26.0517 241.418 81
-27.032 241.072 81
-26.372 241.875 81
-26.5292 242.106 81
-27.5182 241.786 81
-27.6761 242.027 81
-26.9885 242.806 81
-26.2895 243.573 81
-27.2845 243.28 81
-28.2865 243.004 81
-29.2954 242.744 81
-28.5788 243.5 81
-27.8514 244.242 81
-27.9878 244.486 81
-29.001 244.254 81
-30.0202 244.038 81
-31.0454 243.839 81
-30.2942 244.564 81
-31.3227 244.383 81
-31.4578 244.657 81
-30.6879 245.363 81
-31.7208 245.208 81
-31.8486 245.486 81
-32.8876 245.357 81
-33.9312 245.246 81
-33.1382 245.934 81
-35.1074 245.458 81
-35.233 245.765 81
-34.4255 246.439 81
-36.4096 246.024 81
-36.5302 246.342 81
-39.4671 245.635 81
-0 260 81
-0 260 81
-0 260 81
-71.3292 236.824 81
-72.4825 237.146 81
-0 260 81
-0 260 81
-0 260 81
-0 260 81
-0 260 81
-0 260 81
-0 260 81
-0 260 81
-0 260 81
-0 260 81
-0 260 81
-0 260 81
-0 260 81
-0 260 81
-0 260 81
-0 260 81
-693.357 150.183 81
-693.3 156.386 81
-695.168 162.301 81
-695.003 168.501 81
-696.767 174.448 81
-695.5 180.758 81
-697.16 186.726 81
-696.777 192.908 81
-697.336 198.991 81
-697.842 205.079 81
-697.297 211.24 81
-697.696 217.327 81
-697.043 223.47 81
-697.336 229.554 81
-698.574 235.605 81
-696.761 241.755 81
-694.894 247.871 81
-695.973 253.926 81
-696 260 81
-695.973 266.074 81
-694.894 272.13 81
-694.762 278.193 81
-694.577 284.255 81
-693.339 290.272 81
-693.049 296.321 81
-692.706 302.368 81
-691.312 308.341 81
-689.867 314.294 81
-690.363 320.399 81
-687.819 326.23 81
-688.209 332.334 81
-686.558 338.224 81
-683.864 343.968 81
-684.097 350.063 81
-683.285 356.03 81
-679.454 361.545 81
-679.53 367.627 81
-678.564 373.553 81
-676.563 379.296 81
-674.513 385.014 81
-673.396 390.895 81
-671.248 396.567 81
-670.031 402.42 81
-667.786 408.045 81
-665.495 413.642 81
-663.156 419.21 81
-661.742 424.991 81
-658.34 430.258 81
-656.83 435.997 81
-655.269 441.722 81
-652.697 447.158 81
-649.121 452.278 81
-647.418 457.936 81
-645.666 463.578 81
-641.012 468.278 81
-640.118 474.181 81
-637.279 479.433 81
-633.455 484.318 81
-631.473 489.838 81
-627.57 494.639 81
-624.565 499.748 81
-622.449 505.189 81
-619.359 510.237 81
-616.228 515.25 81
-613.056 520.227 81
-609.845 525.168 81
-605.681 529.666 81
-602.394 534.527 81
-599.069 539.351 81
-595.706 544.137 81
-592.305 548.887 81
-587.972 553.152 81
-586.282 558.726 81
-583.653 563.831 81
-579.214 567.973 81
-577.383 573.493 81
-572.876 577.55 81
-569.213 582.045 81
-565.515 586.5 81
-560.921 590.408 81
-556.302 594.26 81
-554.216 599.624 81
-550.383 603.918 81
-546.518 608.17 81
-542.62 612.382 81
-538.69 616.551 81
-534.729 620.679 81
-529.913 624.199 81
-525.896 628.236 81
-521.848 632.231 81
-517.771 636.183 81
-513.664 640.092 81
-510.328 644.56 81
-506.159 648.39 81
-501.963 652.176 81
-482.869 644.092 81
-461.625 633.816 81
-453.715 634.014 81
-452.732 639.888 81
-467.65 659.411 81
-473.958 672.005 81
-471.093 676.788 81
-467.438 680.883 81
-462.273 683.595 81
-457.827 686.931 81
-452.634 689.533 81
-447.429 692.078 81
-443.642 695.966 81
-437.699 697.699 81
-433.863 701.502 81
-429.299 704.552 81
-424.715 707.556 81
-419.429 709.783 81
-414.812 712.688 81
-409.508 714.805 81
-404.198 716.863 81
-400.196 720.373 81
-396.163 723.848 81
-389.529 724.223 81
-386.099 728.376 81
-381.368 730.95 81
-375.376 731.913 81
-370.012 733.595 81
-365.866 736.805 81
-360.487 738.383 81
-355.704 740.706 81
-351.496 743.792 81
-346.099 745.213 81
-341.278 747.396 81
-336.445 749.531 81
-331.042 750.79 81
-326.195 752.827 81
-320.248 753.138 81
-315.395 755.071 81
-310.533 756.956 81
-305.139 757.942 81
-300.782 760.586 81
-295.895 762.33 81
-290.5 763.161 81
-285.606 764.806 81
-281.19 767.279 81
-274.843 766.199 81
-269.946 767.695 81
-265.044 769.144 81
-259.683 769.656 81
-254.779 771.008 81
-249.433 771.414 81
-244.961 773.571 81
-239.625 773.877 81
-234.716 775.038 81
-229.806 776.153 81
-224.496 776.305 81
-219.591 777.324 81
-214.303 777.373 81
-209.405 778.296 81
-204.508 779.173 81
-199.253 779.071 81
-194.015 778.916 81
-189.479 780.59 81
-183.928 779.395 81
-179.062 780.035 81
-174.2 780.63 81
-169.341 781.179 81
-164.185 780.729 81
-159.635 782.142 81
-154.504 781.598 81
-149.671 781.965 81
-144.843 782.288 81
-139.762 781.6 81
-134.704 780.863 81
-129.912 781.049 81
-125.127 781.19 81
-120.124 780.314 81
-115.579 781.342 81
-110.609 780.375 81
-105.864 780.34 81
-101.32 781.244 81
-96.2203 779.159 81
-91.6862 779.979 81
-86.6499 777.8 81
-82.1281 778.536 81
-77.4521 778.244 81
-72.7875 777.91 81
-68.0041 776.543 81
-63.372 776.124 81
-58.8656 776.657 81
-54.1457 775.162 81
-49.5522 774.62 81
-44.9723 774.036 81
-40.4064 773.412 81
-35.7153 770.753 81
-31.2568 771.045 81
-26.7436 770.3 81
-22.2458 769.515 81
-17.7638 768.69 81
-13.2717 766.826 81
-8.83088 765.923 81
-4.40686 764.981 81
3.79754e-05 763 81
4.38076 761.981 81
8.74369 760.924 81
13.0623 758.829 81
17.4149 758.696 81
21.6789 756.527 81
25.9587 755.32 81
30.2191 754.077 81
34.5295 753.794 81
38.7588 752.477 81
42.9678 751.124 81
46.9645 747.744 81
51.219 747.316 81
55.4696 746.85 81
59.2285 742.377 81
63.3052 740.851 81
67.6382 741.27 81
71.5398 738.684 81
75.7143 738.041 81
79.718 736.376 81
83.5248 733.693 81
87.6553 732.946 81
91.5883 731.181 81
95.2979 728.404 81
99.3818 727.555 81
103.025 724.717 81
107.077 723.8 81
110.186 718.959 81
114.187 717.98 81
118.179 716.966 81
122.163 715.917 81
125.335 711.943 81
129.274 710.832 81
132.919 708.728 81
136.83 707.551 81
139.828 703.478 81
143.075 700.339 81
146.912 699.074 81
150.738 697.775 81
149.212 681.361 81
142.28 650.912 81
145.336 648.719 81
149.081 648.369 81
152.465 647.054 81
156.211 646.636 81
162.64 652.649 81
177.001 676.989 81
181.431 677.262 81
184.658 674.75 81
187.856 672.212 81
191.446 670.557 81
194.161 667.066 81
196.829 663.559 81
200.343 661.826 81
203.842 660.062 81
206.402 656.494 81
209.384 653.795 81
213.29 652.831 81
214.286 646.582 81
218.636 646.438 81
221.5 643.649 81
223.317 639.117 81
226.102 636.296 81
229.899 635.162 81
232.635 632.293 81
235.875 630.249 81
239.097 628.176 81
241.196 624.408 81
244.367 622.289 81
246.387 618.495 81
248.359 614.693 81
251.444 612.512 81
253.923 609.495 81
257.558 608.07 81
260.586 605.809 81
261.767 601.142 81
264.119 598.057 81
268.304 597.304 81
269.349 592.618 81
272.241 590.255 81
273.185 585.569 81
277.964 585.454 81
279.481 581.506 81
282.276 579.055 81
284.381 575.837 81
285.775 571.868 81
289.167 570.094 81
290.486 566.108 81
291.757 562.123 81
295.083 560.278 81
296.278 556.278 81
298.852 553.681 81
301.403 551.062 81
303.932 548.421 81
304.975 544.393 81
306.707 541.046 81
309.148 538.358 81
310.068 534.325 81
313.204 532.264 81
315.568 529.521 81
316.376 525.471 81
319.453 523.336 81
320.961 519.909 81
322.435 516.476 81
324.66 513.653 81
326.862 510.81 81
328.239 507.346 81
331.189 505.067 81
333.315 502.168 81
334.601 498.669 81
335.033 494.593 81
337.068 491.66 81
339.905 489.269 81
339.392 484.638 81
340.5 481.123 81
344.104 479.218 81
345.156 475.677 81
346.172 472.134 81
347.153 468.59 81
350.683 466.568 81
351.606 463 81
352.494 459.432 81
354.221 456.348 81
355.042 452.772 81
357.594 450.136 81
359.239 447.008 81
359.076 442.958 81
359.764 439.372 81
363.113 437.102 81
362.839 433.065 81
364.336 429.893 81
364.894 426.292 81
367.245 423.508 81
369.575 420.696 81
369.122 416.683 81
371.4 413.839 81
371.801 410.217 81
373.097 406.967 81
373.432 403.347 81
375.606 400.433 81
374.937 396.466 81
377.999 393.857 81
379.153 390.553 81
381.226 387.556 81
380.423 383.607 81
381.487 380.282 81
381.566 376.656 81
384.487 373.89 81
383.543 369.979 81
385.452 366.895 81
384.438 363.01 81
387.259 360.152 81
386.178 356.285 81
387.003 352.911 81
388.774 349.755 81
388.566 346.143 81
388.325 342.541 81
390.01 339.348 81
390.688 335.942 81
392.319 332.712 81
391.953 329.112 81
394.514 326.019 81
393.1 322.261 81
393.628 318.828 81
394.127 315.391 81
393.604 311.819 81
396.026 308.626 81
396.435 305.168 81
396.814 301.707 81
395.172 298.051 81
395.489 294.601 81
397.77 291.305 81
396.033 287.693 81
397.258 284.297 81
397.455 280.83 81
399.619 277.448 81
396.758 273.855 81
398.863 270.445 81
397.939 266.946 81
397.985 263.473 81
398 260 81
398.985 256.518 81
398.939 253.036 81
398.863 249.555 81
400.756 246.005 81
399.619 242.552 81
400.45 239.013 81
398.256 235.642 81
399.026 232.097 81
397.77 228.695 81
398.478 225.138 81
398.158 221.662 81
399.798 217.98 81
400.409 214.379 81
399.996 210.887 81
397.569 207.659 81
398.088 204.052 81
396.595 200.728 81
396.063 197.27 81
397.473 193.486 81
395.893 190.193 81
396.252 186.559 81
395.596 183.104 81
394.91 179.655 81
393.215 176.42 81
392.471 172.991 81
0 260 81
0 260 81
0 260 81
0 260 81
0 260 81
0 260 81
0 260 81
70.9527 238.983 81
72.6792 237.78 81
73.4362 236.846 81
0 260 81
0 260 81
0 260 81
39.5909 245.98 81
39.4671 245.635 81
36.5302 246.342 81
36.4096 246.024 81
36.2863 245.706 81
36.1602 245.39 81
35.1074 245.458 81
34.9792 245.152 81
33.9312 245.246 81
33.8012 244.951 81
31.8486 245.486 81
32.6271 244.786 81
33.3957 244.071 81
34.1542 243.342 81
33.1126 243.491 81
31.1852 244.11 81
31.0454 243.839 81
30.0202 244.038 81
29.8798 243.777 81
28.8625 244.001 81
29.5921 243.258 81
28.5788 243.5 81
28.4338 243.251 81
29.1437 242.489 81
29.8424 241.713 81
29.6817 241.453 81
28.6753 241.732 81
28.5148 241.482 81
27.5182 241.786 81
26.5292 242.106 81
28.0203 240.742 81
26.2129 241.646 81
26.0517 241.418 81
25.0795 241.779 81
24.1157 242.155 81
24.7577 241.344 81
34.1142 233.823 81
40.1885 228.601 81
35.2174 231.987 81
26.423 238.603 81
27.0069 237.737 81
22.9813 240.716 81
0 260 81
0 260 81
0 260 81
0 260 81
0 260 81
0 260 81
0 260 81
0 260 81
0 260 81
0 260 81
0 260 81
