-0 260 76
-0 260 76
-0 260 76
-0 260 76
-0 260 76
-0 260 76
-0 260 76
-0 260 76
-17.3583 244.911 76
-23.5726 239.867 76
-26.8116 237.502 76
-27.7785 237.101 76
-34.1944 232.31 76
-43.0435 225.762 76
-40.9766 227.986 76
-27.7674 238.693 76
-26.355 240.14 76
-26.5273 240.371 76
-28.3156 239.428 76
-26.8658 240.837 76
-25.3937 242.219 76
-24.7238 243.008 76
-26.5292 242.106 76
-27.5182 241.786 76
-27.6761 242.027 76
-27.8319 242.269 76
-27.1375 243.043 76
-27.2845 243.28 76
-28.2865 243.004 76
-27.5721 243.759 76
-28.5788 243.5 76
-26.981 244.735 76
-28.8625 244.001 76
-28.1222 244.731 76
-30.9032 243.569 76
-30.1584 244.301 76
-31.1852 244.11 76
-30.4278 244.829 76
-29.6602 245.534 76
-31.5905 244.932 76
-31.7208 245.208 76
-32.7586 245.071 76
-32.8876 245.357 76
-33.9312 245.246 76
-34.0587 245.543 76
-35.1074 245.458 76
-35.233 245.765 76
-34.4255 246.439 76
-36.4096 246.024 76
-38.4036 245.642 76
-39.4671 245.635 76
-0 260 76
-0 260 76
-0 260 76
-73.2314 236.206 76
-71.5288 237.447 76
-0 260 76
-71.9115 238.699 76
-0 260 76
-0 260 76
-0 260 76
-0 260 76
-0 260 76
-0 260 76
-0 260 76
-0 260 76
-0 260 76
-0 260 76
-0 260 76
-0 260 76
-0 260 76
-0 260 76
-700.271 149.088 76
-700.223 155.351 76
-702.1 161.326 76
-701.943 167.588 76
-701.73 173.838 76
-702.455 179.965 76
-703.127 186.098 76
-703.745 192.237 76
-703.313 198.468 76
-703.824 204.608 76
-704.28 210.752 76
-701.689 217.083 76
-703.035 223.156 76
-703.33 229.292 76
-702.572 235.466 76
-702.759 241.598 76
-702.893 247.731 76
-701.973 253.874 76
-702 260 76
-701.973 266.126 76
-701.893 272.252 76
-700.76 278.35 76
-700.573 284.465 76
-699.334 290.534 76
-699.041 296.635 76
-697.696 302.673 76
-697.297 308.76 76
-696.845 314.843 76
-696.34 320.922 76
-693.791 326.805 76
-694.176 332.961 76
-692.52 338.903 76
-689.82 344.699 76
-690.046 350.846 76
-688.236 356.725 76
-686.377 362.58 76
-686.443 368.722 76
-684.482 374.543 76
-682.472 380.338 76
-679.429 385.925 76
-678.304 391.849 76
-677.128 397.763 76
-674.922 403.459 76
-673.644 409.343 76
-670.367 414.766 76
-668.018 420.377 76
-666.593 426.2 76
-663.181 431.51 76
-662.625 437.55 76
-660.087 443.058 76
-656.542 448.26 76
-655.833 454.267 76
-652.2 459.398 76
-648.527 464.48 76
-646.718 470.132 76
-643.912 475.45 76
-641.062 480.735 76
-637.226 485.654 76
-636.172 491.548 76
-632.254 496.39 76
-629.233 501.54 76
-626.171 506.655 76
-623.068 511.736 76
-619.923 516.781 76
-616.738 521.79 76
-613.513 526.763 76
-610.248 531.7 76
-606.034 536.186 76
-603.601 541.464 76
-600.219 546.29 76
-595.9 550.64 76
-593.341 555.829 76
-588.955 560.088 76
-585.427 564.754 76
-580.979 568.912 76
-578.262 573.971 76
-575.5 579.005 76
-571.824 583.522 76
-568.113 588 76
-565.229 592.945 76
-560.587 596.835 76
-555.921 600.669 76
-552.927 605.507 76
-547.361 608.708 76
-544.297 613.471 76
-541.192 618.207 76
-536.387 621.798 76
-533.21 626.465 76
-529.172 630.53 76
-524.29 633.973 76
-521.007 638.534 76
-515.272 641.281 76
-511.127 645.162 76
-506.953 648.999 76
-494.871 646.635 76
-467.217 631.641 76
-460.848 633.187 76
-459.117 638.467 76
-477.246 660.457 76
-480.577 670.451 76
-476.222 673.973 76
-471.842 677.451 76
-468.181 681.552 76
-463.747 684.946 76
-458.559 687.613 76
-452.634 689.533 76
-448.868 693.467 76
-444.355 696.667 76
-439.82 699.82 76
-434.564 702.215 76
-429.299 704.552 76
-425.403 708.281 76
-420.793 711.245 76
-415.488 713.426 76
-411.515 717.034 76
-406.186 719.11 76
-400.852 721.128 76
-396.813 724.608 76
-390.815 725.755 76
-386.736 729.148 76
-381.368 730.95 76
-376.621 733.478 76
-371.859 735.959 76
-367.083 738.392 76
-361.691 739.98 76
-357.488 743.118 76
-351.496 743.792 76
-346.099 745.213 76
-340.704 746.576 76
-335.312 747.883 76
-331.601 751.619 76
-326.747 753.66 76
-321.337 754.816 76
-315.932 755.914 76
-310.533 756.956 76
-305.662 758.795 76
-300.267 759.729 76
-295.387 761.468 76
-291 764.027 76
-286.098 765.677 76
-280.705 766.405 76
-275.321 767.078 76
-269.946 767.695 76
-265.044 769.144 76
-259.683 769.656 76
-255.225 771.902 76
-249.433 771.414 76
-244.961 773.571 76
-239.625 773.877 76
-234.716 775.038 76
-229.399 775.24 76
-224.496 776.305 76
-219.591 777.324 76
-213.92 776.449 76
-209.405 778.296 76
-204.141 778.243 76
-199.611 780.004 76
-194.365 779.853 76
-189.137 779.65 76
-183.928 779.395 76
-179.062 780.035 76
-174.2 780.63 76
-169.032 780.228 76
-164.185 780.729 76
-159.05 780.23 76
-154.504 781.598 76
-149.395 781.004 76
-144.576 781.324 76
-139.762 781.6 76
-134.704 780.863 76
-129.67 780.079 76
-124.893 780.218 76
-120.124 780.314 76
-115.146 779.389 76
-110.609 780.375 76
-105.665 779.36 76
-100.747 778.299 76
-96.2203 779.159 76
-91.3389 778.009 76
-86.6499 777.8 76
-81.8152 776.561 76
-77.3043 777.255 76
-72.37 774.939 76
-67.7431 774.56 76
-63.2501 775.131 76
-58.6392 774.67 76
-54.0412 774.168 76
-49.3605 772.629 76
-44.798 772.044 76
-40.2495 771.419 76
-35.6455 769.755 76
-31.1347 769.049 76
-26.5866 767.304 76
-22.115 766.517 76
-17.6591 765.692 76
-13.2455 765.827 76
-8.81343 764.923 76
-4.36323 759.981 76
3.78999e-05 762 76
4.37203 760.981 76
8.72624 759.924 76
13.01 756.83 76
17.2753 754.698 76
21.5916 754.529 76
25.854 753.323 76
30.097 752.08 76
34.3202 750.802 76
38.445 748.489 76
42.6192 747.139 76
46.7728 745.753 76
50.9054 744.332 76
55.0168 742.876 76
58.9848 740.392 76
63.1747 739.859 76
67.2206 738.299 76
71.2442 736.706 76
75.245 735.078 76
78.7277 730.458 76
83.0039 730.738 76
86.9264 729.013 76
90.8251 727.255 76
94.8992 726.444 76
98.7581 724.62 76
102.376 721.788 76
106.177 719.903 76
109.719 717.014 76
112.978 713.128 76
117.178 713.093 76
120.869 711.087 76
123.999 707.125 76
128.447 707.948 76
131.783 704.892 76
135.368 702.769 76
138.625 699.664 76
142.457 698.437 76
145.96 696.229 76
144.878 680.756 76
137.862 649.311 76
140.912 647.153 76
144.986 647.782 76
148.723 647.436 76
152.831 647.984 76
158.084 651.272 76
170.294 671.126 76
174.657 671.466 76
179.437 672.677 76
182.625 670.182 76
186.197 668.573 76
188.91 665.12 76
192.438 663.456 76
195.075 659.963 76
197.666 656.456 76
200.664 653.825 76
204.093 652.059 76
207.506 650.263 76
209.95 646.68 76
212.831 643.958 76
215.189 640.345 76
219 639.319 76
221.794 636.532 76
224.042 632.868 76
226.242 629.193 76
230.515 628.901 76
233.188 626.032 76
235.284 622.306 76
238.989 621.073 76
241.571 618.144 76
244.121 615.198 76
246.638 612.235 76
247.96 607.627 76
252.16 607.068 76
253.989 603.247 76
256.975 601.017 76
260.55 599.555 76
262.272 595.693 76
263.324 591.043 76
266.203 588.733 76
268.425 585.626 76
271.256 583.271 76
274.067 580.891 76
276.201 577.733 76
278.3 574.561 76
281.704 572.864 76
283.748 569.656 76
283.711 564.243 76
287.044 562.481 76
288.978 559.245 76
292.279 557.425 76
293.449 553.449 76
296.712 551.578 76
298.526 548.283 76
300.305 544.979 76
301.318 540.983 76
303.758 538.343 76
306.919 536.351 76
308.57 532.999 76
310.94 530.296 76
311.766 526.274 76
314.078 523.543 76
315.594 520.156 76
316.298 516.133 76
318.522 513.363 76
320.72 510.574 76
322.895 507.766 76
325.045 504.939 76
324.758 500.308 76
328.461 498.641 76
330.531 495.765 76
332.576 492.872 76
332.123 488.262 76
334.931 485.914 76
335.222 481.879 76
337.146 478.945 76
339.043 475.994 76
340.915 473.028 76
342.761 470.044 76
345.438 467.56 76
344.652 463.015 76
346.41 460 76
348.142 456.969 76
348.099 452.954 76
350.648 450.386 76
352.296 447.319 76
354.804 444.699 76
355.512 441.142 76
355.289 437.141 76
358.619 434.91 76
357.424 430.482 76
358.898 427.357 76
361.255 424.633 76
361.764 421.068 76
364.073 418.303 76
364.52 414.73 76
364.932 411.16 76
365.31 407.595 76
367.515 404.768 76
367.831 401.197 76
368.112 397.631 76
369.299 394.414 76
370.458 391.186 76
371.589 387.948 76
372.691 384.701 76
373.765 381.444 76
374.811 378.177 76
376.784 375.194 76
374.899 371.05 76
377.776 368.325 76
377.743 364.757 76
379.609 361.716 76
380.482 358.399 76
380.356 354.833 76
380.197 351.277 76
380.979 347.956 76
383.684 345.061 76
381.478 341.086 76
384.13 338.152 76
385.779 334.988 76
385.436 331.436 76
385.06 327.896 76
384.651 324.369 76
386.186 321.166 76
386.705 317.793 76
387.195 314.417 76
385.672 310.775 76
389.078 307.773 76
390.474 304.489 76
387.864 300.766 76
388.205 297.38 76
390.508 294.165 76
388.798 290.599 76
388.052 287.135 76
391.269 283.931 76
389.466 280.411 76
391.627 277.099 76
390.762 273.646 76
389.866 270.209 76
390.94 266.824 76
390.985 263.412 76
392 260 76
390.985 256.588 76
391.94 253.159 76
392.865 249.712 76
393.76 246.25 76
391.627 242.901 76
392.461 239.432 76
391.269 236.069 76
390.048 232.725 76
390.792 229.244 76
392.501 225.661 76
392.186 222.237 76
392.836 218.711 76
390.474 215.511 76
391.063 211.983 76
389.638 208.703 76
389.175 205.305 76
388.683 201.911 76
389.149 198.365 76
389.583 194.806 76
388.014 191.583 76
387.402 188.199 76
385.779 185.012 76
387.07 181.25 76
384.412 178.291 76
383.684 174.939 76
0 260 76
0 260 76
0 260 76
0 260 76
0 260 76
0 260 76
0 260 76
0 260 76
72.6792 237.78 76
72.4825 237.146 76
0 260 76
0 260 76
0 260 76
37.7057 246.648 76
38.5274 245.977 76
37.4669 245.992 76
36.4096 246.024 76
36.2863 245.706 76
36.1602 245.39 76
35.1074 245.458 76
34.9792 245.152 76
33.9312 245.246 76
32.8876 245.357 76
32.7586 245.071 76
32.6271 244.786 76
34.2982 243.641 76
33.2554 243.78 76
33.1126 243.491 76
32.0762 243.656 76
31.0454 243.839 76
30.9032 243.568 76
29.8798 243.777 76
30.6117 243.032 76
29.5921 243.258 76
28.5788 243.5 76
30.157 242.236 76
29.1437 242.489 76
29.8424 241.713 76
29.6817 241.453 76
27.8319 242.269 76
28.5148 241.482 76
28.3521 241.234 76
28.1873 240.987 76
27.1962 241.309 76
27.032 241.072 76
26.8658 240.837 76
25.8885 241.191 76
24.9196 241.56 76
23.9591 241.946 76
34.1142 233.823 76
40.9766 227.986 76
33.6522 233.232 76
27.2001 237.974 76
27.0069 237.737 76
22.9813 240.716 76
0 260 76
0 260 76
0 260 76
0 260 76
0 260 76
0 260 76
0 260 76
0 260 76
0 260 76
0 260 76
0 260 76
