-0 260 262
-0 260 262
-0 260 262
-0 260 262
-0 260 262
-0 260 262
-0 260 262
-0 260 262
-15.8489 246.223 262
-23.5726 239.867 262
-26.0455 238.145 262
-27.0069 237.737 262
-31.0858 234.827 262
-40.6956 227.629 262
-40.1886 228.601 262
-26.974 239.302 262
-25.5563 240.742 262
-27.3311 239.776 262
-26.6976 240.603 262
-25.2376 241.998 262
-26.2129 241.646 262
-25.5479 242.441 262
-25.7002 242.665 262
-26.6843 242.338 262
-26.8375 242.572 262
-26.9885 242.806 262
-27.1375 243.043 262
-27.2845 243.28 262
-28.2865 243.004 262
-26.7105 244.266 262
-27.7128 244 262
-27.8514 244.242 262
-26.2386 245.456 262
-29.001 244.254 262
-30.0202 244.038 262
-30.1584 244.301 262
-30.2942 244.564 262
-30.4278 244.829 262
-29.6602 245.534 262
-30.6879 245.363 262
-31.7208 245.208 262
-31.8486 245.486 262
-32.8876 245.357 262
-33.9312 245.246 262
-34.0587 245.543 262
-35.1074 245.458 262
-34.3058 246.14 262
-33.495 246.806 262
-36.4096 246.024 262
-37.4669 245.992 262
-37.5877 246.319 262
-0 260 262
-0 260 262
-0 260 262
-71.3292 236.824 262
-70.5751 237.748 262
-0 260 262
-71.9115 238.699 262
-0 260 262
-0 260 262
-0 260 262
-0 260 262
-0 260 262
-0 260 262
-0 260 262
-0 260 262
-0 260 262
-0 260 262
-0 260 262
-0 260 262
-0 260 262
-0 260 262
-675.579 152.999 262
-674.509 159.194 262
-676.353 164.945 262
-677.157 170.851 262
-677.909 176.763 262
-677.616 182.796 262
-678.264 188.712 262
-677.865 194.729 262
-679.405 200.56 262
-677.904 206.648 262
-679.341 212.496 262
-678.732 218.487 262
-680.067 224.359 262
-679.353 230.339 262
-679.586 236.268 262
-678.767 242.226 262
-678.897 248.15 262
-677.974 254.084 262
-679 260 262
-678.974 265.925 262
-677.897 271.833 262
-677.768 277.748 262
-676.588 283.627 262
-676.356 289.53 262
-676.072 295.432 262
-674.739 301.269 262
-674.353 307.155 262
-673.916 313.038 262
-671.435 318.743 262
-670.897 324.6 262
-670.308 330.452 262
-669.667 336.299 262
-667.984 342.018 262
-667.242 347.844 262
-666.45 353.664 262
-663.63 359.18 262
-663.727 365.124 262
-661.798 370.747 262
-659.821 376.344 262
-657.798 381.916 262
-656.709 387.651 262
-655.57 393.377 262
-653.403 398.885 262
-652.166 404.582 262
-649.905 410.042 262
-648.571 415.708 262
-647.187 421.362 262
-643.818 426.503 262
-642.341 432.115 262
-640.814 437.714 262
-638.278 443.023 262
-634.739 448.018 262
-633.074 453.55 262
-630.407 458.767 262
-628.648 464.26 262
-626.842 469.738 262
-623.097 474.549 262
-620.258 479.645 262
-617.378 484.707 262
-615.394 490.086 262
-612.429 495.089 262
-609.423 500.058 262
-606.378 504.993 262
-604.217 510.275 262
-601.09 515.148 262
-597.006 519.586 262
-593.805 524.379 262
-590.565 529.136 262
-588.194 534.279 262
-584.875 538.971 262
-582.419 544.065 262
-579.022 548.69 262
-575.59 553.278 262
-572.122 557.828 262
-568.618 562.34 262
-565.958 567.29 262
-561.506 571.248 262
-558.768 576.136 262
-555.122 580.5 262
-552.304 585.332 262
-547.73 589.109 262
-543.984 593.354 262
-541.055 598.089 262
-536.397 601.723 262
-532.556 605.846 262
-530.351 611.032 262
-525.61 614.528 262
-521.672 618.535 262
-517.704 622.5 262
-514.521 627.004 262
-510.49 630.893 262
-505.626 634.144 262
-500.744 637.338 262
-497.432 641.693 262
-493.295 645.404 262
-489.13 649.072 262
-485.716 653.325 262
-479.95 655.641 262
-476.48 659.814 262
-471.452 662.658 262
-468.675 667.413 262
-462.855 669.499 262
-458.52 672.854 262
-454.9 676.839 262
-449.782 679.429 262
-446.105 683.338 262
-442.394 687.215 262
-437.222 689.657 262
-432.749 692.749 262
-427.555 695.083 262
-422.352 697.359 262
-418.52 701.028 262
-412.609 702.469 262
-409.408 706.79 262
-404.155 708.86 262
-400.222 712.369 262
-395.604 715.09 262
-390.968 717.764 262
-385.03 718.861 262
-381.011 722.203 262
-375.704 723.956 262
-371.641 727.217 262
-365.703 728.078 262
-361.604 731.252 262
-357.478 734.39 262
-352.73 736.687 262
-347.381 738.129 262
-342.034 739.514 262
-337.263 741.661 262
-332.48 743.762 262
-327.128 744.987 262
-322.883 747.823 262
-318.069 749.784 262
-312.171 750.01 262
-308.413 753.564 262
-303.049 754.531 262
-298.207 756.3 262
-292.85 757.16 262
-288.5 759.697 262
-282.651 759.584 262
-278.281 762.032 262
-273.412 763.562 262
-268.068 764.163 262
-263.197 765.596 262
-258.321 766.983 262
-244.963 751.319 262
-234.09 739.956 262
-229.032 740.175 262
-223.988 740.343 262
-219.787 742.279 262
-225.739 767.018 262
-223.698 774.471 262
-218.419 774.562 262
-213.537 775.525 262
-208.281 775.514 262
-203.408 776.382 262
-198.894 778.137 262
-193.665 777.98 262
-188.453 777.771 262
-183.928 779.395 262
-178.737 779.09 262
-173.883 779.681 262
-169.032 780.228 262
-164.185 780.729 262
-159.05 780.23 262
-154.504 781.598 262
-149.671 781.965 262
-144.576 781.324 262
-139.762 781.6 262
-134.955 781.832 262
-130.154 782.019 262
-125.127 781.19 262
-120.349 781.288 262
-115.362 780.366 262
-110.609 780.375 262
-105.864 780.34 262
-101.32 781.244 262
-96.4025 780.142 262
-91.6862 779.979 262
-86.815 778.786 262
-82.2845 779.524 262
-77.4521 778.244 262
-72.7875 777.91 262
-68.2652 778.526 262
-63.372 776.124 262
-58.8656 776.657 262
-54.1457 775.162 262
-49.6481 775.615 262
-45.0595 775.033 262
-40.4064 773.412 262
-35.8548 772.748 262
-31.3789 773.041 262
-26.8483 772.297 262
-22.2458 769.515 262
-17.7638 768.69 262
-13.324 768.826 262
-8.86578 767.923 262
-4.43304 767.981 262
3.81264e-05 765 262
4.39821 763.981 262
8.7786 762.923 262
13.167 762.828 262
17.4498 759.695 262
21.8533 760.523 262
26.1157 758.316 262
30.4022 757.071 262
34.5992 754.792 262
38.9157 754.471 262
43.1421 753.116 262
47.3478 751.726 262
51.5326 750.299 262
55.696 748.837 262
59.716 746.348 262
63.9579 745.808 262
67.9165 743.251 262
72.131 742.64 262
76.0272 740.017 262
80.2132 739.335 262
84.2194 737.632 262
87.6553 732.946 262
91.97 733.144 262
95.896 731.344 262
100.213 731.467 262
103.891 728.622 262
107.752 726.723 262
111.587 724.793 262
114.913 720.89 262
119.181 720.838 262
122.939 718.815 262
126.404 715.797 262
130.376 714.677 262
134.055 712.563 262
137.999 711.376 262
141.332 708.247 262
144.929 706.045 262
148.816 704.764 262
152.04 701.557 262
155.554 699.271 262
159.381 697.897 262
162.846 695.553 262
166.283 693.181 262
170.057 691.714 262
173.068 688.359 262
176.417 685.908 262
179.346 682.512 262
183.425 681.848 262
186.285 678.404 262
189.93 676.762 262
192.291 672.37 262
196.313 671.579 262
199.459 668.951 262
203.02 667.195 262
205.658 663.626 262
209.172 661.816 262
211.732 658.209 262
215.199 656.347 262
218.164 653.579 262
221.591 651.66 262
225 649.711 262
226.87 645.148 262
230.737 644.011 262
232.512 639.425 262
235.814 637.381 262
238.561 634.466 262
242.364 633.208 262
245.06 630.245 262
247.722 627.264 262
250.352 624.264 262
253.521 622.065 262
256.671 619.839 262
257.45 614.349 262
260.532 612.089 262
264.197 610.601 262
266.638 607.489 262
269.66 605.149 262
272.661 602.782 262
274.384 598.836 262
276.058 594.885 262
278.97 592.463 262
280.562 588.495 262
284.074 586.789 262
286.252 583.549 262
289.734 581.782 262
291.179 577.767 262
293.941 575.213 262
296.681 572.636 262
298.703 569.316 262
299.989 565.271 262
301.935 561.935 262
304.558 559.288 262
307.158 556.619 262
309.735 553.927 262
312.288 551.213 262
312.606 546.45 262
315.837 544.38 262
318.306 541.614 262
319.242 537.513 262
321.652 534.717 262
323.271 531.256 262
324.854 527.789 262
328.733 526.203 262
328.695 521.456 262
330.965 518.578 262
333.208 515.68 262
334.628 512.16 262
338.424 510.42 262
338.978 506.282 262
341.929 503.895 262
344.044 500.902 262
345.309 497.324 262
347.367 494.302 262
348.564 490.71 262
349.726 487.114 262
350.851 483.517 262
354.484 481.506 262
355.551 477.882 262
355.724 473.741 262
360.161 472.151 262
361.133 468.5 262
362.068 464.848 262
363.842 461.681 262
364.709 458.021 262
368.189 455.77 262
368.11 451.626 262
369.768 448.406 262
373.188 446.064 262
373 441.924 262
374.573 438.662 262
376.118 435.387 262
375.814 431.268 262
379.121 428.796 262
378.746 424.683 262
380.169 421.372 262
382.486 418.431 262
382.927 414.713 262
385.193 411.732 262
385.569 408.006 262
385.909 404.285 262
386.214 400.57 262
388.368 397.528 262
389.554 394.134 262
390.709 390.73 262
389.933 386.697 262
391.978 383.59 262
394.954 380.75 262
395.034 377.014 262
395.079 373.287 262
396.052 369.835 262
396.996 366.375 262
398.877 363.157 262
399.762 359.672 262
399.644 355.946 262
400.466 352.455 262
401.258 348.957 262
402.019 345.452 262
403.729 342.14 262
402.467 338.232 262
402.151 334.534 262
404.756 331.369 262
406.35 328 262
404.952 324.138 262
405.497 320.602 262
407 317.2 262
405.501 313.385 262
406.944 309.966 262
408.358 306.527 262
407.754 302.857 262
410.103 299.488 262
409.436 295.821 262
409.733 292.247 262
410.996 288.74 262
411.232 285.152 262
412.434 281.615 262
410.609 277.928 262
411.749 274.379 262
412.858 270.811 262
410.937 267.173 262
410.984 263.587 262
411 260 262
412.984 256.396 262
409.938 252.845 262
411.859 249.215 262
411.749 245.621 262
413.606 241.942 262
411.435 238.438 262
413.228 234.726 262
412.992 231.121 262
412.724 227.518 262
412.425 223.918 262
410.103 220.512 262
411.732 216.725 262
413.326 212.907 262
412.899 209.302 262
412.441 205.701 262
411.952 202.104 262
411.431 198.511 262
409.891 195.08 262
408.322 191.67 262
409.68 187.762 262
410.017 184.008 262
409.339 180.433 262
409.609 176.664 262
407.888 173.301 262
407.115 169.745 262
0 260 262
0 260 262
0 260 262
0 260 262
0 260 262
0 260 262
0 260 262
0 260 262
69.8102 238.657 262
71.5288 237.447 262
73.2314 236.206 262
0 260 262
0 260 262
38.6483 246.314 262
38.5274 245.977 262
35.5935 246.692 262
35.4761 246.382 262
36.2863 245.706 262
35.233 245.765 262
35.1074 245.458 262
34.0587 245.543 262
33.0142 245.645 262
32.8876 245.357 262
32.7586 245.071 262
32.6271 244.786 262
32.4931 244.502 262
33.2554 243.78 262
33.1126 243.491 262
31.1852 244.11 262
30.1584 244.301 262
30.9032 243.568 262
29.001 244.254 262
28.8625 244.001 262
27.8514 244.242 262
28.5788 243.5 262
28.4338 243.251 262
28.2865 243.004 262
29.8424 241.713 262
28.8336 241.983 262
27.8319 242.269 262
27.6761 242.027 262
27.5182 241.786 262
26.5292 242.106 262
26.372 241.875 262
26.2129 241.646 262
26.8658 240.837 262
24.2705 242.366 262
24.1157 242.155 262
23.9591 241.946 262
34.1142 233.823 262
40.9766 227.986 262
34.4348 232.609 262
25.6458 239.232 262
25.4636 239.009 262
22.9813 240.716 262
0 260 262
0 260 262
0 260 262
0 260 262
0 260 262
0 260 262
0 260 262
0 260 262
0 260 262
0 260 262
0 260 262
