-0 260 220
-0 260 220
-0 260 220
-0 260 220
-0 260 220
-0 260 220
-0 260 220
-0 260 220
-16.6036 245.567 220
-22.8122 240.517 220
-27.5776 236.86 220
-26.2352 238.373 220
-34.9716 231.681 220
-42.2608 226.384 220
-40.9766 227.986 220
-27.7674 238.693 220
-26.355 240.14 220
-26.5273 240.371 220
-25.8885 241.191 220
-26.0517 241.418 220
-26.2129 241.646 220
-25.5479 242.441 220
-25.7002 242.665 220
-26.6843 242.338 220
-27.6761 242.027 220
-26.9885 242.806 220
-27.1375 243.043 220
-27.2845 243.28 220
-28.2865 243.004 220
-27.5721 243.759 220
-28.5788 243.5 220
-26.981 244.735 220
-27.9878 244.486 220
-28.1222 244.731 220
-29.1373 244.507 220
-30.1584 244.301 220
-30.2942 244.564 220
-30.4278 244.829 220
-31.4578 244.657 220
-30.6879 245.363 220
-30.8145 245.631 220
-31.8486 245.486 220
-32.8876 245.357 220
-33.9312 245.246 220
-34.9792 245.152 220
-35.1074 245.458 220
-34.3058 246.14 220
-34.4255 246.439 220
-36.4096 246.024 220
-37.4669 245.992 220
-39.4671 245.635 220
-0 260 220
-0 260 220
-0 260 220
-72.2803 236.515 220
-71.5288 237.447 220
-0 260 220
-0 260 220
-0 260 220
-0 260 220
-0 260 220
-0 260 220
-0 260 220
-0 260 220
-0 260 220
-0 260 220
-0 260 220
-0 260 220
-0 260 220
-0 260 220
-0 260 220
-0 260 220
-718.049 146.272 220
-718.026 152.69 220
-716.954 159.239 220
-717.806 165.499 220
-718.603 171.767 220
-720.34 177.928 220
-720.034 184.322 220
-719.671 190.704 220
-721.245 196.899 220
-721.768 203.196 220
-722.236 209.496 220
-722.65 215.801 220
-723.008 222.109 220
-722.312 228.463 220
-722.56 234.768 220
-722.752 241.074 220
-721.89 247.399 220
-721.973 253.7 220
-722 260 220
-721.973 266.301 220
-720.89 272.583 220
-720.753 278.874 220
-720.561 285.163 220
-720.314 291.45 220
-719.013 297.682 220
-717.659 303.894 220
-718.246 310.225 220
-716.784 316.412 220
-716.264 322.665 220
-713.699 328.722 220
-714.067 335.052 220
-712.391 341.167 220
-710.663 347.259 220
-709.875 353.457 220
-710.022 359.787 220
-708.135 365.832 220
-706.197 371.851 220
-704.208 377.844 220
-703.153 383.985 220
-701.061 389.934 220
-699.9 396.047 220
-697.706 401.95 220
-695.463 407.825 220
-694.146 413.889 220
-691.803 419.715 220
-690.383 425.746 220
-686.969 431.281 220
-684.48 437.019 220
-683.875 443.244 220
-680.323 448.67 220
-677.689 454.324 220
-675.009 459.947 220
-673.239 465.83 220
-671.417 471.697 220
-667.642 476.93 220
-664.775 482.431 220
-661.863 487.898 220
-658.906 493.331 220
-656.845 499.072 220
-653.797 504.445 220
-650.706 509.783 220
-646.64 514.718 220
-644.393 520.352 220
-641.172 525.582 220
-636.989 530.386 220
-633.688 535.536 220
-631.26 541.055 220
-627.873 546.138 220
-621.727 549.916 220
-620.979 556.192 220
-617.471 561.161 220
-613.925 566.092 220
-608.557 570.076 220
-605.828 575.374 220
-602.17 580.18 220
-599.353 585.422 220
-594.741 589.671 220
-590.971 594.356 220
-587.165 599 220
-582.461 603.096 220
-579.445 608.166 220
-574.679 612.164 220
-569.888 616.106 220
-565.916 620.528 220
-562.748 625.453 220
-557.87 629.246 220
-553.797 633.541 220
-549.692 637.793 220
-545.555 642.002 220
-540.573 645.587 220
-536.378 649.702 220
-531.349 653.178 220
-528.697 658.402 220
-522.82 661.174 220
-518.511 665.105 220
-514.174 668.992 220
-509.808 672.834 220
-504.642 675.995 220
-499.461 679.098 220
-494.264 682.141 220
-489.806 685.782 220
-486.072 690.04 220
-481.558 693.597 220
-475.544 695.756 220
-470.992 699.207 220
-466.416 702.612 220
-460.377 704.581 220
-455.767 707.881 220
-451.841 711.841 220
-445.077 712.914 220
-440.413 716.061 220
-436.417 719.887 220
-431.705 722.947 220
-426.297 725.222 220
-420.883 727.438 220
-415.463 729.595 220
-410.037 731.694 220
-404.606 733.733 220
-399.814 736.48 220
-395.005 739.179 220
-390.808 742.608 220
-384.714 743.652 220
-379.863 746.203 220
-373.779 747.119 220
-368.311 748.765 220
-363.437 751.157 220
-359.725 755.118 220
-354.229 756.611 220
-348.734 758.044 220
-343.242 759.421 220
-338.312 761.568 220
-332.818 762.833 220
-326.783 763.202 220
-321.842 765.192 220
-316.362 766.285 220
-310.887 767.321 220
-299.237 758.014 220
-285.237 744.236 220
-279.5 744.108 220
-273.787 743.918 220
-274.402 755.035 220
-279.138 774.108 220
-273.702 774.758 220
-268.276 775.353 220
-263.314 776.784 220
-257.456 776.377 220
-252.94 778.604 220
-248.405 780.792 220
-242.583 780.221 220
-237.619 781.408 220
-232.247 781.634 220
-226.888 781.807 220
-221.545 781.926 220
-216.216 781.992 220
-210.903 782.005 220
-206.34 783.825 220
-201.044 783.739 220
-196.116 784.536 220
-190.505 783.409 220
-185.597 784.109 220
-180.039 782.872 220
-175.152 783.475 220
-170.268 784.032 220
-164.787 782.637 220
-159.927 783.099 220
-155.072 783.516 220
-149.671 781.965 220
-144.843 782.288 220
-140.021 782.566 220
-134.955 781.832 220
-130.154 782.019 220
-125.127 781.19 220
-120.124 780.314 220
-115.146 779.389 220
-110.401 779.396 220
-105.665 779.36 220
-100.747 778.299 220
-95.8558 777.192 220
-91.1652 777.024 220
-86.3199 775.827 220
-81.8152 776.561 220
-77.0087 775.277 220
-72.0916 772.959 220
-67.482 772.577 220
-62.8845 772.154 220
-58.1864 770.696 220
-53.5185 769.195 220
-48.8813 767.652 220
-44.3622 767.063 220
-39.8572 766.434 220
-35.2967 764.767 220
-30.8295 764.058 220
-26.3249 762.311 220
-21.8533 760.523 220
-17.4497 759.695 220
-13.0623 758.829 220
-8.67381 756.924 220
-4.3196 754.981 220
3.7296e-05 754 220
4.30222 752.981 220
8.51681 747.926 220
12.8006 748.832 220
17.031 747.703 220
21.2427 746.536 220
25.4353 745.334 220
29.5475 743.097 220
33.6227 740.826 220
37.6604 738.52 220
41.5733 735.185 220
45.8143 735.799 220
49.8601 734.387 220
53.7716 731.947 220
57.6442 729.474 220
61.7389 728.953 220
65.5506 726.416 220
69.1748 722.859 220
72.8985 720.263 220
76.9122 719.609 220
80.7464 717.936 220
84.5573 716.23 220
88.3446 714.493 220
92.108 712.725 220
95.8473 710.926 220
99.3458 708.12 220
103.253 707.236 220
105.984 701.456 220
110.074 701.485 220
113.422 698.571 220
116.986 696.598 220
120.525 694.597 220
123.761 691.606 220
127.523 690.51 220
130.69 687.468 220
133.814 684.404 220
137.204 682.269 220
140.566 680.107 220
144.227 678.865 220
147.876 677.59 220
151.173 675.344 220
154.091 672.136 220
157.324 669.842 220
159.795 665.662 220
162.954 663.325 220
166.467 661.888 220
169.968 660.42 220
172.658 657.087 220
176.117 655.565 220
178.733 652.193 220
181.726 649.712 220
184.689 647.209 220
186.746 642.886 220
188.742 638.557 220
192.492 637.787 220
195.32 635.206 220
198.586 633.487 220
201.361 630.861 220
203.62 627.34 220
207.31 626.42 220
208.5 621.133 220
212.659 621.023 220
214.256 616.582 220
217.359 614.698 220
219.387 611.092 220
222.442 609.164 220
224.936 606.371 220
227.398 603.561 220
229.828 600.734 220
232.227 597.892 220
234.019 594.214 220
236.346 591.345 220
239.229 589.27 220
240.308 584.758 220
243.133 582.649 220
245.94 580.515 220
249.343 579.144 220
250.251 574.608 220
251.728 570.858 220
255.703 570.193 220
257.115 566.418 220
260.429 564.923 220
262.424 561.884 220
264.385 558.833 220
265.645 555.028 220
268.209 552.699 220
269.389 548.885 220
270.523 545.072 220
273.695 543.42 220
275.457 540.307 220
277.186 537.186 220
279.594 534.756 220
280.543 530.917 220
281.445 527.082 220
283.765 524.615 220
285.326 521.453 220
287.597 518.954 220
289.097 515.771 220
292.073 513.895 220
293.517 510.687 220
294.161 506.83 220
296.304 504.254 220
299.201 502.288 220
299.739 498.423 220
300.232 494.567 220
303.854 493.156 220
305.079 489.893 220
307.877 487.817 220
308.235 483.946 220
309.364 480.667 220
311.278 477.959 220
312.344 474.668 220
314.205 471.934 220
315.209 468.632 220
317.017 465.874 220
319.645 463.637 220
320.562 460.309 220
320.593 456.459 220
323.152 454.169 220
322.249 449.819 220
323.894 447 220
326.383 444.659 220
327.108 441.319 220
329.556 438.935 220
330.222 435.582 220
332.629 433.156 220
333.236 429.792 220
333.811 426.432 220
334.351 423.074 220
336.664 420.581 220
338.053 417.637 220
338.506 414.266 220
340.752 411.713 220
339.312 407.537 220
340.587 404.571 220
341.835 401.593 220
343.058 398.604 220
343.324 395.239 220
343.558 391.879 220
345.632 389.227 220
346.747 386.205 220
348.777 383.509 220
347.951 379.809 220
348.983 376.768 220
349.989 373.718 220
350.968 370.66 220
350.964 367.3 220
352.846 364.518 220
353.744 361.435 220
353.652 358.076 220
353.529 354.728 220
355.31 351.889 220
355.128 348.543 220
354.915 345.208 220
355.645 342.107 220
358.301 339.433 220
358.002 336.096 220
358.652 332.969 220
360.257 330.027 220
361.838 327.063 220
359.455 323.382 220
361.967 320.572 220
361.494 317.255 220
362.969 314.246 220
362.438 310.937 220
362.869 307.773 220
362.279 304.482 220
362.654 301.319 220
363 298.153 220
364.315 295.08 220
363.611 291.812 220
362.878 288.559 220
365.108 285.531 220
365.317 282.344 220
366.497 279.207 220
365.652 275.965 220
366.776 272.808 220
365.875 269.581 220
364.944 266.37 220
364.986 263.185 220
368 260 220
367.986 256.789 220
366.944 253.595 220
365.875 250.419 220
367.776 247.157 220
367.65 243.948 220
366.497 240.793 220
366.315 237.595 220
367.104 234.33 220
366.866 231.127 220
368.592 227.752 220
367.301 224.633 220
366.979 221.429 220
366.628 218.228 220
367.242 214.908 220
363.86 212.097 220
366.399 208.506 220
365.936 205.311 220
366.432 201.963 220
365.912 198.767 220
364.379 195.75 220
363.804 192.573 220
364.184 189.21 220
363.552 186.034 220
361.915 183.073 220
360.253 180.134 220
0 260 220
0 260 220
0 260 220
0 260 220
0 260 220
0 260 220
0 260 220
0 260 220
71.7229 238.072 220
71.5288 237.447 220
0 260 220
0 260 220
0 260 220
38.6483 246.314 220
37.5877 246.319 220
36.5302 246.342 220
36.4096 246.024 220
35.3559 246.073 220
35.233 245.765 220
35.1074 245.458 220
34.0587 245.543 220
33.9312 245.246 220
32.8876 245.357 220
32.7586 245.071 220
32.6271 244.786 220
33.3957 244.071 220
33.2554 243.78 220
33.1126 243.491 220
31.1852 244.11 220
31.0454 243.839 220
30.9032 243.568 220
29.001 244.254 220
28.8625 244.001 220
29.5921 243.258 220
27.7128 244 220
27.5721 243.759 220
28.2865 243.004 220
28.9898 242.235 220
28.8336 241.983 220
27.8319 242.269 220
28.5148 241.482 220
28.3521 241.234 220
27.3582 241.547 220
27.1962 241.309 220
26.2129 241.646 220
25.2376 241.998 220
25.0795 241.779 220
24.1157 242.155 220
23.9591 241.946 220
35.7009 232.606 220
41.7646 227.37 220
34.4348 232.609 220
26.423 238.603 220
27.0069 237.737 220
22.9813 240.716 220
0 260 220
0 260 220
0 260 220
0 260 220
0 260 220
0 260 220
0 260 220
0 260 220
0 260 220
0 260 220
0 260 220
