-0 260 252
-0 260 252
-0 260 252
-0 260 252
-0 260 252
-0 260 252
-0 260 252
-0 260 252
-15.8489 246.223 252
-23.5726 239.867 252
-26.8116 237.502 252
-27.0069 237.737 252
-34.1944 232.31 252
-40.6956 227.629 252
-40.1886 228.601 252
-26.1807 239.911 252
-25.5563 240.742 252
-27.3311 239.776 252
-26.6976 240.603 252
-26.8658 240.837 252
-26.2129 241.646 252
-24.7238 243.008 252
-25.7002 242.665 252
-26.6843 242.338 252
-26.8375 242.572 252
-27.8319 242.269 252
-26.2895 243.573 252
-27.2845 243.28 252
-28.2865 243.004 252
-28.4338 243.251 252
-28.5788 243.5 252
-27.8514 244.242 252
-27.9878 244.486 252
-28.1222 244.731 252
-29.1373 244.507 252
-31.0454 243.839 252
-31.1852 244.11 252
-31.3227 244.383 252
-30.559 245.095 252
-31.5905 244.932 252
-30.8145 245.631 252
-31.8486 245.486 252
-32.8876 245.357 252
-33.0142 245.645 252
-34.0587 245.543 252
-34.1835 245.841 252
-35.233 245.765 252
-35.3559 246.073 252
-36.4096 246.024 252
-37.4669 245.992 252
-38.5274 245.977 252
-0 260 252
-0 260 252
-0 260 252
-71.3292 236.824 252
-71.5288 237.447 252
-0 260 252
-0 260 252
-0 260 252
-0 260 252
-0 260 252
-0 260 252
-0 260 252
-0 260 252
-0 260 252
-0 260 252
-0 260 252
-0 260 252
-0 260 252
-0 260 252
-0 260 252
-0 260 252
-681.505 152.06 252
-681.432 158.159 252
-681.304 164.249 252
-682.114 170.198 252
-680.887 176.398 252
-682.584 182.229 252
-683.237 188.189 252
-683.837 194.154 252
-684.386 200.124 252
-684.882 206.099 252
-684.329 212.147 252
-685.719 218.06 252
-685.06 224.098 252
-683.349 230.164 252
-684.583 236.094 252
-685.765 242.043 252
-685.896 248.028 252
-684.974 254.022 252
-685 260 252
-684.974 265.978 252
-683.896 271.938 252
-684.765 277.931 252
-681.585 283.802 252
-683.349 289.836 252
-683.063 295.798 252
-681.726 301.696 252
-682.334 307.714 252
-680.895 313.588 252
-680.401 319.527 252
-678.86 325.367 252
-679.258 331.393 252
-675.629 336.978 252
-676.916 343.115 252
-674.182 348.758 252
-674.373 354.777 252
-672.531 360.51 252
-671.628 366.376 252
-669.688 372.067 252
-668.684 377.907 252
-666.647 383.556 252
-664.562 389.178 252
-663.409 394.972 252
-661.228 400.548 252
-659.976 406.313 252
-658.674 412.067 252
-657.322 417.809 252
-654.95 423.297 252
-652.531 428.756 252
-650.068 434.185 252
-646.596 439.317 252
-645.968 445.228 252
-644.327 450.858 252
-640.724 455.889 252
-638.99 461.473 252
-636.257 466.732 252
-633.48 471.96 252
-631.606 477.48 252
-628.742 482.649 252
-625.835 487.785 252
-622.887 492.888 252
-621.765 498.673 252
-617.797 503.357 252
-615.65 508.739 252
-611.608 513.337 252
-609.374 518.664 252
-606.177 523.573 252
-602.026 528.04 252
-599.664 533.283 252
-596.35 538.083 252
-593.901 543.276 252
-590.508 548.01 252
-587.077 552.706 252
-584.5 557.818 252
-580.105 561.984 252
-575.682 566.096 252
-572.989 571.108 252
-570.252 576.096 252
-565.731 580.075 252
-563.782 585.5 252
-559.197 589.392 252
-556.302 594.26 252
-550.806 597.534 252
-547.839 602.328 252
-543.144 606.021 252
-540.104 610.748 252
-534.521 613.792 252
-532.242 619.002 252
-529.089 623.633 252
-524.257 627.089 252
-520.22 631.069 252
-516.153 635.007 252
-512.861 639.497 252
-507.932 642.754 252
-502.986 645.955 252
-498.811 649.714 252
-495.391 654.052 252
-491.156 657.731 252
-486.123 660.729 252
-482.608 664.956 252
-478.295 668.503 252
-473.958 672.005 252
-469.595 675.463 252
-465.209 678.876 252
-460.061 681.568 252
-455.633 684.885 252
-451.183 688.157 252
-447.429 692.078 252
-442.215 694.564 252
-437.699 697.699 252
-431.76 699.362 252
-427.91 703.113 252
-422.65 705.38 252
-418.747 709.051 252
-414.137 711.951 252
-409.508 714.805 252
-404.198 716.863 252
-400.196 720.373 252
-394.215 721.566 252
-389.529 724.223 252
-384.827 726.833 252
-379.48 728.619 252
-375.376 731.913 252
-370.628 734.383 252
-364.648 735.219 252
-360.487 738.383 252
-355.109 739.903 252
-350.32 742.174 252
-344.938 743.585 252
-340.704 746.576 252
-335.312 747.883 252
-329.924 749.132 252
-325.091 751.159 252
-319.703 752.3 252
-315.932 755.914 252
-310.533 756.956 252
-304.617 757.089 252
-300.782 760.586 252
-294.88 760.607 252
-290.5 763.161 252
-284.621 763.066 252
-280.22 765.53 252
-275.321 767.078 252
-270.885 769.461 252
-263.658 766.483 252
-247.879 746.49 252
-239.162 739.685 252
-235.405 742.652 252
-228.601 739.273 252
-231.172 755.75 252
-234.302 774.128 252
-229.806 776.153 252
-224.496 776.305 252
-219.2 776.403 252
-214.303 777.373 252
-209.03 777.369 252
-204.141 778.243 252
-199.253 779.071 252
-194.365 779.853 252
-189.479 780.59 252
-184.261 780.338 252
-179.388 780.981 252
-174.835 782.526 252
-169.341 781.179 252
-164.486 781.683 252
-159.635 782.142 252
-154.504 781.598 252
-149.395 781.004 252
-144.843 782.288 252
-140.021 782.566 252
-134.955 781.832 252
-129.912 781.049 252
-125.127 781.19 252
-120.574 782.262 252
-115.795 782.318 252
-110.609 780.375 252
-106.064 781.32 252
-101.129 780.262 252
-96.2203 779.159 252
-91.3389 778.009 252
-86.98 779.773 252
-82.1281 778.536 252
-77.3043 777.255 252
-72.6483 776.92 252
-68.1346 777.534 252
-63.372 776.124 252
-58.7524 775.664 252
-54.0412 774.168 252
-49.4564 773.624 252
-44.8852 773.04 252
-40.3279 772.416 252
-35.785 771.75 252
-31.2568 771.045 252
-26.7436 770.3 252
-22.2022 768.516 252
-17.7289 767.691 252
-13.2455 765.827 252
-8.81343 764.923 252
-4.39814 763.981 252
3.78999e-05 762 252
4.38076 761.981 252
8.74369 760.924 252
13.0885 759.829 252
17.3451 756.697 252
21.6353 755.528 252
25.9587 755.32 252
30.2191 754.077 252
34.2505 749.804 252
38.6804 751.48 252
42.7935 749.132 252
46.9645 747.744 252
51.1145 746.321 252
55.2432 744.863 252
59.3504 743.37 252
63.3052 740.851 252
67.3598 739.29 252
71.392 737.695 252
75.4014 736.066 252
79.553 735.39 252
83.5248 733.693 252
87.2908 730.979 252
91.2067 729.218 252
95.0985 727.424 252
98.7581 724.62 252
102.809 723.741 252
106.402 720.877 252
110.186 718.959 252
113.945 717.009 252
117.178 713.093 252
121.386 713.019 252
125.068 710.979 252
128.723 708.909 252
132.067 705.851 252
135.368 702.769 252
139.828 703.478 252
142.766 699.388 252
146.595 698.126 252
150.087 695.884 252
153.885 694.558 252
157.329 692.259 252
160.745 689.933 252
164.133 687.58 252
167.491 685.201 252
169.697 680.014 252
173.356 678.517 252
176.61 676.068 252
180.633 675.428 252
183.032 671.095 252
187.027 670.393 252
189.756 666.932 252
193.73 666.163 252
196.829 663.559 252
199.897 660.931 252
202.48 657.389 252
205.016 653.833 252
208.445 652.029 252
211.859 650.195 252
214.771 647.457 252
217.159 643.827 252
220.5 641.917 252
223.317 639.117 252
225.587 635.439 252
229.377 634.309 252
232.105 631.445 252
235.337 629.405 252
238.007 626.499 252
240.645 623.574 252
243.808 621.46 252
245.82 617.671 252
248.359 614.693 252
250.283 610.884 252
254.511 610.304 252
256.963 607.266 252
258.78 603.413 252
261.159 600.349 252
264.734 598.845 252
267.059 595.739 252
269.349 592.618 252
272.241 590.255 252
273.828 586.335 252
276.665 583.933 252
278.169 579.997 252
281.614 578.306 252
283.711 575.093 252
286.45 572.606 252
287.803 568.631 252
289.797 565.383 252
291.757 562.123 252
295.083 560.278 252
296.985 556.985 252
299.565 554.382 252
302.123 551.757 252
302.481 547.044 252
304.243 543.711 252
308.182 542.397 252
309.148 538.358 252
312.315 536.313 252
313.204 532.264 252
314.808 528.871 252
317.908 526.757 252
320.224 523.972 252
320.184 519.28 252
322.435 516.476 252
325.448 514.268 252
326.862 510.81 252
329.038 507.948 252
330.385 504.472 252
332.506 501.58 252
334.601 498.669 252
336.671 495.74 252
337.892 492.227 252
339.905 489.269 252
341.893 486.294 252
342.178 482.213 252
344.104 479.218 252
346.004 476.207 252
347.025 472.657 252
349.724 470.136 252
351.545 467.076 252
353.338 464 252
353.364 459.924 252
355.97 457.318 252
356.8 453.726 252
358.477 450.605 252
361.013 447.932 252
361.749 444.32 252
362.448 440.71 252
364.012 437.54 252
364.644 433.926 252
367.961 431.583 252
367.624 427.536 252
368.159 423.915 252
370.492 421.095 252
372.804 418.246 252
372.323 414.221 252
372.728 410.592 252
374.028 407.333 252
375.299 404.064 252
375.606 400.433 252
377.756 397.492 252
377.999 393.857 252
378.207 390.227 252
381.226 387.556 252
383.276 384.534 252
381.487 380.282 252
384.435 377.533 252
383.528 373.606 252
385.466 370.531 252
384.489 366.628 252
387.336 363.786 252
388.227 360.402 252
389.089 357.011 252
389.92 353.612 252
389.748 349.98 252
390.518 346.576 252
391.259 343.165 252
392.95 339.947 252
393.633 336.514 252
395.268 333.259 252
394.908 329.633 252
395.501 326.184 252
395.075 322.574 252
395.606 319.124 252
396.107 315.669 252
397.569 312.341 252
399.004 308.991 252
398.422 305.394 252
399.798 302.02 252
399.154 298.434 252
399.474 294.949 252
398.767 291.384 252
399.026 287.903 252
400.252 284.48 252
399.452 280.934 252
403.615 277.622 252
403.754 274.099 252
401.862 270.523 252
402.939 267.033 252
403.985 263.526 252
403 260 252
403.985 256.474 252
403.938 252.949 252
404.861 249.398 252
403.754 245.901 252
403.615 242.378 252
403.446 238.856 252
405.243 235.214 252
403.016 231.818 252
402.755 228.303 252
403.459 224.702 252
403.135 221.182 252
402.781 217.666 252
402.397 214.153 252
402.974 210.521 252
403.518 206.876 252
402.049 203.496 252
401.54 199.989 252
401.989 196.331 252
402.405 192.661 252
401.802 189.152 252
400.185 185.83 252
400.504 182.15 252
397.849 179.057 252
398.106 175.38 252
397.352 171.909 252
0 260 252
0 260 252
0 260 252
0 260 252
0 260 252
0 260 252
0 260 252
0 260 252
70.7666 238.364 252
73.4362 236.846 252
0 260 252
0 260 252
0 260 252
38.6483 246.314 252
38.5274 245.977 252
37.4669 245.992 252
36.4096 246.024 252
36.2863 245.706 252
35.233 245.765 252
35.1074 245.458 252
34.0587 245.543 252
33.9312 245.246 252
32.8876 245.357 252
31.8486 245.486 252
31.7208 245.208 252
34.2982 243.641 252
33.2554 243.78 252
34.0075 243.044 252
31.1852 244.11 252
31.0454 243.839 252
30.0202 244.038 252
30.7586 243.299 252
29.7371 243.516 252
29.5921 243.258 252
28.5788 243.5 252
28.4338 243.251 252
29.1437 242.489 252
28.9898 242.235 252
28.8336 241.983 252
27.8319 242.269 252
27.6761 242.027 252
28.3521 241.234 252
26.5292 242.106 252
27.1962 241.309 252
26.2129 241.646 252
26.0517 241.418 252
25.0795 241.779 252
24.1157 242.155 252
24.7577 241.344 252
34.1142 233.823 252
40.9766 227.986 252
33.6522 233.232 252
26.423 238.603 252
26.2352 238.373 252
23.7474 240.074 252
0 260 252
0 260 252
0 260 252
0 260 252
0 260 252
0 260 252
0 260 252
0 260 252
0 260 252
0 260 252
0 260 252
