-0 260 143
-0 260 143
-0 260 143
-0 260 143
-0 260 143
-0 260 143
-0 260 143
-0 260 143
-16.6036 245.567 143
-23.5726 239.867 143
-26.0455 238.145 143
-27.7785 237.101 143
-34.1944 232.31 143
-41.4782 227.007 143
-40.1886 228.601 143
-28.5607 238.085 143
-26.355 240.14 143
-27.3311 239.776 143
-26.6976 240.603 143
-26.8658 240.837 143
-26.2129 241.646 143
-25.5479 242.441 143
-25.7002 242.665 143
-27.5182 241.786 143
-27.6761 242.027 143
-26.9885 242.806 143
-27.1375 243.043 143
-28.1371 242.758 143
-27.4294 243.519 143
-28.4338 243.251 143
-28.5788 243.5 143
-26.981 244.735 143
-28.8625 244.001 143
-29.8798 243.777 143
-30.9032 243.569 143
-30.1584 244.301 143
-30.2942 244.564 143
-30.4278 244.829 143
-31.4578 244.657 143
-30.6879 245.363 143
-32.6271 244.786 143
-32.7586 245.071 143
-33.8012 244.951 143
-33.9312 245.246 143
-34.0587 245.543 143
-35.1074 245.458 143
-34.3058 246.14 143
-35.3559 246.073 143
-36.4096 246.024 143
-37.4669 245.992 143
-39.4671 245.635 143
-0 260 143
-0 260 143
-0 260 143
-71.3292 236.824 143
-70.5751 237.748 143
-0 260 143
-0 260 143
-0 260 143
-0 260 143
-0 260 143
-0 260 143
-0 260 143
-0 260 143
-0 260 143
-0 260 143
-0 260 143
-0 260 143
-0 260 143
-0 260 143
-0 260 143
-0 260 143
-725.951 145.021 143
-727.916 151.212 143
-727.847 157.708 143
-728.712 164.063 143
-729.521 170.426 143
-730.275 176.796 143
-730.974 183.172 143
-731.616 189.553 143
-732.203 195.941 143
-730.74 202.49 143
-733.21 208.729 143
-733.629 215.129 143
-731.995 221.638 143
-733.301 227.983 143
-732.553 234.419 143
-733.748 240.786 143
-733.888 247.19 143
-733.972 253.595 143
-733 260 143
-732.972 266.397 143
-732.888 272.793 143
-731.749 279.162 143
-731.554 285.547 143
-731.303 291.93 143
-729.998 298.258 143
-728.638 304.566 143
-730.217 311.062 143
-728.747 317.354 143
-727.222 323.624 143
-727.635 330.063 143
-726.001 336.306 143
-724.314 342.525 143
-723.566 348.843 143
-720.78 354.893 143
-719.925 361.179 143
-720.004 367.605 143
-717.062 373.572 143
-716.043 379.825 143
-714.97 386.069 143
-713.843 392.303 143
-709.716 397.955 143
-709.465 404.342 143
-708.179 410.528 143
-704.886 416.27 143
-702.521 422.19 143
-702.051 428.548 143
-697.643 433.942 143
-697.066 440.274 143
-694.501 446.091 143
-691.887 451.877 143
-690.186 457.908 143
-686.515 463.355 143
-684.714 469.338 143
-681.908 475.005 143
-679.054 480.638 143
-677.103 486.556 143
-673.209 491.805 143
-671.161 497.671 143
-667.182 502.834 143
-664.101 508.297 143
-660.975 513.725 143
-657.805 519.116 143
-653.665 524.098 143
-649.487 529.027 143
-648.035 535.075 143
-644.693 540.321 143
-640.395 545.122 143
-637.883 550.7 143
-635.322 556.255 143
-630.907 560.927 143
-628.257 566.422 143
-624.664 571.446 143
-620.141 575.977 143
-616.472 580.915 143
-612.766 585.813 143
-609.02 590.671 143
-604.362 595.004 143
-600.545 599.772 143
-597.557 605 143
-592.801 609.186 143
-588.017 613.316 143
-584.911 618.434 143
-579.217 621.935 143
-576.036 626.976 143
-571.973 631.444 143
-567.042 635.317 143
-562.916 639.692 143
-558.758 644.023 143
-553.747 647.738 143
-549.528 651.975 143
-543.659 654.992 143
-539.388 659.126 143
-535.884 663.818 143
-530.753 667.261 143
-526.391 671.262 143
-522 675.217 143
-516.025 677.869 143
-510.044 680.448 143
-507.121 685.525 143
-501.868 688.636 143
-497.354 692.343 143
-491.315 694.679 143
-487.503 698.95 143
-482.917 702.512 143
-477.574 705.345 143
-472.219 708.119 143
-466.851 710.833 143
-462.186 714.189 143
-456.084 716.084 143
-452.086 720.047 143
-446.665 722.536 143
-441.235 724.965 143
-435.797 727.335 143
-430.351 729.646 143
-425.567 732.64 143
-420.101 734.838 143
-414.629 736.977 143
-409.152 739.056 143
-404.313 741.842 143
-398.821 743.809 143
-393.955 746.493 143
-388.449 748.348 143
-382.941 750.143 143
-378.041 752.672 143
-373.125 755.154 143
-367.006 755.98 143
-360.9 756.736 143
-357.132 760.681 143
-351.029 761.321 143
-346.074 763.541 143
-340.548 764.884 143
-334.474 765.335 143
-328.417 765.718 143
-323.992 768.565 143
-312.652 760.348 143
-295.734 742.594 143
-289.451 741.728 143
-283.714 741.651 143
-283.5 751.036 143
-290.037 772.64 143
-286.038 776.026 143
-280.092 775.866 143
-275.11 777.407 143
-270.123 778.901 143
-264.222 778.566 143
-258.795 779.062 143
-253.817 780.402 143
-248.405 780.792 143
-243.428 782.033 143
-238.034 782.318 143
-232.247 781.634 143
-227.287 782.724 143
-221.935 782.847 143
-216.216 781.992 143
-211.278 782.932 143
-206.34 783.825 143
-201.044 783.739 143
-196.116 784.536 143
-190.505 783.409 143
-185.263 783.166 143
-180.365 783.817 143
-175.152 783.475 143
-169.65 782.13 143
-164.787 782.637 143
-159.635 782.142 143
-154.504 781.598 143
-149.671 781.965 143
-144.576 781.324 143
-140.021 782.566 143
-134.704 780.863 143
-129.912 781.049 143
-124.893 780.218 143
-119.674 778.365 143
-115.146 779.389 143
-110.193 778.418 143
-105.266 777.4 143
-100.365 776.336 143
-95.8558 777.192 143
-90.9916 776.039 143
-86.3199 775.827 143
-81.3459 773.598 143
-76.713 773.299 143
-71.8133 770.978 143
-67.0904 769.603 143
-62.5189 769.176 143
-57.96 768.709 143
-53.3095 767.206 143
-48.6896 765.661 143
-44.1879 765.071 143
-39.6218 763.443 143
-35.0875 761.775 143
-30.6463 761.064 143
-26.1679 759.315 143
-21.766 758.525 143
-17.3799 757.697 143
-12.9576 754.83 143
-8.62145 753.925 143
-4.30214 752.981 143
3.69185e-05 749 143
4.27604 749.981 143
8.51681 747.926 143
12.722 745.833 143
16.9263 744.705 143
21.0682 742.54 143
25.226 741.339 143
29.3033 739.105 143
33.4134 737.833 143
37.425 735.53 143
41.399 733.192 143
45.4309 731.818 143
49.442 730.409 143
53.3187 727.972 143
57.2786 726.497 143
61.2168 724.988 143
65.133 723.445 143
68.5836 718.903 143
72.5856 718.287 143
76.4171 716.65 143
80.0518 713.996 143
83.6461 711.314 143
87.5814 710.567 143
91.1112 707.826 143
94.5998 705.057 143
98.0472 702.262 143
101.453 699.441 143
105.284 698.539 143
108.865 696.633 143
112.421 694.698 143
115.433 690.803 143
119.188 689.779 143
122.383 686.8 143
125.535 683.798 143
129.228 682.687 143
131.709 677.728 143
135.658 677.514 143
138.979 675.366 143
142.273 673.192 143
145.206 670.049 143
148.779 668.766 143
151.29 664.642 143
154.098 661.44 143
157.962 661.01 143
161.081 658.689 143
163.406 654.497 143
166.842 653.056 143
169.468 649.751 143
172.863 648.257 143
175.001 644.004 143
177.922 641.556 143
180.384 638.183 143
183.239 635.696 143
186.511 634.083 143
189.314 631.55 143
192.087 628.996 143
194.361 625.54 143
197.067 622.951 143
199.257 619.469 143
202.386 617.716 143
204.5 614.204 143
207.076 611.545 143
210.136 609.724 143
212.134 606.172 143
215.147 604.308 143
216.532 599.887 143
219.49 597.984 143
222.983 596.89 143
225.355 594.102 143
225.996 588.826 143
229.431 587.661 143
231.7 584.832 143
234.526 582.798 143
236.739 579.935 143
237.717 575.461 143
239.852 572.581 143
241.955 569.688 143
244.648 567.565 143
247.323 565.418 143
249.343 562.477 143
251.973 560.289 143
253.285 556.558 143
255.207 553.582 143
256.434 549.846 143
258.284 546.854 143
260.778 544.589 143
261.887 540.84 143
265.017 539.269 143
266.749 536.226 143
267.046 531.748 143
269.408 529.408 143
271.035 526.346 143
273.349 523.97 143
274.192 520.198 143
276.452 517.795 143
276.479 513.346 143
280.166 512.262 143
282.356 509.808 143
282.261 505.366 143
284.392 502.894 143
288.033 501.688 143
287.816 497.257 143
290.653 495.366 143
290.348 490.953 143
292.352 488.41 143
293.541 485.242 143
296.294 483.273 143
296.623 479.49 143
298.527 476.893 143
300.409 474.279 143
302.267 471.65 143
302.454 467.871 143
305.086 465.783 143
306.87 463.113 143
307.792 459.883 143
309.525 457.189 143
311.234 454.48 143
311.214 450.712 143
313.723 448.504 143
312.771 444.236 143
315.233 442 143
316.809 439.242 143
318.362 436.471 143
319.889 433.686 143
319.627 429.949 143
320.211 426.691 143
321.653 423.891 143
322.176 420.631 143
324.465 418.252 143
324.028 414.553 143
326.271 412.143 143
327.586 409.29 143
327.049 405.612 143
328.308 402.752 143
329.541 399.882 143
330.749 397.001 143
331.932 394.109 143
332.159 390.841 143
334.222 388.296 143
335.329 385.374 143
333.591 381.417 143
334.638 378.501 143
336.605 375.902 143
336.655 372.643 143
336.674 369.392 143
337.616 366.45 143
338.532 363.5 143
340.381 360.825 143
341.248 357.851 143
339.198 354.068 143
341.938 351.622 143
342.724 348.635 143
341.544 345.157 143
342.274 342.173 143
344.927 339.633 143
344.632 336.403 143
346.264 333.601 143
344.933 330.178 143
344.551 326.974 143
347.089 324.329 143
346.652 321.124 143
347.173 318.097 143
347.666 315.065 143
348.134 312.029 143
349.565 309.128 143
348.989 305.945 143
348.384 302.776 143
349.737 299.848 143
349.077 296.689 143
348.389 293.546 143
348.668 290.505 143
349.918 287.539 143
351.143 284.554 143
351.343 281.489 143
350.519 278.37 143
350.666 275.31 143
351.786 272.285 143
348.88 269.136 143
350.947 266.126 143
351.987 263.072 143
352 260 143
350.987 256.937 143
349.947 253.892 143
350.88 250.812 143
351.786 247.715 143
351.665 244.646 143
349.52 241.682 143
351.343 238.511 143
351.143 235.446 143
349.918 232.461 143
351.657 229.234 143
350.379 226.262 143
351.066 223.101 143
350.731 220.039 143
350.369 216.98 143
349.98 213.924 143
349.565 210.872 143
351.101 207.528 143
349.642 204.622 143
348.159 201.738 143
348.622 198.529 143
347.089 195.671 143
346.514 192.644 143
345.913 189.623 143
345.286 186.607 143
342.68 184.03 143
0 260 143
0 260 143
0 260 143
0 260 143
0 260 143
0 260 143
0 260 143
0 260 143
71.7229 238.072 143
70.5751 237.748 143
0 260 143
0 260 143
0 260 143
39.5909 245.98 143
37.5877 246.319 143
36.5302 246.342 143
36.4096 246.024 143
35.3559 246.073 143
37.0874 245.016 143
36.0313 245.075 143
34.9792 245.152 143
33.9312 245.246 143
33.8012 244.951 143
32.7586 245.071 143
32.6271 244.786 143
33.3957 244.071 143
34.1542 243.342 143
33.1126 243.491 143
32.9672 243.202 143
30.1584 244.301 143
31.7861 243.099 143
30.7586 243.299 143
29.7371 243.516 143
28.7217 243.75 143
27.7128 244 143
29.2954 242.744 143
29.1437 242.489 143
28.9898 242.235 143
29.6817 241.453 143
28.6753 241.732 143
28.5148 241.482 143
27.5182 241.786 143
28.1873 240.987 143
26.372 241.875 143
27.032 241.072 143
26.8658 240.837 143
25.8885 241.191 143
24.9196 241.56 143
24.7577 241.344 143
34.9075 233.214 143
39.4005 229.217 143
32.0869 234.477 143
26.423 238.603 143
27.0069 237.737 143
23.7474 240.074 143
0 260 143
0 260 143
0 260 143
0 260 143
0 260 143
0 260 143
0 260 143
0 260 143
0 260 143
0 260 143
0 260 143
