-0 260 90
-0 260 90
-0 260 90
-0 260 90
-0 260 90
-0 260 90
-0 260 90
-0 260 90
-15.8489 246.223 90
-22.8122 240.517 90
-26.8116 237.502 90
-26.2352 238.373 90
-32.6401 233.569 90
-43.0435 225.762 90
-41.7646 227.37 90
-26.974 239.302 90
-25.5563 240.742 90
-26.5273 240.371 90
-26.6976 240.603 90
-26.8658 240.837 90
-26.2129 241.646 90
-26.372 241.875 90
-26.5292 242.106 90
-26.6843 242.338 90
-26.8375 242.572 90
-26.1451 243.344 90
-26.2895 243.573 90
-27.2845 243.28 90
-27.4294 243.519 90
-27.5721 243.759 90
-27.7128 244 90
-27.8514 244.242 90
-27.1132 244.971 90
-29.001 244.254 90
-29.1373 244.507 90
-29.2714 244.762 90
-30.2942 244.564 90
-29.5328 245.275 90
-29.6602 245.534 90
-30.6879 245.363 90
-31.7208 245.208 90
-31.8486 245.486 90
-31.9741 245.764 90
-33.0142 245.645 90
-34.0587 245.543 90
-35.1074 245.458 90
-34.3058 246.14 90
-35.3559 246.073 90
-36.4096 246.024 90
-37.4669 245.992 90
-38.5274 245.977 90
-0 260 90
-0 260 90
-0 260 90
-71.3292 236.824 90
-71.5288 237.447 90
-0 260 90
-0 260 90
-0 260 90
-0 260 90
-0 260 90
-0 260 90
-0 260 90
-0 260 90
-0 260 90
-0 260 90
-0 260 90
-0 260 90
-0 260 90
-0 260 90
-0 260 90
-0 260 90
-695.333 149.87 90
-696.267 155.942 90
-697.149 162.022 90
-697.977 168.11 90
-697.76 174.326 90
-699.475 180.305 90
-699.149 186.517 90
-698.768 192.716 90
-699.329 198.817 90
-699.836 204.922 90
-699.292 211.101 90
-699.693 217.205 90
-700.039 223.313 90
-700.333 229.423 90
-699.574 235.57 90
-699.76 241.676 90
-699.893 247.783 90
-698.973 253.9 90
-699 260 90
-698.973 266.1 90
-698.894 272.199 90
-698.76 278.298 90
-698.574 284.395 90
-697.336 290.446 90
-697.043 296.531 90
-695.7 302.551 90
-695.302 308.62 90
-694.851 314.686 90
-693.352 320.66 90
-692.796 326.709 90
-692.187 332.752 90
-691.526 338.79 90
-689.82 344.699 90
-688.063 350.585 90
-687.246 356.586 90
-684.399 362.284 90
-683.48 368.253 90
-683.496 374.378 90
-681.487 380.165 90
-678.446 385.743 90
-678.304 391.849 90
-676.148 397.564 90
-673.944 403.251 90
-672.668 409.127 90
-669.392 414.541 90
-668.018 420.377 90
-665.623 425.959 90
-664.149 431.761 90
-661.659 437.291 90
-658.16 442.524 90
-657.503 448.536 90
-654.874 453.983 90
-653.156 459.69 90
-648.527 464.48 90
-647.669 470.441 90
-643.912 475.45 90
-642.007 481.061 90
-639.111 486.321 90
-637.112 491.89 90
-634.127 497.09 90
-631.1 502.257 90
-628.032 507.388 90
-624.922 512.485 90
-621.771 517.546 90
-618.579 522.571 90
-615.347 527.561 90
-612.075 532.514 90
-606.034 536.186 90
-605.414 542.309 90
-601.122 546.72 90
-598.597 551.955 90
-595.131 556.722 90
-591.628 561.45 90
-588.975 566.601 90
-584.511 570.79 90
-580.898 575.402 90
-578.124 580.459 90
-574.435 585 90
-569.845 589 90
-566.09 593.453 90
-561.445 597.35 90
-557.627 601.714 90
-554.623 606.567 90
-549.048 609.782 90
-545.974 614.56 90
-543.694 619.863 90
-538.874 623.475 90
-535.682 628.164 90
-530.81 631.678 90
-526.733 635.715 90
-522.625 639.709 90
-518.488 643.661 90
-514.321 647.569 90
-510.126 651.434 90
-496.447 647.867 90
-465.652 630.396 90
-460.848 633.187 90
-463.746 642.283 90
-483.374 665.599 90
-483.618 673.049 90
-478.486 675.941 90
-474.838 680.101 90
-468.924 682.221 90
-465.222 686.297 90
-460.021 688.977 90
-454.81 691.598 90
-451.026 695.551 90
-445.068 697.367 90
-441.235 701.235 90
-435.966 703.642 90
-432.772 708.149 90
-426.78 709.732 90
-422.839 713.439 90
-416.839 714.9 90
-411.515 717.034 90
-406.849 719.859 90
-401.508 721.882 90
-398.761 726.889 90
-393.386 728.819 90
-388.008 730.691 90
-381.997 731.728 90
-377.866 735.043 90
-372.475 736.747 90
-367.692 739.185 90
-363.496 742.376 90
-356.894 742.314 90
-352.671 745.41 90
-347.841 747.655 90
-342.999 749.853 90
-338.144 752.003 90
-332.161 752.448 90
-326.747 753.66 90
-321.882 755.654 90
-317.007 757.601 90
-311.592 758.652 90
-307.229 761.352 90
-301.812 762.3 90
-296.402 763.191 90
-292 765.759 90
-286.59 766.547 90
-281.19 767.279 90
-276.275 768.835 90
-270.416 768.578 90
-265.967 770.918 90
-261.044 772.329 90
-256.117 773.692 90
-250.748 774.11 90
-245.822 775.376 90
-240.047 774.783 90
-235.546 776.858 90
-230.213 777.067 90
-224.894 777.222 90
-219.591 777.324 90
-215.068 779.22 90
-209.78 779.223 90
-204.508 779.173 90
-199.611 780.004 90
-194.715 780.79 90
-189.479 780.59 90
-184.595 781.281 90
-179.388 780.981 90
-174.2 780.63 90
-169.341 781.179 90
-164.486 781.683 90
-159.343 781.186 90
-154.504 781.598 90
-149.395 781.004 90
-144.576 781.324 90
-139.503 780.634 90
-134.704 780.863 90
-129.912 781.049 90
-125.127 781.19 90
-119.899 779.339 90
-115.146 779.389 90
-110.609 780.375 90
-105.665 779.36 90
-100.938 779.281 90
-96.0381 778.175 90
-91.3389 778.009 90
-86.6499 777.8 90
-82.1281 778.536 90
-77.1565 776.266 90
-72.5091 775.93 90
-67.8736 775.551 90
-63.2501 775.131 90
-58.526 773.677 90
-53.9366 773.173 90
-49.2647 771.634 90
-44.7109 771.048 90
-40.0926 769.425 90
-35.6455 769.755 90
-31.0737 768.051 90
-26.5343 766.305 90
-22.115 766.517 90
-17.5893 763.693 90
-13.1931 763.827 90
-8.76107 761.924 90
-4.37196 760.981 90
3.77489e-05 760 90
4.35458 758.981 90
8.70879 758.924 90
12.9314 753.831 90
17.3102 755.698 90
21.548 753.53 90
25.854 753.323 90
30.0359 751.082 90
34.111 747.809 90
38.2881 746.496 90
42.532 746.143 90
46.7728 745.753 90
50.8009 743.338 90
55.0168 742.876 90
58.9848 740.392 90
63.0442 738.868 90
67.0815 737.309 90
71.0964 735.717 90
74.7757 732.115 90
78.5627 729.472 90
82.8302 729.753 90
86.5619 727.046 90
90.2527 724.31 90
94.3011 723.504 90
97.9264 720.708 90
101.51 717.883 90
105.727 717.954 90
109.486 716.041 90
113.219 714.098 90
116.176 709.22 90
120.351 709.156 90
124.266 708.088 90
127.896 706.025 90
130.931 702.016 90
134.783 700.856 90
138.325 698.71 90
141.839 696.535 90
144.374 691.487 90
136.413 656.172 90
137.528 648.368 90
140.912 647.153 90
144.285 645.909 90
148.006 645.569 90
152.465 647.054 90
161.83 660.543 90
171.825 674.822 90
174.657 671.466 90
178.64 670.843 90
181.811 668.355 90
184.539 664.933 90
187.22 661.494 90
190.716 659.845 90
194.198 658.166 90
197.219 655.561 90
200.21 652.934 90
203.631 651.172 90
206.568 648.497 90
208.518 644.043 90
212.347 643.083 90
213.712 637.734 90
218 637.587 90
220.272 633.947 90
224.042 632.868 90
225.197 627.488 90
229.455 627.205 90
231.039 622.658 90
234.195 620.628 90
236.781 617.737 90
239.335 614.828 90
241.855 611.902 90
244.917 609.778 90
247.96 607.627 90
250.397 604.641 90
253.395 602.443 90
254.568 597.823 90
258.115 596.382 90
261.04 594.117 90
263.324 591.043 90
264.944 587.178 90
267.789 584.854 90
269.971 581.739 90
272.119 578.61 90
274.233 575.469 90
276.313 572.315 90
277.689 568.405 90
279.694 565.233 90
283.029 563.512 90
284.979 560.305 90
287.589 557.807 90
290.176 555.286 90
290.621 550.621 90
293.146 548.074 90
295.649 545.505 90
296.678 541.537 90
299.855 539.619 90
301.546 536.316 90
303.203 533.005 90
306.323 531.012 90
308.676 528.328 90
308.725 523.676 90
311.78 521.615 90
314.051 518.884 90
314.744 514.875 90
316.174 511.496 90
319.144 509.343 90
319.721 505.331 90
323.447 503.735 90
323.954 499.714 90
326.034 496.877 90
327.274 493.443 90
330.118 491.151 90
329.65 486.562 90
332.444 484.236 90
335.222 481.879 90
335.468 477.856 90
338.2 475.457 90
339.219 471.968 90
340.203 468.477 90
341.153 464.985 90
343.79 462.508 90
345.544 459.5 90
348.142 456.969 90
346.349 451.985 90
349.769 449.909 90
351.413 446.85 90
352.143 443.314 90
353.73 440.234 90
356.184 437.587 90
355.922 433.595 90
358.326 430.913 90
358.898 427.357 90
360.345 424.219 90
360.85 420.661 90
361.322 417.107 90
363.599 414.339 90
364.009 410.777 90
364.383 407.22 90
367.515 404.768 90
368.764 401.555 90
369.986 398.332 90
369.299 394.414 90
371.401 391.52 90
371.589 387.948 90
371.743 384.383 90
372.814 381.135 90
373.857 377.877 90
374.871 374.61 90
374.899 371.05 90
375.853 367.774 90
377.743 364.757 90
379.609 361.716 90
378.546 357.899 90
378.415 354.35 90
381.169 351.511 90
382.927 348.406 90
383.684 345.061 90
382.456 341.293 90
384.13 338.152 90
385.779 334.988 90
384.453 331.254 90
384.075 327.723 90
386.624 324.699 90
387.174 321.322 90
385.716 317.646 90
388.185 314.556 90
388.646 311.166 90
389.078 307.773 90
388.487 304.262 90
390.847 301.08 90
390.195 297.572 90
390.508 294.165 90
390.792 290.756 90
392.043 287.414 90
391.269 283.931 90
392.461 280.568 90
393.625 277.186 90
392.761 273.716 90
393.865 270.314 90
392.94 266.859 90
393.985 263.438 90
394 260 90
392.985 256.57 90
392.94 253.141 90
392.865 249.712 90
391.761 246.319 90
391.627 242.901 90
392.461 239.432 90
394.263 235.886 90
395.035 232.376 90
394.779 228.93 90
393.497 225.573 90
393.181 222.141 90
391.842 218.816 90
391.467 215.398 90
392.056 211.862 90
392.612 208.312 90
392.146 204.887 90
390.661 201.615 90
390.137 198.208 90
391.555 194.476 90
390.969 191.062 90
388.386 188.017 90
388.724 184.44 90
389.03 180.851 90
388.325 177.459 90
387.59 174.073 90
0 260 90
0 260 90
0 260 90
0 260 90
0 260 90
0 260 90
0 260 90
0 260 90
70.7666 238.364 90
71.5288 237.447 90
0 260 90
0 260 90
0 260 90
39.5909 245.98 90
37.5877 246.319 90
36.5302 246.342 90
36.4096 246.024 90
35.3559 246.073 90
35.233 245.765 90
35.1074 245.458 90
34.9792 245.152 90
33.0142 245.645 90
32.8876 245.357 90
32.7586 245.071 90
31.7208 245.208 90
33.3957 244.071 90
32.3566 244.219 90
33.1126 243.491 90
32.0762 243.656 90
31.9324 243.377 90
30.0202 244.038 90
29.8798 243.777 90
29.7371 243.516 90
28.7217 243.75 90
28.5788 243.5 90
27.5721 243.759 90
28.2865 243.004 90
28.9898 242.235 90
28.8336 241.983 90
28.6753 241.732 90
28.5148 241.482 90
28.3521 241.234 90
26.5292 242.106 90
26.372 241.875 90
26.2129 241.646 90
26.8658 240.837 90
25.0795 241.779 90
24.9196 241.56 90
23.9591 241.946 90
34.9075 233.214 90
40.1885 228.601 90
32.0869 234.477 90
25.6458 239.232 90
26.2352 238.373 90
23.7474 240.074 90
0 260 90
0 260 90
0 260 90
0 260 90
0 260 90
0 260 90
0 260 90
0 260 90
0 260 90
0 260 90
0 260 90
