-0 260 91
-0 260 91
-0 260 91
-0 260 91
-0 260 91
-0 260 91
-0 260 91
-0 260 91
-15.8489 246.223 91
-22.8122 240.517 91
-27.5776 236.86 91
-26.2352 238.373 91
-33.4173 232.939 91
-43.0435 225.762 91
-40.9766 227.986 91
-26.974 239.302 91
-26.355 240.14 91
-25.7234 240.966 91
-26.6976 240.603 91
-26.8658 240.837 91
-25.3937 242.219 91
-25.5479 242.441 91
-25.7002 242.665 91
-26.6843 242.338 91
-26.8375 242.572 91
-26.9885 242.806 91
-26.2895 243.573 91
-27.2845 243.28 91
-26.5722 244.034 91
-27.5721 243.759 91
-27.7128 244 91
-26.981 244.735 91
-26.2386 245.456 91
-28.1222 244.731 91
-29.1373 244.507 91
-30.1584 244.301 91
-31.1852 244.11 91
-29.5328 245.275 91
-30.559 245.095 91
-31.5905 244.932 91
-31.7208 245.208 91
-32.7586 245.071 91
-32.8876 245.357 91
-33.0142 245.645 91
-34.0587 245.543 91
-34.1835 245.841 91
-35.233 245.765 91
-35.3559 246.073 91
-35.4761 246.382 91
-36.5302 246.342 91
-39.4671 245.635 91
-0 260 91
-0 260 91
-0 260 91
-71.3292 236.824 91
-69.6213 238.048 91
-0 260 91
-71.9115 238.699 91
-0 260 91
-0 260 91
-0 260 91
-0 260 91
-0 260 91
-0 260 91
-0 260 91
-0 260 91
-0 260 91
-0 260 91
-0 260 91
-0 260 91
-0 260 91
-0 260 91
-698.296 149.401 91
-699.234 155.499 91
-699.129 161.744 91
-700.952 167.718 91
-701.73 173.838 91
-701.462 180.079 91
-702.132 186.203 91
-701.754 192.429 91
-701.321 198.642 91
-702.827 204.686 91
-702.285 210.892 91
-702.687 217.022 91
-704.034 223.103 91
-703.33 229.292 91
-703.571 235.431 91
-703.759 241.572 91
-702.893 247.731 91
-702.973 253.865 91
-703 260 91
-701.973 266.126 91
-701.893 272.252 91
-701.759 278.376 91
-701.572 284.5 91
-701.332 290.621 91
-701.038 296.74 91
-699.692 302.795 91
-699.292 308.899 91
-697.842 314.921 91
-697.336 321.009 91
-696.777 327.092 91
-695.171 333.065 91
-694.507 339.129 91
-691.805 344.943 91
-692.029 351.107 91
-689.227 356.865 91
-688.355 362.875 91
-687.431 368.878 91
-685.468 374.708 91
-684.441 380.686 91
-682.379 386.472 91
-681.249 392.422 91
-677.128 397.763 91
-677.856 404.083 91
-675.597 409.776 91
-671.341 414.991 91
-672.88 421.544 91
-668.534 426.684 91
-667.054 432.512 91
-665.523 438.326 91
-662.978 443.86 91
-661.348 449.639 91
-657.75 454.835 91
-656.025 460.567 91
-653.296 465.984 91
-650.523 471.368 91
-647.705 476.719 91
-645.789 482.363 91
-642.881 487.656 91
-638.991 492.574 91
-636.937 498.141 91
-633.901 503.332 91
-630.823 508.488 91
-626.776 513.234 91
-624.543 518.694 91
-621.341 523.744 91
-619.016 529.156 91
-614.816 533.734 91
-612.404 539.089 91
-608.132 543.577 91
-603.83 548.012 91
-601.293 553.27 91
-597.816 558.06 91
-594.301 562.812 91
-590.749 567.525 91
-588.043 572.668 91
-582.656 576.356 91
-579.873 581.429 91
-577.046 586.477 91
-573.309 591 91
-569.537 595.483 91
-565.73 599.925 91
-562.742 604.849 91
-558.016 608.687 91
-554.108 613.006 91
-550.168 617.283 91
-546.195 621.519 91
-541.361 625.153 91
-538.978 630.43 91
-534.087 633.972 91
-529.175 637.457 91
-525.052 641.473 91
-520.899 645.445 91
-515.918 648.773 91
-511.713 652.651 91
-487.779 641.095 91
-468 632.264 91
-463.179 635.075 91
-468.376 646.1 91
-487.97 669.456 91
-485.899 674.997 91
-481.505 678.566 91
-476.336 681.426 91
-471.897 684.898 91
-465.959 686.973 91
-462.215 691.023 91
-458.437 695.04 91
-452.465 696.94 91
-448.634 700.872 91
-444.063 704.063 91
-438.068 705.782 91
-434.161 709.587 91
-429.533 712.634 91
-424.885 715.633 91
-419.541 717.849 91
-413.523 719.264 91
-408.837 722.106 91
-405.444 726.411 91
-400.709 729.171 91
-394.672 730.351 91
-389.916 733.006 91
-384.515 734.836 91
-379.734 737.391 91
-374.938 739.899 91
-370.127 742.359 91
-365.302 744.772 91
-359.868 746.333 91
-354.434 747.837 91
-350.164 750.912 91
-344.146 751.491 91
-339.844 754.476 91
-333.838 754.935 91
-329.506 757.83 91
-324.06 759.009 91
-319.156 760.975 91
-313.712 762.045 91
-309.319 764.763 91
-303.357 764.872 91
-297.925 765.776 91
-293 767.491 91
-288.068 769.158 91
-282.644 769.903 91
-278.184 772.35 91
-272.293 772.11 91
-267.352 773.579 91
-261.952 774.111 91
-257.01 775.482 91
-252.502 777.705 91
-245.822 775.376 91
-241.315 777.502 91
-235.96 777.768 91
-230.62 777.98 91
-226.091 779.973 91
-221.154 781.006 91
-215.833 781.068 91
-210.529 781.077 91
-205.607 781.964 91
-200.686 782.805 91
-195.416 782.663 91
-190.847 784.349 91
-184.929 782.223 91
-180.365 783.817 91
-175.152 783.475 91
-170.268 784.032 91
-165.388 784.544 91
-160.22 784.055 91
-155.356 784.474 91
-150.222 783.888 91
-145.11 783.251 91
-140.28 783.532 91
-135.456 783.768 91
-130.396 782.989 91
-125.594 783.135 91
-120.574 782.262 91
-115.795 782.318 91
-111.025 782.331 91
-106.064 781.32 91
-101.32 781.244 91
-96.5848 781.125 91
-91.5125 778.994 91
-86.815 778.786 91
-82.2845 779.524 91
-77.4521 778.244 91
-72.7875 777.91 91
-68.0041 776.543 91
-63.2501 775.131 91
-58.7524 775.664 91
-54.0412 774.168 91
-49.4564 773.624 91
-44.8852 773.04 91
-40.2495 771.419 91
-35.7153 770.753 91
-31.1347 769.049 91
-26.639 768.302 91
-22.115 766.517 91
-17.6591 765.692 91
-13.2455 765.827 91
-8.79597 763.923 91
-4.38068 761.981 91
3.78244e-05 761 91
4.36331 759.981 91
8.69134 757.924 91
13.0362 757.829 91
17.3102 755.698 91
21.548 753.53 91
25.7493 751.326 91
30.0359 751.082 91
34.2505 749.804 91
38.445 748.489 91
42.532 746.143 91
46.6769 744.758 91
50.8009 743.338 91
54.564 738.902 91
58.8629 739.4 91
62.9137 737.876 91
66.9423 736.319 91
70.8007 733.739 91
74.7757 732.115 91
78.7277 730.458 91
82.6566 728.768 91
86.5619 727.046 91
90.4435 725.291 91
94.1017 722.524 91
97.7185 719.729 91
101.943 719.835 91
105.502 716.98 91
109.252 715.069 91
112.494 711.188 91
115.926 708.252 91
119.833 707.224 91
123.197 704.234 91
126.793 702.18 91
130.647 701.057 91
134.491 699.9 91
137.723 696.802 91
140.912 693.682 91
136.441 667.779 91
133.483 647.663 91
137.195 647.426 91
140.57 646.214 91
144.636 646.846 91
149.081 648.369 91
155.397 654.497 91
168.198 676.306 91
171.442 673.898 91
173.875 669.625 91
177.443 668.092 91
180.184 664.701 91
184.124 664.023 91
187.22 661.494 91
190.716 659.845 91
193.76 657.267 91
196.327 653.771 91
198.848 650.261 91
201.784 647.624 91
205.629 646.731 91
208.518 644.043 91
211.862 642.209 91
213.712 637.734 91
217 635.855 91
219.257 632.224 91
221.981 629.439 91
224.152 625.783 91
226.805 622.965 91
229.964 620.972 91
233.65 619.79 91
236.229 616.903 91
238.216 613.17 91
240.723 610.254 91
243.196 607.32 91
246.799 605.999 91
249.809 603.832 91
251.015 599.228 91
253.364 596.226 91
256.897 594.795 91
259.193 591.753 91
260.834 587.913 91
263.685 585.624 91
266.517 583.311 91
266.757 577.908 91
269.521 575.568 91
272.921 573.959 91
274.987 570.817 91
278.358 569.148 91
279.694 565.233 91
280.983 561.318 91
283.602 558.854 91
285.505 555.649 91
287.373 552.433 91
290.621 550.621 91
293.146 548.074 91
293.491 543.421 91
295.227 540.16 91
296.93 536.891 91
300.809 535.641 91
300.974 530.998 91
302.578 527.698 91
305.657 525.704 91
307.204 522.377 91
310.248 520.329 91
311.736 516.976 91
312.413 512.987 91
316.174 511.496 91
316.78 507.496 91
318.928 504.722 91
321.051 501.93 91
321.543 497.929 91
323.607 495.114 91
326.46 492.862 91
327.661 489.431 91
329.65 486.562 91
329.957 482.559 91
331.053 479.119 91
333.791 476.766 91
335.67 473.845 91
336.675 470.378 91
339.351 467.954 91
339.438 463.955 91
341.205 460.985 91
342.946 458 91
343.791 454.507 91
346.349 451.985 91
348.012 448.955 91
348.764 445.441 91
350.369 442.391 91
350.166 438.418 91
355.289 437.141 91
353.226 432.28 91
354.716 429.191 91
356.179 426.089 91
358.525 423.389 91
359.023 419.847 91
361.322 417.107 91
362.679 413.948 91
362.161 410.012 91
364.383 407.22 91
365.654 404.035 91
365.03 400.122 91
369.049 397.982 91
367.42 393.73 91
370.458 391.186 91
370.643 387.623 91
370.795 384.066 91
370.912 380.517 91
371.95 377.275 91
374.871 374.61 91
375.857 371.334 91
375.853 367.774 91
376.78 364.49 91
377.677 361.198 91
376.609 357.398 91
378.415 354.35 91
379.224 351.044 91
379.03 347.506 91
379.779 344.195 91
380.499 340.878 91
383.151 337.953 91
383.816 334.606 91
384.453 331.254 91
383.09 327.549 91
384.651 324.369 91
384.211 320.853 91
387.694 317.941 91
385.214 314.138 91
388.646 311.166 91
386.1 307.407 91
386.499 304.036 91
388.858 300.871 91
388.205 297.38 91
387.52 293.904 91
388.798 290.599 91
390.048 287.275 91
391.269 283.931 91
389.466 280.411 91
389.629 277.012 91
390.762 273.646 91
390.866 270.235 91
390.94 266.824 91
390.985 263.412 91
391 260 91
393.985 256.562 91
393.94 253.124 91
390.866 249.765 91
391.761 246.319 91
392.626 242.858 91
390.464 239.537 91
391.269 236.069 91
392.043 232.586 91
393.782 229.009 91
391.505 225.748 91
391.191 222.333 91
390.847 218.92 91
392.461 215.285 91
393.048 211.74 91
390.629 208.573 91
391.156 205.027 91
391.65 201.467 91
393.1 197.739 91
390.569 194.641 91
389.984 191.235 91
388.386 188.017 91
388.724 184.44 91
387.07 181.25 91
387.346 177.667 91
385.637 174.506 91
0 260 91
0 260 91
0 260 91
0 260 91
0 260 91
0 260 91
0 260 91
0 260 91
71.7229 238.072 91
72.4825 237.146 91
0 260 91
0 260 91
0 260 91
39.5909 245.98 91
37.5877 246.319 91
36.5302 246.342 91
36.4096 246.024 91
35.3559 246.073 91
36.1602 245.39 91
34.1835 245.841 91
34.0587 245.543 91
33.9312 245.246 91
33.8012 244.951 91
31.8486 245.486 91
31.7208 245.208 91
32.4931 244.502 91
32.3566 244.219 91
32.2176 243.937 91
30.2942 244.564 91
31.0454 243.839 91
30.9032 243.568 91
29.8798 243.777 91
28.8625 244.001 91
29.5921 243.258 91
28.5788 243.5 91
28.4338 243.251 91
26.5722 244.034 91
28.1371 242.758 91
28.8336 241.983 91
28.6753 241.732 91
28.5148 241.482 91
28.3521 241.234 91
27.3582 241.547 91
27.1962 241.309 91
25.3937 242.219 91
26.0517 241.418 91
25.0795 241.779 91
24.1157 242.155 91
24.7577 241.344 91
34.9075 233.214 91
40.1885 228.601 91
33.6522 233.232 91
26.423 238.603 91
27.0069 237.737 91
22.9813 240.716 91
0 260 91
0 260 91
0 260 91
0 260 91
0 260 91
0 260 91
0 260 91
0 260 91
0 260 91
0 260 91
0 260 91
