-0 260 25
-0 260 25
-0 260 25
-0 260 25
-0 260 25
-0 260 25
-0 260 25
-0 260 25
-16.6036 245.567 25
-22.8122 240.517 25
-26.8116 237.502 25
-26.2352 238.373 25
-33.4173 232.939 25
-43.8261 225.139 25
-40.9766 227.986 25
-26.974 239.302 25
-26.355 240.14 25
-27.3311 239.776 25
-26.6976 240.603 25
-26.8658 240.837 25
-25.3937 242.219 25
-24.7238 243.008 25
-25.7002 242.665 25
-26.6843 242.338 25
-26.8375 242.572 25
-26.9885 242.806 25
-27.1375 243.043 25
-27.2845 243.28 25
-27.4294 243.519 25
-27.5721 243.759 25
-27.7128 244 25
-27.8514 244.242 25
-27.9878 244.486 25
-29.8798 243.777 25
-30.9032 243.569 25
-31.0454 243.839 25
-31.1852 244.11 25
-30.4278 244.829 25
-30.559 245.095 25
-31.5905 244.932 25
-31.7208 245.208 25
-30.9387 245.9 25
-33.8012 244.951 25
-33.0142 245.645 25
-34.9792 245.152 25
-34.1835 245.841 25
-34.3058 246.14 25
-35.3559 246.073 25
-36.4096 246.024 25
-37.4669 245.992 25
-39.4671 245.635 25
-0 260 25
-0 260 25
-0 260 25
-71.3292 236.824 25
-70.5751 237.748 25
-0 260 25
-70.9527 238.983 25
-0 260 25
-0 260 25
-0 260 25
-0 260 25
-0 260 25
-0 260 25
-0 260 25
-0 260 25
-0 260 25
-0 260 25
-0 260 25
-0 260 25
-0 260 25
-660.811 149.418 25
-655.825 156.128 25
-657.696 161.707 25
-831.825 143.095 25
-816.951 152.447 25
-832.746 157.752 25
-843.543 163.891 25
-827.442 173.032 25
-826.179 180.448 25
-839.792 186.528 25
-855.355 192.682 25
-856.908 200.079 25
-857.398 207.559 25
-862.816 214.782 25
-864.177 222.269 25
-861.475 229.917 25
-862.704 237.409 25
-868.868 244.834 25
-866.967 252.434 25
-873 260 25
-883.966 267.714 25
-890.864 275.55 25
-985.662 285.811 25
-989.397 294.551 25
-999.048 303.62 25
-1020.6 313.487 25
-1197.76 333.258 25
-1196.08 343.638 25
-1026.82 340.813 25
-1028.07 349.945 25
-1049.15 361.022 25
-1034.3 368.71 25
-996.553 373.543 25
-991.554 381.748 25
-985.496 389.743 25
-991.258 399.312 25
-984.071 407.071 25
-982.75 415.652 25
-980.368 424.057 25
-1006.47 437.469 25
-1031.43 451.165 25
-1044.45 463.021 25
-1036.76 470.931 25
-1037.81 480.594 25
-1040.73 490.725 25
-1058.17 504.297 25
-1020.02 504.884 25
-1020.75 514.502 25
-1017.52 523.15 25
-1012.29 531.242 25
-999.285 537.126 25
-0 260 25
-0 260 25
-0 260 25
-0 260 25
-0 260 25
-0 260 25
-0 260 25
-0 260 25
-0 260 25
-0 260 25
-0 260 25
-0 260 25
-0 260 25
-0 260 25
-0 260 25
-0 260 25
-0 260 25
-0 260 25
-0 260 25
-0 260 25
-0 260 25
-0 260 25
-0 260 25
-0 260 25
-0 260 25
-0 260 25
-0 260 25
-0 260 25
-0 260 25
-0 260 25
-0 260 25
-0 260 25
-0 260 25
-0 260 25
-0 260 25
-0 260 25
-0 260 25
-0 260 25
-0 260 25
-0 260 25
-0 260 25
-0 260 25
-0 260 25
-0 260 25
-0 260 25
-0 260 25
-0 260 25
-0 260 25
-0 260 25
-0 260 25
-0 260 25
-0 260 25
-0 260 25
-0 260 25
-0 260 25
-0 260 25
-0 260 25
-0 260 25
-0 260 25
-0 260 25
-0 260 25
-0 260 25
-0 260 25
-0 260 25
-0 260 25
-0 260 25
-0 260 25
-0 260 25
-0 260 25
-0 260 25
-0 260 25
-0 260 25
-0 260 25
-0 260 25
-0 260 25
-0 260 25
-0 260 25
-0 260 25
-0 260 25
-0 260 25
-0 260 25
-0 260 25
-0 260 25
-0 260 25
-0 260 25
-0 260 25
-0 260 25
-0 260 25
-0 260 25
-0 260 25
-0 260 25
-0 260 25
-0 260 25
-0 260 25
-0 260 25
-0 260 25
-0 260 25
-0 260 25
-0 260 25
-0 260 25
-0 260 25
-0 260 25
-0 260 25
-0 260 25
-0 260 25
-0 260 25
-0 260 25
-0 260 25
-0 260 25
-0 260 25
-0 260 25
-0 260 25
-0 260 25
-0 260 25
-0 260 25
0 260 25
0 260 25
0 260 25
0 260 25
0 260 25
0 260 25
0 260 25
0 260 25
0 260 25
0 260 25
0 260 25
0 260 25
0 260 25
0 260 25
0 260 25
0 260 25
0 260 25
0 260 25
0 260 25
0 260 25
0 260 25
0 260 25
0 260 25
0 260 25
0 260 25
0 260 25
0 260 25
0 260 25
0 260 25
0 260 25
0 260 25
0 260 25
0 260 25
0 260 25
0 260 25
0 260 25
0 260 25
0 260 25
0 260 25
0 260 25
0 260 25
0 260 25
0 260 25
0 260 25
0 260 25
0 260 25
0 260 25
0 260 25
0 260 25
0 260 25
0 260 25
0 260 25
0 260 25
0 260 25
0 260 25
0 260 25
0 260 25
0 260 25
0 260 25
0 260 25
0 260 25
0 260 25
0 260 25
0 260 25
0 260 25
0 260 25
0 260 25
0 260 25
0 260 25
0 260 25
0 260 25
0 260 25
0 260 25
0 260 25
0 260 25
0 260 25
0 260 25
0 260 25
0 260 25
0 260 25
0 260 25
0 260 25
0 260 25
0 260 25
0 260 25
0 260 25
0 260 25
0 260 25
0 260 25
0 260 25
0 260 25
0 260 25
0 260 25
0 260 25
0 260 25
0 260 25
0 260 25
0 260 25
0 260 25
0 260 25
0 260 25
0 260 25
0 260 25
0 260 25
0 260 25
0 260 25
0 260 25
0 260 25
0 260 25
0 260 25
0 260 25
0 260 25
0 260 25
0 260 25
0 260 25
0 260 25
0 260 25
0 260 25
0 260 25
0 260 25
0 260 25
0 260 25
0 260 25
0 260 25
0 260 25
0 260 25
0 260 25
0 260 25
0 260 25
0 260 25
0 260 25
0 260 25
0 260 25
0 260 25
0 260 25
0 260 25
0 260 25
0 260 25
0 260 25
0 260 25
0 260 25
0 260 25
0 260 25
0 260 25
0 260 25
0 260 25
0 260 25
0 260 25
0 260 25
0 260 25
0 260 25
0 260 25
0 260 25
0 260 25
0 260 25
0 260 25
0 260 25
0 260 25
0 260 25
0 260 25
0 260 25
0 260 25
0 260 25
0 260 25
0 260 25
0 260 25
0 260 25
0 260 25
0 260 25
0 260 25
0 260 25
0 260 25
0 260 25
0 260 25
0 260 25
0 260 25
0 260 25
0 260 25
0 260 25
0 260 25
0 260 25
0 260 25
0 260 25
0 260 25
0 260 25
0 260 25
0 260 25
0 260 25
0 260 25
0 260 25
0 260 25
0 260 25
1184.82 29.6936 25
1167.09 22.5528 25
1062.27 34.2079 25
1115.91 12.6095 25
0 260 25
0 260 25
0 260 25
0 260 25
0 260 25
0 260 25
72.0946 239.327 25
0 260 25
72.6792 237.78 25
70.5751 237.748 25
74.1824 235.897 25
0 260 25
0 260 25
38.6483 246.314 25
38.5274 245.977 25
37.4669 245.992 25
35.4761 246.382 25
35.3559 246.073 25
35.233 245.765 25
34.1835 245.841 25
34.0587 245.543 25
34.8483 244.848 25
32.8876 245.357 25
31.8486 245.486 25
32.6271 244.786 25
33.3957 244.071 25
33.2554 243.78 25
32.2176 243.937 25
31.1852 244.11 25
31.0454 243.839 25
30.0202 244.038 25
30.7586 243.299 25
29.7371 243.516 25
29.5921 243.258 25
27.7128 244 25
28.4338 243.251 25
28.2865 243.004 25
28.9898 242.235 25
29.6817 241.453 25
28.6753 241.732 25
28.5148 241.482 25
27.5182 241.786 25
27.3582 241.547 25
27.1962 241.309 25
26.2129 241.646 25
25.2376 241.998 25
25.0795 241.779 25
24.9196 241.56 25
23.9591 241.946 25
34.9075 233.214 25
41.7646 227.37 25
32.8695 233.854 25
26.423 238.603 25
24.692 239.645 25
22.9813 240.716 25
0 260 25
0 260 25
0 260 25
0 260 25
0 260 25
0 260 25
0 260 25
0 260 25
0 260 25
0 260 25
0 260 25
