-0 260 181
-0 260 181
-0 260 181
-0 260 181
-0 260 181
-0 260 181
-0 260 181
-0 260 181
-16.6036 245.567 181
-22.0518 241.166 181
-25.2795 238.788 181
-27.0069 237.737 181
-31.863 234.198 181
-43.0435 225.762 181
-39.4005 229.217 181
-26.974 239.302 181
-26.355 240.14 181
-25.7234 240.966 181
-26.6976 240.603 181
-26.0517 241.418 181
-26.2129 241.646 181
-25.5479 242.441 181
-26.5292 242.106 181
-26.6843 242.338 181
-25.9988 243.116 181
-26.9885 242.806 181
-25.4414 244.102 181
-26.4318 243.803 181
-28.2865 243.004 181
-27.5721 243.759 181
-27.7128 244 181
-26.981 244.735 181
-27.9878 244.486 181
-28.1222 244.731 181
-29.1373 244.507 181
-29.2714 244.762 181
-30.2942 244.564 181
-29.5328 245.275 181
-30.559 245.095 181
-31.5905 244.932 181
-31.7208 245.208 181
-30.9387 245.9 181
-32.8876 245.357 181
-33.0142 245.645 181
-34.0587 245.543 181
-34.1835 245.841 181
-34.3058 246.14 181
-35.3559 246.073 181
-35.4761 246.382 181
-35.5935 246.692 181
-38.5274 245.977 181
-42.4189 244.979 181
-0 260 181
-0 260 181
-72.2803 236.515 181
-70.5751 237.748 181
-0 260 181
-71.9115 238.699 181
-0 260 181
-0 260 181
-0 260 181
-0 260 181
-0 260 181
-0 260 181
-0 260 181
-0 260 181
-0 260 181
-0 260 181
-0 260 181
-0 260 181
-0 260 181
-0 260 181
-723.976 145.334 181
-724.949 151.656 181
-725.867 157.986 181
-725.738 164.455 181
-727.536 170.67 181
-729.282 176.909 181
-728.985 183.381 181
-728.63 189.841 181
-729.215 196.202 181
-729.743 202.568 181
-730.217 208.938 181
-730.635 215.313 181
-729.998 221.743 181
-731.303 228.071 181
-730.555 234.489 181
-731.749 240.839 181
-730.889 247.242 181
-730.972 253.621 181
-731 260 181
-729.972 266.37 181
-730.889 272.758 181
-728.75 279.083 181
-730.555 285.512 181
-728.306 291.799 181
-729 298.205 181
-727.64 304.504 181
-726.227 310.783 181
-725.756 317.118 181
-725.23 323.449 181
-724.648 329.776 181
-723.017 335.992 181
-722.327 342.299 181
-721.581 348.599 181
-719.789 354.762 181
-717.944 360.901 181
-717.036 367.162 181
-716.074 373.415 181
-714.071 379.495 181
-712.016 385.548 181
-710.893 391.756 181
-709.716 397.955 181
-707.506 403.944 181
-705.244 409.904 181
-703.909 416.053 181
-700.572 421.74 181
-700.106 428.081 181
-697.643 433.942 181
-695.13 439.773 181
-692.569 445.573 181
-689.959 451.343 181
-687.302 457.081 181
-685.556 463.071 181
-682.802 468.753 181
-680 474.403 181
-677.152 480.02 181
-674.258 485.604 181
-671.318 491.153 181
-668.333 496.669 181
-666.242 502.492 181
-663.164 507.947 181
-660.041 513.366 181
-656.875 518.75 181
-653.665 524.098 181
-650.411 529.409 181
-646.194 534.293 181
-643.776 539.922 181
-640.395 545.122 181
-636.973 550.285 181
-634.415 555.833 181
-630.004 560.497 181
-626.459 565.545 181
-622.874 570.554 181
-619.249 575.523 181
-613.811 579.53 181
-611.883 585.344 181
-606.384 589.24 181
-603.488 594.519 181
-599.675 599.28 181
-594.959 603.5 181
-591.078 608.171 181
-587.16 612.801 181
-584.058 617.912 181
-579.217 621.935 181
-575.193 626.438 181
-570.296 630.355 181
-567.042 635.317 181
-562.087 639.133 181
-557.933 643.457 181
-552.928 647.164 181
-548.714 651.394 181
-543.659 654.992 181
-540.192 659.721 181
-534.287 662.614 181
-529.96 666.653 181
-525.603 670.646 181
-519.652 673.35 181
-516.025 677.869 181
-510.815 681.084 181
-506.355 684.883 181
-501.107 687.986 181
-496.599 691.687 181
-492.813 696.004 181
-487.503 698.95 181
-482.179 701.836 181
-476.843 704.663 181
-472.219 708.119 181
-466.851 710.833 181
-461.473 713.488 181
-456.084 716.084 181
-452.787 720.76 181
-446.665 722.536 181
-442.612 726.416 181
-435.797 727.335 181
-431.027 730.383 181
-425.567 732.64 181
-420.101 734.838 181
-415.941 738.486 181
-411.101 741.337 181
-405.599 743.374 181
-400.093 745.352 181
-393.955 746.493 181
-389.072 749.13 181
-383.557 750.931 181
-379.258 754.259 181
-373.125 755.154 181
-367.006 755.98 181
-363.251 759.973 181
-357.713 761.495 181
-352.176 762.959 181
-346.074 763.541 181
-341.108 765.713 181
-335.578 767.003 181
-329.507 767.396 181
-325.066 770.252 181
-319.541 771.373 181
-313.499 771.584 181
-308.508 773.443 181
-295.895 762.33 181
-282 748.438 181
-275.757 747.399 181
-270.039 747.163 181
-271.503 760.047 181
-276.049 779.173 181
-271.508 781.562 181
-266.038 782.13 181
-261.026 783.537 181
-255.132 783.098 181
-249.696 783.499 181
-244.696 784.752 181
-239.278 785.048 181
-233.467 784.375 181
-228.084 784.558 181
-223.107 785.608 181
-218.13 786.611 181
-213.526 788.495 181
-207.44 786.616 181
-201.761 785.606 181
-197.167 787.346 181
-192.215 788.107 181
-186.932 787.879 181
-181.341 786.654 181
-176.421 787.268 181
-171.195 786.885 181
-165.99 786.452 181
-160.804 785.968 181
-155.64 785.433 181
-150.774 785.81 181
-145.645 785.179 181
-140.539 784.498 181
-135.456 783.768 181
-130.638 783.96 181
-125.827 784.107 181
-120.799 783.237 181
-115.795 782.318 181
-111.025 782.331 181
-106.064 781.32 181
-101.32 781.244 181
-96.2203 779.159 181
-91.5125 778.994 181
-86.6499 777.8 181
-81.8152 776.561 181
-77.0087 775.277 181
-72.2308 773.949 181
-67.6125 773.568 181
-63.0064 773.146 181
-58.2996 771.69 181
-53.6231 770.19 181
-48.9771 768.647 181
-44.3622 767.063 181
-39.8572 766.434 181
-35.3665 765.765 181
-30.8295 764.058 181
-26.3249 762.311 181
-21.8969 761.522 181
-17.4497 759.695 181
-13.0623 758.829 181
-8.67381 756.924 181
-4.32832 755.981 181
3.7296e-05 754 181
4.29349 751.981 181
8.56917 750.925 181
12.8006 748.832 181
17.031 747.703 181
21.1554 744.538 181
25.383 744.335 181
29.4254 741.101 181
33.5529 739.828 181
37.6604 738.52 181
41.6605 736.181 181
45.6226 733.809 181
49.6511 732.398 181
53.4319 728.966 181
57.5224 728.482 181
61.2168 724.988 181
64.9939 722.455 181
69.027 721.87 181
73.0549 721.25 181
76.7472 718.623 181
80.5728 716.951 181
84.3751 715.247 181
87.963 712.53 181
91.7093 710.765 181
94.8078 706.035 181
98.4801 704.215 181
102.128 702.364 181
105.751 700.484 181
108.623 695.663 181
112.921 696.635 181
116.727 695.633 181
119.456 690.743 181
122.934 688.723 181
126.387 686.675 181
129.228 682.687 181
133.213 682.497 181
135.968 678.465 181
139.931 678.211 181
142.924 675.083 181
146.207 672.877 181
148.779 668.766 181
151.99 666.516 181
154.815 663.307 181
158.329 661.94 181
161.455 659.616 181
163.789 655.42 181
166.842 653.056 181
170.665 652.502 181
174.083 650.997 181
176.245 646.734 181
178.345 642.462 181
181.245 639.988 181
184.993 639.291 181
187.403 635.872 181
189.314 631.55 181
192.549 629.884 181
196.239 629.072 181
198.021 624.709 181
200.226 621.218 181
202.879 618.587 181
206 616.802 181
209.106 614.991 181
211.681 612.296 181
214.747 610.435 181
216.737 606.852 181
218.681 603.26 181
220.579 599.662 181
222.983 596.89 181
225.355 594.102 181
228.262 592.123 181
231.725 590.937 181
233.443 587.274 181
235.702 584.416 181
237.334 580.739 181
239.522 577.857 181
242.896 576.548 181
243.802 572.052 181
245.271 568.348 181
247.952 566.195 181
251.251 564.792 181
252.616 561.055 181
255.883 559.6 181
256.519 555.091 181
257.759 551.344 181
260.961 549.826 181
262.129 546.064 181
265.297 544.497 181
266.393 540.72 181
268.833 538.384 181
269.85 534.601 181
272.943 532.943 181
273.175 528.448 181
274.788 525.359 181
276.368 522.263 181
277.183 518.477 181
280.903 517.4 181
283.138 514.939 181
283.854 511.133 181
285.28 507.99 181
286.673 504.842 181
288.799 502.331 181
290.902 499.801 181
292.207 496.624 181
293.478 493.443 181
294.716 490.257 181
298.301 488.894 181
299.488 485.681 181
300.642 482.464 181
302.572 479.832 181
304.479 477.183 181
304.725 473.37 181
305.751 470.137 181
308.402 468.02 181
308.538 464.217 181
311.147 462.061 181
311.211 458.264 181
313.778 456.07 181
315.477 453.324 181
315.438 449.534 181
317.08 446.774 181
318.697 444 181
321.161 441.704 181
321.86 438.41 181
321.647 434.64 181
323.159 431.827 181
322.872 428.076 181
326.108 426.161 181
324.861 421.97 181
328.06 420.005 181
329.444 417.137 181
330.802 414.256 181
331.226 410.948 181
331.617 407.645 181
332.893 404.746 181
334.143 401.835 181
334.444 398.531 181
333.786 394.858 181
335.881 392.307 181
337.956 389.729 181
340.012 387.125 181
340.169 383.811 181
338.408 379.837 181
341.332 377.53 181
343.293 374.864 181
341.429 370.937 181
342.384 367.953 181
344.27 365.254 181
345.175 362.246 181
346.054 359.229 181
345.943 355.939 181
346.767 352.916 181
346.597 349.636 181
348.336 346.85 181
347.136 343.34 181
348.824 340.532 181
349.514 337.485 181
351.155 334.64 181
349.833 331.174 181
350.441 328.119 181
352.005 325.24 181
350.592 321.819 181
353.09 319.087 181
352.605 315.847 181
354.068 312.916 181
354.516 309.824 181
351.963 306.337 181
354.339 303.507 181
354.705 300.414 181
355.044 297.317 181
353.366 294.025 181
355.642 291.115 181
355.899 288.01 181
357.128 284.973 181
356.334 281.794 181
357.509 278.736 181
356.66 275.572 181
355.783 272.424 181
357.877 269.371 181
356.946 266.231 181
357.986 263.124 181
358 260 181
357.986 256.876 181
357.945 253.752 181
357.877 250.629 181
357.782 247.506 181
355.661 244.471 181
357.509 241.264 181
358.33 238.084 181
357.128 235.027 181
356.896 231.912 181
358.63 228.624 181
357.347 225.591 181
358.028 222.37 181
357.686 219.247 181
357.317 216.127 181
355.929 213.141 181
357.487 209.759 181
357.035 206.641 181
356.555 203.527 181
355.063 200.583 181
355.516 197.313 181
354.955 194.213 181
352.404 191.5 181
352.773 188.228 181
351.155 185.36 181
351.467 182.082 181
0 260 181
0 260 181
0 260 181
0 260 181
0 260 181
0 260 181
0 260 181
0 260 181
69.8102 238.657 181
71.5288 237.447 181
0 260 181
0 260 181
0 260 181
38.6483 246.314 181
37.5877 246.319 181
37.4669 245.992 181
35.4761 246.382 181
34.4255 246.439 181
35.233 245.765 181
34.1835 245.841 181
34.9792 245.152 181
33.0142 245.645 181
32.8876 245.357 181
32.7586 245.071 181
32.6271 244.786 181
34.2982 243.641 181
33.2554 243.78 181
33.1126 243.491 181
31.1852 244.11 181
31.9324 243.377 181
30.0202 244.038 181
29.001 244.254 181
29.7371 243.516 181
27.8514 244.242 181
27.7128 244 181
28.4338 243.251 181
29.1437 242.489 181
28.1371 242.758 181
28.8336 241.983 181
27.8319 242.269 181
28.5148 241.482 181
28.3521 241.234 181
27.3582 241.547 181
25.5479 242.441 181
25.3937 242.219 181
26.0517 241.418 181
25.8885 241.191 181
24.1157 242.155 181
23.9591 241.946 181
33.3208 234.432 181
40.9766 227.986 181
32.0869 234.477 181
25.6458 239.232 181
26.2352 238.373 181
22.9813 240.716 181
0 260 181
0 260 181
0 260 181
0 260 181
0 260 181
0 260 181
0 260 181
0 260 181
0 260 181
0 260 181
0 260 181
