-0 260 103
-0 260 103
-0 260 103
-0 260 103
-0 260 103
-0 260 103
-0 260 103
-0 260 103
-16.6036 245.567 103
-22.8122 240.517 103
-26.0455 238.145 103
-27.0069 237.737 103
-34.1944 232.31 103
-43.8261 225.139 103
-40.1886 228.601 103
-28.5607 238.085 103
-25.5563 240.742 103
-27.3311 239.776 103
-26.6976 240.603 103
-26.8658 240.837 103
-26.2129 241.646 103
-27.1962 241.309 103
-26.5292 242.106 103
-28.3521 241.234 103
-26.8375 242.572 103
-26.9885 242.806 103
-27.1375 243.043 103
-26.4318 243.803 103
-28.2865 243.004 103
-28.4338 243.251 103
-28.5788 243.5 103
-28.7217 243.75 103
-27.9878 244.486 103
-29.001 244.254 103
-30.0202 244.038 103
-30.1584 244.301 103
-30.2942 244.564 103
-30.4278 244.829 103
-31.4578 244.657 103
-31.5905 244.932 103
-31.7208 245.208 103
-32.7586 245.071 103
-32.8876 245.357 103
-33.0142 245.645 103
-34.0587 245.543 103
-34.1835 245.841 103
-35.233 245.765 103
-36.2863 245.706 103
-36.4096 246.024 103
-36.5302 246.342 103
-39.4671 245.635 103
-0 260 103
-0 260 103
-0 260 103
-72.2803 236.515 103
-72.4825 237.146 103
-0 260 103
-0 260 103
-0 260 103
-0 260 103
-0 260 103
-0 260 103
-0 260 103
-0 260 103
-0 260 103
-0 260 103
-0 260 103
-0 260 103
-0 260 103
-0 260 103
-0 260 103
-0 260 103
-706.197 148.149 103
-705.168 154.612 103
-706.061 160.77 103
-706.9 166.935 103
-707.685 173.107 103
-707.423 179.399 103
-708.1 185.576 103
-707.727 191.854 103
-709.291 197.945 103
-708.808 204.216 103
-709.268 210.403 103
-708.676 216.656 103
-710.026 222.789 103
-709.324 229.03 103
-709.567 235.221 103
-710.756 241.388 103
-709.892 247.609 103
-709.973 253.804 103
-710 260 103
-709.973 266.196 103
-708.892 272.374 103
-707.757 278.533 103
-707.569 284.709 103
-708.325 290.926 103
-707.03 297.054 103
-706.679 303.222 103
-706.275 309.388 103
-704.821 315.471 103
-703.313 321.532 103
-703.745 327.763 103
-702.132 333.797 103
-700.468 339.808 103
-699.745 345.918 103
-697.977 351.891 103
-697.149 357.978 103
-694.289 363.762 103
-694.345 369.974 103
-691.386 375.698 103
-691.335 381.901 103
-689.262 387.747 103
-687.139 393.566 103
-686.927 399.757 103
-683.725 405.33 103
-682.431 411.291 103
-678.162 416.566 103
-678.714 422.945 103
-676.296 428.62 103
-673.831 434.265 103
-671.318 439.879 103
-669.723 445.731 103
-667.116 451.292 103
-664.462 456.823 103
-661.763 462.321 103
-659.972 468.089 103
-657.18 473.531 103
-654.343 478.94 103
-651.462 484.317 103
-649.48 489.993 103
-645.569 494.968 103
-643.494 500.593 103
-640.436 505.84 103
-636.406 510.687 103
-634.194 516.231 103
-631.01 521.373 103
-626.864 526.088 103
-624.518 531.548 103
-621.211 536.581 103
-616.954 541.162 103
-613.57 546.113 103
-610.148 551.026 103
-606.686 555.901 103
-604.976 561.63 103
-600.538 565.99 103
-597.845 571.219 103
-594.224 575.954 103
-590.565 580.651 103
-585.995 584.823 103
-583.138 589.924 103
-577.639 593.5 103
-574.707 598.528 103
-572.588 604.046 103
-567.006 607.462 103
-563.952 612.396 103
-560.012 616.767 103
-556.039 621.096 103
-552.032 625.382 103
-548.823 630.186 103
-543.099 633.262 103
-539.821 637.987 103
-534.874 641.522 103
-530.715 645.587 103
-526.526 649.609 103
-522.308 653.587 103
-516.473 656.304 103
-513.783 661.411 103
-508.695 664.635 103
-504.368 668.429 103
-500.784 672.815 103
-495.631 675.884 103
-491.222 679.543 103
-486.033 682.502 103
-481.578 686.065 103
-476.356 688.913 103
-472.595 693.053 103
-467.335 695.797 103
-462.063 698.482 103
-458.939 703.192 103
-452.201 704.377 103
-448.306 708.306 103
-443.676 711.488 103
-438.329 713.903 103
-433.663 716.986 103
-427.613 718.559 103
-422.919 721.536 103
-418.876 725.209 103
-414.137 728.097 103
-408.069 729.429 103
-403.957 732.973 103
-397.885 734.182 103
-394.368 738.407 103
-388.92 740.276 103
-382.224 740.521 103
-378.016 743.839 103
-372.562 745.532 103
-368.311 748.765 103
-362.247 749.549 103
-358.549 753.5 103
-353.067 754.982 103
-346.44 754.768 103
-341.543 756.948 103
-336.634 759.081 103
-331.714 761.165 103
-326.239 762.364 103
-321.842 765.192 103
-316.362 766.285 103
-311.932 769.026 103
-306.448 770.015 103
-300.463 770.084 103
-285.5 754.501 103
-273.787 743.918 103
-267.13 741.915 103
-262.437 743.349 103
-264.312 757.1 103
-269.199 777.127 103
-263.768 777.675 103
-259.241 779.957 103
-253.378 779.503 103
-248.405 780.792 103
-242.583 780.221 103
-238.034 782.318 103
-232.653 782.548 103
-227.287 782.724 103
-222.326 783.767 103
-217.364 784.764 103
-212.027 784.786 103
-206.34 783.825 103
-201.403 784.672 103
-196.816 786.41 103
-191.531 786.228 103
-186.264 785.994 103
-181.667 787.599 103
-176.104 786.32 103
-171.195 786.885 103
-166.29 787.405 103
-161.097 786.924 103
-155.924 786.392 103
-151.049 786.771 103
-145.912 786.142 103
-140.798 785.464 103
-136.207 786.672 103
-131.122 785.9 103
-126.294 786.052 103
-121.249 785.185 103
-116.444 785.247 103
-111.441 784.287 103
-106.662 784.26 103
-101.701 783.207 103
-96.767 782.108 103
-92.0335 781.948 103
-87.3101 781.745 103
-82.5974 781.499 103
-77.8955 781.211 103
-73.205 780.881 103
-68.3957 779.517 103
-63.6158 778.109 103
-58.9788 777.651 103
-54.3548 777.151 103
-49.6481 775.615 103
-45.1466 776.029 103
-40.4064 773.412 103
-35.8548 772.748 103
-31.3179 772.043 103
-26.796 771.298 103
-22.2022 768.516 103
-17.7638 768.69 103
-13.2455 765.827 103
-8.83088 765.923 103
-4.39814 763.981 103
3.80509e-05 764 103
4.38949 762.981 103
8.76115 761.924 103
13.0885 759.829 103
17.38 757.697 103
21.6789 756.527 103
25.9587 755.32 103
30.097 752.08 103
34.39 751.799 103
38.6804 751.48 103
42.7935 749.132 103
46.8686 746.749 103
51.0099 745.327 103
54.9036 741.882 103
58.8629 739.4 103
63.3052 740.851 103
67.2206 738.299 103
71.2442 736.706 103
75.245 735.078 103
79.2229 733.417 103
83.1775 731.723 103
86.9264 729.013 103
90.4435 725.291 103
94.1017 722.524 103
98.1343 721.686 103
102.16 720.812 103
105.952 718.928 103
109.019 714.097 103
113.703 716.039 103
116.927 712.125 103
120.61 710.121 103
123.999 707.125 103
127.344 704.103 103
131.215 702.975 103
135.076 701.813 103
138.625 699.664 103
142.148 697.486 103
144.691 692.436 103
149.11 693.047 103
152.216 689.845 103
155.277 686.62 103
158.644 684.312 103
162.699 683.846 103
165.659 680.549 103
168.948 678.16 103
172.208 675.746 103
174.657 671.466 103
177.443 668.092 103
181.405 667.441 103
183.709 663.113 103
187.22 661.494 103
190.716 659.845 103
193.76 657.267 103
196.773 654.666 103
198.848 650.261 103
203.169 650.285 103
205.159 645.848 103
207.564 642.285 103
210.892 640.46 103
214.204 638.605 103
217 635.855 103
219.764 633.085 103
221.981 629.439 103
225.197 627.488 103
226.805 622.965 103
229.964 620.972 103
232.016 617.274 103
235.677 616.069 103
238.216 613.17 103
241.855 611.902 103
244.344 608.959 103
246.218 605.185 103
248.633 602.214 103
251.61 600.031 103
254.568 597.823 103
256.289 594.002 103
258.578 590.965 103
262.079 589.478 103
262.427 584.07 103
265.881 582.539 103
268.042 579.441 103
270.17 576.329 103
272.265 573.204 103
275.65 571.566 103
277.689 568.405 103
279.019 564.496 103
281.665 562.049 103
284.29 559.58 103
284.115 554.21 103
286.672 551.719 103
288.5 548.5 103
290.293 545.27 103
292.052 542.031 103
294.502 539.472 103
296.93 536.891 103
299.335 534.29 103
299.487 529.66 103
302.578 527.698 103
304.148 524.392 103
304.923 520.429 103
307.95 518.401 103
308.65 514.431 103
310.858 511.728 103
313.826 509.628 103
314.416 505.649 103
314.961 501.678 103
317.058 498.921 103
319.131 496.145 103
321.18 493.351 103
323.204 490.539 103
324.384 487.136 103
327.178 484.863 103
328.299 481.44 103
328.551 477.463 103
331.275 475.132 103
331.453 471.159 103
332.435 467.728 103
334.235 464.819 103
337.724 462.925 103
337.759 458.955 103
340.348 456.5 103
341.179 453.03 103
341.976 449.561 103
342.739 446.092 103
342.584 442.155 103
345.047 439.62 103
346.602 436.602 103
349.024 434.017 103
350.53 430.965 103
349.301 426.608 103
350.741 423.553 103
352.155 420.486 103
352.629 417 103
353.985 413.917 103
354.394 410.431 103
356.618 407.716 103
357.893 404.598 103
359.141 401.469 103
358.495 397.613 103
361.555 395.18 103
359.902 390.994 103
360.089 387.514 103
363.079 385.018 103
364.156 381.845 103
365.206 378.663 103
365.274 375.17 103
365.308 371.686 103
366.269 368.494 103
367.202 365.293 103
366.18 361.551 103
368.018 358.61 103
369.832 355.645 103
371.623 352.656 103
372.418 349.41 103
373.184 346.156 103
373.921 342.896 103
373.652 339.422 103
371.391 335.56 103
372.037 332.317 103
374.62 329.432 103
374.227 325.986 103
375.775 322.883 103
376.309 319.602 103
375.826 316.168 103
376.302 312.886 103
374.766 309.339 103
376.175 306.188 103
376.564 302.904 103
378.913 299.825 103
376.26 296.23 103
376.562 292.945 103
376.835 289.658 103
378.077 286.438 103
379.291 283.198 103
376.483 279.731 103
378.639 276.532 103
378.769 273.227 103
378.87 269.921 103
378.942 266.614 103
380.985 263.325 103
377 260 103
378.986 256.693 103
378.942 253.386 103
378.87 250.079 103
378.769 246.773 103
379.638 243.425 103
379.479 240.112 103
378.293 236.863 103
380.072 233.423 103
378.829 230.186 103
379.55 226.794 103
377.255 223.674 103
378.913 220.175 103
378.551 216.87 103
379.153 213.446 103
377.74 210.27 103
377.292 206.975 103
376.815 203.685 103
376.309 200.398 103
374.789 197.282 103
374.227 194.014 103
374.62 190.568 103
374.982 187.111 103
374.331 183.841 103
371.696 180.994 103
371.969 177.537 103
0 260 103
0 260 103
0 260 103
0 260 103
0 260 103
0 260 103
0 260 103
0 260 103
72.6792 237.78 103
72.4825 237.146 103
0 260 103
0 260 103
0 260 103
39.5909 245.98 103
38.5274 245.977 103
36.5302 246.342 103
37.3432 245.665 103
37.2167 245.34 103
36.1602 245.39 103
35.1074 245.458 103
34.0587 245.543 103
33.9312 245.246 103
33.8012 244.951 103
32.7586 245.071 103
32.6271 244.786 103
34.2982 243.641 103
33.2554 243.78 103
32.2176 243.937 103
31.1852 244.11 103
31.0454 243.839 103
30.9032 243.568 103
29.8798 243.777 103
30.6117 243.032 103
28.7217 243.75 103
28.5788 243.5 103
29.2954 242.744 103
30.0009 241.974 103
29.8424 241.713 103
29.6817 241.453 103
27.8319 242.269 103
28.5148 241.482 103
27.5182 241.786 103
27.3582 241.547 103
28.0203 240.742 103
26.2129 241.646 103
26.0517 241.418 103
25.0795 241.779 103
24.1157 242.155 103
25.5563 240.742 103
34.1142 233.823 103
41.7646 227.37 103
32.8695 233.854 103
27.2001 237.974 103
26.2352 238.373 103
24.5134 239.431 103
0 260 103
0 260 103
0 260 103
0 260 103
0 260 103
0 260 103
0 260 103
0 260 103
0 260 103
0 260 103
0 260 103
