-0 260 23
-0 260 23
-0 260 23
-0 260 23
-0 260 23
-0 260 23
-0 260 23
-0 260 23
-15.0942 246.879 23
-22.8122 240.517 23
-26.0455 238.145 23
-27.0069 237.737 23
-32.6401 233.569 23
-43.0435 225.762 23
-40.1886 228.601 23
-26.1807 239.911 23
-25.5563 240.742 23
-27.3311 239.776 23
-26.6976 240.603 23
-26.8658 240.837 23
-27.032 241.072 23
-25.5479 242.441 23
-26.5292 242.106 23
-26.6843 242.338 23
-26.8375 242.572 23
-27.8319 242.269 23
-26.2895 243.573 23
-26.4318 243.803 23
-27.4294 243.519 23
-28.4338 243.251 23
-28.5788 243.5 23
-27.8514 244.242 23
-28.8625 244.001 23
-28.1222 244.731 23
-30.0202 244.038 23
-30.1584 244.301 23
-30.2942 244.564 23
-30.4278 244.829 23
-31.4578 244.657 23
-31.5905 244.932 23
-30.8145 245.631 23
-31.8486 245.486 23
-32.8876 245.357 23
-33.0142 245.645 23
-33.1382 245.934 23
-35.1074 245.458 23
-35.233 245.765 23
-35.3559 246.073 23
-36.4096 246.024 23
-36.5302 246.342 23
-39.4671 245.635 23
-0 260 23
-0 260 23
-0 260 23
-69.4271 237.442 23
-71.5288 237.447 23
-0 260 23
-71.9115 238.699 23
-0 260 23
-0 260 23
-0 260 23
-0 260 23
-0 260 23
-0 260 23
-0 260 23
-0 260 23
-0 260 23
-0 260 23
-0 260 23
-0 260 23
-0 260 23
-652.921 150.739 23
-662.739 155.033 23
-881.213 128.302 23
-885.3 135.579 23
-888.335 143.049 23
-885.351 151.293 23
-881.298 159.589 23
-881.146 167.388 23
-882.916 174.985 23
-883.625 182.693 23
-873.3 191.27 23
-869.876 199.172 23
-869.375 206.827 23
-865.812 214.625 23
-864.177 222.269 23
-864.473 229.812 23
-867.703 237.279 23
-872.867 244.764 23
-881.966 252.303 23
-899 260 23
-929.965 268.116 23
-1157.82 280.21 23
-1160.6 290.392 23
-1147.3 300.065 23
-1136.92 309.639 23
-1120.46 318.721 23
-1094.95 326.97 23
-1093.33 336.453 23
-1081.66 345.128 23
-1083.86 354.826 23
-1087.97 364.76 23
-1100.94 375.713 23
-1136.65 389.505 23
-1139.44 399.906 23
-1110.42 406.189 23
-1107.12 415.596 23
-1116.6 426.877 23
-1125.96 438.335 23
-1161.84 454.426 23
-1152.23 463.169 23
-1145.49 472.305 23
-1129.85 479.621 23
-1123.97 488.675 23
-1080.85 489.743 23
-1079.78 499.382 23
-1108.83 515.994 23
-1110.45 526.595 23
-1121.66 539.662 23
-1110.47 547.186 23
-1106.95 556.607 23
-1116.85 569.729 23
-1119.87 581.118 23
-0 260 23
-0 260 23
-0 260 23
-0 260 23
-0 260 23
-0 260 23
-0 260 23
-0 260 23
-0 260 23
-0 260 23
-0 260 23
-0 260 23
-0 260 23
-0 260 23
-0 260 23
-0 260 23
-0 260 23
-0 260 23
-0 260 23
-0 260 23
-0 260 23
-0 260 23
-0 260 23
-0 260 23
-0 260 23
-0 260 23
-0 260 23
-0 260 23
-0 260 23
-0 260 23
-0 260 23
-0 260 23
-0 260 23
-0 260 23
-0 260 23
-0 260 23
-0 260 23
-0 260 23
-0 260 23
-0 260 23
-0 260 23
-0 260 23
-0 260 23
-0 260 23
-0 260 23
-0 260 23
-0 260 23
-0 260 23
-0 260 23
-0 260 23
-0 260 23
-0 260 23
-0 260 23
-0 260 23
-0 260 23
-0 260 23
-0 260 23
-0 260 23
-0 260 23
-0 260 23
-0 260 23
-0 260 23
-0 260 23
-0 260 23
-0 260 23
-0 260 23
-0 260 23
-0 260 23
-0 260 23
-0 260 23
-0 260 23
-0 260 23
-0 260 23
-0 260 23
-0 260 23
-0 260 23
-0 260 23
-0 260 23
-0 260 23
-0 260 23
-0 260 23
-0 260 23
-0 260 23
-0 260 23
-0 260 23
-0 260 23
-0 260 23
-0 260 23
-0 260 23
-0 260 23
-0 260 23
-0 260 23
-0 260 23
-0 260 23
-0 260 23
-0 260 23
-0 260 23
-0 260 23
-0 260 23
-0 260 23
-0 260 23
-0 260 23
-0 260 23
-0 260 23
-0 260 23
-0 260 23
-0 260 23
-0 260 23
-0 260 23
-0 260 23
-0 260 23
-0 260 23
-0 260 23
-0 260 23
-0 260 23
-0 260 23
-0 260 23
-0 260 23
-0 260 23
-0 260 23
-0 260 23
-0 260 23
-0 260 23
-0 260 23
0 260 23
0 260 23
0 260 23
0 260 23
0 260 23
0 260 23
0 260 23
0 260 23
0 260 23
0 260 23
0 260 23
0 260 23
0 260 23
0 260 23
0 260 23
0 260 23
0 260 23
0 260 23
0 260 23
0 260 23
0 260 23
0 260 23
0 260 23
0 260 23
0 260 23
0 260 23
0 260 23
0 260 23
0 260 23
0 260 23
0 260 23
0 260 23
0 260 23
0 260 23
0 260 23
0 260 23
0 260 23
0 260 23
0 260 23
0 260 23
0 260 23
0 260 23
0 260 23
0 260 23
0 260 23
0 260 23
0 260 23
0 260 23
0 260 23
0 260 23
0 260 23
0 260 23
0 260 23
0 260 23
0 260 23
0 260 23
0 260 23
0 260 23
0 260 23
0 260 23
0 260 23
0 260 23
0 260 23
0 260 23
0 260 23
0 260 23
0 260 23
0 260 23
0 260 23
0 260 23
0 260 23
0 260 23
0 260 23
0 260 23
0 260 23
0 260 23
0 260 23
0 260 23
0 260 23
0 260 23
0 260 23
0 260 23
0 260 23
0 260 23
0 260 23
0 260 23
0 260 23
0 260 23
0 260 23
0 260 23
0 260 23
0 260 23
0 260 23
0 260 23
0 260 23
0 260 23
0 260 23
0 260 23
0 260 23
0 260 23
0 260 23
0 260 23
0 260 23
0 260 23
0 260 23
0 260 23
0 260 23
0 260 23
0 260 23
0 260 23
0 260 23
0 260 23
0 260 23
0 260 23
0 260 23
0 260 23
0 260 23
0 260 23
0 260 23
0 260 23
0 260 23
0 260 23
0 260 23
0 260 23
0 260 23
0 260 23
0 260 23
0 260 23
0 260 23
0 260 23
0 260 23
0 260 23
0 260 23
0 260 23
0 260 23
0 260 23
0 260 23
0 260 23
0 260 23
0 260 23
0 260 23
0 260 23
0 260 23
0 260 23
0 260 23
0 260 23
0 260 23
0 260 23
0 260 23
0 260 23
0 260 23
0 260 23
0 260 23
0 260 23
0 260 23
0 260 23
0 260 23
0 260 23
0 260 23
0 260 23
0 260 23
0 260 23
0 260 23
0 260 23
0 260 23
0 260 23
0 260 23
0 260 23
0 260 23
0 260 23
0 260 23
0 260 23
0 260 23
0 260 23
0 260 23
0 260 23
0 260 23
0 260 23
0 260 23
0 260 23
0 260 23
0 260 23
0 260 23
0 260 23
0 260 23
0 260 23
0 260 23
0 260 23
0 260 23
1194.73 81.4462 23
1186.79 40.0417 23
1151.45 36.1811 23
1130.83 29.9294 23
1098.46 26.5152 23
1077.83 21.0507 23
0 260 23
0 260 23
0 260 23
0 260 23
0 260 23
0 260 23
0 260 23
0 260 23
72.6792 237.78 23
72.4825 237.146 23
0 260 23
0 260 23
0 260 23
39.5909 245.98 23
38.5274 245.977 23
37.4669 245.992 23
36.4096 246.024 23
36.2863 245.706 23
36.1602 245.39 23
34.1835 245.841 23
34.0587 245.543 23
33.9312 245.246 23
32.8876 245.357 23
32.7586 245.071 23
32.6271 244.786 23
34.2982 243.641 23
33.2554 243.78 23
34.0075 243.044 23
31.1852 244.11 23
31.9324 243.377 23
30.9032 243.568 23
30.7586 243.299 23
29.7371 243.516 23
28.7217 243.75 23
28.5788 243.5 23
29.2954 242.744 23
29.1437 242.489 23
28.9898 242.235 23
27.9856 242.513 23
26.1451 243.344 23
27.6761 242.027 23
27.5182 241.786 23
27.3582 241.547 23
27.1962 241.309 23
27.032 241.072 23
26.0517 241.418 23
25.8885 241.191 23
24.1157 242.155 23
23.9591 241.946 23
34.1142 233.823 23
40.9766 227.986 23
33.6522 233.232 23
26.423 238.603 23
27.0069 237.737 23
22.9813 240.716 23
0 260 23
0 260 23
0 260 23
0 260 23
0 260 23
0 260 23
0 260 23
0 260 23
0 260 23
0 260 23
0 260 23
