-0 260 272
-0 260 272
-0 260 272
-0 260 272
-0 260 272
-0 260 272
-0 260 272
-0 260 272
-15.8489 246.223 272
-22.8122 240.517 272
-26.0455 238.145 272
-27.7785 237.101 272
-34.1944 232.31 272
-40.6956 227.629 272
-41.7646 227.37 272
-26.974 239.302 272
-26.355 240.14 272
-26.5273 240.371 272
-26.6976 240.603 272
-26.8658 240.837 272
-26.2129 241.646 272
-25.5479 242.441 272
-26.5292 242.106 272
-26.6843 242.338 272
-25.9988 243.116 272
-27.8319 242.269 272
-27.1375 243.043 272
-28.1371 242.758 272
-28.2865 243.004 272
-27.5721 243.759 272
-27.7128 244 272
-27.8514 244.242 272
-27.1132 244.971 272
-28.1222 244.731 272
-30.0202 244.038 272
-30.1584 244.301 272
-30.2942 244.564 272
-30.4278 244.829 272
-30.559 245.095 272
-32.4931 244.502 272
-30.8145 245.631 272
-30.9387 245.9 272
-32.8876 245.357 272
-33.0142 245.645 272
-34.0587 245.543 272
-35.1074 245.458 272
-35.233 245.765 272
-34.4255 246.439 272
-35.4761 246.382 272
-36.5302 246.342 272
-39.4671 245.635 272
-0 260 272
-0 260 272
-0 260 272
-72.2803 236.515 272
-72.4825 237.146 272
-0 260 272
-0 260 272
-0 260 272
-0 260 272
-0 260 272
-0 260 272
-0 260 272
-0 260 272
-0 260 272
-0 260 272
-0 260 272
-0 260 272
-0 260 272
-0 260 272
-0 260 272
-703.222 142.321 272
-702.246 148.775 272
-704.179 154.76 272
-704.081 161.048 272
-705.909 167.065 272
-705.7 173.351 272
-703.449 179.852 272
-704.122 185.994 272
-704.741 192.141 272
-706.302 198.207 272
-707.811 204.294 272
-709.268 210.403 272
-706.679 216.778 272
-700.039 223.313 272
-692.34 229.772 272
-691.578 235.85 272
-686.765 242.017 272
-686.895 248.01 272
-691.974 253.961 272
-726 260 272
-718.973 266.274 272
-727.889 272.705 272
-822.718 281.544 272
-869.47 290.363 272
-906.137 299.563 272
-881.79 306.213 272
-868.377 313.112 272
-845.934 319.154 272
-842.395 326.298 272
-850.75 334.431 272
-787.358 335.814 272
-802.579 344.355 272
-788.896 349.883 272
-746.395 351.646 272
-780.267 362.724 272
-811.03 373.983 272
-824.839 383.273 272
-884.969 400.165 272
-897.52 410.193 272
-885.342 416.11 272
-852.482 417.998 272
-792.173 413.983 272
-767.281 416.105 272
-769.802 423.627 272
-779.084 432.719 272
-819.445 449.184 272
-832.349 459.829 272
-826.692 466.118 272
-818.085 471.571 272
-817.173 478.961 272
-825.831 489.023 272
-999.712 546.663 272
-981.831 550.832 272
-969.693 556.465 272
-968.023 565.217 272
-970.078 575.197 272
-968.238 583.968 272
-919.99 576.778 272
-909.649 582.124 272
-903.045 588.681 272
-893.585 594.098 272
-883.167 599.016 272
-894.131 612.208 272
-899.368 623.369 272
-873.066 621.636 272
-696.822 555.784 272
-693.297 561.454 272
-685.159 565.053 272
-695.21 576.826 272
-697.857 585.416 272
-866.482 673.291 272
-839.474 669.439 272
-769.644 643.73 272
-750.227 642.26 272
-556.156 549.516 272
-552.725 553.889 272
-565.958 567.29 272
-568.503 575.126 272
-566.602 580.568 272
-559.452 583 272
-548.858 583.302 272
-545.158 587.564 272
-545.69 594.399 272
-529.182 590.67 272
-538.927 603.335 272
-559.393 623.274 272
-532.853 612.688 272
-503.226 599.43 272
-496.948 601.543 272
-511.151 617.912 272
-476.258 599.711 272
-474.084 604.442 272
-465.433 604.402 272
-452.028 600.627 272
-446.658 602.733 272
-459.41 618.931 272
-451.565 619.191 272
-447.636 622.489 272
-617.3 768.863 272
-449.668 637.316 272
-447.119 641.876 272
-441.505 643.795 272
-438.139 647.633 272
-431.767 648.765 272
-572.127 784.258 272
-573.381 794.687 272
-570.144 801.047 272
-568.998 809.475 272
-569.174 819.326 272
-625.789 885.79 272
-619.604 890.513 272
-594.021 897.009 272
-0 260 272
-0 260 272
-0 260 272
-0 260 272
-0 260 272
-0 260 272
-0 260 272
-0 260 272
-0 260 272
-0 260 272
-0 260 272
-0 260 272
-0 260 272
-0 260 272
-0 260 272
-0 260 272
-0 260 272
-0 260 272
-0 260 272
-0 260 272
-0 260 272
-0 260 272
-0 260 272
-0 260 272
-0 260 272
-0 260 272
-0 260 272
-0 260 272
-0 260 272
-0 260 272
-0 260 272
-0 260 272
-0 260 272
-0 260 272
-0 260 272
-0 260 272
-0 260 272
-0 260 272
-0 260 272
-0 260 272
-0 260 272
-0 260 272
-0 260 272
-0 260 272
-0 260 272
-0 260 272
-0 260 272
-0 260 272
-0 260 272
-0 260 272
-0 260 272
-0 260 272
-0 260 272
-0 260 272
-0 260 272
-0 260 272
-0 260 272
-0 260 272
-0 260 272
-0 260 272
-0 260 272
-0 260 272
-0 260 272
-0 260 272
-0 260 272
-0 260 272
-0 260 272
-0 260 272
-0 260 272
-0 260 272
-0 260 272
-0 260 272
-0 260 272
-0 260 272
-0 260 272
-0 260 272
-0 260 272
-0 260 272
-0 260 272
-0 260 272
-0 260 272
-0 260 272
-0 260 272
0 260 272
0 260 272
0 260 272
0 260 272
0 260 272
0 260 272
0 260 272
0 260 272
0 260 272
0 260 272
0 260 272
0 260 272
0 260 272
0 260 272
0 260 272
0 260 272
0 260 272
0 260 272
0 260 272
0 260 272
0 260 272
0 260 272
0 260 272
0 260 272
0 260 272
0 260 272
0 260 272
0 260 272
0 260 272
0 260 272
0 260 272
0 260 272
0 260 272
0 260 272
0 260 272
0 260 272
0 260 272
0 260 272
0 260 272
0 260 272
0 260 272
0 260 272
0 260 272
0 260 272
0 260 272
0 260 272
0 260 272
0 260 272
0 260 272
0 260 272
0 260 272
0 260 272
0 260 272
0 260 272
0 260 272
0 260 272
0 260 272
0 260 272
0 260 272
0 260 272
0 260 272
0 260 272
0 260 272
0 260 272
0 260 272
0 260 272
0 260 272
0 260 272
0 260 272
0 260 272
0 260 272
0 260 272
0 260 272
0 260 272
0 260 272
0 260 272
0 260 272
0 260 272
0 260 272
0 260 272
0 260 272
0 260 272
0 260 272
0 260 272
0 260 272
0 260 272
0 260 272
0 260 272
0 260 272
0 260 272
0 260 272
0 260 272
0 260 272
0 260 272
0 260 272
0 260 272
0 260 272
0 260 272
0 260 272
0 260 272
0 260 272
0 260 272
0 260 272
0 260 272
0 260 272
0 260 272
0 260 272
0 260 272
0 260 272
0 260 272
0 260 272
0 260 272
0 260 272
0 260 272
0 260 272
0 260 272
0 260 272
0 260 272
0 260 272
0 260 272
0 260 272
0 260 272
0 260 272
0 260 272
0 260 272
0 260 272
0 260 272
0 260 272
0 260 272
0 260 272
0 260 272
0 260 272
0 260 272
0 260 272
0 260 272
0 260 272
0 260 272
0 260 272
0 260 272
0 260 272
0 260 272
870.058 568.104 272
905.807 571.894 272
904.701 562.709 272
951.057 569.017 272
954.671 561.006 272
966.824 555.588 272
999.09 555.944 272
996.828 545.836 272
994.467 535.79 272
985.244 523.995 272
1000.1 518.643 272
1020.75 514.502 272
1044.33 510.72 272
965.601 482.926 272
961.652 473.193 272
955.65 463.13 272
939.748 451.194 272
940.399 442.795 272
946.874 435.493 272
762.241 394.404 272
756.481 386.592 272
761.508 380.611 272
757.586 373.222 272
751.613 365.632 272
758.455 359.853 272
1154.33 401.734 272
1123.73 388.033 272
1134.75 379.267 272
941.645 350.67 272
929.45 341.316 272
929.127 333.124 272
926.737 324.804 272
933.256 317.08 272
514.294 286.953 272
915.128 299.955 272
902.45 291.514 272
890.695 283.324 272
669.898 271.693 272
675.974 265.899 272
683 260 272
844.968 252.626 272
846.871 245.218 272
842.711 237.933 272
747.544 233.895 272
722.312 228.463 272
727.002 221.899 272
524.021 227.95 272
555.643 221.146 272
506.434 220.143 272
500.09 216.248 272
500.684 211.79 272
506.212 206.795 272
497.78 203.285 272
480.392 201.015 272
476.885 197.217 272
477.309 192.919 272
475.717 188.904 272
474.09 184.911 272
472.431 180.942 272
472.708 176.649 272
475.895 171.798 272
480.016 166.694 272
483.103 161.712 272
478.314 158.331 272
469.598 155.893 272
0 260 272
0 260 272
0 260 272
0 260 272
0 260 272
0 260 272
0 260 272
0 260 272
70.7666 238.364 272
71.5288 237.447 272
71.3292 236.824 272
0 260 272
42.5483 245.349 272
39.5909 245.98 272
37.5877 246.319 272
36.5302 246.342 272
36.4096 246.024 272
36.2863 245.706 272
35.233 245.765 272
34.1835 245.841 272
34.9792 245.152 272
33.9312 245.246 272
33.8012 244.951 272
32.7586 245.071 272
32.6271 244.786 272
34.2982 243.641 272
33.2554 243.78 272
33.1126 243.491 272
32.0762 243.656 272
31.0454 243.839 272
30.0202 244.038 272
29.8798 243.777 272
28.8625 244.001 272
28.7217 243.75 272
28.5788 243.5 272
28.4338 243.251 272
29.1437 242.489 272
28.9898 242.235 272
29.6817 241.453 272
28.6753 241.732 272
29.3535 240.938 272
27.5182 241.786 272
27.3582 241.547 272
26.372 241.875 272
26.2129 241.646 272
26.0517 241.418 272
25.0795 241.779 272
24.9196 241.56 272
23.9591 241.946 272
34.1142 233.823 272
40.1885 228.601 272
31.3043 235.099 272
26.423 238.603 272
26.2352 238.373 272
22.9813 240.716 272
0 260 272
0 260 272
0 260 272
0 260 272
0 260 272
0 260 272
0 260 272
0 260 272
0 260 272
0 260 272
0 260 272
