-0 260 208
-0 260 208
-0 260 208
-0 260 208
-0 260 208
-0 260 208
-0 260 208
-0 260 208
-16.6036 245.567 208
-23.5726 239.867 208
-26.8116 237.502 208
-26.2352 238.373 208
-34.1944 232.31 208
-41.4782 227.007 208
-40.9766 227.986 208
-26.1807 239.911 208
-24.7577 241.344 208
-26.5273 240.371 208
-25.8885 241.191 208
-26.0517 241.418 208
-26.2129 241.646 208
-25.5479 242.441 208
-26.5292 242.106 208
-26.6843 242.338 208
-26.8375 242.572 208
-26.1451 243.344 208
-27.1375 243.043 208
-28.1371 242.758 208
-27.4294 243.519 208
-28.4338 243.251 208
-27.7128 244 208
-27.8514 244.242 208
-27.1132 244.971 208
-29.001 244.254 208
-29.1373 244.507 208
-29.2714 244.762 208
-30.2942 244.564 208
-30.4278 244.829 208
-30.559 245.095 208
-31.5905 244.932 208
-30.8145 245.631 208
-30.9387 245.9 208
-31.9741 245.764 208
-32.0971 246.044 208
-33.1382 245.934 208
-35.1074 245.458 208
-34.3058 246.14 208
-34.4255 246.439 208
-36.4096 246.024 208
-36.5302 246.342 208
-39.4671 245.635 208
-0 260 208
-0 260 208
-0 260 208
-71.3292 236.824 208
-70.5751 237.748 208
-0 260 208
-0 260 208
-0 260 208
-0 260 208
-0 260 208
-0 260 208
-0 260 208
-0 260 208
-0 260 208
-0 260 208
-0 260 208
-0 260 208
-0 260 208
-0 260 208
-0 260 208
-0 260 208
-732.865 143.926 208
-732.861 150.473 208
-733.789 156.873 208
-734.661 163.28 208
-735.477 169.695 208
-736.237 176.117 208
-736.941 182.545 208
-737.589 188.978 208
-736.188 195.592 208
-738.716 201.862 208
-736.202 208.52 208
-738.62 214.824 208
-736.989 221.376 208
-737.298 227.809 208
-738.55 234.209 208
-737.747 240.682 208
-737.888 247.12 208
-736.972 253.569 208
-738 260 208
-735.972 266.423 208
-735.888 272.845 208
-735.748 279.266 208
-736.551 285.721 208
-734.3 292.06 208
-733.993 298.467 208
-733.629 304.871 208
-732.212 311.201 208
-730.74 317.511 208
-730.211 323.885 208
-730.621 330.351 208
-727.99 336.515 208
-727.295 342.865 208
-725.551 349.087 208
-723.755 355.284 208
-722.896 361.596 208
-720.993 367.753 208
-719.037 373.884 208
-718.016 380.155 208
-715.955 386.242 208
-714.826 392.485 208
-712.661 398.527 208
-711.425 404.741 208
-708.179 410.528 208
-706.838 416.702 208
-703.495 422.415 208
-701.079 428.314 208
-698.613 434.184 208
-698.034 440.524 208
-694.501 446.091 208
-691.887 451.877 208
-689.225 457.632 208
-686.515 463.355 208
-683.758 469.046 208
-680.954 474.704 208
-678.103 480.329 208
-675.206 485.921 208
-673.209 491.805 208
-669.275 497.003 208
-666.242 502.492 208
-663.164 507.947 208
-660.041 513.366 208
-656.875 518.75 208
-653.665 524.098 208
-649.487 529.027 208
-646.194 534.293 208
-642.859 539.523 208
-638.568 544.309 208
-635.153 549.456 208
-631.696 554.565 208
-629.102 560.066 208
-624.662 564.668 208
-621.084 569.661 208
-616.576 574.162 208
-613.811 579.53 208
-610.117 584.405 208
-604.626 588.285 208
-601.738 593.549 208
-597.934 598.295 208
-594.959 603.5 208
-589.354 607.156 208
-586.302 612.286 208
-581.501 616.344 208
-575.825 619.815 208
-573.506 625.364 208
-568.619 629.265 208
-564.541 633.661 208
-560.429 638.014 208
-555.461 641.758 208
-550.47 645.443 208
-545.457 649.071 208
-540.423 652.641 208
-536.976 657.342 208
-532.69 661.411 208
-528.373 665.435 208
-523.239 668.799 208
-518.087 672.105 208
-512.916 675.352 208
-508.501 679.176 208
-504.823 683.597 208
-499.587 686.687 208
-495.089 690.375 208
-489.068 692.691 208
-483.787 695.604 208
-479.23 699.134 208
-473.917 701.935 208
-470.043 706.054 208
-463.974 708.055 208
-458.62 710.685 208
-453.963 713.963 208
-449.283 717.194 208
-443.887 719.658 208
-438.482 722.064 208
-433.069 724.41 208
-428.324 727.434 208
-423.56 730.411 208
-418.776 733.34 208
-413.317 735.467 208
-407.204 736.775 208
-402.385 739.544 208
-396.913 741.494 208
-392.696 744.939 208
-386.582 746 208
-381.094 747.779 208
-376.215 750.292 208
-371.922 753.557 208
-364.626 752.764 208
-360.312 755.927 208
-354.809 757.425 208
-348.734 758.044 208
-343.809 760.245 208
-338.312 761.568 208
-332.818 762.833 208
-326.783 763.202 208
-322.38 766.035 208
-304.174 746.78 208
-292.077 736.626 208
-286.361 736.585 208
-282.191 739.066 208
-288.5 759.697 208
-289.545 771.769 208
-284.583 773.402 208
-279.615 774.987 208
-274.641 776.524 208
-269.661 778.014 208
-263.314 776.784 208
-257.902 777.272 208
-252.94 778.604 208
-247.544 778.987 208
-241.738 778.408 208
-237.204 780.498 208
-231.84 780.721 208
-226.888 781.807 208
-221.154 781.006 208
-215.833 781.068 208
-210.529 781.077 208
-205.607 781.964 208
-200.686 782.805 208
-195.065 781.726 208
-190.163 782.469 208
-184.929 782.223 208
-179.714 781.926 208
-174.518 781.578 208
-169.65 782.13 208
-164.787 782.637 208
-159.343 781.186 208
-154.22 780.639 208
-149.12 780.043 208
-144.309 780.36 208
-139.503 780.634 208
-134.204 778.927 208
-129.428 779.108 208
-124.426 778.273 208
-119.674 778.365 208
-114.929 778.413 208
-109.777 776.462 208
-104.867 775.44 208
-100.175 775.354 208
-95.3091 774.242 208
-90.297 772.1 208
-85.8247 772.869 208
-81.033 771.623 208
-76.2696 770.332 208
-71.5349 768.998 208
-66.9599 768.611 208
-62.1533 766.199 208
-57.7336 766.722 208
-52.9959 764.223 208
-48.4979 763.67 208
-44.0136 763.078 208
-39.4649 761.449 208
-34.948 759.78 208
-30.5242 759.067 208
-26.0633 757.318 208
-21.6352 755.528 208
-17.2752 754.698 208
-12.879 751.831 208
-8.56909 750.925 208
-4.27597 749.981 208
3.69185e-05 749 208
4.25859 747.981 208
8.48191 745.926 208
12.6697 743.834 208
16.8565 742.706 208
20.9373 739.543 208
25.1213 739.342 208
29.1812 737.108 208
33.1344 733.843 208
37.1896 732.539 208
41.2247 731.2 208
45.1434 728.832 208
49.1284 727.425 208
52.7527 723.004 208
56.913 723.519 208
60.8252 722.013 208
64.7155 720.475 208
68.4358 717.914 208
72.4292 717.3 208
75.9219 713.691 208
79.7045 712.027 208
83.0994 708.364 208
87.0089 707.622 208
90.3137 703.906 208
94.184 703.101 208
97.8307 701.286 208
101.228 698.467 208
104.584 695.622 208
108.139 693.722 208
111.419 690.826 208
115.175 689.837 208
118.654 687.852 208
121.832 684.878 208
125.535 683.798 208
128.644 680.774 208
132.01 678.682 208
135.04 675.612 208
138.028 672.521 208
141.622 671.301 208
143.871 666.278 208
147.411 665.008 208
150.589 662.769 208
153.74 660.506 208
156.863 658.219 208
159.957 655.907 208
163.023 653.573 208
165.67 650.294 208
168.272 646.999 208
170.829 643.689 208
174.586 643.094 208
177.922 641.556 208
180.384 638.183 208
182.362 633.898 208
185.618 632.293 208
187.952 628.877 208
192.087 628.996 208
193.892 624.657 208
197.067 622.951 208
199.257 619.469 208
201.894 616.846 208
204 613.338 208
207.583 612.406 208
209.621 608.867 208
212.134 606.172 208
214.087 602.611 208
217.606 601.574 208
219.49 597.984 208
222.431 596.056 208
225.355 594.102 208
225.996 588.826 208
229.431 587.661 208
231.12 584.018 208
233.939 581.989 208
234.955 577.523 208
238.319 576.26 208
241.07 574.168 208
242.571 570.476 208
245.893 569.13 208
247.323 565.418 208
249.343 562.477 208
250.687 558.757 208
252.635 555.798 208
253.895 552.073 208
256.434 549.846 208
259.623 548.34 208
261.453 545.326 208
261.887 540.84 208
265.017 539.269 208
266.749 536.226 208
267.747 532.462 208
270.822 530.822 208
271.035 526.346 208
274.068 524.665 208
275.642 521.575 208
277.183 518.477 208
278.691 515.373 208
280.166 512.262 208
281.607 509.145 208
283.016 506.022 208
285.152 503.543 208
285.735 499.76 208
287.044 496.621 208
291.43 495.995 208
291.13 491.575 208
292.352 488.41 208
295.127 486.459 208
297.092 483.875 208
296.623 479.49 208
297.718 476.305 208
301.223 474.86 208
303.086 472.223 208
302.454 467.871 208
303.428 464.665 208
306.87 463.113 208
307.792 459.883 208
307.838 456.114 208
308.69 452.891 208
311.214 450.712 208
312.866 447.989 208
313.633 444.744 208
314.367 441.5 208
315.939 438.75 208
317.487 435.986 208
318.132 432.731 208
318.744 429.479 208
321.098 427.153 208
321.653 423.891 208
322.176 420.631 208
323.566 417.814 208
324.028 414.553 208
326.271 412.143 208
326.676 408.875 208
327.049 405.612 208
327.39 402.353 208
329.541 399.882 208
331.673 397.383 208
331.932 394.109 208
332.159 390.841 208
333.288 387.937 208
334.392 385.024 208
333.591 381.417 208
336.523 379.169 208
336.605 375.902 208
337.603 372.96 208
337.625 369.701 208
336.662 366.149 208
339.488 363.792 208
338.463 360.257 208
341.248 357.851 208
340.162 354.335 208
340.972 351.363 208
340.788 348.134 208
342.514 345.398 208
342.274 342.173 208
342.004 338.958 208
344.632 336.403 208
344.308 333.185 208
345.913 330.377 208
345.533 327.165 208
344.139 323.782 208
346.652 321.124 208
346.186 317.932 208
347.666 315.065 208
349.123 312.177 208
348.574 308.989 208
347.006 305.684 208
350.369 303.02 208
349.737 299.848 208
350.072 296.794 208
351.375 293.834 208
349.664 290.592 208
351.912 287.696 208
352.14 284.624 208
349.347 281.367 208
352.516 278.475 208
351.665 275.354 208
353.784 272.354 208
352.879 269.24 208
351.946 266.143 208
352.987 263.08 208
354 260 208
350.987 256.937 208
353.946 253.822 208
350.88 250.812 208
353.784 247.646 208
353.663 244.559 208
353.515 241.473 208
352.342 238.45 208
353.138 235.306 208
352.909 232.225 208
352.653 229.147 208
352.37 226.071 208
352.061 222.997 208
353.712 219.7 208
352.354 216.736 208
351.963 213.663 208
351.545 210.594 208
351.101 207.528 208
349.642 204.622 208
350.131 201.408 208
350.592 198.181 208
349.055 195.306 208
346.514 192.644 208
347.873 189.224 208
346.264 186.399 208
343.656 183.813 208
0 260 208
0 260 208
0 260 208
0 260 208
0 260 208
0 260 208
0 260 208
0 260 208
72.6792 237.78 208
71.5288 237.447 208
0 260 208
0 260 208
41.6028 245.675 208
38.6483 246.314 208
37.5877 246.319 208
37.4669 245.992 208
36.4096 246.024 208
36.2863 245.706 208
36.1602 245.39 208
35.1074 245.458 208
34.0587 245.543 208
33.0142 245.645 208
31.9741 245.764 208
32.7586 245.071 208
32.6271 244.786 208
33.3957 244.071 208
32.3566 244.219 208
33.1126 243.491 208
31.1852 244.11 208
31.0454 243.839 208
30.0202 244.038 208
29.8798 243.777 208
29.7371 243.516 208
28.7217 243.75 208
27.7128 244 208
28.4338 243.251 208
29.1437 242.489 208
28.1371 242.758 208
28.8336 241.983 208
27.8319 242.269 208
27.6761 242.027 208
28.3521 241.234 208
27.3582 241.547 208
26.372 241.875 208
26.2129 241.646 208
26.0517 241.418 208
25.0795 241.779 208
24.9196 241.56 208
23.9591 241.946 208
35.7009 232.606 208
40.9766 227.986 208
33.6522 233.232 208
26.423 238.603 208
26.2352 238.373 208
22.9813 240.716 208
0 260 208
0 260 208
0 260 208
0 260 208
0 260 208
0 260 208
0 260 208
0 260 208
0 260 208
0 260 208
0 260 208
