-0 260 175
-0 260 175
-0 260 175
-0 260 175
-0 260 175
-0 260 175
-0 260 175
-0 260 175
-15.8489 246.223 175
-22.8122 240.517 175
-26.8116 237.502 175
-27.7785 237.101 175
-33.4173 232.939 175
-41.4782 227.007 175
-40.1886 228.601 175
-27.7674 238.693 175
-26.355 240.14 175
-26.5273 240.371 175
-27.5066 240.015 175
-26.8658 240.837 175
-26.2129 241.646 175
-26.372 241.875 175
-24.8711 243.224 175
-26.6843 242.338 175
-25.9988 243.116 175
-26.9885 242.806 175
-27.9856 242.513 175
-27.2845 243.28 175
-28.2865 243.004 175
-27.5721 243.759 175
-27.7128 244 175
-27.8514 244.242 175
-27.1132 244.971 175
-29.8798 243.777 175
-29.1373 244.507 175
-31.0454 243.839 175
-31.1852 244.11 175
-30.4278 244.829 175
-31.4578 244.657 175
-30.6879 245.363 175
-29.9082 246.054 175
-31.8486 245.486 175
-32.8876 245.357 175
-33.0142 245.645 175
-34.0587 245.543 175
-35.1074 245.458 175
-33.3786 246.514 175
-35.3559 246.073 175
-35.4761 246.382 175
-37.4669 245.992 175
-39.4671 245.635 175
-0 260 175
-0 260 175
-0 260 175
-71.3292 236.824 175
-70.5751 237.748 175
-0 260 175
-71.9115 238.699 175
-0 260 175
-0 260 175
-0 260 175
-0 260 175
-0 260 175
-0 260 175
-0 260 175
-0 260 175
-0 260 175
-0 260 175
-0 260 175
-0 260 175
-0 260 175
-0 260 175
-717.062 146.429 175
-719.015 152.543 175
-718.935 158.96 175
-720.78 165.108 175
-720.589 171.523 175
-720.34 177.928 175
-722.023 184.112 175
-722.658 190.416 175
-721.245 196.899 175
-723.762 203.039 175
-723.234 209.427 175
-723.648 215.74 175
-725.005 222.004 175
-723.311 228.42 175
-722.56 234.768 175
-723.752 241.048 175
-722.89 247.382 175
-721.973 253.7 175
-724 260 175
-722.972 266.309 175
-721.89 272.601 175
-722.752 278.926 175
-721.56 285.198 175
-720.314 291.45 175
-720.012 297.734 175
-718.657 303.955 175
-719.244 310.295 175
-718.777 316.569 175
-716.264 322.665 175
-716.685 329.009 175
-714.067 335.052 175
-713.385 341.28 175
-712.648 347.502 175
-710.866 353.587 175
-710.022 359.787 175
-707.146 365.684 175
-706.197 371.851 175
-705.194 378.009 175
-702.168 383.811 175
-702.044 390.116 175
-699.9 396.047 175
-697.706 401.95 175
-697.419 408.241 175
-694.146 413.889 175
-691.803 419.715 175
-689.41 425.513 175
-687.94 431.523 175
-684.48 437.019 175
-682.91 442.985 175
-680.323 448.67 175
-678.651 454.6 175
-675.968 460.231 175
-673.239 465.83 175
-670.463 471.396 175
-667.642 476.93 175
-664.775 482.431 175
-662.808 488.223 175
-658.906 493.331 175
-655.905 498.73 175
-653.797 504.445 175
-650.706 509.783 175
-647.571 515.085 175
-644.393 520.352 175
-640.248 525.2 175
-637.91 530.777 175
-633.688 535.536 175
-630.346 540.648 175
-627.873 546.138 175
-623.54 550.761 175
-620.076 555.761 175
-616.573 560.723 175
-613.03 565.646 175
-609.448 570.53 175
-604.941 574.913 175
-601.287 579.71 175
-598.474 584.945 175
-594.741 589.671 175
-590.101 593.863 175
-587.165 599 175
-583.323 603.604 175
-578.588 607.651 175
-574.679 612.164 175
-570.736 616.636 175
-565.916 620.528 175
-562.748 625.453 175
-558.703 629.798 175
-554.626 634.1 175
-548.868 637.227 175
-545.555 642.002 175
-540.573 645.587 175
-536.378 649.702 175
-532.153 653.773 175
-527.898 657.8 175
-522.82 661.174 175
-518.511 665.105 175
-513.391 668.37 175
-509.808 672.834 175
-504.642 675.995 175
-500.227 679.74 175
-494.264 682.141 175
-489.806 685.782 175
-483.825 688.053 175
-481.558 693.597 175
-477.018 697.107 175
-471.723 699.889 175
-466.416 702.612 175
-461.816 705.971 175
-456.48 708.582 175
-450.427 710.427 175
-445.778 713.627 175
-440.413 716.061 175
-436.417 719.887 175
-431.705 722.947 175
-426.297 725.222 175
-421.552 728.181 175
-416.788 731.093 175
-411.349 733.203 175
-405.905 735.254 175
-400.457 737.246 175
-395.641 739.951 175
-389.549 741.053 175
-385.337 744.434 175
-380.479 746.991 175
-374.388 747.912 175
-368.913 749.564 175
-364.031 751.96 175
-358.549 753.5 175
-354.809 757.425 175
-348.734 758.044 175
-342.676 758.596 175
-337.752 760.739 175
-332.266 761.999 175
-327.873 764.88 175
-321.842 765.192 175
-316.362 766.285 175
-311.409 768.174 175
-306.448 770.015 175
-298.94 767.5 175
-281.5 747.572 175
-273.787 743.918 175
-269.069 745.414 175
-262.437 743.349 175
-270.885 769.461 175
-269.199 777.127 175
-264.222 778.566 175
-258.795 779.062 175
-253.378 779.503 175
-248.405 780.792 175
-243.428 782.033 175
-237.619 781.408 175
-232.247 781.634 175
-227.287 782.724 175
-221.935 782.847 175
-216.981 783.84 175
-211.653 783.859 175
-206.34 783.825 175
-201.403 784.672 175
-196.466 785.473 175
-190.505 783.409 175
-185.93 785.051 175
-180.69 784.763 175
-175.787 785.371 175
-170.577 784.983 175
-165.689 785.498 175
-160.512 785.011 175
-155.356 784.474 175
-150.498 784.849 175
-145.378 784.215 175
-140.539 784.498 175
-135.205 782.8 175
-130.396 782.989 175
-125.36 782.163 175
-120.349 781.288 175
-115.795 782.318 175
-110.817 781.353 175
-105.864 780.34 175
-100.938 779.281 175
-96.2203 779.159 175
-91.5125 778.994 175
-86.6499 777.8 175
-81.9716 777.549 175
-77.1565 776.266 175
-72.37 774.939 175
-67.7431 774.56 175
-62.8845 772.154 175
-58.4128 772.683 175
-53.8321 772.179 175
-49.073 769.643 175
-44.5365 769.055 175
-40.0926 769.425 175
-35.506 767.76 175
-30.8905 765.056 175
-26.3773 763.309 175
-21.9405 762.521 175
-17.5195 761.694 175
-13.1146 760.828 175
-8.70871 758.924 175
-4.34578 757.981 175
3.7296e-05 754 175
4.31967 754.981 175
8.60407 752.925 175
12.8791 751.831 175
17.1008 749.702 175
21.3299 748.535 175
25.54 747.331 175
29.6696 745.094 175
33.8319 743.819 175
37.8958 741.511 175
42.0091 740.166 175
45.7185 734.804 175
50.0692 736.376 175
53.998 733.934 175
58.0098 732.452 175
62 730.936 175
65.9681 729.387 175
69.7661 726.815 175
73.6807 725.201 175
77.5724 723.554 175
80.9201 718.92 175
84.7395 717.214 175
88.1538 713.512 175
92.3074 713.705 175
96.2631 712.882 175
99.7787 710.072 175
103.253 707.236 175
106.685 704.373 175
110.8 704.395 175
113.923 700.507 175
117.763 699.496 175
121.326 697.488 175
124.864 695.452 175
127.807 691.469 175
131.86 691.293 175
135.318 689.173 175
137.822 684.171 175
141.835 683.901 175
145.203 681.701 175
147.876 677.59 175
151.515 676.284 175
154.441 673.072 175
158.04 671.709 175
160.894 668.453 175
163.703 665.179 175
166.467 661.888 175
169.577 659.499 175
173.855 659.838 175
176.524 656.479 175
178.733 652.193 175
182.571 651.525 175
185.55 649.014 175
187.623 644.684 175
190.526 642.137 175
193.4 639.569 175
195.781 636.093 175
199.056 634.37 175
202.315 632.618 175
205.074 629.964 175
206.818 625.549 175
210 623.731 175
212.659 621.023 175
215.286 618.296 175
216.837 613.846 175
220.976 613.636 175
222.979 610.007 175
225.481 607.21 175
227.95 604.395 175
231.506 603.222 175
233.359 599.54 175
234.593 595.033 175
236.927 592.159 175
239.816 590.079 175
241.498 586.366 175
244.337 584.246 175
247.766 582.895 175
249.343 579.144 175
251.496 576.174 175
253.616 573.19 175
255.703 570.193 175
257.115 566.418 175
261.078 565.683 175
263.736 563.393 175
264.385 558.833 175
267.652 557.258 175
268.209 552.699 175
270.071 549.616 175
273.277 547.974 175
275.779 545.578 175
276.158 541.021 175
279.307 539.307 175
281.734 536.859 175
283.42 533.695 175
285.072 530.523 175
287.422 528.025 175
288.275 524.156 175
289.083 520.292 175
292.093 518.422 175
294.337 515.863 175
295.798 512.635 175
297.991 510.044 175
299.39 506.798 175
299.978 502.918 175
302.087 500.291 175
303.384 497.03 175
306.234 494.982 175
305.877 490.495 175
307.877 487.817 175
310.663 485.71 175
313.434 483.571 175
312.916 479.106 175
314.816 476.367 175
315.863 473.052 175
318.544 470.84 175
317.856 466.418 175
320.489 464.174 175
322.258 461.369 175
322.298 457.504 175
325.724 455.714 175
325.696 451.849 175
326.492 448.5 175
328.124 445.644 175
328.857 442.288 175
330.435 439.412 175
332.871 436.991 175
333.516 433.617 175
335.018 430.7 175
334.705 426.878 175
337.048 424.389 175
337.567 421.011 175
339.865 418.482 175
339.416 414.681 175
340.752 411.713 175
342.063 408.733 175
344.269 406.133 175
342.759 401.976 175
344.912 399.354 175
346.115 396.338 175
346.358 392.955 175
346.569 389.577 175
350.505 387.574 175
348.777 383.509 175
351.733 381.111 175
351.828 377.72 175
351.891 374.336 175
352.875 371.261 175
353.833 368.178 175
354.763 365.086 175
352.783 361.159 175
356.543 358.878 175
357.393 355.763 175
357.246 352.39 175
358.039 349.269 175
358.805 346.141 175
361.491 343.457 175
360.253 339.866 175
359.958 336.511 175
361.592 333.567 175
363.202 330.599 175
362.821 327.245 175
361.424 323.729 175
362.953 320.738 175
364.457 317.724 175
361.98 314.098 175
363.428 311.077 175
365.843 308.164 175
366.25 304.97 175
366.628 301.772 175
364.99 298.362 175
366.306 295.271 175
367.596 292.16 175
364.872 288.716 175
365.108 285.531 175
368.312 282.527 175
368.494 279.312 175
368.649 276.096 175
367.776 272.843 175
367.874 269.633 175
367.944 266.422 175
367.986 263.211 175
370 260 175
368.986 256.78 175
366.944 253.595 175
369.873 250.315 175
369.775 247.087 175
368.649 243.904 175
369.493 240.636 175
368.312 237.473 175
367.104 234.33 175
368.859 230.97 175
368.592 227.752 175
369.292 224.441 175
368.968 221.22 175
367.622 218.115 175
368.235 214.786 175
367.826 211.575 175
365.409 208.645 175
368.903 204.867 175
366.432 201.963 175
366.898 198.602 175
366.348 195.403 175
364.788 192.391 175
363.202 189.401 175
365.512 185.636 175
362.893 182.865 175
362.206 179.701 175
0 260 175
0 260 175
0 260 175
0 260 175
0 260 175
0 260 175
0 260 175
0 260 175
72.6792 237.78 175
73.4362 236.846 175
0 260 175
0 260 175
42.5483 245.349 175
38.6483 246.314 175
39.4671 245.635 175
36.5302 246.342 175
36.4096 246.024 175
35.3559 246.073 175
35.233 245.765 175
35.1074 245.458 175
33.1382 245.934 175
33.9312 245.246 175
32.8876 245.357 175
33.6686 244.656 175
32.6271 244.786 175
33.3957 244.071 175
33.2554 243.78 175
33.1126 243.491 175
32.0762 243.656 175
31.9324 243.377 175
30.9032 243.568 175
29.8798 243.777 175
28.8625 244.001 175
29.5921 243.258 175
28.5788 243.5 175
29.2954 242.744 175
29.1437 242.489 175
29.8424 241.713 175
28.8336 241.983 175
28.6753 241.732 175
28.5148 241.482 175
28.3521 241.234 175
27.3582 241.547 175
27.1962 241.309 175
27.032 241.072 175
26.8658 240.837 175
25.8885 241.191 175
23.3118 242.75 175
24.7577 241.344 175
34.9075 233.214 175
40.9766 227.986 175
32.0869 234.477 175
27.2001 237.974 175
27.0069 237.737 175
22.9813 240.716 175
0 260 175
0 260 175
0 260 175
0 260 175
0 260 175
0 260 175
0 260 175
0 260 175
0 260 175
0 260 175
0 260 175
