-0 260 66
-0 260 66
-0 260 66
-0 260 66
-0 260 66
-0 260 66
-0 260 66
-0 260 66
-15.8489 246.223 66
-22.8122 240.517 66
-26.8116 237.502 66
-27.0069 237.737 66
-32.6401 233.569 66
-43.0435 225.762 66
-40.9766 227.986 66
-27.7674 238.693 66
-26.355 240.14 66
-26.5273 240.371 66
-25.0795 241.779 66
-26.0517 241.418 66
-26.2129 241.646 66
-25.5479 242.441 66
-25.7002 242.665 66
-27.5182 241.786 66
-26.8375 242.572 66
-26.1451 243.344 66
-26.2895 243.573 66
-26.4318 243.803 66
-28.2865 243.004 66
-27.5721 243.759 66
-27.7128 244 66
-27.8514 244.242 66
-27.1132 244.971 66
-29.001 244.254 66
-29.1373 244.507 66
-30.1584 244.301 66
-30.2942 244.564 66
-29.5328 245.275 66
-30.559 245.095 66
-31.5905 244.932 66
-30.8145 245.631 66
-31.8486 245.486 66
-33.8012 244.951 66
-32.0971 246.044 66
-33.1382 245.934 66
-35.1074 245.458 66
-35.233 245.765 66
-34.4255 246.439 66
-36.4096 246.024 66
-37.4669 245.992 66
-38.5274 245.977 66
-0 260 66
-0 260 66
-0 260 66
-70.3782 237.133 66
-71.5288 237.447 66
-0 260 66
-0 260 66
-0 260 66
-0 260 66
-0 260 66
-0 260 66
-0 260 66
-0 260 66
-0 260 66
-0 260 66
-0 260 66
-0 260 66
-0 260 66
-0 260 66
-0 260 66
-0 260 66
-703.234 148.619 66
-703.19 154.908 66
-705.071 160.909 66
-704.917 167.196 66
-705.7 173.351 66
-706.43 179.513 66
-706.111 185.785 66
-706.731 191.95 66
-706.302 198.207 66
-706.814 204.373 66
-707.273 210.543 66
-706.679 216.778 66
-707.03 222.946 66
-707.326 229.118 66
-707.569 235.291 66
-706.758 241.493 66
-706.892 247.661 66
-706.973 253.83 66
-707 260 66
-705.973 266.161 66
-704.893 272.304 66
-705.758 278.481 66
-705.57 284.639 66
-703.33 290.708 66
-704.034 296.897 66
-702.687 302.978 66
-702.285 309.109 66
-700.833 315.157 66
-701.321 321.358 66
-698.768 327.284 66
-698.154 333.379 66
-697.487 339.469 66
-695.775 345.431 66
-695.003 351.499 66
-693.188 357.421 66
-692.311 363.467 66
-690.394 369.348 66
-688.427 375.203 66
-686.411 381.033 66
-685.329 387.018 66
-684.194 392.994 66
-682.028 398.76 66
-679.813 404.499 66
-677.549 410.209 66
-676.213 416.116 66
-673.852 421.778 66
-672.415 427.652 66
-668.99 433.013 66
-667.455 438.844 66
-663.941 444.127 66
-662.309 449.914 66
-660.627 455.687 66
-656.981 460.859 66
-655.204 466.585 66
-652.425 471.986 66
-649.602 477.354 66
-646.735 482.689 66
-642.881 487.656 66
-641.81 493.6 66
-638.81 498.842 66
-633.901 503.332 66
-630.823 508.488 66
-628.631 513.983 66
-625.466 519.077 66
-622.261 524.134 66
-619.016 529.156 66
-615.73 534.141 66
-613.314 539.503 66
-608.132 543.577 66
-604.732 548.443 66
-601.293 553.27 66
-598.711 558.506 66
-595.192 563.266 66
-591.636 567.986 66
-588.043 572.668 66
-584.413 577.311 66
-579.873 581.429 66
-576.175 585.984 66
-573.309 591 66
-569.537 595.483 66
-564.873 599.41 66
-561.89 604.327 66
-558.016 608.687 66
-553.265 612.469 66
-550.168 617.283 66
-545.361 620.967 66
-540.532 624.594 66
-537.33 629.297 66
-532.449 632.825 66
-527.547 636.296 66
-525.052 641.473 66
-520.899 645.445 66
-515.12 648.171 66
-490.292 636.215 66
-469.654 626.934 66
-466.434 631.019 66
-474.059 643.885 66
-493.068 666.454 66
-489.502 670.741 66
-484.379 673.698 66
-478.486 675.941 66
-475.587 680.764 66
-470.411 683.56 66
-465.959 686.973 66
-460.753 689.659 66
-455.535 692.287 66
-451.745 696.246 66
-447.208 699.47 66
-443.356 703.356 66
-438.068 705.782 66
-432.772 708.149 66
-426.78 709.732 66
-422.839 713.439 66
-418.866 717.112 66
-413.523 719.264 66
-408.174 721.357 66
-403.476 724.146 66
-398.761 726.889 66
-393.386 728.819 66
-387.372 729.919 66
-382.627 732.505 66
-377.866 735.043 66
-373.706 738.323 66
-367.692 739.185 66
-362.894 741.577 66
-358.678 744.726 66
-352.671 745.41 66
-348.422 748.469 66
-342.425 749.034 66
-337.012 750.355 66
-332.161 752.448 66
-327.299 754.494 66
-322.426 756.493 66
-317.007 757.601 66
-312.652 760.348 66
-306.707 760.5 66
-301.812 762.3 66
-296.402 763.191 66
-291.5 764.893 66
-286.59 766.547 66
-281.19 767.279 66
-275.321 767.078 66
-271.355 770.344 66
-266.429 771.805 66
-261.044 772.329 66
-255.225 771.902 66
-249.872 772.313 66
-245.391 774.474 66
-240.047 774.783 66
-235.546 776.858 66
-230.213 777.067 66
-224.894 777.222 66
-219.2 776.403 66
-214.685 778.296 66
-209.405 778.296 66
-204.141 778.243 66
-199.253 779.071 66
-194.365 779.853 66
-189.137 779.65 66
-184.261 780.338 66
-179.062 780.035 66
-174.2 780.63 66
-169.032 780.228 66
-164.486 781.683 66
-158.758 779.273 66
-153.936 779.68 66
-149.12 780.043 66
-144.309 780.36 66
-139.245 779.668 66
-134.454 779.895 66
-129.428 779.108 66
-124.66 779.246 66
-119.899 779.339 66
-115.146 779.389 66
-110.193 778.418 66
-105.466 778.38 66
-100.556 777.318 66
-95.8558 777.192 66
-90.818 775.054 66
-86.3199 775.827 66
-81.6587 775.573 66
-76.8609 774.288 66
-72.2308 773.949 66
-67.482 772.577 66
-62.8845 772.154 66
-58.1864 770.696 66
-53.6231 770.19 66
-49.073 769.643 66
-44.4494 768.059 66
-40.0141 768.428 66
-35.4362 766.763 66
-30.9516 766.054 66
-26.4296 764.308 66
-22.0278 764.519 66
-17.5195 761.694 66
-13.1408 761.828 66
-8.72617 759.924 66
-4.3545 758.981 66
3.7598e-05 758 66
4.33713 756.981 66
8.60407 752.925 66
12.8791 751.831 66
17.2055 752.7 66
21.3299 748.535 66
25.5923 748.33 66
29.7917 747.09 66
33.9714 745.814 66
38.2096 745.499 66
42.0963 741.162 66
46.3894 741.772 66
50.3828 739.36 66
54.2244 735.921 66
58.6192 737.415 66
62.3916 733.911 66
66.5248 733.348 66
70.3573 730.772 66
74.4628 730.14 66
78.2326 727.499 66
82.1356 725.814 66
86.0152 724.096 66
89.6803 721.365 66
93.5036 719.585 66
97.3027 717.773 66
100.861 714.954 66
104.602 713.082 66
107.852 709.235 66
112.01 709.247 66
115.676 707.284 66
118.798 703.36 66
121.861 699.415 66
126.242 700.258 66
128.943 695.304 66
133.614 697.031 66
133.513 683.45 66
127.315 651.835 66
129.778 647.864 66
132.832 645.772 66
136.861 646.483 66
140.57 646.214 66
144.986 647.782 66
157.324 669.842 66
163.826 675.897 66
166.325 671.67 66
170.294 671.126 66
172.312 665.943 66
176.247 665.341 66
178.964 661.96 66
182.465 660.383 66
185.952 658.775 66
188.994 656.235 66
192.445 654.571 66
193.204 647.507 66
186.136 625.313 66
188.855 622.787 66
192.483 622.009 66
195.635 620.315 66
199.742 620.343 66
202.879 618.587 66
210 623.731 66
217.734 629.639 66
219.406 625.153 66
223.107 624.077 66
225.746 621.268 66
227.815 617.598 66
230.927 615.596 66
233.469 612.734 66
235.979 609.854 66
239.59 608.605 66
242.049 605.682 66
243.895 601.929 66
246.87 599.787 66
248.041 595.208 66
250.957 593.031 66
253.854 590.828 66
256.731 588.6 66
258.344 584.782 66
261.797 583.293 66
263.972 580.224 66
266.757 577.908 66
267.573 573.287 66
268.984 569.431 66
271.012 566.323 66
275.013 565.433 66
276.992 562.284 66
279.619 559.855 66
281.537 556.678 66
282.031 552.052 66
283.868 548.866 66
287.085 547.085 66
288.153 543.167 66
291.333 541.337 66
291.601 536.719 66
296.198 536.209 66
297.123 532.263 66
299.487 529.66 66
300.331 525.711 66
302.639 523.08 66
305.683 521.078 66
304.886 515.829 66
308.65 514.431 66
310.858 511.728 66
310.695 507.138 66
314.416 505.649 66
314.961 501.678 66
317.058 498.921 66
318.327 495.55 66
320.371 492.763 66
321.576 489.378 66
325.203 487.71 66
327.178 484.863 66
327.47 480.881 66
328.551 477.463 66
332.114 475.677 66
333.14 472.233 66
332.435 467.728 66
335.088 465.342 66
337.724 462.925 66
339.482 459.97 66
339.482 456 66
341.179 453.03 66
341.976 449.561 66
343.617 446.569 66
344.35 443.094 66
346.821 440.544 66
349.275 437.964 66
349.024 434.017 66
350.53 430.965 66
350.203 427.038 66
351.647 423.976 66
353.065 420.901 66
353.542 417.407 66
355.819 414.715 66
357.156 411.604 66
360.313 409.247 66
361.602 406.097 66
360.072 401.836 66
362.229 399.047 66
363.429 395.88 66
364.601 392.704 66
364.802 389.183 66
364.97 385.669 66
366.053 382.48 66
369.01 379.899 66
368.135 376.072 66
371.046 373.44 66
370.104 369.63 66
370.086 366.12 66
370.034 362.62 66
371.881 359.645 66
373.705 356.647 66
373.564 353.14 66
372.418 349.41 66
375.132 346.606 66
375.874 343.329 66
375.609 339.838 66
375.311 336.358 66
378.908 333.652 66
378.553 330.161 66
380.136 327.028 66
380.706 323.708 66
381.248 320.384 66
380.771 316.907 66
381.253 313.582 66
379.723 309.992 66
381.138 306.798 66
382.525 303.583 66
384.88 300.453 66
383.228 296.901 66
384.531 293.642 66
383.813 290.207 66
385.06 286.926 66
382.286 283.382 66
383.474 280.097 66
384.634 276.793 66
384.765 273.436 66
385.868 270.104 66
386.941 266.754 66
384.985 263.36 66
386 260 66
384.985 256.64 66
384.941 253.281 66
385.868 249.896 66
386.764 246.494 66
387.631 243.076 66
385.471 239.798 66
385.28 236.435 66
386.057 233.004 66
387.801 229.479 66
384.531 226.358 66
386.214 222.812 66
383.885 219.652 66
383.519 216.304 66
385.108 212.715 66
384.681 209.356 66
385.214 205.862 66
385.716 202.354 66
383.223 199.303 66
384.651 195.631 66
383.09 192.451 66
383.469 188.928 66
383.816 185.394 66
383.151 182.047 66
380.499 179.122 66
377.827 176.238 66
0 260 66
0 260 66
0 260 66
0 260 66
0 260 66
0 260 66
0 260 66
0 260 66
71.7229 238.072 66
72.4825 237.146 66
73.2314 236.206 66
0 260 66
0 260 66
39.5909 245.98 66
37.5877 246.319 66
36.5302 246.342 66
36.4096 246.024 66
35.3559 246.073 66
36.1602 245.39 66
35.1074 245.458 66
34.0587 245.543 66
33.9312 245.246 66
32.8876 245.357 66
32.7586 245.071 66
32.6271 244.786 66
34.2982 243.641 66
33.2554 243.78 66
33.1126 243.491 66
32.0762 243.656 66
31.0454 243.839 66
30.9032 243.568 66
29.001 244.254 66
29.7371 243.516 66
28.7217 243.75 66
29.4449 243 66
29.2954 242.744 66
27.4294 243.519 66
28.9898 242.235 66
27.9856 242.513 66
27.8319 242.269 66
27.6761 242.027 66
27.5182 241.786 66
27.3582 241.547 66
26.372 241.875 66
26.2129 241.646 66
25.2376 241.998 66
24.2705 242.366 66
24.1157 242.155 66
23.9591 241.946 66
34.9075 233.214 66
40.1885 228.601 66
31.3043 235.099 66
26.423 238.603 66
27.0069 237.737 66
23.7474 240.074 66
0 260 66
0 260 66
0 260 66
0 260 66
0 260 66
0 260 66
0 260 66
0 260 66
0 260 66
0 260 66
0 260 66
