-0 260 266
-0 260 266
-0 260 266
-0 260 266
-0 260 266
-0 260 266
-0 260 266
-0 260 266
-15.8489 246.223 266
-22.8122 240.517 266
-26.0455 238.145 266
-26.2352 238.373 266
-32.6401 233.569 266
-43.8261 225.139 266
-40.9766 227.986 266
-26.1807 239.911 266
-25.5563 240.742 266
-26.5273 240.371 266
-27.5066 240.015 266
-26.8658 240.837 266
-26.2129 241.646 266
-26.372 241.875 266
-25.7002 242.665 266
-26.6843 242.338 266
-25.1601 243.661 266
-26.9885 242.806 266
-27.9856 242.513 266
-27.2845 243.28 266
-27.4294 243.519 266
-27.5721 243.759 266
-28.5788 243.5 266
-26.981 244.735 266
-27.1132 244.971 266
-29.001 244.254 266
-29.1373 244.507 266
-29.2714 244.762 266
-29.4032 245.018 266
-30.4278 244.829 266
-30.559 245.095 266
-30.6879 245.363 266
-31.7208 245.208 266
-32.7586 245.071 266
-32.8876 245.357 266
-32.0971 246.044 266
-34.0587 245.543 266
-33.2597 246.223 266
-34.3058 246.14 266
-34.4255 246.439 266
-36.4096 246.024 266
-37.4669 245.992 266
-38.5274 245.977 266
-42.4189 244.979 266
-0 260 266
-0 260 266
-71.3292 236.824 266
-71.5288 237.447 266
-0 260 266
-70.9527 238.983 266
-0 260 266
-0 260 266
-0 260 266
-0 260 266
-0 260 266
-0 260 266
-0 260 266
-0 260 266
-0 260 266
-0 260 266
-0 260 266
-0 260 266
-0 260 266
-0 260 266
-672.616 153.468 266
-672.531 159.49 266
-673.382 165.362 266
-674.183 171.242 266
-673.939 177.251 266
-672.648 183.362 266
-674.286 189.13 266
-675.874 194.921 266
-675.42 200.909 266
-673.916 206.962 266
-675.351 212.775 266
-675.737 218.67 266
-675.074 224.621 266
-676.356 230.47 266
-676.588 236.373 266
-675.768 242.304 266
-674.897 248.22 266
-675.974 254.101 266
-675 260 266
-674.974 265.891 266
-674.897 271.78 266
-674.769 277.67 266
-673.589 283.522 266
-673.358 289.4 266
-672.078 295.222 266
-671.745 301.086 266
-672.358 307.016 266
-668.932 312.646 266
-669.443 318.569 266
-668.906 324.408 266
-668.319 330.243 266
-666.687 335.959 266
-665.006 341.653 266
-665.259 347.583 266
-662.489 353.107 266
-660.663 358.737 266
-660.763 364.655 266
-659.825 370.417 266
-656.867 375.823 266
-656.814 381.733 266
-654.745 387.27 266
-652.63 392.779 266
-650.468 398.261 266
-649.237 403.932 266
-647.956 409.593 266
-644.681 414.774 266
-644.276 420.636 266
-641.882 426.002 266
-640.409 431.597 266
-637.923 436.912 266
-635.394 442.196 266
-631.862 447.166 266
-629.249 452.381 266
-627.546 457.865 266
-623.893 462.715 266
-623.997 468.787 266
-620.26 473.573 266
-618.373 478.977 266
-615.499 484.023 266
-612.584 489.036 266
-609.628 494.014 266
-605.702 498.592 266
-603.597 503.869 266
-600.522 508.744 266
-598.328 513.975 266
-595.172 518.788 266
-592.891 523.972 266
-588.745 528.307 266
-585.475 533.011 266
-582.167 537.68 266
-577.925 541.873 266
-575.443 546.905 266
-572.917 551.916 266
-569.461 556.443 266
-565.969 560.931 266
-562.443 565.382 266
-559.757 570.278 266
-555.287 574.166 266
-552.524 579 266
-549.719 583.81 266
-545.158 587.564 266
-542.279 592.309 266
-537.662 595.969 266
-534.71 600.648 266
-530.878 604.757 266
-527.85 609.376 266
-522.294 612.292 266
-518.375 616.27 266
-514.427 620.206 266
-512.079 625.262 266
-507.254 628.541 266
-504.018 632.954 266
-499.147 636.134 266
-495.052 639.867 266
-491.719 644.173 266
-486.782 647.204 266
-483.385 651.437 266
-477.636 653.732 266
-474.181 657.886 266
-470.691 662.008 266
-467.165 666.101 266
-462.855 669.499 266
-457.777 672.185 266
-452.688 674.812 266
-448.32 678.065 266
-444.654 681.961 266
-438.797 683.742 266
-435.083 687.555 266
-431.335 691.335 266
-426.153 693.656 266
-422.352 697.359 266
-417.143 699.577 266
-412.609 702.469 266
-407.381 704.578 266
-403.486 708.116 266
-398.235 710.122 266
-392.979 712.071 266
-390.318 717.004 266
-385.03 718.861 266
-380.375 721.432 266
-375.075 723.179 266
-369.774 724.869 266
-365.703 728.078 266
-360.995 730.459 266
-355.673 731.994 266
-350.945 734.276 266
-345.618 735.702 266
-341.453 738.7 266
-336.116 740.023 266
-331.914 742.938 266
-327.128 744.987 266
-321.779 746.155 266
-316.435 747.268 266
-312.171 750.01 266
-307.353 751.868 266
-303.049 754.531 266
-297.177 754.586 266
-292.342 756.298 266
-287.5 757.965 266
-282.651 759.584 266
-277.311 760.283 266
-271.98 760.926 266
-268.068 764.163 266
-262.735 764.709 266
-257.867 766.092 266
-242.732 746.844 266
-232.775 737.26 266
-228.601 739.273 266
-223.142 738.531 266
-221.031 745.009 266
-226.959 769.758 266
-222.901 772.637 266
-218.028 773.642 266
-212.772 773.677 266
-208.281 775.514 266
-203.042 775.451 266
-198.177 776.27 266
-192.964 776.106 266
-188.111 776.831 266
-183.26 777.51 266
-178.411 778.144 266
-173.248 777.785 266
-168.723 779.277 266
-163.584 778.822 266
-159.05 780.23 266
-153.936 779.68 266
-148.844 779.081 266
-144.309 780.36 266
-138.986 778.702 266
-134.454 779.895 266
-129.428 779.108 266
-124.893 780.218 266
-120.124 780.314 266
-115.146 779.389 266
-110.401 779.396 266
-105.466 778.38 266
-100.747 778.299 266
-96.0381 778.175 266
-91.5125 778.994 266
-86.6499 777.8 266
-81.9716 777.549 266
-77.4521 778.244 266
-72.6483 776.92 266
-68.1346 777.534 266
-63.372 776.124 266
-58.7524 775.664 266
-54.2502 776.157 266
-49.5522 774.62 266
-44.9723 774.036 266
-40.4064 773.412 266
-35.8548 772.748 266
-31.3789 773.041 266
-26.8483 772.297 266
-22.3331 771.513 266
-17.7638 768.69 266
-13.2979 767.826 266
-8.84833 766.923 266
-4.43304 767.981 266
3.81264e-05 765 266
4.39821 763.981 266
8.79605 763.923 266
13.1409 761.828 266
17.4847 760.695 266
21.8533 760.523 266
26.1157 758.316 266
30.4633 758.069 266
34.7388 756.787 266
38.9942 755.468 266
43.055 752.12 266
47.3478 751.726 266
51.6371 751.294 266
55.5828 747.844 266
59.8379 747.34 266
64.0884 746.799 266
67.9165 743.251 266
72.2788 743.629 266
76.4965 742.98 266
80.3782 740.321 266
84.393 738.617 266
88.0198 734.912 266
91.97 733.144 266
96.2947 733.304 266
100.421 732.445 266
104.324 730.575 266
107.752 726.723 266
112.054 726.738 266
115.881 724.772 266
119.682 722.775 266
122.68 717.849 266
126.671 716.761 266
130.928 716.599 266
134.623 714.481 266
138.292 712.332 266
141.933 710.154 266
145.238 706.997 266
149.133 705.712 266
153.017 704.394 266
156.555 702.099 266
159.723 698.836 266
163.547 697.426 266
167.358 695.982 266
170.423 692.644 266
173.817 690.213 266
177.565 688.68 266
180.127 684.353 266
184.222 683.682 266
187.506 681.144 266
190.344 677.672 266
193.137 674.183 266
197.174 673.384 266
201.212 672.546 266
204.359 669.88 266
206.566 665.408 266
209.634 662.703 266
214.079 662.624 266
216.63 658.983 266
220.104 657.077 266
223.068 654.271 266
225 649.711 266
229.407 649.456 266
231.767 645.725 266
235.124 643.688 266
236.874 639.077 266
240.71 637.839 266
243.998 635.724 266
246.716 632.747 266
249.4 629.751 266
252.617 627.56 266
254.668 623.703 266
257.832 621.467 266
259.801 617.585 266
263.507 616.109 266
266.604 613.796 266
268.464 609.869 266
271.507 607.513 266
274.529 605.13 266
276.272 601.167 266
277.966 597.2 266
280.255 593.995 266
283.159 591.537 266
286.042 589.053 266
288.902 586.545 266
290.403 582.525 266
294.557 581.453 266
296.669 578.139 266
298.058 574.087 266
300.092 570.755 266
302.092 567.411 266
305.47 565.47 266
308.124 562.793 266
310.035 559.398 266
311.911 555.992 266
313.751 552.577 266
317.029 550.504 266
318.809 547.057 266
320.553 543.601 266
322.261 540.137 266
325.454 537.964 266
327.101 534.47 266
327.94 530.333 266
331.841 528.72 266
332.608 524.569 266
334.905 521.656 266
336.382 518.115 266
338.621 515.17 266
340.835 512.205 266
343.023 509.221 266
345.185 506.218 266
345.682 502.049 266
348.605 499.59 266
350.683 496.539 266
350.232 491.814 266
354.758 490.382 266
355.068 486.203 266
357.876 483.626 266
358.962 479.972 266
361.725 477.346 266
361.884 473.166 266
363.731 470 266
364.679 466.325 266
368.215 464.105 266
368.224 459.93 266
369.072 456.239 266
372.545 453.934 266
373.332 450.222 266
374.978 446.957 266
375.696 443.239 266
378.183 440.384 266
377.024 435.809 266
378.544 432.512 266
380.948 429.609 266
384.248 427.076 266
382.93 422.544 266
383.41 418.814 266
386.636 416.211 266
387.054 412.465 266
386.502 408.364 266
389.656 405.686 266
390.912 402.28 266
392.139 398.864 266
394.281 395.762 266
394.503 391.999 266
393.737 387.933 266
395.793 384.793 266
395.91 381.042 266
396.951 377.582 266
398.924 374.389 266
400.87 371.171 266
401.825 367.669 266
401.781 363.908 266
400.732 359.914 266
403.534 356.88 266
403.389 353.13 266
404.187 349.606 266
404.953 346.075 266
406.669 342.738 266
406.394 338.995 266
407.068 335.446 266
409.68 332.238 266
408.322 328.33 266
407.915 324.607 266
408.464 321.045 266
410.961 317.757 266
411.45 314.168 266
412.899 310.698 266
413.326 307.093 266
411.732 303.275 266
412.094 299.68 266
413.421 296.17 266
411.727 292.404 266
412.992 288.879 266
414.226 285.335 266
415.43 281.772 266
415.604 278.146 266
415.747 274.518 266
414.858 270.863 266
413.937 267.225 266
414.984 263.622 266
414 260 266
414.984 256.378 266
414.937 252.757 266
416.857 249.084 266
415.747 245.482 266
415.604 241.854 266
415.43 238.228 266
414.226 234.665 266
413.989 231.051 266
415.715 227.283 266
416.409 223.569 266
416.076 219.936 266
414.716 216.412 266
414.319 212.794 266
415.877 208.937 266
414.424 205.44 266
412.942 201.965 266
415.387 197.92 266
413.841 194.454 266
413.254 190.845 266
412.634 187.241 266
411.984 183.643 266
410.32 180.242 266
409.609 176.664 266
409.844 172.885 266
409.068 169.312 266
0 260 266
0 260 266
0 260 266
0 260 266
0 260 266
0 260 266
0 260 266
69.9938 239.267 266
71.7229 238.072 266
71.5288 237.447 266
72.2803 236.515 266
0 260 266
0 260 266
38.6483 246.314 266
39.4671 245.635 266
36.5302 246.342 266
35.4761 246.382 266
35.3559 246.073 266
36.1602 245.39 266
34.1835 245.841 266
34.0587 245.543 266
33.9312 245.246 266
31.9741 245.764 266
33.6686 244.656 266
31.7208 245.208 266
32.4931 244.502 266
33.2554 243.78 266
32.2176 243.937 266
31.1852 244.11 266
31.0454 243.839 266
30.0202 244.038 266
29.001 244.254 266
29.7371 243.516 266
28.7217 243.75 266
28.5788 243.5 266
27.5721 243.759 266
28.2865 243.004 266
28.9898 242.235 266
28.8336 241.983 266
27.8319 242.269 266
27.6761 242.027 266
28.3521 241.234 266
27.3582 241.547 266
26.372 241.875 266
26.2129 241.646 266
26.0517 241.418 266
24.2705 242.366 266
24.1157 242.155 266
23.1604 242.547 266
34.9075 233.214 266
41.7646 227.37 266
32.8695 233.854 266
26.423 238.603 266
26.2352 238.373 266
22.9813 240.716 266
0 260 266
0 260 266
0 260 266
0 260 266
0 260 266
0 260 266
0 260 266
0 260 266
0 260 266
0 260 266
0 260 266
