-0 260 269
-0 260 269
-0 260 269
-0 260 269
-0 260 269
-0 260 269
-0 260 269
-0 260 269
-15.8489 246.223 269
-22.0518 241.166 269
-26.0455 238.145 269
-25.4636 239.009 269
-31.863 234.198 269
-42.2608 226.384 269
-40.9766 227.986 269
-26.974 239.302 269
-25.5563 240.742 269
-26.5273 240.371 269
-26.6976 240.603 269
-26.0517 241.418 269
-25.3937 242.219 269
-25.5479 242.441 269
-26.5292 242.106 269
-26.6843 242.338 269
-25.9988 243.116 269
-26.9885 242.806 269
-27.1375 243.043 269
-27.2845 243.28 269
-27.4294 243.519 269
-26.7105 244.266 269
-27.7128 244 269
-27.8514 244.242 269
-26.2386 245.456 269
-29.8798 243.777 269
-30.0202 244.038 269
-29.2714 244.762 269
-29.4032 245.018 269
-30.4278 244.829 269
-29.6602 245.534 269
-31.5905 244.932 269
-31.7208 245.208 269
-31.8486 245.486 269
-32.8876 245.357 269
-33.0142 245.645 269
-34.0587 245.543 269
-35.1074 245.458 269
-34.3058 246.14 269
-33.495 246.806 269
-36.4096 246.024 269
-38.4036 245.642 269
-39.4671 245.635 269
-0 260 269
-0 260 269
-0 260 269
-71.3292 236.824 269
-71.5288 237.447 269
-0 260 269
-71.9115 238.699 269
-0 260 269
-0 260 269
-0 260 269
-0 260 269
-0 260 269
-0 260 269
-0 260 269
-0 260 269
-0 260 269
-0 260 269
-0 260 269
-0 260 269
-0 260 269
-0 260 269
-670.64 153.781 269
-670.553 159.785 269
-672.392 165.502 269
-672.2 171.503 269
-671.954 177.495 269
-673.642 183.248 269
-674.286 189.13 269
-673.883 195.113 269
-674.424 200.996 269
-672.919 207.04 269
-674.353 212.845 269
-675.737 218.67 269
-675.074 224.621 269
-674.358 230.557 269
-675.588 236.408 269
-674.769 242.331 269
-673.897 248.237 269
-673.974 254.118 269
-673 260 269
-673.974 265.882 269
-673.897 271.763 269
-672.769 277.617 269
-672.59 283.487 269
-672.359 289.356 269
-670.08 295.118 269
-669.748 300.964 269
-670.363 306.876 269
-666.938 312.489 269
-668.447 318.482 269
-666.915 324.217 269
-665.335 329.93 269
-664.7 335.733 269
-663.021 341.409 269
-663.277 347.322 269
-661.499 352.968 269
-659.674 358.589 269
-657.8 364.185 269
-656.866 369.922 269
-655.882 375.65 269
-654.848 381.369 269
-652.782 386.888 269
-651.65 392.58 269
-648.512 397.846 269
-646.308 403.283 269
-645.033 408.918 269
-643.709 414.541 269
-641.365 419.91 269
-640.914 425.752 269
-637.511 430.821 269
-635.996 436.377 269
-633.471 441.645 269
-630.903 446.882 269
-628.292 452.088 269
-625.638 457.263 269
-623.893 462.715 269
-621.152 467.835 269
-618.369 472.922 269
-615.545 477.976 269
-612.68 482.997 269
-610.71 488.335 269
-607.761 493.298 269
-604.771 498.226 269
-601.742 503.12 269
-598.674 507.979 269
-596.487 513.194 269
-593.338 517.991 269
-590.15 522.752 269
-586.015 527.063 269
-584.568 532.589 269
-580.362 536.819 269
-577.925 541.873 269
-573.653 546.013 269
-571.135 551.008 269
-567.687 555.519 269
-565.086 560.462 269
-561.564 564.905 269
-558.007 569.309 269
-554.417 573.674 269
-550.792 578 269
-547.134 582.287 269
-544.301 587.049 269
-540.574 591.264 269
-536.814 595.439 269
-533.023 599.573 269
-529.201 603.667 269
-526.182 608.272 269
-521.465 611.732 269
-515.903 614.57 269
-513.608 619.632 269
-508.822 622.939 269
-505.636 627.366 269
-501.607 631.169 269
-497.55 634.931 269
-493.466 638.65 269
-489.355 642.326 269
-484.434 645.337 269
-0 260 269
-0 260 269
-0 260 269
-0 260 269
-0 260 269
-0 260 269
-0 260 269
-0 260 269
-0 260 269
-0 260 269
-0 260 269
-0 260 269
-0 260 269
-0 260 269
-0 260 269
-0 260 269
-0 260 269
-0 260 269
-0 260 269
-0 260 269
-0 260 269
-0 260 269
-0 260 269
-0 260 269
-0 260 269
-0 260 269
-0 260 269
-0 260 269
-0 260 269
-0 260 269
-0 260 269
-0 260 269
-0 260 269
-0 260 269
-0 260 269
-0 260 269
-0 260 269
-0 260 269
-0 260 269
-0 260 269
-0 260 269
-0 260 269
-0 260 269
-0 260 269
-0 260 269
-0 260 269
-0 260 269
-0 260 269
-0 260 269
-0 260 269
-0 260 269
-0 260 269
-0 260 269
-0 260 269
-0 260 269
-0 260 269
-0 260 269
-0 260 269
-0 260 269
-0 260 269
-0 260 269
-0 260 269
-0 260 269
-0 260 269
-0 260 269
-0 260 269
-0 260 269
-0 260 269
-0 260 269
-0 260 269
-0 260 269
-0 260 269
-0 260 269
-0 260 269
-0 260 269
-0 260 269
-0 260 269
-0 260 269
-0 260 269
-0 260 269
-0 260 269
-0 260 269
-0 260 269
-0 260 269
-0 260 269
-0 260 269
-0 260 269
-0 260 269
-0 260 269
-0 260 269
-0 260 269
-0 260 269
-0 260 269
-0 260 269
-0 260 269
-0 260 269
-0 260 269
-0 260 269
-0 260 269
-0 260 269
-0 260 269
-0 260 269
0 260 269
0 260 269
0 260 269
0 260 269
0 260 269
0 260 269
0 260 269
0 260 269
0 260 269
0 260 269
0 260 269
0 260 269
0 260 269
0 260 269
0 260 269
0 260 269
0 260 269
0 260 269
0 260 269
0 260 269
0 260 269
0 260 269
0 260 269
0 260 269
0 260 269
0 260 269
0 260 269
0 260 269
0 260 269
0 260 269
0 260 269
0 260 269
0 260 269
0 260 269
0 260 269
0 260 269
0 260 269
0 260 269
0 260 269
0 260 269
0 260 269
0 260 269
0 260 269
0 260 269
0 260 269
0 260 269
0 260 269
0 260 269
0 260 269
0 260 269
0 260 269
0 260 269
0 260 269
0 260 269
0 260 269
0 260 269
0 260 269
0 260 269
0 260 269
0 260 269
0 260 269
0 260 269
230.222 643.154 269
233.557 641.13 269
236.874 639.077 269
239.636 636.153 269
242.909 634.047 269
245.612 631.079 269
248.282 628.093 269
251.484 625.912 269
254.094 622.884 269
256.09 619.025 269
259.801 617.585 269
262.912 615.305 269
263.595 609.802 269
267.855 609.075 269
270.275 605.937 269
272.661 602.782 269
275.642 600.39 269
277.33 596.428 269
280.898 594.761 269
283.159 591.537 269
286.042 589.053 269
288.902 586.545 269
291.072 583.268 269
293.206 579.978 269
295.305 576.676 269
298.746 574.812 269
299.398 570.035 269
303.494 568.837 269
304.763 564.763 269
306.698 561.391 269
308.597 558.008 269
311.911 555.992 269
313.751 552.577 269
315.555 549.153 269
318.066 546.388 269
319.804 542.939 269
320.752 538.825 269
323.933 536.665 269
326.335 533.828 269
328.712 530.969 269
331.064 528.09 269
332.608 524.569 269
334.117 521.04 269
335.588 517.506 269
337.024 513.966 269
340.835 512.205 269
342.214 508.633 269
343.557 505.057 269
346.501 502.623 269
348.605 499.59 269
349.025 495.42 269
351.066 492.365 269
353.08 489.293 269
354.224 485.666 269
357.028 483.096 269
358.962 479.972 269
360.01 476.316 269
361.023 472.659 269
361.999 469 269
364.679 466.325 269
367.34 463.62 269
366.467 458.975 269
369.072 456.239 269
370.771 453.011 269
373.332 450.222 269
373.188 446.064 269
373.898 442.362 269
375.475 439.093 269
377.024 435.809 269
377.634 432.098 269
381.862 430.016 269
381.497 425.88 269
384.771 423.326 269
385.258 419.579 269
385.708 415.836 269
387.054 412.465 269
389.303 409.439 269
387.782 404.986 269
389.033 401.596 269
390.254 398.196 269
392.39 395.111 269
394.503 391.999 269
394.688 388.242 269
394.839 384.492 269
394.954 380.75 269
396.951 377.582 269
397.962 374.114 269
397.979 370.369 269
399.893 367.151 269
401.781 363.908 269
402.673 360.398 269
400.616 356.179 269
402.415 352.905 269
405.163 349.822 269
404.953 346.075 269
403.729 342.14 269
406.394 338.995 269
406.084 335.263 269
405.741 331.543 269
407.336 328.165 269
407.915 324.607 269
409.453 321.193 269
408.981 317.478 269
410.458 314.038 269
410.914 310.454 269
413.326 307.093 269
410.738 303.17 269
411.099 299.584 269
411.428 295.995 269
413.721 292.561 269
411.994 288.809 269
414.226 285.335 269
413.433 281.667 269
414.605 278.102 269
414.747 274.483 269
415.857 270.89 269
414.937 267.243 269
414.984 263.622 269
417 260 269
413.984 256.387 269
415.937 252.74 269
416.857 249.084 269
415.747 245.482 269
415.604 241.854 269
415.43 238.228 269
417.22 234.482 269
415.984 230.912 269
415.715 227.283 269
415.413 223.656 269
416.076 219.936 269
414.716 216.412 269
415.313 212.681 269
414.884 209.059 269
414.424 205.44 269
412.942 201.965 269
414.398 198.068 269
413.841 194.454 269
414.24 190.68 269
412.634 187.241 269
411.001 183.826 269
410.32 180.242 269
411.568 176.265 269
409.844 172.885 269
409.068 169.312 269
0 260 269
0 260 269
0 260 269
0 260 269
0 260 269
0 260 269
0 260 269
0 260 269
71.7229 238.072 269
70.5751 237.748 269
0 260 269
0 260 269
42.5483 245.349 269
38.6483 246.314 269
37.5877 246.319 269
36.5302 246.342 269
35.4761 246.382 269
34.4255 246.439 269
36.1602 245.39 269
35.1074 245.458 269
34.0587 245.543 269
33.0142 245.645 269
31.9741 245.764 269
32.7586 245.071 269
32.6271 244.786 269
33.3957 244.071 269
34.1542 243.342 269
32.2176 243.937 269
31.1852 244.11 269
31.0454 243.839 269
30.0202 244.038 269
28.1221 244.731 269
29.7371 243.516 269
27.8514 244.242 269
28.5788 243.5 269
28.4338 243.251 269
28.2865 243.004 269
28.9898 242.235 269
28.8336 241.983 269
26.9885 242.806 269
28.5148 241.482 269
28.3521 241.234 269
27.3582 241.547 269
27.1962 241.309 269
27.032 241.072 269
25.2376 241.998 269
25.0795 241.779 269
24.1157 242.155 269
23.9591 241.946 269
34.1142 233.823 269
40.9766 227.986 269
33.6522 233.232 269
26.423 238.603 269
26.2352 238.373 269
22.2153 241.359 269
0 260 269
0 260 269
0 260 269
0 260 269
0 260 269
0 260 269
0 260 269
0 260 269
0 260 269
0 260 269
0 260 269
