-0 260 13
-0 260 13
-0 260 13
-0 260 13
-0 260 13
-0 260 13
-0 260 13
-0 260 13
-15.8489 246.223 13
-22.8122 240.517 13
-27.5776 236.86 13
-27.0069 237.737 13
-34.9716 231.681 13
-43.0435 225.762 13
-40.1886 228.601 13
-27.7674 238.693 13
-26.355 240.14 13
-27.3311 239.776 13
-27.5066 240.015 13
-27.6799 240.256 13
-25.3937 242.219 13
-25.5479 242.441 13
-25.7002 242.665 13
-26.6843 242.338 13
-26.8375 242.572 13
-26.9885 242.806 13
-27.9856 242.513 13
-27.2845 243.28 13
-27.4294 243.519 13
-27.5721 243.759 13
-27.7128 244 13
-27.8514 244.242 13
-28.8625 244.001 13
-29.001 244.254 13
-29.1373 244.507 13
-30.1584 244.301 13
-30.2942 244.564 13
-30.4278 244.829 13
-31.4578 244.657 13
-30.6879 245.363 13
-31.7208 245.208 13
-31.8486 245.486 13
-31.9741 245.764 13
-33.9312 245.246 13
-34.0587 245.543 13
-34.1835 245.841 13
-34.3058 246.14 13
-34.4255 246.439 13
-35.4761 246.382 13
-38.4036 245.642 13
-39.4671 245.635 13
-0 260 13
-0 260 13
-0 260 13
-72.2803 236.515 13
-72.4825 237.146 13
-70.7666 238.365 13
-0 260 13
-0 260 13
-0 260 13
-0 260 13
-0 260 13
-0 260 13
-0 260 13
-0 260 13
-0 260 13
-0 260 13
-0 260 13
-0 260 13
-0 260 13
-0 260 13
-0 260 13
-911.636 115.611 13
-877.257 128.893 13
-871.436 137.528 13
-869.497 145.529 13
-870.463 153.121 13
-878.318 159.928 13
-882.141 167.283 13
-882.916 174.985 13
-873.663 183.565 13
-873.3 191.27 13
-870.873 199.103 13
-871.372 206.705 13
-859.82 214.939 13
-858.182 222.531 13
-855.479 230.126 13
-857.706 237.54 13
-859.869 244.991 13
-860.967 252.487 13
-868 260 13
-871.967 267.61 13
-877.866 275.323 13
-889.695 283.298 13
-1064.35 297.168 13
-1137.92 309.683 13
-1161.41 320.867 13
-1176.8 331.976 13
-1186.1 342.941 13
-1136.82 742.553 13
-1124.32 748.867 13
-1121.07 770.902 13
-1109.32 777.285 13
-0 260 13
-0 260 13
-0 260 13
-0 260 13
-0 260 13
-0 260 13
-0 260 13
-0 260 13
-0 260 13
-0 260 13
-0 260 13
-0 260 13
-0 260 13
-0 260 13
-0 260 13
-0 260 13
-0 260 13
-0 260 13
-0 260 13
-0 260 13
-0 260 13
-0 260 13
-0 260 13
-0 260 13
-0 260 13
-0 260 13
-0 260 13
-0 260 13
-0 260 13
-0 260 13
-0 260 13
-0 260 13
-0 260 13
-0 260 13
-0 260 13
-0 260 13
-0 260 13
-0 260 13
-0 260 13
-0 260 13
-0 260 13
-0 260 13
-0 260 13
-0 260 13
-0 260 13
-0 260 13
-0 260 13
-0 260 13
-0 260 13
-0 260 13
-0 260 13
-0 260 13
-0 260 13
-0 260 13
-0 260 13
-0 260 13
-0 260 13
-0 260 13
-0 260 13
-0 260 13
-0 260 13
-0 260 13
-0 260 13
-0 260 13
-0 260 13
-0 260 13
-0 260 13
-0 260 13
-0 260 13
-0 260 13
-0 260 13
-0 260 13
-0 260 13
-0 260 13
-0 260 13
-0 260 13
-0 260 13
-0 260 13
-0 260 13
-0 260 13
-0 260 13
-0 260 13
-0 260 13
-0 260 13
-0 260 13
-0 260 13
-0 260 13
-0 260 13
-0 260 13
-0 260 13
-0 260 13
-0 260 13
-0 260 13
-0 260 13
-0 260 13
-0 260 13
-0 260 13
-0 260 13
-0 260 13
-0 260 13
-0 260 13
-0 260 13
-0 260 13
-0 260 13
-0 260 13
-0 260 13
-0 260 13
-0 260 13
-0 260 13
-0 260 13
-0 260 13
-0 260 13
-0 260 13
-0 260 13
-0 260 13
-0 260 13
-0 260 13
-0 260 13
-0 260 13
-0 260 13
-0 260 13
-0 260 13
-0 260 13
-0 260 13
0 260 13
0 260 13
0 260 13
0 260 13
0 260 13
0 260 13
0 260 13
0 260 13
0 260 13
0 260 13
0 260 13
0 260 13
0 260 13
0 260 13
0 260 13
0 260 13
0 260 13
0 260 13
0 260 13
0 260 13
0 260 13
0 260 13
0 260 13
0 260 13
0 260 13
0 260 13
0 260 13
0 260 13
0 260 13
0 260 13
0 260 13
0 260 13
0 260 13
0 260 13
0 260 13
0 260 13
0 260 13
0 260 13
0 260 13
0 260 13
0 260 13
0 260 13
0 260 13
0 260 13
0 260 13
0 260 13
0 260 13
0 260 13
0 260 13
0 260 13
0 260 13
0 260 13
0 260 13
0 260 13
0 260 13
0 260 13
0 260 13
0 260 13
0 260 13
0 260 13
0 260 13
0 260 13
0 260 13
0 260 13
0 260 13
0 260 13
0 260 13
0 260 13
0 260 13
0 260 13
0 260 13
0 260 13
0 260 13
0 260 13
0 260 13
0 260 13
0 260 13
0 260 13
0 260 13
0 260 13
0 260 13
0 260 13
0 260 13
0 260 13
0 260 13
0 260 13
0 260 13
0 260 13
0 260 13
0 260 13
0 260 13
0 260 13
0 260 13
0 260 13
0 260 13
0 260 13
0 260 13
0 260 13
0 260 13
0 260 13
0 260 13
0 260 13
0 260 13
0 260 13
0 260 13
0 260 13
0 260 13
0 260 13
0 260 13
0 260 13
0 260 13
0 260 13
0 260 13
0 260 13
0 260 13
0 260 13
0 260 13
0 260 13
0 260 13
0 260 13
0 260 13
0 260 13
0 260 13
0 260 13
0 260 13
0 260 13
0 260 13
0 260 13
0 260 13
0 260 13
0 260 13
0 260 13
0 260 13
0 260 13
0 260 13
0 260 13
0 260 13
0 260 13
0 260 13
0 260 13
0 260 13
0 260 13
0 260 13
0 260 13
0 260 13
0 260 13
0 260 13
0 260 13
0 260 13
0 260 13
0 260 13
650.595 428.255 13
630.692 417.249 13
605.786 405.436 13
585.596 395.196 13
604.327 393.976 13
594.714 386.41 13
585.995 379.222 13
590.94 374.867 13
597.819 370.799 13
587.93 363.668 13
581.909 357.378 13
568.908 350.106 13
566.706 344.695 13
577.326 341.138 13
591.893 337.924 13
614.386 335.437 13
591.175 327.356 13
594.724 322.508 13
613.164 319.041 13
555.877 308.633 13
549.301 303.231 13
549.658 298.436 13
561.95 294.37 13
575.211 290.146 13
551.475 284.078 13
573.65 280.032 13
572.804 274.999 13
566.914 269.896 13
573.978 265.009 13
579 260 13
561.979 255.096 13
555.915 250.296 13
556.809 245.419 13
569.653 240.107 13
599.429 233.828 13
579.205 229.645 13
574.926 224.836 13
564.621 220.518 13
0 260 13
0 260 13
1181.77 51.6222 13
1135.66 49.518 13
1068.99 52.209 13
1025.98 51.2618 13
1016.3 43.9798 13
1026.09 32.522 13
0 260 13
0 260 13
0 260 13
0 260 13
0 260 13
0 260 13
0 260 13
0 260 13
71.7229 238.072 13
71.5288 237.447 13
74.1824 235.897 13
0 260 13
0 260 13
38.6483 246.314 13
38.5274 245.977 13
37.4669 245.992 13
36.4096 246.024 13
37.2167 245.34 13
36.1602 245.39 13
35.1074 245.458 13
34.9792 245.152 13
33.0142 245.645 13
32.8876 245.357 13
31.8486 245.486 13
32.6271 244.786 13
34.2982 243.641 13
33.2554 243.78 13
33.1126 243.491 13
32.0762 243.656 13
31.0454 243.839 13
30.9032 243.568 13
29.8798 243.777 13
30.6117 243.032 13
29.5921 243.258 13
28.5788 243.5 13
29.2954 242.744 13
29.1437 242.489 13
29.8424 241.713 13
28.8336 241.983 13
28.6753 241.732 13
28.5148 241.482 13
28.3521 241.234 13
27.3582 241.547 13
27.1962 241.309 13
26.2129 241.646 13
26.0517 241.418 13
25.0795 241.779 13
24.9196 241.56 13
24.7577 241.344 13
35.7009 232.606 13
41.7646 227.37 13
34.4348 232.609 13
27.2001 237.974 13
27.0069 237.737 13
23.7474 240.074 13
0 260 13
0 260 13
0 260 13
0 260 13
0 260 13
0 260 13
0 260 13
0 260 13
0 260 13
0 260 13
0 260 13
