-0 260 288
-0 260 288
-0 260 288
-0 260 288
-0 260 288
-0 260 288
-0 260 288
-0 260 288
-16.6036 245.567 288
-23.5726 239.867 288
-26.8116 237.502 288
-27.0069 237.737 288
-33.4173 232.939 288
-43.8261 225.139 288
-40.9766 227.986 288
-27.7674 238.693 288
-26.355 240.14 288
-26.5273 240.371 288
-26.6976 240.603 288
-26.8658 240.837 288
-27.032 241.072 288
-26.372 241.875 288
-26.5292 242.106 288
-25.8505 242.89 288
-27.6761 242.027 288
-26.1451 243.344 288
-27.1375 243.043 288
-28.1371 242.758 288
-28.2865 243.004 288
-26.7105 244.266 288
-28.5788 243.5 288
-27.8514 244.242 288
-27.9878 244.486 288
-29.001 244.254 288
-29.1373 244.507 288
-31.0454 243.839 288
-30.2942 244.564 288
-30.4278 244.829 288
-30.559 245.095 288
-30.6879 245.363 288
-31.7208 245.208 288
-31.8486 245.486 288
-32.8876 245.357 288
-33.9312 245.246 288
-34.9792 245.152 288
-34.1835 245.841 288
-34.3058 246.14 288
-35.3559 246.073 288
-36.4096 246.024 288
-37.4669 245.992 288
-38.5274 245.977 288
-42.4189 244.979 288
-0 260 288
-0 260 288
-71.3292 236.824 288
-69.6213 238.048 288
-0 260 288
-0 260 288
-0 260 288
-0 260 288
-0 260 288
-0 260 288
-0 260 288
-0 260 288
-0 260 288
-0 260 288
-0 260 288
-0 260 288
-0 260 288
-0 260 288
-0 260 288
-0 260 288
-1029.17 96.9955 288
-1010.77 108.939 288
-999.181 119.574 288
-0 260 288
-0 260 288
-0 260 288
-0 260 288
-0 260 288
-0 260 288
-0 260 288
-0 260 288
-0 260 288
-0 260 288
-0 260 288
-0 260 288
-0 260 288
-0 260 288
-0 260 288
-0 260 288
-0 260 288
-0 260 288
-0 260 288
-0 260 288
-0 260 288
-0 260 288
-0 260 288
-0 260 288
-0 260 288
-0 260 288
-0 260 288
-0 260 288
-0 260 288
-0 260 288
-0 260 288
-0 260 288
-0 260 288
-0 260 288
-0 260 288
-0 260 288
-0 260 288
-0 260 288
-0 260 288
-0 260 288
-0 260 288
-0 260 288
-0 260 288
-0 260 288
-0 260 288
-0 260 288
-0 260 288
-0 260 288
-0 260 288
-0 260 288
-0 260 288
-0 260 288
-0 260 288
-0 260 288
-0 260 288
-0 260 288
-0 260 288
-0 260 288
-0 260 288
-0 260 288
-0 260 288
-0 260 288
-0 260 288
-0 260 288
-0 260 288
-0 260 288
-0 260 288
-0 260 288
-0 260 288
-0 260 288
-0 260 288
-0 260 288
-0 260 288
-0 260 288
-0 260 288
-0 260 288
-0 260 288
-0 260 288
-0 260 288
-0 260 288
-0 260 288
-0 260 288
-0 260 288
-0 260 288
-0 260 288
-0 260 288
-0 260 288
-0 260 288
-0 260 288
-0 260 288
-0 260 288
-0 260 288
-0 260 288
-0 260 288
-0 260 288
-0 260 288
-0 260 288
-0 260 288
-0 260 288
-0 260 288
-0 260 288
-0 260 288
-0 260 288
-0 260 288
-0 260 288
-0 260 288
-0 260 288
-0 260 288
-0 260 288
-0 260 288
-0 260 288
-0 260 288
-0 260 288
-0 260 288
-0 260 288
-0 260 288
-0 260 288
-0 260 288
-0 260 288
-0 260 288
-0 260 288
-0 260 288
-0 260 288
-0 260 288
-0 260 288
-0 260 288
-0 260 288
-0 260 288
-0 260 288
-0 260 288
-0 260 288
-0 260 288
-0 260 288
-0 260 288
-0 260 288
-0 260 288
-0 260 288
-0 260 288
-0 260 288
-0 260 288
-0 260 288
-0 260 288
-0 260 288
-0 260 288
-0 260 288
-0 260 288
-0 260 288
-0 260 288
-0 260 288
-0 260 288
-0 260 288
-0 260 288
-0 260 288
-0 260 288
-0 260 288
-0 260 288
-0 260 288
-0 260 288
-0 260 288
-0 260 288
-0 260 288
-0 260 288
-0 260 288
-0 260 288
-0 260 288
-0 260 288
-0 260 288
-0 260 288
-0 260 288
-0 260 288
-0 260 288
-0 260 288
-0 260 288
-0 260 288
-0 260 288
-0 260 288
-0 260 288
-0 260 288
-0 260 288
-0 260 288
-0 260 288
-0 260 288
0 260 288
0 260 288
0 260 288
0 260 288
0 260 288
0 260 288
0 260 288
0 260 288
0 260 288
0 260 288
0 260 288
0 260 288
0 260 288
0 260 288
0 260 288
0 260 288
0 260 288
0 260 288
0 260 288
0 260 288
0 260 288
0 260 288
0 260 288
0 260 288
0 260 288
0 260 288
0 260 288
0 260 288
0 260 288
0 260 288
0 260 288
0 260 288
0 260 288
0 260 288
0 260 288
0 260 288
0 260 288
0 260 288
0 260 288
0 260 288
0 260 288
0 260 288
0 260 288
0 260 288
0 260 288
0 260 288
0 260 288
0 260 288
0 260 288
0 260 288
0 260 288
0 260 288
0 260 288
0 260 288
0 260 288
0 260 288
0 260 288
0 260 288
0 260 288
0 260 288
0 260 288
0 260 288
0 260 288
0 260 288
0 260 288
0 260 288
0 260 288
0 260 288
0 260 288
0 260 288
0 260 288
0 260 288
0 260 288
0 260 288
0 260 288
0 260 288
0 260 288
0 260 288
0 260 288
0 260 288
0 260 288
0 260 288
0 260 288
0 260 288
0 260 288
0 260 288
0 260 288
0 260 288
0 260 288
0 260 288
0 260 288
0 260 288
0 260 288
0 260 288
0 260 288
0 260 288
0 260 288
0 260 288
0 260 288
0 260 288
0 260 288
0 260 288
0 260 288
0 260 288
0 260 288
0 260 288
0 260 288
0 260 288
0 260 288
0 260 288
0 260 288
0 260 288
0 260 288
0 260 288
0 260 288
0 260 288
0 260 288
0 260 288
0 260 288
0 260 288
0 260 288
0 260 288
0 260 288
0 260 288
0 260 288
0 260 288
0 260 288
0 260 288
0 260 288
0 260 288
0 260 288
0 260 288
0 260 288
0 260 288
0 260 288
0 260 288
0 260 288
0 260 288
0 260 288
0 260 288
0 260 288
0 260 288
0 260 288
0 260 288
0 260 288
0 260 288
0 260 288
0 260 288
0 260 288
0 260 288
0 260 288
0 260 288
0 260 288
0 260 288
0 260 288
0 260 288
0 260 288
0 260 288
0 260 288
0 260 288
0 260 288
0 260 288
0 260 288
0 260 288
0 260 288
0 260 288
0 260 288
0 260 288
0 260 288
0 260 288
0 260 288
0 260 288
0 260 288
712.668 303.589 288
715.019 297.473 288
716.318 291.275 288
720.561 285.163 288
722.752 278.926 288
721.89 272.601 288
721.973 266.301 288
718 260 288
730.972 253.621 288
697.894 247.818 288
696.761 241.755 288
701.572 235.501 288
706.327 229.161 288
716.017 222.475 288
711.67 216.472 288
718.246 209.775 288
722.765 203.117 288
719.253 197.074 288
738.584 188.882 288
727.99 183.485 288
723.32 177.588 288
726.544 170.792 288
1162.04 13.0009 288
1112 13.4753 288
0 260 288
0 260 288
0 260 288
0 260 288
0 260 288
0 260 288
0 260 288
0 260 288
70.7666 238.364 288
71.5288 237.447 288
74.1824 235.897 288
0 260 288
42.5483 245.349 288
39.5909 245.98 288
37.5877 246.319 288
37.4669 245.992 288
35.4761 246.382 288
35.3559 246.073 288
35.233 245.765 288
34.1835 245.841 288
34.0587 245.543 288
33.0142 245.645 288
32.8876 245.357 288
32.7586 245.071 288
33.5334 244.363 288
33.3957 244.071 288
32.3566 244.219 288
32.2176 243.937 288
31.1852 244.11 288
31.0454 243.839 288
30.9032 243.568 288
30.7586 243.299 288
28.8625 244.001 288
28.7217 243.75 288
28.5788 243.5 288
28.4338 243.251 288
29.1437 242.489 288
28.9898 242.235 288
29.6817 241.453 288
27.8319 242.269 288
28.5148 241.482 288
28.3521 241.234 288
26.5292 242.106 288
27.1962 241.309 288
25.3937 242.219 288
25.2376 241.998 288
25.0795 241.779 288
24.9196 241.56 288
24.7577 241.344 288
34.1142 233.823 288
39.4005 229.217 288
34.4348 232.609 288
25.6458 239.232 288
24.692 239.645 288
22.9813 240.716 288
0 260 288
0 260 288
0 260 288
0 260 288
0 260 288
0 260 288
0 260 288
0 260 288
0 260 288
0 260 288
0 260 288
