-0 260 225
-0 260 225
-0 260 225
-0 260 225
-0 260 225
-0 260 225
-0 260 225
-0 260 225
-15.8489 246.223 225
-22.0518 241.166 225
-26.8116 237.502 225
-27.0069 237.737 225
-34.1944 232.31 225
-43.0435 225.762 225
-41.7646 227.37 225
-27.7674 238.693 225
-25.5563 240.742 225
-26.5273 240.371 225
-26.6976 240.603 225
-26.8658 240.837 225
-25.3937 242.219 225
-26.372 241.875 225
-26.5292 242.106 225
-26.6843 242.338 225
-26.8375 242.572 225
-27.8319 242.269 225
-27.1375 243.043 225
-27.2845 243.28 225
-26.5722 244.034 225
-28.4338 243.251 225
-28.5788 243.5 225
-26.981 244.735 225
-27.9878 244.486 225
-29.001 244.254 225
-30.0202 244.038 225
-31.0454 243.839 225
-31.1852 244.11 225
-30.4278 244.829 225
-31.4578 244.657 225
-32.4931 244.502 225
-31.7208 245.208 225
-31.8486 245.486 225
-31.9741 245.764 225
-33.0142 245.645 225
-34.0587 245.543 225
-34.1835 245.841 225
-34.3058 246.14 225
-35.3559 246.073 225
-37.3432 245.665 225
-36.5302 246.342 225
-38.5274 245.977 225
-42.4189 244.979 225
-0 260 225
-0 260 225
-71.3292 236.824 225
-71.5288 237.447 225
-0 260 225
-72.8703 238.415 225
-0 260 225
-0 260 225
-0 260 225
-0 260 225
-0 260 225
-0 260 225
-0 260 225
-0 260 225
-0 260 225
-0 260 225
-0 260 225
-0 260 225
-0 260 225
-0 260 225
-721.013 145.803 225
-720.993 152.247 225
-722.896 158.404 225
-722.763 164.847 225
-722.574 171.279 225
-723.32 177.588 225
-724.012 183.903 225
-724.648 190.224 225
-726.226 196.464 225
-724.759 202.96 225
-725.229 209.287 225
-725.644 215.618 225
-725.005 222.004 225
-725.309 228.332 225
-724.558 234.698 225
-724.752 241.022 225
-723.89 247.365 225
-724.972 253.673 225
-724 260 225
-722.972 266.309 225
-723.89 272.636 225
-722.752 278.926 225
-721.56 285.198 225
-721.313 291.493 225
-721.011 297.787 225
-719.655 304.016 225
-719.244 310.295 225
-717.78 316.491 225
-716.264 322.665 225
-715.69 328.913 225
-715.061 335.156 225
-713.385 341.28 225
-711.656 347.38 225
-710.866 353.587 225
-708.042 359.509 225
-707.146 365.684 225
-706.197 371.851 225
-705.194 378.009 225
-703.153 383.985 225
-701.061 389.934 225
-698.919 395.856 225
-696.726 401.751 225
-696.441 408.033 225
-692.194 413.456 225
-689.854 419.265 225
-688.438 425.279 225
-686.969 431.281 225
-683.512 436.768 225
-681.944 442.726 225
-678.396 448.136 225
-676.728 454.049 225
-674.05 459.663 225
-671.326 465.245 225
-668.556 470.795 225
-666.691 476.621 225
-662.878 481.796 225
-659.026 486.921 225
-655.136 491.996 225
-654.026 498.046 225
-650.987 503.394 225
-647.905 508.707 225
-643.849 513.619 225
-641.611 519.228 225
-638.401 524.434 225
-634.228 529.214 225
-631.854 534.738 225
-627.606 539.428 225
-624.233 544.48 225
-619.914 549.071 225
-617.368 554.47 225
-613.876 559.408 225
-610.345 564.307 225
-605.884 568.714 225
-603.167 573.989 225
-598.638 578.302 225
-594.959 583.037 225
-591.243 587.731 225
-587.49 592.386 225
-583.701 597 225
-579.015 601.066 225
-575.159 605.591 225
-571.269 610.074 225
-567.344 614.516 225
-562.542 618.379 225
-559.393 623.274 225
-555.368 627.59 225
-550.481 631.304 225
-546.396 635.527 225
-541.459 639.134 225
-537.316 643.264 225
-533.142 647.351 225
-528.938 651.393 225
-524.703 655.393 225
-519.646 658.739 225
-514.571 662.027 225
-510.26 665.88 225
-505.922 669.688 225
-500.784 672.815 225
-495.631 675.884 225
-491.983 680.193 225
-487.542 683.814 225
-482.327 686.727 225
-478.585 690.92 225
-473.332 693.729 225
-468.066 696.479 225
-462.063 698.482 225
-458.219 702.497 225
-452.201 704.377 225
-448.306 708.306 225
-442.975 710.774 225
-439.024 714.623 225
-434.352 717.711 225
-427.613 718.559 225
-422.919 721.536 225
-417.537 723.722 225
-414.137 728.097 225
-408.725 730.184 225
-403.307 732.212 225
-398.528 734.948 225
-393.732 737.636 225
-387.661 738.722 225
-383.469 742.087 225
-377.4 743.051 225
-372.562 745.532 225
-367.107 747.168 225
-362.842 750.353 225
-357.961 752.691 225
-351.325 752.54 225
-347.014 755.587 225
-341.543 756.948 225
-336.075 758.252 225
-330.61 759.498 225
-325.149 760.686 225
-320.768 763.505 225
-315.302 764.589 225
-310.364 766.468 225
-302.327 763.157 225
-285.744 745.097 225
-277 739.778 225
-270.34 737.825 225
-266.16 740.166 225
-273.412 763.562 225
-273.232 773.876 225
-267.352 773.579 225
-262.86 775.893 225
-257.902 777.272 225
-252.063 776.807 225
-247.113 778.084 225
-241.738 778.408 225
-236.79 779.588 225
-231.433 779.807 225
-225.692 779.056 225
-221.154 781.006 225
-215.833 781.068 225
-210.903 782.005 225
-205.607 781.964 225
-200.328 781.871 225
-195.416 782.663 225
-190.163 782.469 225
-184.929 782.223 225
-180.039 782.872 225
-174.835 782.526 225
-169.959 783.081 225
-165.087 783.591 225
-159.927 783.099 225
-154.788 782.557 225
-149.671 781.965 225
-144.843 782.288 225
-139.762 781.6 225
-134.955 781.832 225
-129.912 781.049 225
-125.127 781.19 225
-120.349 781.288 225
-115.362 780.366 225
-110.401 779.396 225
-105.466 778.38 225
-100.747 778.299 225
-96.0381 778.175 225
-91.3389 778.009 225
-86.3199 775.827 225
-81.6587 775.573 225
-77.0087 775.277 225
-72.0916 772.959 225
-67.482 772.577 225
-62.7627 771.161 225
-58.1864 770.696 225
-53.6231 770.19 225
-49.073 769.643 225
-44.4494 768.059 225
-39.8572 766.434 225
-35.2967 764.767 225
-30.7684 763.06 225
-26.3773 763.309 225
-21.8969 761.522 225
-17.4497 759.695 225
-13.0884 759.829 225
-8.70871 758.924 225
-4.32832 755.981 225
3.73715e-05 755 225
4.31095 753.981 225
8.58662 751.925 225
12.8267 749.832 225
17.0659 748.702 225
21.2863 747.536 225
25.4353 745.334 225
29.6086 744.095 225
33.5529 739.828 225
37.8958 741.511 225
41.8348 738.173 225
45.9101 736.795 225
49.9646 735.381 225
53.998 733.934 225
58.0098 732.452 225
61.8694 729.945 225
65.5506 726.416 225
69.7661 726.815 225
73.0549 721.25 225
77.2423 721.582 225
81.2674 720.89 225
84.9218 718.197 225
88.7262 716.457 225
92.3074 713.705 225
95.8473 710.926 225
99.5623 709.096 225
103.028 706.261 225
106.918 705.345 225
110.8 704.395 225
114.173 701.475 225
117.504 698.53 225
121.059 696.525 225
124.588 694.49 225
127.807 691.469 225
130.983 688.425 225
134.716 687.265 225
138.131 685.122 225
141.518 682.952 225
144.227 678.865 225
147.876 677.59 225
151.515 676.284 225
154.441 673.072 225
157.324 669.842 225
161.261 669.384 225
164.078 666.107 225
167.233 663.735 225
170.359 661.34 225
173.456 658.921 225
176.524 656.479 225
179.562 654.013 225
181.726 649.712 225
185.12 648.112 225
188.5 646.481 225
190.08 641.242 225
194.308 641.351 225
197.167 638.754 225
199.995 636.136 225
201.838 631.74 225
205.074 629.964 225
207.31 626.42 225
210 623.731 225
212.151 620.161 225
215.801 619.153 225
219.449 618.109 225
221.506 614.484 225
222.979 610.007 225
226.57 608.887 225
229.606 606.896 225
230.947 602.393 225
232.793 598.716 225
236.314 597.491 225
238.669 594.601 225
241.58 592.506 225
243.877 589.581 225
244.939 585.045 225
247.766 582.895 225
249.343 579.144 225
253.986 579.304 225
253.616 573.19 225
257.612 572.508 225
259.043 568.716 225
262.377 567.204 225
263.736 563.393 225
265.711 560.331 225
267.652 557.258 225
269.561 554.174 225
272.799 552.541 225
273.277 547.974 225
276.474 546.297 225
278.261 543.16 225
279.307 539.307 225
281.021 536.158 225
283.42 533.695 225
285.072 530.523 225
287.422 528.025 225
287.538 523.48 225
291.313 522.299 225
293.591 519.747 225
295.846 517.175 225
295.038 511.986 225
297.225 509.402 225
300.934 508.07 225
301.533 504.176 225
303.652 501.536 225
305.748 498.877 225
307.028 495.591 225
309.871 493.504 225
311.093 490.196 225
312.281 486.885 225
314.249 484.151 225
315.374 480.827 225
317.289 478.066 225
317.521 474.171 225
320.212 471.944 225
322.05 469.141 225
324.706 466.86 225
323.954 462.429 225
325.709 459.594 225
327.438 456.745 225
327.419 452.865 225
328.224 449.5 225
331.606 447.613 225
333.23 444.712 225
334.829 441.797 225
333.754 437.46 225
335.29 434.541 225
336.8 431.608 225
337.39 428.217 225
338.845 425.266 225
339.372 421.872 225
342.584 419.75 225
343.965 416.754 225
343.493 412.933 225
344.815 409.93 225
347.03 407.306 225
347.379 403.889 225
348.621 400.852 225
349.837 397.804 225
351.026 394.746 225
352.189 391.678 225
353.324 388.6 225
352.548 384.844 225
354.569 382.088 225
354.673 378.672 225
354.744 375.263 225
356.69 372.464 225
357.658 369.347 225
358.599 366.222 225
357.589 362.537 225
358.471 359.413 225
361.256 356.798 225
360.151 353.141 225
360.95 349.995 225
362.694 347.075 225
362.466 343.682 225
364.158 340.732 225
363.871 337.343 225
364.532 334.165 225
365.165 330.981 225
364.788 327.609 225
365.364 324.423 225
364.926 321.068 225
367.42 318.194 225
366.925 314.837 225
369.37 311.912 225
369.809 308.686 225
370.22 305.457 225
369.609 302.112 225
370.957 298.989 225
368.297 295.463 225
370.584 292.422 225
369.856 289.108 225
372.091 286.019 225
372.304 282.771 225
370.492 279.417 225
371.646 276.226 225
372.773 273.018 225
372.872 269.764 225
370.943 266.475 225
372.986 263.255 225
374 260 225
373.986 256.736 225
372.943 253.49 225
372.872 250.236 225
373.772 246.948 225
372.645 243.73 225
371.49 240.531 225
373.302 237.168 225
374.087 233.841 225
374.841 230.499 225
374.569 227.229 225
372.278 224.154 225
373.94 220.697 225
373.583 217.436 225
371.212 214.421 225
372.783 210.922 225
373.331 207.532 225
372.859 204.276 225
371.371 201.181 225
370.843 197.942 225
371.273 194.535 225
369.704 191.479 225
369.092 188.256 225
368.452 185.038 225
368.762 181.617 225
366.111 178.835 225
0 260 225
0 260 225
0 260 225
0 260 225
0 260 225
0 260 225
0 260 225
0 260 225
71.7229 238.072 225
71.5288 237.447 225
74.1824 235.897 225
0 260 225
0 260 225
38.6483 246.314 225
38.5274 245.977 225
35.5935 246.692 225
35.4761 246.382 225
36.2863 245.706 225
36.1602 245.39 225
34.1835 245.841 225
34.9792 245.152 225
33.0142 245.645 225
32.8876 245.357 225
33.6686 244.656 225
33.5334 244.363 225
33.3957 244.071 225
33.2554 243.78 225
32.2176 243.937 225
31.1852 244.11 225
31.9324 243.377 225
30.9032 243.568 225
29.8798 243.777 225
30.6117 243.032 225
28.7217 243.75 225
28.5788 243.5 225
29.2954 242.744 225
28.2865 243.004 225
28.9898 242.235 225
29.6817 241.453 225
28.6753 241.732 225
28.5148 241.482 225
28.3521 241.234 225
27.3582 241.547 225
27.1962 241.309 225
26.2129 241.646 225
26.0517 241.418 225
25.8885 241.191 225
25.7234 240.966 225
23.1604 242.547 225
36.4943 231.997 225
39.4005 229.217 225
32.0869 234.477 225
27.2001 237.974 225
26.2352 238.373 225
22.9813 240.716 225
0 260 225
0 260 225
0 260 225
0 260 225
0 260 225
0 260 225
0 260 225
0 260 225
0 260 225
0 260 225
0 260 225
