-0 260 63
-0 260 63
-0 260 63
-0 260 63
-0 260 63
-0 260 63
-0 260 63
-0 260 63
-15.0942 246.879 63
-22.8122 240.517 63
-26.0455 238.145 63
-26.2352 238.373 63
-33.4173 232.939 63
-42.2608 226.384 63
-40.1886 228.601 63
-26.974 239.302 63
-24.7577 241.344 63
-26.5273 240.371 63
-25.0795 241.779 63
-26.8658 240.837 63
-26.2129 241.646 63
-26.372 241.875 63
-24.8711 243.224 63
-26.6843 242.338 63
-25.9988 243.116 63
-25.3017 243.881 63
-27.1375 243.043 63
-27.2845 243.28 63
-28.2865 243.004 63
-28.4338 243.251 63
-27.7128 244 63
-26.981 244.735 63
-27.9878 244.486 63
-28.1222 244.731 63
-30.0202 244.038 63
-29.2714 244.762 63
-30.2942 244.564 63
-29.5328 245.275 63
-30.559 245.095 63
-30.6879 245.363 63
-31.7208 245.208 63
-31.8486 245.486 63
-31.9741 245.764 63
-33.0142 245.645 63
-34.0587 245.543 63
-35.1074 245.458 63
-35.233 245.765 63
-35.3559 246.073 63
-35.4761 246.382 63
-36.5302 246.342 63
-38.5274 245.977 63
-42.4189 244.979 63
-0 260 63
-0 260 63
-71.3292 236.824 63
-69.6213 238.048 63
-0 260 63
-0 260 63
-0 260 63
-0 260 63
-0 260 63
-0 260 63
-0 260 63
-0 260 63
-0 260 63
-0 260 63
-0 260 63
-0 260 63
-0 260 63
-0 260 63
-0 260 63
-0 260 63
-703.234 148.619 63
-703.19 154.908 63
-705.071 160.909 63
-705.909 167.065 63
-705.7 173.351 63
-706.43 179.513 63
-708.1 185.576 63
-707.727 191.854 63
-708.294 198.032 63
-706.814 204.373 63
-707.273 210.543 63
-708.676 216.656 63
-708.028 222.894 63
-708.325 229.074 63
-708.568 235.256 63
-708.757 241.441 63
-708.892 247.626 63
-706.973 253.83 63
-707 260 63
-706.973 266.17 63
-706.892 272.339 63
-706.758 278.507 63
-706.569 284.674 63
-706.327 290.839 63
-705.032 296.949 63
-703.685 303.039 63
-703.283 309.178 63
-702.827 315.314 63
-701.321 321.358 63
-701.754 327.571 63
-700.143 333.588 63
-697.487 339.469 63
-697.76 345.674 63
-695.994 351.629 63
-695.168 357.7 63
-693.3 363.614 63
-691.382 369.504 63
-689.414 375.368 63
-688.381 381.38 63
-687.295 387.383 63
-685.176 393.185 63
-683.007 398.96 63
-681.769 404.915 63
-680.478 410.859 63
-677.187 416.341 63
-675.797 422.245 63
-674.356 428.136 63
-671.894 433.764 63
-670.352 439.621 63
-666.832 444.929 63
-664.232 450.466 63
-661.586 455.971 63
-657.938 461.152 63
-657.111 467.186 63
-653.376 472.295 63
-650.55 477.671 63
-648.626 483.34 63
-645.709 488.658 63
-643.689 494.284 63
-639.747 499.192 63
-637.635 504.765 63
-632.684 509.221 63
-630.485 514.733 63
-628.238 520.225 63
-624.102 524.916 63
-621.767 530.352 63
-616.643 534.547 63
-612.404 539.089 63
-610.851 544.845 63
-607.44 549.734 63
-603.091 554.147 63
-598.711 558.506 63
-596.974 564.174 63
-594.297 569.372 63
-589.809 573.607 63
-587.05 578.742 63
-582.497 582.883 63
-578.786 587.462 63
-574.175 591.5 63
-571.26 596.498 63
-564.873 599.41 63
-558.479 602.237 63
-542.751 599.148 63
-536.397 601.723 63
-530.04 604.212 63
-524.514 607.168 63
-519.807 610.614 63
-534.034 627.031 63
-534.087 633.972 63
-529.989 638.038 63
-525.052 641.473 63
-520.899 645.445 63
-511.925 645.763 63
-479.979 628.301 63
-472.018 628.781 63
-470.347 634.131 63
-482.608 650.808 63
-493.84 667.09 63
-488.736 670.099 63
-485.139 674.348 63
-479.995 677.254 63
-476.336 681.426 63
-471.154 684.229 63
-467.434 688.324 63
-462.215 691.023 63
-456.986 693.663 63
-451.745 696.246 63
-446.495 698.769 63
-442.649 702.649 63
-438.068 705.782 63
-432.077 707.429 63
-427.468 710.458 63
-422.157 712.708 63
-418.19 716.375 63
-412.184 717.777 63
-408.837 722.106 63
-403.476 724.146 63
-396.813 724.608 63
-392.743 728.053 63
-388.644 731.463 63
-383.885 734.059 63
-378.489 735.826 63
-372.475 736.747 63
-367.083 738.392 63
-362.293 740.779 63
-357.488 743.118 63
-351.496 743.792 63
-347.26 746.841 63
-342.425 749.034 63
-337.012 750.355 63
-332.161 752.448 63
-326.747 753.66 63
-321.337 754.816 63
-315.932 755.914 63
-311.063 757.804 63
-306.184 759.647 63
-300.782 760.586 63
-295.895 762.33 63
-290 762.295 63
-285.113 763.936 63
-280.22 765.53 63
-274.843 766.199 63
-269.477 766.812 63
-264.582 768.257 63
-259.683 769.656 63
-254.333 770.113 63
-249.872 772.313 63
-244.1 771.766 63
-239.202 772.97 63
-233.472 772.308 63
-228.586 773.413 63
-223.698 774.471 63
-218.419 774.562 63
-213.155 774.601 63
-208.281 775.514 63
-203.408 776.382 63
-198.177 776.27 63
-192.964 776.106 63
-187.769 775.891 63
-183.26 777.51 63
-177.76 776.253 63
-172.931 776.836 63
-167.796 776.424 63
-162.682 775.961 63
-158.173 777.361 63
-153.084 776.804 63
-148.017 776.198 63
-142.972 775.542 63
-138.468 776.77 63
-133.452 776.023 63
-128.46 775.227 63
-123.726 775.356 63
-118.999 775.442 63
-114.28 775.484 63
-109.362 774.506 63
-104.668 774.46 63
-99.7931 773.391 63
-95.1269 773.259 63
-90.297 772.1 63
-85.6597 771.882 63
-81.033 771.623 63
-76.4174 771.321 63
-71.5349 768.998 63
-67.0904 769.603 63
-62.5189 769.176 63
-57.8468 767.715 63
-53.3095 767.206 63
-48.6896 765.661 63
-44.2751 766.067 63
-39.6218 763.443 63
-35.227 763.77 63
-30.7074 762.062 63
-26.2726 761.312 63
-21.8533 760.523 63
-17.3799 757.697 63
-13.0361 757.829 63
-8.65636 755.924 63
-4.31087 753.981 63
3.72205e-05 753 63
4.29349 751.981 63
8.56917 750.925 63
12.8267 749.832 63
17.0659 748.702 63
21.2863 747.536 63
25.4353 745.334 63
29.6086 744.095 63
33.7622 742.821 63
37.8958 741.511 63
41.9219 739.17 63
46.006 737.79 63
49.9646 735.381 63
53.998 733.934 63
57.7661 730.467 63
62 730.936 63
65.9681 729.387 63
69.9139 727.804 63
73.3678 723.226 63
77.5724 723.554 63
81.441 721.875 63
85.2863 720.163 63
88.7262 716.457 63
92.9055 716.645 63
96.679 714.839 63
100.428 713.001 63
103.702 709.185 63
106.918 705.345 63
111.042 705.366 63
114.674 703.412 63
118.539 702.394 63
121.861 699.415 63
125.691 698.335 63
128.375 693.387 63
122.796 661.648 63
122.087 647.209 63
125.461 646.129 63
129.778 647.864 63
133.483 647.663 63
137.195 647.426 63
144.675 657.49 63
155.142 674.946 63
159.115 674.51 63
162.36 672.175 63
165.576 669.815 63
169.146 668.355 63
171.922 665.022 63
175.051 662.589 63
178.151 660.133 63
181.636 658.563 63
183.416 653.338 63
186.842 651.722 63
190.253 650.077 63
192.757 646.612 63
195.216 643.133 63
199.014 642.302 63
200.934 637.902 63
204.701 637.013 63
207.014 633.463 63
209.772 630.772 63
213 628.927 63
215.196 625.331 63
217.861 622.582 63
221.017 620.667 63
224.156 618.724 63
226.203 615.068 63
228.204 611.403 63
232.365 611.066 63
233.743 606.538 63
236.758 604.485 63
239.181 601.586 63
242.734 600.3 63
244.519 596.551 63
247.446 594.404 63
250.355 592.232 63
252.027 588.448 63
253.653 584.66 63
256.476 582.435 63
258.651 579.407 63
261.428 577.138 63
261.615 571.78 63
265.624 571.006 63
267.016 567.167 63
269.686 564.825 63
270.329 560.23 63
274.29 559.335 63
276.209 556.198 63
277.407 552.326 63
279.947 549.894 63
283.167 548.153 63
284.964 544.964 63
286.727 541.766 63
288.455 538.558 63
290.15 535.342 63
291.81 532.117 63
293.436 528.885 63
295.029 525.645 63
297.335 523.06 63
298.865 519.799 63
301.881 517.831 63
302.588 513.901 63
304.02 510.615 63
306.973 508.582 63
308.348 505.271 63
308.9 501.339 63
310.995 498.634 63
313.864 496.513 63
315.916 493.765 63
317.944 491 63
319.947 488.216 63
320.288 484.268 63
322.233 481.465 63
323.325 478.085 63
326.049 475.807 63
326.243 471.865 63
326.392 467.935 63
329.891 466.139 63
331.677 463.252 63
332.581 459.835 63
334.312 456.925 63
335.152 453.5 63
335.957 450.075 63
339.352 448.106 63
338.345 443.706 63
340.818 441.216 63
342.386 438.235 63
344.82 435.694 63
345.445 432.232 63
346.935 429.211 63
346.593 425.316 63
346.21 421.44 63
348.515 418.828 63
350.801 416.187 63
352.151 413.12 63
353.474 410.041 63
352.922 406.185 63
354.184 403.1 63
355.42 400.003 63
357.561 397.255 63
357.809 393.779 63
358.963 390.652 63
361.032 387.848 63
361.188 384.367 63
361.311 380.893 63
362.353 377.735 63
363.366 374.569 63
365.308 371.686 63
364.352 367.926 63
365.279 364.742 63
368.107 362.085 63
368.018 358.61 63
367.896 355.144 63
366.772 351.446 63
369.501 348.709 63
370.261 345.481 63
369.04 341.814 63
369.74 338.591 63
371.391 335.56 63
373.018 332.507 63
373.637 329.249 63
372.257 325.639 63
372.816 322.388 63
374.334 319.289 63
373.848 315.872 63
373.331 312.468 63
375.758 309.469 63
376.175 306.188 63
377.557 303.017 63
375.929 299.512 63
376.26 296.23 63
376.562 292.945 63
379.826 289.893 63
377.079 286.368 63
377.295 283.076 63
378.481 279.835 63
378.639 276.532 63
378.769 273.227 63
378.87 269.921 63
378.942 266.614 63
379.986 263.316 63
380 260 63
377.986 256.701 63
380.942 253.351 63
378.87 250.079 63
379.769 246.738 63
378.639 243.468 63
379.479 240.112 63
379.291 236.802 63
379.074 233.493 63
381.819 229.95 63
378.554 226.881 63
380.241 223.387 63
380.902 219.966 63
379.544 216.756 63
381.138 213.202 63
378.732 210.139 63
378.282 206.836 63
376.815 203.685 63
378.285 200.086 63
375.775 197.117 63
376.197 193.666 63
377.57 190.022 63
375.963 186.92 63
375.311 183.642 63
375.609 180.162 63
372.945 177.32 63
0 260 63
0 260 63
0 260 63
0 260 63
0 260 63
0 260 63
0 260 63
0 260 63
69.8102 238.657 63
70.5751 237.748 63
73.2314 236.206 63
0 260 63
0 260 63
38.6483 246.314 63
37.5877 246.319 63
35.5935 246.692 63
36.4096 246.024 63
35.3559 246.073 63
36.1602 245.39 63
35.1074 245.458 63
33.1382 245.934 63
33.0142 245.645 63
31.9741 245.764 63
30.9387 245.9 63
32.6271 244.786 63
33.3957 244.071 63
31.4578 244.657 63
32.2176 243.937 63
31.1852 244.11 63
31.0454 243.839 63
29.1373 244.507 63
29.8798 243.777 63
28.8625 244.001 63
28.7217 243.75 63
27.7128 244 63
28.4338 243.251 63
29.1437 242.489 63
28.1371 242.758 63
27.9856 242.513 63
26.9885 242.806 63
27.6761 242.027 63
27.5182 241.786 63
27.3582 241.547 63
26.372 241.875 63
26.2129 241.646 63
26.0517 241.418 63
25.0795 241.779 63
23.3118 242.75 63
23.9591 241.946 63
35.7009 232.606 63
40.9766 227.986 63
32.8695 233.854 63
25.6458 239.232 63
26.2352 238.373 63
22.9813 240.716 63
0 260 63
0 260 63
0 260 63
0 260 63
0 260 63
0 260 63
0 260 63
0 260 63
0 260 63
0 260 63
0 260 63
