-0 260 240
-0 260 240
-0 260 240
-0 260 240
-0 260 240
-0 260 240
-0 260 240
-0 260 240
-15.8489 246.223 240
-22.8122 240.517 240
-26.0455 238.145 240
-27.7785 237.101 240
-34.1944 232.31 240
-41.4782 227.007 240
-40.9766 227.986 240
-27.7674 238.693 240
-26.355 240.14 240
-25.7234 240.966 240
-27.5066 240.015 240
-26.8658 240.837 240
-26.2129 241.646 240
-26.372 241.875 240
-25.7002 242.665 240
-26.6843 242.338 240
-25.9988 243.116 240
-26.9885 242.806 240
-27.1375 243.043 240
-27.2845 243.28 240
-28.2865 243.004 240
-28.4338 243.251 240
-28.5788 243.5 240
-27.8514 244.242 240
-27.1132 244.971 240
-28.1222 244.731 240
-30.0202 244.038 240
-30.1584 244.301 240
-31.1852 244.11 240
-30.4278 244.829 240
-31.4578 244.657 240
-31.5905 244.932 240
-31.7208 245.208 240
-32.7586 245.071 240
-32.8876 245.357 240
-33.0142 245.645 240
-34.0587 245.543 240
-34.1835 245.841 240
-35.233 245.765 240
-35.3559 246.073 240
-35.4761 246.382 240
-37.4669 245.992 240
-39.4671 245.635 240
-0 260 240
-0 260 240
-0 260 240
-73.2314 236.206 240
-71.5288 237.447 240
-0 260 240
-0 260 240
-0 260 240
-0 260 240
-0 260 240
-0 260 240
-0 260 240
-0 260 240
-0 260 240
-0 260 240
-0 260 240
-0 260 240
-0 260 240
-0 260 240
-0 260 240
-0 260 240
-694.345 150.027 240
-692.311 156.534 240
-695.168 162.301 240
-695.003 168.501 240
-695.775 174.57 240
-696.494 180.645 240
-697.16 186.726 240
-696.777 192.908 240
-697.336 198.991 240
-696.845 205.157 240
-697.297 211.24 240
-698.694 217.266 240
-698.042 223.417 240
-697.336 229.554 240
-698.574 235.605 240
-697.761 241.729 240
-696.894 247.836 240
-697.973 253.909 240
-698 260 240
-696.973 266.083 240
-697.894 272.182 240
-696.761 278.245 240
-695.576 284.29 240
-696.337 290.403 240
-695.046 296.426 240
-692.706 302.368 240
-692.309 308.411 240
-692.858 314.529 240
-692.355 320.573 240
-690.805 326.517 240
-689.204 332.438 240
-688.545 338.45 240
-687.834 344.456 240
-684.097 350.063 240
-683.285 356.03 240
-683.41 362.136 240
-682.493 368.096 240
-680.537 373.883 240
-679.517 379.817 240
-676.479 385.378 240
-675.359 391.277 240
-674.188 397.165 240
-670.031 402.42 240
-669.739 408.478 240
-668.418 414.317 240
-665.101 419.677 240
-664.653 425.717 240
-662.213 431.26 240
-659.727 436.773 240
-658.16 442.524 240
-654.619 447.709 240
-653.915 453.699 240
-650.287 458.813 240
-648.527 464.48 240
-643.865 469.205 240
-642.963 475.133 240
-639.171 480.084 240
-637.226 485.654 240
-634.292 490.864 240
-630.38 495.69 240
-627.366 500.823 240
-625.241 506.289 240
-622.14 511.361 240
-617.151 515.633 240
-615.818 521.399 240
-612.596 526.364 240
-609.335 531.293 240
-606.034 536.186 240
-602.695 541.041 240
-599.317 545.859 240
-596.799 551.079 240
-593.341 555.829 240
-590.737 560.996 240
-587.201 565.678 240
-583.628 570.321 240
-579.14 574.448 240
-577.249 579.974 240
-571.824 583.522 240
-568.113 588 240
-565.229 592.945 240
-560.587 596.835 240
-557.627 601.714 240
-554.623 606.567 240
-549.891 610.319 240
-545.974 614.56 240
-541.192 618.207 240
-538.045 622.916 240
-533.21 626.465 240
-529.991 631.104 240
-525.919 635.134 240
-521.816 639.122 240
-516.076 641.876 240
-512.724 646.365 240
-506.953 648.999 240
-503.539 653.408 240
-499.304 657.164 240
-495.819 661.506 240
-490.753 664.546 240
-486.438 668.17 240
-482.097 671.75 240
-478.486 675.941 240
-473.34 678.776 240
-467.438 680.883 240
-463.747 684.946 240
-458.559 687.613 240
-454.81 691.598 240
-449.587 694.162 240
-445.068 697.367 240
-441.235 701.235 240
-435.265 702.929 240
-429.993 705.271 240
-426.78 709.732 240
-422.157 712.708 240
-416.839 714.9 240
-410.846 716.291 240
-406.849 719.859 240
-402.164 722.637 240
-397.462 725.368 240
-392.1 727.287 240
-388.008 730.691 240
-382.627 732.505 240
-376.621 733.478 240
-371.859 735.959 240
-367.692 739.185 240
-362.293 740.779 240
-357.488 743.118 240
-352.671 745.41 240
-346.68 746.027 240
-341.278 747.396 240
-337.012 750.355 240
-331.601 751.619 240
-326.195 752.827 240
-321.882 755.654 240
-316.469 756.758 240
-311.063 757.804 240
-306.184 759.647 240
-301.297 761.443 240
-295.895 762.33 240
-291 764.027 240
-286.098 765.677 240
-280.22 765.53 240
-273.889 764.441 240
-258.209 745.621 240
-251.191 742.534 240
-244.701 740.253 240
-239.608 740.58 240
-245.049 762.426 240
-244.961 773.571 240
-240.047 774.783 240
-234.716 775.038 240
-230.213 777.067 240
-224.894 777.222 240
-219.591 777.324 240
-214.685 778.296 240
-209.03 777.369 240
-204.508 779.173 240
-199.611 780.004 240
-194.015 778.916 240
-189.821 781.529 240
-184.261 780.338 240
-179.388 780.981 240
-174.518 781.578 240
-169.341 781.179 240
-164.185 780.729 240
-159.343 781.186 240
-154.22 780.639 240
-149.395 781.004 240
-144.309 780.36 240
-140.021 782.566 240
-134.704 780.863 240
-129.912 781.049 240
-125.127 781.19 240
-119.899 779.339 240
-115.362 780.366 240
-110.609 780.375 240
-105.466 778.38 240
-100.938 779.281 240
-96.0381 778.175 240
-91.3389 778.009 240
-86.6499 777.8 240
-81.8152 776.561 240
-77.3043 777.255 240
-72.5091 775.93 240
-67.8736 775.551 240
-63.0064 773.146 240
-58.6392 774.67 240
-53.8321 772.179 240
-49.2647 771.634 240
-44.798 772.044 240
-40.171 770.422 240
-35.6455 769.755 240
-31.0737 768.051 240
-26.639 768.302 240
-22.115 766.517 240
-17.6591 765.692 240
-13.2193 764.827 240
-8.79597 763.923 240
-4.38941 762.981 240
3.78244e-05 761 240
4.36331 759.981 240
8.70879 758.924 240
13.0362 757.829 240
17.3102 755.698 240
21.6353 755.528 240
25.9063 754.322 240
30.097 752.08 240
34.3202 750.802 240
38.5235 749.486 240
42.6192 747.139 240
46.8686 746.749 240
50.6963 742.343 240
54.9036 741.882 240
59.1067 741.385 240
63.0442 738.868 240
67.2206 738.299 240
71.2442 736.706 240
75.0886 734.09 240
78.8928 731.445 240
83.0039 730.738 240
86.5619 727.046 240
90.6343 726.273 240
94.6998 725.464 240
98.3423 722.664 240
102.376 721.788 240
106.177 719.903 240
109.719 717.014 240
113.219 714.098 240
117.178 713.093 240
120.61 710.121 240
124.266 708.088 240
127.896 706.025 240
131.499 703.934 240
135.368 702.769 240
138.625 699.664 240
141.839 696.535 240
145.326 694.332 240
148.459 691.156 240
152.216 689.845 240
155.961 688.5 240
159.695 687.123 240
162.699 683.846 240
166.392 682.41 240
169.322 679.087 240
172.208 675.746 240
175.048 672.386 240
178.241 669.926 240
182.218 669.268 240
185.368 666.753 240
188.91 665.12 240
192.008 662.553 240
194.637 659.065 240
197.219 655.561 240
201.118 654.716 240
203.169 650.285 240
206.568 648.497 240
209.95 646.68 240
213.316 644.833 240
216.174 642.086 240
219 639.319 240
221.287 635.67 240
224.042 632.868 240
226.242 629.193 240
229.985 628.053 240
232.651 625.188 240
235.284 622.306 240
238.437 620.239 240
241.012 617.315 240
242.988 613.55 240
247.211 613.055 240
247.96 607.627 240
250.397 604.641 240
253.395 602.443 240
256.975 601.017 240
259.332 597.969 240
261.656 594.905 240
262.701 590.261 240
266.832 589.51 240
267.789 584.854 240
271.256 583.271 240
272.768 579.37 240
275.545 576.978 240
278.3 574.561 240
280.366 571.378 240
282.397 568.182 240
284.393 564.974 240
286.356 561.756 240
288.283 558.526 240
290.877 555.999 240
292.742 552.742 240
295.286 550.176 240
297.807 547.589 240
298.854 543.602 240
299.855 539.619 240
303.758 538.343 240
304.689 534.344 240
306.323 531.012 240
308.676 528.328 240
310.246 524.975 240
312.546 522.257 240
314.823 519.52 240
315.521 515.504 240
318.522 513.363 240
319.932 509.959 240
322.101 507.157 240
323.447 503.735 240
325.562 500.903 240
327.652 498.053 240
329.717 495.185 240
330.118 491.151 240
332.123 488.262 240
333.273 484.796 240
334.388 481.327 240
335.468 477.856 240
339.043 475.994 240
340.067 472.498 240
341.909 469.522 240
342.867 466.015 240
343.79 462.508 240
346.41 460 240
348.142 456.969 240
348.099 452.954 240
350.648 450.386 240
353.179 447.789 240
354.804 444.699 240
353.73 440.234 240
356.184 437.587 240
357.72 434.472 240
357.424 430.482 240
357.992 426.934 240
360.345 424.219 240
362.678 421.474 240
364.073 418.303 240
365.44 415.12 240
364.932 411.16 240
366.238 407.97 240
366.585 404.401 240
368.764 401.555 240
369.986 398.332 240
370.239 394.756 240
372.343 391.854 240
372.534 388.274 240
373.64 385.018 240
374.716 381.753 240
374.811 378.177 240
374.871 374.61 240
376.816 371.618 240
377.776 368.325 240
378.707 365.025 240
380.575 361.975 240
378.546 357.899 240
379.386 354.591 240
379.224 351.044 240
380.979 347.956 240
381.732 344.628 240
382.456 341.293 240
385.11 338.352 240
385.779 334.988 240
384.453 331.254 240
385.06 327.896 240
386.624 324.699 240
385.198 321.009 240
386.705 317.793 240
389.175 314.695 240
388.646 311.166 240
390.071 307.895 240
389.48 304.376 240
388.858 300.871 240
390.195 297.572 240
388.516 293.991 240
389.795 290.678 240
391.045 287.345 240
392.267 283.992 240
390.464 280.463 240
391.627 277.099 240
391.761 273.681 240
392.865 270.288 240
390.94 266.824 240
390.985 263.412 240
392 260 240
392.985 256.57 240
393.94 253.124 240
393.865 249.686 240
391.761 246.319 240
392.626 242.858 240
392.461 239.432 240
390.271 236.13 240
394.038 232.446 240
392.785 229.087 240
390.508 225.835 240
392.186 222.237 240
389.853 219.025 240
391.467 215.398 240
391.063 211.983 240
389.638 208.703 240
390.166 205.166 240
391.65 201.467 240
391.125 198.052 240
391.555 194.476 240
388.999 191.409 240
388.386 188.017 240
387.743 184.63 240
388.05 181.05 240
385.39 178.083 240
385.637 174.506 240
0 260 240
0 260 240
0 260 240
0 260 240
0 260 240
0 260 240
0 260 240
0 260 240
71.7229 238.072 240
72.4825 237.146 240
0 260 240
0 260 240
0 260 240
40.5336 245.646 240
37.5877 246.319 240
36.5302 246.342 240
37.3432 245.665 240
35.3559 246.073 240
36.1602 245.39 240
35.1074 245.458 240
34.0587 245.543 240
33.9312 245.246 240
33.8012 244.951 240
32.7586 245.071 240
32.6271 244.786 240
33.3957 244.071 240
33.2554 243.78 240
33.1126 243.491 240
32.0762 243.656 240
31.0454 243.839 240
31.7861 243.099 240
29.8798 243.777 240
29.7371 243.516 240
29.5921 243.258 240
29.4449 243 240
28.4338 243.251 240
29.1437 242.489 240
28.9898 242.235 240
27.9856 242.513 240
27.8319 242.269 240
29.3535 240.938 240
28.3521 241.234 240
26.5292 242.106 240
27.1962 241.309 240
27.032 241.072 240
26.0517 241.418 240
24.2705 242.366 240
24.9196 241.56 240
23.9591 241.946 240
35.7009 232.606 240
40.9766 227.986 240
35.2174 231.987 240
25.6458 239.232 240
26.2352 238.373 240
22.9813 240.716 240
0 260 240
0 260 240
0 260 240
0 260 240
0 260 240
0 260 240
0 260 240
0 260 240
0 260 240
0 260 240
0 260 240
