-0 260 53
-0 260 53
-0 260 53
-0 260 53
-0 260 53
-0 260 53
-0 260 53
-0 260 53
-16.6036 245.567 53
-22.8122 240.517 53
-26.8116 237.502 53
-27.7785 237.101 53
-33.4173 232.939 53
-42.2608 226.384 53
-40.9766 227.986 53
-26.974 239.302 53
-24.7577 241.344 53
-25.7234 240.966 53
-27.5066 240.015 53
-26.0517 241.418 53
-25.3937 242.219 53
-25.5479 242.441 53
-26.5292 242.106 53
-25.8505 242.89 53
-26.8375 242.572 53
-26.9885 242.806 53
-27.1375 243.043 53
-27.2845 243.28 53
-27.4294 243.519 53
-27.5721 243.759 53
-27.7128 244 53
-27.8514 244.242 53
-27.9878 244.486 53
-28.1222 244.731 53
-29.1373 244.507 53
-30.1584 244.301 53
-30.2942 244.564 53
-29.5328 245.275 53
-30.559 245.095 53
-31.5905 244.932 53
-29.9082 246.054 53
-30.9387 245.9 53
-33.8012 244.951 53
-33.0142 245.645 53
-34.0587 245.543 53
-35.1074 245.458 53
-35.233 245.765 53
-34.4255 246.439 53
-35.4761 246.382 53
-36.5302 246.342 53
-38.5274 245.977 53
-0 260 53
-0 260 53
-0 260 53
-70.3782 237.133 53
-72.4825 237.146 53
-0 260 53
-0 260 53
-0 260 53
-0 260 53
-0 260 53
-0 260 53
-0 260 53
-0 260 53
-0 260 53
-0 260 53
-0 260 53
-0 260 53
-0 260 53
-0 260 53
-0 260 53
-0 260 53
-718.049 146.272 53
-717.037 152.838 53
-719.925 158.821 53
-717.806 165.499 53
-719.596 171.645 53
-719.346 178.041 53
-720.034 184.322 53
-719.671 190.704 53
-719.253 197.074 53
-719.774 203.353 53
-719.244 209.706 53
-720.653 215.923 53
-719.013 222.318 53
-719.315 228.594 53
-720.561 234.838 53
-719.753 241.153 53
-719.89 247.434 53
-717.973 253.734 53
-718 260 53
-717.973 266.266 53
-717.891 272.531 53
-715.755 278.743 53
-715.564 284.988 53
-714.319 291.188 53
-714.02 297.42 53
-713.666 303.65 53
-711.263 309.736 53
-711.799 316.02 53
-709.291 322.055 53
-707.727 328.146 53
-707.105 334.32 53
-706.43 340.488 53
-703.715 346.405 53
-702.934 352.543 53
-701.11 358.535 53
-699.234 364.501 53
-698.296 370.599 53
-696.318 376.524 53
-695.274 382.596 53
-693.195 388.476 53
-691.066 394.33 53
-688.887 400.156 53
-685.681 405.746 53
-684.383 411.724 53
-682.059 417.466 53
-679.687 423.178 53
-677.266 428.862 53
-672.863 434.014 53
-670.352 439.621 53
-669.723 445.731 53
-668.077 451.568 53
-665.421 457.107 53
-662.719 462.614 53
-659.018 467.788 53
-656.229 473.222 53
-652.447 478.306 53
-650.517 483.991 53
-647.595 489.325 53
-644.629 494.626 53
-641.62 499.892 53
-635.768 504.049 53
-633.614 509.587 53
-631.412 515.107 53
-628.238 520.225 53
-624.102 524.916 53
-621.767 530.352 53
-616.643 534.547 53
-614.224 539.918 53
-610.851 544.845 53
-607.44 549.734 53
-603.091 554.147 53
-600.501 559.399 53
-596.974 564.174 53
-592.523 568.448 53
-588.043 572.668 53
-584.413 577.311 53
-581.622 582.398 53
-577.916 586.969 53
-575.041 592 53
-570.398 595.99 53
-566.588 600.44 53
-562.742 604.849 53
-557.168 608.157 53
-553.265 612.469 53
-549.329 616.739 53
-545.361 620.967 53
-542.191 625.712 53
-537.33 629.297 53
-534.087 633.972 53
-529.175 637.457 53
-525.052 641.473 53
-520.095 644.85 53
-507.134 642.153 53
-477.599 626.474 53
-472.018 628.781 53
-473.478 636.621 53
-493.488 659.619 53
-493.068 666.454 53
-488.736 670.099 53
-483.618 673.049 53
-479.995 677.254 53
-474.838 680.101 53
-471.154 684.229 53
-466.697 687.649 53
-462.215 691.023 53
-457.711 694.352 53
-451.745 696.246 53
-447.208 699.47 53
-442.649 702.649 53
-436.666 704.355 53
-431.383 706.71 53
-427.468 710.458 53
-422.157 712.708 53
-416.839 714.9 53
-412.184 717.777 53
-407.511 720.608 53
-402.164 722.637 53
-397.462 725.368 53
-393.386 728.819 53
-386.736 729.148 53
-383.256 733.282 53
-377.866 735.043 53
-373.091 737.535 53
-368.301 739.979 53
-362.293 740.779 53
-357.488 743.118 53
-353.259 746.219 53
-347.26 746.841 53
-342.999 749.853 53
-337.012 750.355 53
-332.72 753.277 53
-327.299 754.494 53
-322.426 756.493 53
-317.007 757.601 53
-311.063 757.804 53
-306.184 759.647 53
-301.297 761.443 53
-295.895 762.33 53
-291.5 764.893 53
-286.098 765.677 53
-281.19 767.279 53
-275.798 767.956 53
-270.416 768.578 53
-264.582 768.257 53
-260.137 770.547 53
-254.333 770.113 53
-249.433 771.414 53
-244.961 773.571 53
-239.625 773.877 53
-234.302 774.128 53
-228.993 774.326 53
-224.097 775.388 53
-218.809 775.483 53
-213.92 776.449 53
-208.656 776.441 53
-203.775 777.312 53
-198.177 776.27 53
-193.665 777.98 53
-188.111 776.831 53
-183.26 777.51 53
-178.411 778.144 53
-173.248 777.785 53
-168.414 778.326 53
-163.283 777.868 53
-158.173 777.361 53
-153.652 778.721 53
-148.293 777.159 53
-143.774 778.433 53
-138.986 778.702 53
-133.953 777.959 53
-129.186 778.138 53
-124.193 777.301 53
-119.449 777.391 53
-114.713 777.437 53
-109.777 776.462 53
-104.867 775.44 53
-99.9839 774.373 53
-95.3091 774.242 53
-90.4707 773.085 53
-85.9898 773.855 53
-81.3459 773.598 53
-76.5652 772.31 53
-71.9525 771.969 53
-67.0904 769.603 53
-62.7627 771.161 53
-58.0732 769.702 53
-53.414 768.201 53
-48.8813 767.652 53
-44.2751 766.067 53
-39.7787 765.437 53
-35.227 763.77 53
-30.7074 762.062 53
-26.2726 761.312 53
-21.8533 760.523 53
-17.4846 760.695 53
-13.0361 757.829 53
-8.65636 755.924 53
-4.3196 754.981 53
3.7296e-05 754 53
4.30222 752.981 53
8.58662 751.925 53
12.8267 749.832 53
16.9961 746.703 53
21.2863 747.536 53
25.4876 746.333 53
29.6086 744.095 53
33.8319 743.819 53
37.8173 740.514 53
42.0091 740.166 53
46.006 737.79 53
49.9646 735.381 53
53.998 733.934 53
58.0098 732.452 53
61.6084 727.962 53
65.5506 726.416 53
69.9139 727.804 53
73.3678 723.226 53
77.4074 722.568 53
81.2674 720.89 53
85.2863 720.163 53
89.1078 718.42 53
92.9055 716.645 53
96.4711 713.86 53
100.212 712.025 53
103.478 708.21 53
107.151 706.318 53
111.042 705.366 53
114.674 703.412 53
118.539 702.394 53
121.861 699.415 53
125.415 697.374 53
128.659 694.345 53
125.135 669.298 53
122.087 647.209 53
125.77 647.08 53
128.508 644.071 53
132.181 643.881 53
136.527 645.54 53
143.306 653.731 53
155.492 675.882 53
158.757 673.576 53
161.627 670.314 53
164.452 667.034 53
168.763 667.431 53
171.531 664.102 53
174.253 660.755 53
176.93 657.392 53
180.806 656.743 53
184.262 655.15 53
186.842 651.722 53
189.376 648.279 53
192.311 645.717 53
195.67 644.024 53
199.014 642.302 53
201.873 639.667 53
205.178 637.891 53
206.529 632.588 53
210.757 632.512 53
212.5 628.061 53
214.689 624.469 53
218.376 623.439 53
221.017 620.667 53
224.156 618.724 53
226.74 615.911 53
229.293 613.08 53
231.262 609.398 53
233.743 606.538 53
236.191 603.661 53
238.034 599.948 53
242.153 599.486 53
244.519 596.551 53
246.851 593.601 53
249.151 590.635 53
251.418 587.655 53
253.653 584.66 53
256.476 582.435 53
257.392 577.853 53
260.792 576.366 53
262.9 573.312 53
266.274 571.766 53
267.672 567.921 53
269.686 564.825 53
271.667 561.717 53
275.641 560.809 53
275.527 555.467 53
277.407 552.326 53
280.642 550.613 53
281.766 546.727 53
284.964 544.964 53
286.013 541.065 53
287.017 537.169 53
288.699 533.965 53
292.541 532.799 53
291.962 527.534 53
295.772 526.314 53
296.586 522.398 53
299.62 520.455 53
301.121 517.181 53
301.822 513.258 53
303.248 509.979 53
305.418 507.323 53
306.782 504.026 53
308.112 500.724 53
310.995 498.634 53
312.266 495.31 53
312.7 491.386 53
315.517 489.236 53
315.877 485.313 53
319.469 483.695 53
318.937 479.199 53
321.667 476.967 53
322.714 473.6 53
326.243 471.865 53
328.079 469.01 53
327.347 464.549 53
328.266 461.162 53
330.867 458.805 53
332.589 455.91 53
334.286 453 53
333.346 448.598 53
335.854 446.167 53
338.345 443.706 53
337.286 439.338 53
338.838 436.388 53
340.364 433.424 53
340.97 430.001 53
341.542 426.581 53
342.982 423.594 53
343.491 420.172 53
344.875 417.169 53
346.234 414.153 53
347.566 411.126 53
350.712 408.869 53
351.074 405.42 53
349.548 401.227 53
350.767 398.171 53
352.893 395.463 53
354.062 392.378 53
356.144 389.626 53
357.261 386.513 53
358.352 383.39 53
358.466 379.941 53
356.646 375.881 53
359.551 373.366 53
358.614 369.639 53
360.516 366.79 53
362.396 363.915 53
360.398 359.947 53
361.256 356.798 53
363.055 353.892 53
362.891 350.479 53
362.694 347.075 53
363.44 343.907 53
364.158 340.732 53
363.871 337.343 53
364.532 334.165 53
366.147 331.172 53
365.771 327.792 53
366.348 324.597 53
368.871 321.728 53
365.445 317.881 53
368.903 315.133 53
368.38 311.772 53
369.809 308.686 53
369.227 305.335 53
369.609 302.112 53
369.962 298.885 53
369.292 295.559 53
370.584 292.422 53
367.862 288.951 53
371.094 285.949 53
372.304 282.771 53
371.49 279.469 53
370.647 276.183 53
371.773 272.983 53
371.873 269.738 53
370.943 266.475 53
370.986 263.238 53
373 260 53
371.986 256.754 53
371.943 253.508 53
372.872 250.236 53
372.773 246.982 53
372.645 243.73 53
371.49 240.531 53
371.306 237.29 53
373.089 233.911 53
372.847 230.656 53
372.577 227.404 53
371.283 224.25 53
371.951 220.906 53
371.596 217.662 53
371.212 214.421 53
370.8 211.183 53
371.351 207.81 53
371.87 204.424 53
370.383 201.337 53
369.857 198.107 53
369.303 194.882 53
368.721 191.662 53
368.11 188.447 53
368.452 185.038 53
367.783 181.825 53
365.135 179.052 53
0 260 53
0 260 53
0 260 53
0 260 53
0 260 53
0 260 53
0 260 53
0 260 53
71.7229 238.072 53
71.5288 237.447 53
72.2803 236.515 53
0 260 53
0 260 53
39.5909 245.98 53
37.5877 246.319 53
36.5302 246.342 53
35.4761 246.382 53
36.2863 245.706 53
35.233 245.765 53
35.1074 245.458 53
33.1382 245.934 53
33.9312 245.246 53
32.8876 245.357 53
32.7586 245.071 53
31.7208 245.208 53
34.2982 243.641 53
33.2554 243.78 53
32.2176 243.937 53
31.1852 244.11 53
31.0454 243.839 53
30.9032 243.568 53
29.001 244.254 53
29.7371 243.516 53
27.8514 244.242 53
29.4449 243 53
26.7105 244.266 53
28.2865 243.004 53
28.9898 242.235 53
28.8336 241.983 53
27.8319 242.269 53
27.6761 242.027 53
27.5182 241.786 53
26.5292 242.106 53
26.372 241.875 53
26.2129 241.646 53
26.0517 241.418 53
25.0795 241.779 53
24.1157 242.155 53
23.9591 241.946 53
36.4943 231.997 53
40.1885 228.601 53
33.6522 233.232 53
26.423 238.603 53
25.4636 239.009 53
22.9813 240.716 53
0 260 53
0 260 53
0 260 53
0 260 53
0 260 53
0 260 53
0 260 53
0 260 53
0 260 53
0 260 53
0 260 53
