-0 260 233
-0 260 233
-0 260 233
-0 260 233
-0 260 233
-0 260 233
-0 260 233
-0 260 233
-16.6036 245.567 233
-23.5726 239.867 233
-26.8116 237.502 233
-27.0069 237.737 233
-35.7487 231.051 233
-43.8261 225.139 233
-40.1886 228.601 233
-26.974 239.302 233
-26.355 240.14 233
-26.5273 240.371 233
-26.6976 240.603 233
-26.8658 240.837 233
-26.2129 241.646 233
-26.372 241.875 233
-25.7002 242.665 233
-26.6843 242.338 233
-26.8375 242.572 233
-26.9885 242.806 233
-27.1375 243.043 233
-27.2845 243.28 233
-28.2865 243.004 233
-28.4338 243.251 233
-27.7128 244 233
-27.8514 244.242 233
-28.8625 244.001 233
-29.001 244.254 233
-30.0202 244.038 233
-30.1584 244.301 233
-30.2942 244.564 233
-30.4278 244.829 233
-31.4578 244.657 233
-31.5905 244.932 233
-31.7208 245.208 233
-31.8486 245.486 233
-31.9741 245.764 233
-33.0142 245.645 233
-33.1382 245.934 233
-34.1835 245.841 233
-35.233 245.765 233
-36.2863 245.706 233
-36.4096 246.024 233
-36.5302 246.342 233
-39.4671 245.635 233
-0 260 233
-0 260 233
-0 260 233
-71.3292 236.824 233
-71.5288 237.447 233
-0 260 233
-0 260 233
-0 260 233
-0 260 233
-0 260 233
-0 260 233
-0 260 233
-0 260 233
-0 260 233
-0 260 233
-0 260 233
-0 260 233
-0 260 233
-0 260 233
-0 260 233
-0 260 233
-705.209 148.306 233
-706.157 154.464 233
-707.051 160.631 233
-706.9 166.935 233
-707.685 173.107 233
-708.417 179.286 233
-709.094 185.471 233
-708.722 191.758 233
-709.291 197.945 233
-709.805 204.137 233
-710.266 210.334 233
-710.672 216.534 233
-710.026 222.789 233
-710.323 228.987 233
-710.567 235.187 233
-709.757 241.414 233
-709.892 247.609 233
-710.973 253.796 233
-710 260 233
-710.973 266.205 233
-708.892 272.374 233
-709.757 278.586 233
-708.568 284.744 233
-708.325 290.926 233
-707.03 297.054 233
-706.679 303.222 233
-705.278 309.318 233
-704.821 315.471 233
-704.31 321.619 233
-702.75 327.667 233
-702.132 333.797 233
-701.462 339.922 233
-699.745 345.918 233
-698.969 352.021 233
-696.158 357.839 233
-696.267 364.058 233
-694.345 369.974 233
-693.359 376.029 233
-691.335 381.901 233
-690.245 387.929 233
-688.121 393.757 233
-685.947 399.558 233
-684.703 405.538 233
-682.431 411.291 233
-680.11 417.016 233
-678.714 422.945 233
-677.266 428.862 233
-673.831 434.265 233
-672.284 440.138 233
-669.723 445.731 233
-668.077 451.568 233
-664.462 456.823 233
-662.719 462.614 233
-659.972 468.089 233
-657.18 473.531 233
-654.343 478.94 233
-651.462 484.317 233
-648.537 489.659 233
-646.508 495.31 233
-643.494 500.593 233
-640.436 505.84 233
-637.336 511.053 233
-635.121 516.606 233
-630.086 520.99 233
-628.705 526.869 233
-624.518 531.548 233
-622.124 536.988 233
-617.864 541.577 233
-614.477 546.535 233
-611.05 551.456 233
-607.585 556.339 233
-604.976 561.63 233
-601.429 566.444 233
-597.845 571.219 233
-594.224 575.954 233
-590.565 580.651 233
-585.995 584.823 233
-582.268 589.431 233
-578.505 594 233
-574.707 598.528 233
-570.873 603.015 233
-567.006 607.462 233
-562.256 611.337 233
-558.325 615.692 233
-555.2 620.551 233
-550.365 624.278 233
-546.336 628.508 233
-542.275 632.695 233
-538.183 636.84 233
-534.06 640.941 233
-529.906 644.999 233
-524.918 648.419 233
-519.912 651.782 233
-516.473 656.304 233
-510.631 658.949 233
-505.565 662.145 233
-502.036 666.541 233
-498.469 670.907 233
-494.099 674.598 233
-489.701 678.245 233
-483.014 679.878 233
-480.081 684.74 233
-474.869 687.575 233
-470.383 691.027 233
-465.872 694.433 233
-460.613 697.105 233
-455.342 699.719 233
-451.487 703.676 233
-446.891 706.892 233
-441.573 709.348 233
-436.245 711.745 233
-431.598 714.81 233
-425.567 716.365 233
-422.244 720.798 233
-416.868 722.979 233
-411.487 725.102 233
-406.757 727.92 233
-401.359 729.931 233
-396.6 732.649 233
-391.188 734.549 233
-385.773 736.391 233
-380.979 738.956 233
-376.169 741.475 233
-371.953 744.739 233
-366.505 746.369 233
-361.057 747.941 233
-355.61 749.455 233
-350.164 750.912 233
-345.867 753.949 233
-339.844 754.476 233
-334.397 755.765 233
-329.506 757.83 233
-325.694 761.525 233
-320.231 762.661 233
-314.242 762.893 233
-308.797 763.91 233
-303.872 765.729 233
-298.433 766.638 233
-294 769.223 233
-277.727 750.881 233
-268.1 743.665 233
-262.437 743.349 233
-256.331 742.089 233
-256.27 752.291 233
-261.952 774.111 233
-257.01 775.482 233
-252.502 777.705 233
-246.252 776.279 233
-241.738 778.408 233
-236.375 778.678 233
-231.433 779.807 233
-226.091 779.973 233
-221.154 781.006 233
-215.833 781.068 233
-211.278 782.932 233
-205.607 781.964 233
-199.969 780.938 233
-195.766 783.6 233
-190.505 783.409 233
-185.263 783.166 233
-180.039 782.872 233
-175.152 783.475 233
-169.959 783.081 233
-165.087 783.591 233
-159.927 783.099 233
-154.788 782.557 233
-150.222 783.888 233
-144.843 782.288 233
-140.021 782.566 233
-135.205 782.8 233
-130.154 782.019 233
-125.127 781.19 233
-120.349 781.288 233
-115.579 781.342 233
-110.817 781.353 233
-106.064 781.32 233
-101.129 780.262 233
-96.2203 779.159 233
-91.5125 778.994 233
-86.815 778.786 233
-81.9716 777.549 233
-77.1565 776.266 233
-72.37 774.939 233
-67.6125 773.568 233
-63.0064 773.146 233
-58.4128 772.683 233
-53.9366 773.173 233
-49.2647 771.634 233
-44.6237 770.052 233
-40.0926 769.425 233
-35.5758 768.758 233
-31.0126 767.052 233
-26.482 765.307 233
-21.9841 763.52 233
-17.5893 763.693 233
-13.167 762.828 233
-8.74362 760.924 233
-4.34578 757.981 233
3.7598e-05 758 233
4.33713 756.981 233
8.60407 752.925 233
12.9314 753.831 233
17.1706 751.7 233
21.4608 751.532 233
25.6447 749.328 233
29.7917 747.09 233
33.9714 745.814 233
38.0527 743.505 233
42.0091 740.166 233
46.1018 738.786 233
50.1737 737.371 233
54.4508 737.908 233
58.3754 735.43 233
62.3916 733.911 233
66.2464 731.368 233
70.3573 730.772 233
74.3064 729.152 233
77.5724 723.554 233
81.6147 722.86 233
85.6507 722.13 233
89.2986 719.402 233
93.5036 719.585 233
97.0948 716.795 233
100.644 713.978 233
103.927 710.159 233
108.085 710.207 233
111.768 708.277 233
115.175 705.348 233
118.539 702.394 233
122.395 701.343 233
125.966 699.297 233
129.511 697.222 233
133.029 695.119 233
136.52 692.987 233
139.058 687.975 233
142.787 686.746 233
146.18 684.538 233
149.545 682.303 233
153.567 681.922 233
156.193 677.756 233
159.115 674.51 233
162.727 673.105 233
166.7 672.597 233
168.763 667.431 233
172.312 665.943 233
175.45 663.506 233
178.557 661.046 233
182.05 659.473 233
185.107 656.963 233
187.703 653.527 233
190.253 650.077 233
192.757 646.612 233
196.578 645.806 233
199.014 642.302 233
202.812 641.433 233
204.701 637.013 233
207.983 635.212 233
210.757 632.512 233
213 628.927 233
215.704 626.192 233
219.406 625.153 233
222.584 623.225 233
224.686 619.572 233
226.74 615.911 233
229.293 613.08 233
232.365 611.066 233
234.302 607.367 233
236.758 604.485 233
239.181 601.586 233
242.734 600.3 233
245.106 597.36 233
246.851 593.601 233
249.753 591.434 233
252.027 588.448 233
253.653 584.66 233
256.476 582.435 233
258.021 578.63 233
261.428 577.138 233
263.543 574.078 233
266.274 571.766 233
268.984 569.431 233
270.349 565.574 233
271.667 561.717 233
274.29 559.335 233
276.209 556.198 233
278.784 553.777 233
281.337 551.333 233
282.466 547.44 233
285.671 545.671 233
286.727 541.766 233
287.736 537.863 233
290.15 535.342 233
291.81 532.117 233
293.436 528.885 233
295.772 526.314 233
297.335 523.06 233
298.865 519.799 233
301.881 517.831 233
303.354 514.544 233
304.792 511.251 233
306.973 508.582 233
307.565 504.648 233
308.112 500.724 233
311.788 499.243 233
313.065 495.911 233
314.308 492.576 233
316.326 489.824 233
317.505 486.474 233
319.469 483.695 233
322.233 481.465 233
321.667 476.967 233
323.548 474.152 233
324.566 470.775 233
328.079 469.01 233
328.195 465.079 233
329.119 461.684 233
331.724 459.32 233
332.589 455.91 233
333.42 452.5 233
335.957 450.075 233
336.729 446.652 233
338.345 443.706 233
339.052 440.277 233
340.612 437.311 233
343.038 434.786 233
343.655 431.34 233
342.441 427.019 233
345.69 424.886 233
346.21 421.44 233
348.515 418.828 233
349.888 415.78 233
349.4 411.923 233
351.633 409.259 233
352.922 406.185 233
351.403 401.976 233
354.489 399.637 233
353.827 395.821 233
355.935 393.079 233
357.083 389.968 233
357.261 386.513 233
358.352 383.39 233
359.415 380.258 233
361.401 377.426 233
362.412 374.268 233
360.527 370.224 233
361.475 367.074 233
364.318 364.467 233
363.289 360.749 233
364.154 357.575 233
366.928 354.894 233
364.831 350.963 233
365.611 347.775 233
367.338 344.807 233
368.064 341.598 233
369.74 338.591 233
369.432 335.162 233
368.11 331.553 233
370.687 328.703 233
371.273 325.465 233
370.843 322.058 233
371.371 318.819 233
370.881 315.429 233
374.321 312.607 233
371.792 308.947 233
372.205 305.701 233
373.583 302.564 233
372.946 299.198 233
373.274 295.942 233
373.573 292.683 233
375.838 289.579 233
374.087 286.159 233
373.302 282.832 233
373.487 279.574 233
374.643 276.357 233
375.771 273.122 233
373.872 269.79 233
375.943 266.562 233
376.986 263.29 233
376 260 233
376.986 256.71 233
376.943 253.42 233
374.871 250.184 233
376.77 246.843 233
374.643 243.643 233
375.485 240.322 233
375.299 237.046 233
377.079 233.632 233
376.835 230.342 233
375.565 227.142 233
376.26 223.77 233
376.924 220.384 233
374.577 217.322 233
374.19 214.055 233
376.749 210.4 233
375.312 207.253 233
375.826 203.832 233
374.334 200.711 233
373.802 197.447 233
373.242 194.187 233
373.637 190.751 233
371.055 187.874 233
371.391 184.44 233
370.718 181.201 233
370.016 177.969 233
0 260 233
0 260 233
0 260 233
0 260 233
0 260 233
0 260 233
0 260 233
0 260 233
71.7229 238.072 233
72.4825 237.146 233
72.2803 236.515 233
0 260 233
0 260 233
40.5336 245.646 233
38.5274 245.977 233
36.5302 246.342 233
35.4761 246.382 233
37.2167 245.34 233
36.1602 245.39 233
36.0313 245.075 233
34.9792 245.152 233
33.9312 245.246 233
33.8012 244.951 233
33.6686 244.656 233
33.5334 244.363 233
34.2982 243.641 233
34.1542 243.342 233
34.0075 243.044 233
31.1852 244.11 233
31.0454 243.839 233
30.9032 243.568 233
30.7586 243.299 233
28.8625 244.001 233
29.5921 243.258 233
29.4449 243 233
29.2954 242.744 233
28.2865 243.004 233
29.8424 241.713 233
29.6817 241.453 233
28.6753 241.732 233
28.5148 241.482 233
29.186 240.682 233
27.3582 241.547 233
25.5479 242.441 233
26.2129 241.646 233
26.8658 240.837 233
25.8885 241.191 233
24.9196 241.56 233
24.7577 241.344 233
34.9075 233.214 233
39.4005 229.217 233
33.6522 233.232 233
27.2001 237.974 233
27.0069 237.737 233
23.7474 240.074 233
0 260 233
0 260 233
0 260 233
0 260 233
0 260 233
0 260 233
0 260 233
0 260 233
0 260 233
0 260 233
0 260 233
