-0 260 124
-0 260 124
-0 260 124
-0 260 124
-0 260 124
-0 260 124
-0 260 124
-0 260 124
-16.6036 245.567 124
-23.5726 239.867 124
-26.0455 238.145 124
-27.7785 237.101 124
-33.4173 232.939 124
-43.8261 225.139 124
-40.1886 228.601 124
-27.7674 238.693 124
-26.355 240.14 124
-27.3311 239.776 124
-25.8885 241.191 124
-26.0517 241.418 124
-26.2129 241.646 124
-26.372 241.875 124
-26.5292 242.106 124
-27.5182 241.786 124
-26.8375 242.572 124
-26.9885 242.806 124
-27.1375 243.043 124
-28.1371 242.758 124
-27.4294 243.519 124
-27.5721 243.759 124
-27.7128 244 124
-27.8514 244.242 124
-27.9878 244.486 124
-29.001 244.254 124
-30.0202 244.038 124
-30.1584 244.301 124
-30.2942 244.564 124
-30.4278 244.829 124
-31.4578 244.657 124
-31.5905 244.932 124
-32.6271 244.786 124
-32.7586 245.071 124
-33.8012 244.951 124
-33.9312 245.246 124
-34.0587 245.543 124
-34.1835 245.841 124
-34.3058 246.14 124
-34.4255 246.439 124
-36.4096 246.024 124
-37.4669 245.992 124
-38.5274 245.977 124
-0 260 124
-0 260 124
-0 260 124
-72.2803 236.515 124
-71.5288 237.447 124
-0 260 124
-0 260 124
-0 260 124
-0 260 124
-0 260 124
-0 260 124
-0 260 124
-0 260 124
-0 260 124
-0 260 124
-0 260 124
-0 260 124
-0 260 124
-0 260 124
-0 260 124
-0 260 124
-698.296 149.401 124
-698.245 155.647 124
-699.129 161.744 124
-698.969 167.979 124
-699.745 174.082 124
-699.475 180.305 124
-701.138 186.308 124
-701.754 192.429 124
-701.321 198.642 124
-700.833 204.843 124
-702.285 210.892 124
-701.689 217.083 124
-702.037 223.208 124
-702.331 229.336 124
-701.572 235.501 124
-700.76 241.65 124
-701.893 247.749 124
-701.973 253.874 124
-701 260 124
-701.973 266.126 124
-700.893 272.234 124
-700.76 278.35 124
-699.574 284.43 124
-699.334 290.534 124
-699.041 296.635 124
-697.696 302.673 124
-696.3 308.69 124
-695.848 314.765 124
-695.344 320.835 124
-693.791 326.805 124
-693.182 332.856 124
-692.52 338.903 124
-690.812 344.821 124
-689.054 350.716 124
-688.236 356.725 124
-686.377 362.58 124
-685.456 368.566 124
-684.482 374.543 124
-681.487 380.165 124
-680.412 386.107 124
-680.268 392.231 124
-678.108 397.963 124
-675.9 403.667 124
-674.621 409.56 124
-671.341 414.991 124
-668.99 420.611 124
-667.563 426.442 124
-665.117 432.011 124
-662.625 437.55 124
-661.05 443.326 124
-658.464 448.812 124
-655.833 454.267 124
-653.156 459.69 124
-651.389 465.382 124
-648.621 470.75 124
-644.86 475.767 124
-643.898 481.712 124
-640.996 486.989 124
-637.112 491.89 124
-634.127 497.09 124
-632.034 502.615 124
-629.893 508.121 124
-626.776 513.234 124
-622.695 517.929 124
-620.42 523.353 124
-616.264 527.959 124
-613.903 533.327 124
-610.584 538.259 124
-607.226 543.154 124
-603.83 548.012 124
-600.394 552.832 124
-596.921 557.614 124
-592.519 561.904 124
-589.862 567.063 124
-586.277 571.729 124
-583.535 576.833 124
-578.998 580.944 124
-575.305 585.492 124
-570.711 589.5 124
-567.814 594.468 124
-562.302 597.865 124
-560.185 603.282 124
-557.168 608.157 124
-552.421 611.931 124
-548.491 616.194 124
-544.527 620.415 124
-541.361 625.153 124
-537.33 629.297 124
-531.63 632.251 124
-528.361 636.876 124
-524.243 640.885 124
-520.899 645.445 124
-515.918 648.773 124
-511.713 652.651 124
-507.479 656.486 124
-502.434 659.654 124
-498.928 664.024 124
-493.84 667.09 124
-489.502 670.741 124
-485.899 674.997 124
-480.75 677.91 124
-476.336 681.426 124
-472.64 685.567 124
-467.434 688.324 124
-462.215 691.023 124
-458.437 695.04 124
-453.903 698.329 124
-448.634 700.872 124
-443.356 703.356 124
-439.47 707.208 124
-434.856 710.307 124
-428.156 711.183 124
-424.203 714.902 124
-419.541 717.849 124
-414.861 720.75 124
-409.499 722.855 124
-404.788 725.656 124
-400.06 728.41 124
-394.672 730.351 124
-390.552 733.778 124
-385.773 736.391 124
-380.979 738.956 124
-376.169 741.475 124
-370.127 742.359 124
-364.7 743.973 124
-360.463 747.137 124
-355.022 748.646 124
-350.745 751.726 124
-345.293 753.13 124
-339.844 754.476 124
-334.397 755.765 124
-329.506 757.83 124
-324.605 759.848 124
-319.156 760.975 124
-314.242 762.893 124
-309.842 765.616 124
-304.387 766.586 124
-299.448 768.361 124
-294 769.223 124
-288.068 769.158 124
-273.917 754.16 124
-262.437 743.349 124
-255.862 741.206 124
-251.191 742.534 124
-248.787 748.272 124
-257.01 775.482 124
-252.94 778.604 124
-247.544 778.987 124
-242.583 780.221 124
-237.204 780.498 124
-232.247 781.634 124
-226.489 780.89 124
-221.545 781.926 124
-216.981 783.84 124
-212.027 784.786 124
-206.707 784.756 124
-201.403 784.672 124
-196.116 784.536 124
-191.189 785.288 124
-186.264 785.994 124
-181.341 786.654 124
-176.104 786.32 124
-171.195 786.885 124
-165.99 786.452 124
-161.097 786.924 124
-155.924 786.392 124
-151.049 786.771 124
-146.179 787.106 124
-141.056 786.43 124
-136.207 786.672 124
-131.364 786.871 124
-126.294 786.052 124
-121.474 786.16 124
-116.661 786.224 124
-111.856 786.243 124
-107.061 786.22 124
-102.083 785.171 124
-97.3137 785.058 124
-92.2071 782.933 124
-87.8053 784.704 124
-82.7538 782.487 124
-78.0433 782.2 124
-73.3442 781.871 124
-68.6567 781.5 124
-63.8595 780.094 124
-59.2052 779.638 124
-54.4593 778.146 124
-49.8397 777.606 124
-45.3209 778.021 124
-40.5633 775.406 124
-35.9943 774.743 124
-31.44 774.039 124
-26.9006 773.296 124
-22.3331 771.513 124
-17.8336 770.689 124
-13.324 768.826 124
-8.86578 767.923 124
-4.42432 766.981 124
3.82019e-05 766 124
4.40694 764.981 124
8.79605 763.923 124
13.1409 761.828 124
17.4847 760.695 124
21.7661 758.525 124
25.9587 755.32 124
30.2801 755.075 124
34.5992 754.792 124
38.8373 753.474 124
43.1421 753.116 124
47.1561 749.735 124
51.3235 748.31 124
55.4696 746.85 124
59.4723 744.363 124
63.6968 743.825 124
67.6382 741.27 124
71.8354 740.662 124
75.7143 738.041 124
79.718 736.376 124
83.5248 733.693 124
87.6553 732.946 124
91.5883 731.181 124
94.8992 726.444 124
99.1739 726.576 124
102.809 723.741 124
106.852 722.826 124
110.653 720.903 124
113.703 716.039 124
118.179 716.966 124
121.904 714.951 124
125.602 712.906 124
128.171 706.987 124
132.351 706.81 124
136.245 705.638 124
139.828 703.478 124
143.384 701.29 124
146.912 699.074 124
150.413 696.83 124
154.219 695.5 124
156.645 690.379 124
160.745 689.933 124
164.133 687.58 124
167.858 686.131 124
170.821 682.796 124
174.121 680.365 124
176.22 675.148 124
180.633 675.428 124
183.845 672.923 124
186.612 669.483 124
190.178 667.838 124
193.3 665.261 124
196.39 662.66 124
199.45 660.036 124
202.48 657.389 124
205.016 653.833 124
207.976 651.146 124
210.904 648.437 124
213.316 644.833 124
216.666 642.956 124
220 641.051 124
222.809 638.255 124
226.102 636.296 124
228.332 632.604 124
231.045 629.749 124
233.188 626.032 124
235.829 623.144 124
239.541 621.906 124
242.131 618.973 124
244.688 616.023 124
247.785 613.874 124
250.864 611.698 124
252.16 607.068 124
255.179 604.855 124
258.179 602.615 124
261.159 600.349 124
262.887 596.481 124
265.191 593.391 124
268.091 591.064 124
270.333 587.94 124
272.542 584.803 124
274.067 580.891 124
276.201 577.733 124
278.3 574.561 124
282.373 573.607 124
283.072 568.919 124
286.439 567.169 124
288.421 563.932 124
290.367 560.684 124
292.279 557.425 124
294.156 554.156 124
296.712 551.578 124
298.526 548.283 124
301.03 545.667 124
302.049 541.665 124
304.496 539.019 124
306.919 536.351 124
307.821 532.337 124
310.186 529.64 124
313.287 527.573 124
312.546 522.257 124
315.594 520.156 124
317.853 517.392 124
320.869 515.231 124
322.296 511.806 124
322.895 507.766 124
324.246 504.337 124
326.366 501.498 124
327.652 498.053 124
330.531 495.765 124
330.937 491.725 124
334.595 489.961 124
335.76 486.473 124
336.056 482.431 124
337.984 479.49 124
341.574 477.606 124
340.915 473.028 124
342.761 470.044 124
343.724 466.53 124
347.237 464.538 124
346.41 460 124
349.883 457.954 124
349.848 453.924 124
351.527 450.863 124
351.413 446.85 124
353.917 444.238 124
355.512 441.142 124
357.079 438.033 124
359.518 435.348 124
359.229 431.343 124
358.898 427.357 124
362.165 425.048 124
363.591 421.881 124
364.99 418.702 124
365.44 415.12 124
365.856 411.543 124
366.238 407.97 124
368.445 405.134 124
369.698 401.914 124
369.986 398.332 124
371.179 395.098 124
370.458 391.186 124
372.534 388.274 124
372.691 384.701 124
375.667 382.062 124
375.764 378.478 124
374.871 374.61 124
375.857 371.334 124
377.776 368.325 124
376.78 364.49 124
377.677 361.198 124
379.514 358.149 124
381.326 355.075 124
383.114 351.977 124
380.979 347.956 124
382.708 344.844 124
384.412 341.709 124
384.13 338.152 124
385.779 334.988 124
385.436 331.436 124
384.075 327.723 124
384.651 324.369 124
388.162 321.479 124
386.705 317.793 124
389.175 314.695 124
387.655 311.036 124
387.093 307.529 124
388.487 304.262 124
388.858 300.871 124
389.2 297.476 124
390.508 294.165 124
390.792 290.756 124
390.048 287.275 124
391.269 283.931 124
392.461 280.568 124
390.628 277.055 124
392.761 273.716 124
392.865 270.288 124
389.941 266.806 124
393.985 263.438 124
392 260 124
392.985 256.57 124
390.94 253.176 124
392.865 249.712 124
392.761 246.284 124
394.624 242.77 124
394.459 239.327 124
393.265 235.947 124
393.04 232.516 124
392.785 229.087 124
390.508 225.835 124
393.181 222.141 124
390.847 218.92 124
392.461 215.285 124
392.056 211.862 124
390.629 208.573 124
391.156 205.027 124
391.65 201.467 124
391.125 198.052 124
388.597 194.971 124
388.999 191.409 124
389.369 187.835 124
388.724 184.44 124
389.03 180.851 124
387.346 177.667 124
383.684 174.939 124
0 260 124
0 260 124
0 260 124
0 260 124
0 260 124
0 260 124
0 260 124
0 260 124
72.6792 237.78 124
73.4362 236.846 124
0 260 124
0 260 124
43.4939 245.024 124
39.5909 245.98 124
38.5274 245.977 124
36.5302 246.342 124
36.4096 246.024 124
37.2167 245.34 124
36.1602 245.39 124
35.1074 245.458 124
34.0587 245.543 124
33.9312 245.246 124
33.8012 244.951 124
33.6686 244.656 124
32.6271 244.786 124
33.3957 244.071 124
33.2554 243.78 124
33.1126 243.491 124
32.0762 243.656 124
31.9324 243.377 124
30.0202 244.038 124
29.8798 243.777 124
29.7371 243.516 124
28.7217 243.75 124
28.5788 243.5 124
29.2954 242.744 124
28.2865 243.004 124
28.9898 242.235 124
28.8336 241.983 124
27.8319 242.269 124
28.5148 241.482 124
27.5182 241.786 124
27.3582 241.547 124
27.1962 241.309 124
26.2129 241.646 124
26.0517 241.418 124
25.8885 241.191 124
24.1157 242.155 124
24.7577 241.344 124
32.5275 235.041 124
41.7646 227.37 124
33.6522 233.232 124
26.423 238.603 124
27.0069 237.737 124
23.7474 240.074 124
0 260 124
0 260 124
0 260 124
0 260 124
0 260 124
0 260 124
0 260 124
0 260 124
0 260 124
0 260 124
0 260 124
