-0 260 260
-0 260 260
-0 260 260
-0 260 260
-0 260 260
-0 260 260
-0 260 260
-0 260 260
-15.8489 246.223 260
-22.8122 240.517 260
-26.0455 238.145 260
-27.7785 237.101 260
-33.4173 232.939 260
-43.8261 225.139 260
-39.4005 229.217 260
-27.7674 238.693 260
-26.355 240.14 260
-26.5273 240.371 260
-25.8885 241.191 260
-26.8658 240.837 260
-25.3937 242.219 260
-25.5479 242.441 260
-25.7002 242.665 260
-25.8505 242.89 260
-26.8375 242.572 260
-26.9885 242.806 260
-27.1375 243.043 260
-27.2845 243.28 260
-28.2865 243.004 260
-26.7105 244.266 260
-27.7128 244 260
-27.8514 244.242 260
-27.9878 244.486 260
-29.001 244.254 260
-28.2543 244.977 260
-31.0454 243.839 260
-30.2942 244.564 260
-30.4278 244.829 260
-30.559 245.095 260
-31.5905 244.932 260
-31.7208 245.208 260
-31.8486 245.486 260
-32.8876 245.357 260
-33.0142 245.645 260
-34.0587 245.543 260
-35.1074 245.458 260
-34.3058 246.14 260
-35.3559 246.073 260
-35.4761 246.382 260
-36.5302 246.342 260
-39.4671 245.635 260
-0 260 260
-0 260 260
-0 260 260
-72.2803 236.515 260
-71.5288 237.447 260
-0 260 260
-71.9115 238.699 260
-0 260 260
-0 260 260
-0 260 260
-0 260 260
-0 260 260
-0 260 260
-0 260 260
-0 260 260
-0 260 260
-0 260 260
-0 260 260
-0 260 260
-0 260 260
-0 260 260
-674.591 153.155 260
-674.509 159.194 260
-676.353 164.945 260
-675.174 171.112 260
-676.916 176.885 260
-677.616 182.796 260
-678.264 188.712 260
-677.865 194.729 260
-679.405 200.56 260
-678.901 206.569 260
-679.341 212.496 260
-678.732 218.487 260
-679.068 224.412 260
-678.354 230.383 260
-679.586 236.268 260
-679.767 242.2 260
-679.896 248.132 260
-679.974 254.066 260
-679 260 260
-678.974 265.925 260
-677.897 271.833 260
-679.767 277.8 260
-677.587 283.662 260
-676.356 289.53 260
-677.071 295.484 260
-676.735 301.391 260
-676.348 307.295 260
-673.916 313.038 260
-673.428 318.917 260
-672.888 324.792 260
-671.302 330.557 260
-670.661 336.412 260
-669.969 342.262 260
-668.234 347.975 260
-667.441 353.803 260
-666.597 359.624 260
-664.714 365.28 260
-663.77 371.077 260
-661.791 376.692 260
-659.764 382.28 260
-657.69 387.842 260
-657.529 393.776 260
-655.359 399.301 260
-654.118 405.015 260
-651.854 410.492 260
-649.543 415.942 260
-648.158 421.604 260
-644.786 426.753 260
-643.307 432.374 260
-641.778 437.981 260
-640.2 443.575 260
-636.656 448.586 260
-635.943 454.427 260
-632.314 459.368 260
-629.599 464.569 260
-627.79 470.056 260
-625.933 475.526 260
-621.201 479.979 260
-619.257 485.391 260
-617.267 490.787 260
-614.296 495.806 260
-612.215 501.158 260
-609.16 506.117 260
-606.065 511.04 260
-602.01 515.538 260
-600.674 521.181 260
-596.545 525.599 260
-594.205 530.795 260
-590.006 535.125 260
-588.486 540.693 260
-584.216 544.941 260
-580.812 549.582 260
-578.263 554.64 260
-573.896 558.751 260
-569.501 562.809 260
-567.716 568.245 260
-564.13 572.702 260
-561.379 577.613 260
-555.988 581 260
-552.304 585.332 260
-549.444 590.139 260
-545.69 594.399 260
-542.751 599.148 260
-537.24 602.26 260
-535.072 607.48 260
-530.351 611.032 260
-528.097 616.206 260
-523.32 619.668 260
-519.342 623.648 260
-515.335 627.585 260
-510.49 630.893 260
-506.43 634.738 260
-503.939 639.745 260
-499.813 643.52 260
-495.659 647.251 260
-490.695 650.317 260
-486.493 653.955 260
-483.037 658.185 260
-477.246 660.457 260
-472.972 663.957 260
-469.429 668.069 260
-464.352 670.824 260
-460.75 674.861 260
-457.112 678.866 260
-452.708 682.157 260
-447.556 684.715 260
-442.394 687.215 260
-437.222 689.657 260
-432.749 692.749 260
-428.956 696.509 260
-423.742 698.797 260
-419.208 701.753 260
-416.019 706.126 260
-410.759 708.265 260
-406.162 711.089 260
-401.548 713.867 260
-396.26 715.845 260
-391.617 718.525 260
-387.601 721.925 260
-381.647 722.975 260
-376.963 725.51 260
-373.509 729.565 260
-367.55 730.442 260
-362.822 732.839 260
-358.08 735.188 260
-352.73 736.687 260
-348.557 739.747 260
-342.615 740.328 260
-338.41 743.3 260
-333.613 745.41 260
-329.365 748.303 260
-322.883 747.823 260
-319.158 751.461 260
-313.783 752.541 260
-308.943 754.412 260
-304.094 756.237 260
-298.722 757.157 260
-294.372 759.745 260
-289.5 761.429 260
-284.128 762.195 260
-279.25 763.781 260
-274.843 766.199 260
-268.538 765.046 260
-264.12 767.37 260
-259.229 768.765 260
-244.516 750.424 260
-235.405 742.652 260
-229.893 741.981 260
-224.41 741.249 260
-221.031 745.009 260
-227.772 771.585 260
-224.097 775.388 260
-219.2 776.403 260
-213.92 776.449 260
-208.656 776.441 260
-204.141 778.243 260
-199.253 779.071 260
-194.365 779.853 260
-189.137 779.65 260
-184.261 780.338 260
-179.388 780.981 260
-174.518 781.578 260
-169.341 781.179 260
-164.185 780.729 260
-159.343 781.186 260
-154.504 781.598 260
-149.671 781.965 260
-145.11 783.251 260
-140.28 783.532 260
-135.456 783.768 260
-130.154 782.019 260
-125.594 783.135 260
-120.574 782.262 260
-115.795 782.318 260
-111.025 782.331 260
-106.263 782.3 260
-101.51 782.226 260
-96.767 782.108 260
-92.0335 781.948 260
-87.3101 781.745 260
-82.4409 780.512 260
-77.7477 780.222 260
-72.9267 778.9 260
-68.2652 778.526 260
-63.4939 777.117 260
-58.8656 776.657 260
-54.2502 776.157 260
-49.6481 775.615 260
-45.0595 775.033 260
-40.5633 775.406 260
-35.8548 772.748 260
-31.3789 773.041 260
-26.796 771.298 260
-22.3331 771.513 260
-17.7987 769.689 260
-13.3502 769.825 260
-8.86578 767.923 260
-4.42432 766.981 260
3.82019e-05 766 260
4.39821 763.981 260
8.79605 763.923 260
13.167 762.828 260
17.5196 761.694 260
21.8097 759.524 260
26.1157 758.316 260
30.5243 759.067 260
34.5992 754.792 260
38.8373 753.474 260
43.055 752.12 260
47.3478 751.726 260
51.5326 750.299 260
55.696 748.837 260
59.716 746.348 260
63.9579 745.808 260
68.0557 744.241 260
71.6876 739.673 260
75.8707 739.029 260
80.0481 738.349 260
84.2194 737.632 260
88.0198 734.912 260
91.7792 732.163 260
96.0954 732.324 260
99.7976 729.511 260
103.458 726.669 260
107.527 725.749 260
111.12 722.848 260
115.397 722.831 260
118.931 719.87 260
122.939 718.815 260
126.404 715.797 260
130.101 713.716 260
134.055 712.563 260
137.707 710.42 260
141.332 708.247 260
144.002 703.192 260
148.499 703.815 260
152.04 701.557 260
155.22 698.328 260
159.039 696.957 260
162.496 694.616 260
165.208 690.381 260
168.224 687.062 260
172.694 687.432 260
175.652 684.061 260
179.346 682.512 260
182.228 679.096 260
185.879 677.49 260
189.515 675.852 260
193.137 674.183 260
195.883 670.676 260
199.021 668.052 260
202.574 666.3 260
205.658 663.626 260
208.71 660.929 260
211.732 658.209 260
214.721 655.468 260
217.68 652.704 260
219.621 648.179 260
223.5 647.113 260
226.87 645.148 260
229.707 642.297 260
231.989 638.572 260
234.754 635.685 260
238.561 634.466 260
240.186 629.854 260
243.956 628.578 260
245.486 623.947 260
248.652 621.791 260
251.8 619.608 260
254.348 616.583 260
256.862 613.54 260
260.532 612.089 260
262.993 609.004 260
265.42 605.902 260
268.428 603.573 260
270.794 600.435 260
272.496 596.504 260
275.422 594.113 260
278.327 591.697 260
279.912 587.735 260
283.418 586.035 260
285.589 582.8 260
287.057 578.809 260
290.504 577.029 260
292.577 573.751 260
293.927 569.735 260
297.314 567.877 260
299.989 565.271 260
301.935 561.935 260
303.131 557.886 260
305.719 555.23 260
308.284 552.551 260
310.094 549.167 260
311.868 545.775 260
313.607 542.373 260
314.561 538.3 260
318.487 536.857 260
319.371 532.768 260
320.973 529.328 260
323.311 526.517 260
326.401 524.315 260
327.13 520.211 260
330.177 517.962 260
332.415 515.071 260
334.628 512.16 260
336.012 508.636 260
336.551 504.519 260
340.3 502.734 260
339.948 498.034 260
342.837 495.625 260
345.709 493.183 260
348.564 490.71 260
348.887 486.57 260
349.164 482.442 260
351.092 479.387 260
352.993 476.314 260
354.01 472.711 260
356.714 470.121 260
358.535 467 260
358.587 462.878 260
362.093 460.711 260
362.951 457.067 260
364.657 453.892 260
365.448 450.24 260
366.204 446.59 260
368.713 443.833 260
370.303 440.609 260
372.768 437.801 260
372.493 433.696 260
373.084 430.024 260
376.381 427.575 260
375.995 423.487 260
377.407 420.2 260
379.714 417.283 260
380.145 413.589 260
382.402 410.632 260
383.702 407.289 260
384.972 403.935 260
384.334 399.886 260
385.54 396.527 260
384.826 392.506 260
386.916 389.46 260
388.982 386.388 260
388.163 382.387 260
393.041 380.165 260
392.157 376.162 260
394.117 373.011 260
394.125 369.3 260
394.098 365.598 260
394.036 361.905 260
396.851 358.946 260
397.699 355.479 260
399.492 352.23 260
399.305 348.524 260
398.106 344.62 260
400.789 341.541 260
399.522 337.659 260
401.168 334.352 260
402.786 331.022 260
403.391 327.504 260
401.989 323.669 260
404.507 320.454 260
405.02 316.922 260
404.51 313.255 260
404.959 309.723 260
407.364 306.413 260
407.754 302.857 260
406.122 299.105 260
405.451 295.472 260
408.736 292.168 260
409.001 288.6 260
407.239 284.908 260
407.441 281.353 260
406.613 277.753 260
410.75 274.344 260
409.86 270.733 260
410.937 267.173 260
410.984 263.587 260
410 260 260
409.984 256.422 260
409.938 252.845 260
409.86 249.267 260
408.751 245.726 260
412.607 241.985 260
411.435 238.438 260
411.232 234.848 260
410.996 231.26 260
410.73 227.675 260
410.432 224.092 260
411.099 220.416 260
409.743 216.934 260
410.345 213.247 260
408.929 209.79 260
409.467 206.093 260
409.971 202.382 260
409.453 198.807 260
408.903 195.236 260
408.322 191.67 260
407.71 188.11 260
407.068 184.554 260
407.375 180.814 260
406.669 177.262 260
404.953 173.925 260
404.187 170.394 260
0 260 260
0 260 260
0 260 260
0 260 260
0 260 260
0 260 260
0 260 260
0 260 260
70.7666 238.364 260
70.5751 237.748 260
0 260 260
0 260 260
0 260 260
39.5909 245.98 260
37.5877 246.319 260
36.5302 246.342 260
36.4096 246.024 260
35.3559 246.073 260
35.233 245.765 260
36.0313 245.075 260
34.0587 245.543 260
33.9312 245.246 260
32.8876 245.357 260
32.7586 245.071 260
32.6271 244.786 260
33.3957 244.071 260
34.1542 243.342 260
32.2176 243.937 260
31.1852 244.11 260
31.0454 243.839 260
30.9032 243.568 260
29.8798 243.777 260
28.8625 244.001 260
28.7217 243.75 260
28.5788 243.5 260
27.5721 243.759 260
29.1437 242.489 260
28.9898 242.235 260
28.8336 241.983 260
27.8319 242.269 260
27.6761 242.027 260
27.5182 241.786 260
26.5292 242.106 260
26.372 241.875 260
26.2129 241.646 260
26.0517 241.418 260
25.0795 241.779 260
24.1157 242.155 260
23.1604 242.547 260
34.1142 233.823 260
40.1885 228.601 260
34.4348 232.609 260
25.6458 239.232 260
26.2352 238.373 260
22.9813 240.716 260
0 260 260
0 260 260
0 260 260
0 260 260
0 260 260
0 260 260
0 260 260
0 260 260
0 260 260
0 260 260
0 260 260
