-0 260 137
-0 260 137
-0 260 137
-0 260 137
-0 260 137
-0 260 137
-0 260 137
-0 260 137
-16.6036 245.567 137
-22.8122 240.517 137
-26.8116 237.502 137
-26.2352 238.373 137
-34.1944 232.31 137
-43.0435 225.762 137
-40.9766 227.986 137
-28.5607 238.085 137
-25.5563 240.742 137
-26.5273 240.371 137
-26.6976 240.603 137
-26.8658 240.837 137
-25.3937 242.219 137
-26.372 241.875 137
-25.7002 242.665 137
-27.5182 241.786 137
-26.8375 242.572 137
-27.8319 242.269 137
-27.9856 242.513 137
-27.2845 243.28 137
-27.4294 243.519 137
-27.5721 243.759 137
-27.7128 244 137
-27.8514 244.242 137
-27.9878 244.486 137
-29.001 244.254 137
-30.0202 244.038 137
-30.1584 244.301 137
-31.1852 244.11 137
-30.4278 244.829 137
-31.4578 244.657 137
-31.5905 244.932 137
-32.6271 244.786 137
-32.7586 245.071 137
-32.8876 245.357 137
-33.0142 245.645 137
-34.9792 245.152 137
-35.1074 245.458 137
-35.233 245.765 137
-33.495 246.806 137
-36.4096 246.024 137
-37.4669 245.992 137
-40.4068 245.293 137
-0 260 137
-0 260 137
-0 260 137
-71.3292 236.824 137
-72.4825 237.146 137
-0 260 137
-0 260 137
-0 260 137
-0 260 137
-0 260 137
-0 260 137
-0 260 137
-0 260 137
-0 260 137
-0 260 137
-0 260 137
-0 260 137
-0 260 137
-0 260 137
-0 260 137
-0 260 137
-725.951 145.021 137
-727.916 151.212 137
-728.837 157.569 137
-727.721 164.194 137
-728.529 170.548 137
-728.288 177.022 137
-728.985 183.381 137
-729.625 189.745 137
-730.211 196.115 137
-730.74 202.49 137
-731.214 208.869 137
-730.635 215.313 137
-730.997 221.69 137
-731.303 228.071 137
-731.554 234.454 137
-731.749 240.839 137
-730.889 247.242 137
-730.972 253.621 137
-730 260 137
-729.972 266.37 137
-729.889 272.74 137
-728.75 279.083 137
-730.555 285.512 137
-729.305 291.842 137
-729 298.205 137
-726.642 304.443 137
-727.224 310.853 137
-726.753 317.197 137
-726.226 323.537 137
-724.648 329.776 137
-724.012 336.097 137
-722.327 342.299 137
-720.588 348.477 137
-718.798 354.632 137
-717.944 360.901 137
-718.026 367.31 137
-714.099 373.102 137
-713.084 379.33 137
-712.016 385.548 137
-709.91 391.574 137
-708.735 397.764 137
-707.506 403.944 137
-705.244 409.904 137
-702.933 415.837 137
-700.572 421.74 137
-698.162 427.614 137
-696.672 433.7 137
-694.162 439.523 137
-690.637 445.056 137
-688.996 451.076 137
-687.302 457.081 137
-685.556 463.071 137
-682.802 468.753 137
-678.093 473.802 137
-678.103 480.329 137
-674.258 485.604 137
-670.373 490.828 137
-669.275 497.003 137
-664.363 501.808 137
-662.227 507.597 137
-659.108 513.008 137
-655.944 518.383 137
-650.883 522.974 137
-649.487 529.027 137
-646.194 534.293 137
-642.859 539.523 137
-638.568 544.309 137
-636.973 550.285 137
-632.603 554.988 137
-629.102 560.066 137
-624.662 564.668 137
-621.084 569.661 137
-618.358 575.069 137
-614.698 579.992 137
-609.234 583.935 137
-606.384 589.24 137
-602.613 594.034 137
-598.805 598.787 137
-594.959 603.5 137
-590.216 607.664 137
-587.16 612.801 137
-582.353 616.867 137
-578.369 621.405 137
-573.506 625.364 137
-569.457 629.81 137
-565.375 634.213 137
-561.258 638.574 137
-557.109 642.891 137
-552.108 646.591 137
-547.086 650.232 137
-542.85 654.404 137
-539.388 659.126 137
-533.488 662.012 137
-529.96 666.653 137
-524.815 670.031 137
-519.652 673.35 137
-516.025 677.869 137
-510.815 681.084 137
-504.057 682.954 137
-501.107 687.986 137
-495.844 691.031 137
-491.315 694.679 137
-486.017 697.611 137
-481.442 701.16 137
-476.111 703.981 137
-470.768 706.742 137
-466.851 710.833 137
-460.76 712.787 137
-456.084 716.084 137
-450.685 718.62 137
-445.971 721.816 137
-440.547 724.24 137
-436.479 728.066 137
-431.027 730.383 137
-424.898 731.897 137
-420.764 735.587 137
-414.629 736.977 137
-409.802 739.816 137
-404.313 741.842 137
-399.457 744.58 137
-393.955 746.493 137
-389.072 749.13 137
-384.173 751.719 137
-377.432 751.879 137
-373.125 755.154 137
-367.006 755.98 137
-362.076 758.355 137
-356.552 759.867 137
-350.455 760.502 137
-346.074 763.541 137
-341.108 765.713 137
-335.578 767.003 137
-330.596 769.073 137
-324.529 769.408 137
-319.011 770.525 137
-308.274 763.058 137
-290.481 743.442 137
-284.729 743.374 137
-279 743.242 137
-277.727 750.881 137
-284.583 773.402 137
-282.001 779.381 137
-275.58 778.29 137
-270.585 779.788 137
-265.13 780.348 137
-260.133 781.747 137
-254.694 782.199 137
-250.127 784.402 137
-244.273 783.846 137
-238.863 784.138 137
-233.467 784.375 137
-228.882 786.393 137
-223.107 785.608 137
-217.747 785.687 137
-212.402 785.713 137
-207.073 785.686 137
-201.761 785.606 137
-196.816 786.41 137
-192.215 788.107 137
-186.598 786.937 137
-181.341 786.654 137
-176.421 787.268 137
-170.886 785.934 137
-165.99 786.452 137
-160.804 785.968 137
-155.924 786.392 137
-150.774 785.81 137
-145.912 786.142 137
-140.798 785.464 137
-135.706 784.736 137
-130.638 783.96 137
-125.827 784.107 137
-120.799 783.237 137
-115.795 782.318 137
-110.609 780.375 137
-105.864 780.34 137
-101.32 781.244 137
-96.2203 779.159 137
-91.5125 778.994 137
-86.6499 777.8 137
-81.8152 776.561 137
-77.0087 775.277 137
-72.5091 775.93 137
-67.6125 773.568 137
-62.8845 772.154 137
-58.2996 771.69 137
-53.7276 771.184 137
-49.1688 770.638 137
-44.5365 769.055 137
-39.9356 767.431 137
-35.4362 766.763 137
-30.8905 765.056 137
-26.3249 762.311 137
-21.8969 761.522 137
-17.5195 761.694 137
-13.0884 759.829 137
-8.69126 757.924 137
-4.32832 755.981 137
3.73715e-05 755 137
4.30222 752.981 137
8.58662 751.925 137
12.7744 747.833 137
17.031 747.703 137
21.1991 745.537 137
25.4353 745.334 137
29.4865 742.099 137
33.5529 739.828 137
37.7389 739.517 137
41.7476 737.177 137
45.8143 735.799 137
49.5465 731.403 137
53.7716 731.947 137
57.6442 729.474 137
61.7389 728.953 137
65.4114 725.426 137
69.1748 722.859 137
73.2114 722.238 137
77.0773 720.595 137
80.7464 717.936 137
84.5573 716.23 137
88.1538 713.512 137
91.5099 709.785 137
95.2236 707.992 137
99.1294 707.144 137
102.353 703.338 137
106.218 702.428 137
109.591 699.544 137
112.921 696.635 137
116.21 693.701 137
120.257 693.634 137
123.486 690.645 137
126.671 687.634 137
130.398 686.512 137
133.513 683.45 137
137.204 682.269 137
139.931 678.211 137
142.924 675.083 137
145.874 671.934 137
149.463 670.646 137
153.041 669.326 137
156.248 667.041 137
158.695 662.871 137
161.455 659.616 137
164.937 658.192 137
168.014 655.817 137
170.665 652.502 137
174.49 651.911 137
177.489 649.463 137
180.035 646.087 137
183.398 644.501 137
185.869 641.089 137
188.295 637.662 137
190.676 634.223 137
193.934 632.545 137
196.239 629.072 137
199.452 627.346 137
202.65 625.591 137
204.848 622.068 137
208 620.267 137
210.121 616.714 137
212.196 613.153 137
214.224 609.582 137
216.737 606.852 137
219.218 604.104 137
222.757 603.016 137
224.638 599.392 137
227.032 596.589 137
229.961 594.595 137
231.151 590.118 137
234.604 588.903 137
236.29 585.225 137
239.119 583.15 137
240.124 578.656 137
243.505 577.341 137
246.265 575.204 137
248.383 572.261 137
249.84 568.527 137
251.251 564.792 137
253.901 562.588 137
255.883 559.6 137
257.831 556.601 137
259.084 552.842 137
262.299 551.313 137
264.156 548.275 137
266.661 545.959 137
267.77 542.171 137
269.527 539.104 137
272.654 537.454 137
272.943 532.943 137
276.028 531.252 137
276.946 527.443 137
279.269 525.017 137
280.84 521.887 137
283.852 520.102 137
283.881 515.608 137
285.352 512.458 137
287.544 509.958 137
288.954 506.79 137
291.863 504.902 137
293.217 501.71 137
294.538 498.512 137
295.826 495.311 137
297.08 492.104 137
298.301 488.894 137
301.086 486.884 137
302.25 483.653 137
301.763 479.244 137
305.293 477.764 137
308.001 475.665 137
308.223 471.836 137
310.06 469.138 137
310.206 465.321 137
313.663 463.695 137
314.585 460.413 137
314.626 456.6 137
316.33 453.847 137
318.009 451.079 137
319.664 448.297 137
321.295 445.5 137
320.291 441.212 137
321.86 438.41 137
323.405 435.594 137
324.042 432.296 137
325.533 429.462 137
326.999 426.615 137
328.441 423.755 137
328.959 420.444 137
330.346 417.567 137
331.709 414.678 137
333.046 411.778 137
332.531 408.052 137
333.81 405.145 137
335.064 402.226 137
336.292 399.297 137
335.641 395.608 137
337.742 393.04 137
337.956 389.729 137
339.075 386.775 137
340.169 383.811 137
340.294 380.504 137
341.332 377.53 137
343.293 374.864 137
343.331 371.555 137
344.292 368.555 137
345.226 365.546 137
345.175 362.246 137
347.015 359.505 137
348.834 356.74 137
348.699 353.434 137
349.501 350.387 137
349.306 347.092 137
350.053 344.04 137
349.799 340.757 137
350.49 337.702 137
353.111 335.056 137
352.773 331.772 137
351.423 328.31 137
352.005 325.24 137
354.531 322.513 137
355.063 319.417 137
354.58 316.16 137
355.057 313.064 137
355.506 309.963 137
355.929 306.859 137
356.324 303.751 137
355.699 300.527 137
358.028 297.63 137
358.343 294.504 137
358.63 291.376 137
357.893 288.167 137
358.125 285.043 137
357.332 281.855 137
358.508 278.789 137
357.659 275.616 137
358.781 272.529 137
356.878 269.345 137
357.945 266.248 137
358.986 263.133 137
359 260 137
359.986 256.858 137
359.945 253.717 137
357.877 250.629 137
359.781 247.436 137
358.658 244.341 137
360.505 241.107 137
360.327 237.961 137
361.118 234.748 137
359.887 231.676 137
360.622 228.45 137
359.338 225.4 137
359.022 222.265 137
360.667 218.907 137
360.294 215.761 137
359.894 212.619 137
358.477 209.619 137
358.024 206.493 137
358.531 203.214 137
358.022 200.088 137
355.516 197.313 137
355.938 194.031 137
355.349 190.927 137
355.713 187.629 137
354.089 184.736 137
353.419 181.649 137
0 260 137
0 260 137
0 260 137
0 260 137
0 260 137
0 260 137
0 260 137
0 260 137
71.7229 238.072 137
70.5751 237.748 137
0 260 137
0 260 137
0 260 137
39.5909 245.98 137
38.5274 245.977 137
36.5302 246.342 137
36.4096 246.024 137
37.2167 245.34 137
35.233 245.765 137
35.1074 245.458 137
34.0587 245.543 137
34.8483 244.848 137
33.8012 244.951 137
33.6686 244.656 137
32.6271 244.786 137
34.2982 243.641 137
34.1542 243.342 137
33.1126 243.491 137
32.0762 243.656 137
31.9324 243.377 137
30.9032 243.568 137
29.8798 243.777 137
30.6117 243.032 137
28.7217 243.75 137
28.5788 243.5 137
28.4338 243.251 137
30.0009 241.974 137
29.8424 241.713 137
28.8336 241.983 137
27.8319 242.269 137
27.6761 242.027 137
28.3521 241.234 137
26.5292 242.106 137
27.1962 241.309 137
27.032 241.072 137
25.2376 241.998 137
25.8885 241.191 137
25.7234 240.966 137
23.9591 241.946 137
34.9075 233.214 137
42.5526 226.754 137
32.8695 233.854 137
27.2001 237.974 137
27.7785 237.101 137
24.5134 239.431 137
0 260 137
0 260 137
0 260 137
0 260 137
0 260 137
0 260 137
0 260 137
0 260 137
0 260 137
0 260 137
0 260 137
