-0 260 256
-0 260 256
-0 260 256
-0 260 256
-0 260 256
-0 260 256
-0 260 256
-0 260 256
-17.3583 244.911 256
-23.5726 239.867 256
-26.0455 238.145 256
-27.7785 237.101 256
-33.4173 232.939 256
-43.8261 225.139 256
-40.9766 227.986 256
-26.974 239.302 256
-25.5563 240.742 256
-27.3311 239.776 256
-26.6976 240.603 256
-26.8658 240.837 256
-26.2129 241.646 256
-26.372 241.875 256
-26.5292 242.106 256
-26.6843 242.338 256
-25.9988 243.116 256
-26.9885 242.806 256
-27.1375 243.043 256
-27.2845 243.28 256
-28.2865 243.004 256
-27.5721 243.759 256
-28.5788 243.5 256
-27.8514 244.242 256
-27.9878 244.486 256
-28.1222 244.731 256
-30.0202 244.038 256
-30.1584 244.301 256
-31.1852 244.11 256
-32.2176 243.937 256
-30.559 245.095 256
-31.5905 244.932 256
-31.7208 245.208 256
-32.7586 245.071 256
-32.8876 245.357 256
-33.0142 245.645 256
-34.0587 245.543 256
-35.1074 245.458 256
-34.3058 246.14 256
-34.4255 246.439 256
-35.4761 246.382 256
-37.4669 245.992 256
-39.4671 245.635 256
-0 260 256
-0 260 256
-0 260 256
-71.3292 236.824 256
-72.4825 237.146 256
-0 260 256
-70.9527 238.983 256
-0 260 256
-0 260 256
-0 260 256
-0 260 256
-0 260 256
-0 260 256
-0 260 256
-0 260 256
-0 260 256
-0 260 256
-0 260 256
-0 260 256
-0 260 256
-0 260 256
-673.603 153.312 256
-673.52 159.342 256
-674.373 165.223 256
-674.183 171.242 256
-674.931 177.129 256
-675.629 183.022 256
-675.28 189.025 256
-676.869 194.825 256
-676.416 200.821 256
-677.904 206.648 256
-677.346 212.635 256
-677.734 218.548 256
-679.068 224.412 256
-677.355 230.426 256
-678.586 236.303 256
-677.768 242.252 256
-677.897 248.167 256
-677.974 254.084 256
-679 260 256
-676.974 265.908 256
-677.897 271.833 256
-677.768 277.748 256
-676.588 283.627 256
-676.356 289.53 256
-675.074 295.379 256
-673.741 301.208 256
-673.356 307.086 256
-672.919 312.96 256
-673.428 318.917 256
-671.892 324.696 256
-671.302 330.557 256
-669.667 336.299 256
-667.984 342.018 256
-668.234 347.975 256
-666.45 353.664 256
-665.608 359.476 256
-664.714 365.28 256
-662.784 370.912 256
-661.791 376.692 256
-659.764 382.28 256
-657.69 387.842 256
-656.55 393.577 256
-655.359 399.301 256
-654.118 405.015 256
-652.828 410.717 256
-650.515 416.175 256
-648.158 421.604 256
-646.723 427.254 256
-645.238 432.891 256
-641.778 437.981 256
-639.239 443.299 256
-637.615 448.87 256
-634.986 454.135 256
-634.222 459.969 256
-630.55 464.878 256
-628.739 470.373 256
-625.933 475.526 256
-624.029 480.98 256
-621.137 486.075 256
-618.204 491.137 256
-615.229 496.165 256
-613.145 501.524 256
-610.087 506.491 256
-607.913 511.806 256
-604.772 516.71 256
-602.508 521.978 256
-599.286 526.819 256
-596.935 532.039 256
-591.819 535.97 256
-589.388 541.124 256
-585.115 545.38 256
-582.602 550.475 256
-580.936 556.002 256
-577.444 560.598 256
-573.916 565.157 256
-571.231 570.153 256
-565.879 573.672 256
-563.12 578.598 256
-559.452 583 256
-555.751 587.362 256
-552.016 591.685 256
-548.248 595.967 256
-545.295 600.738 256
-542.301 605.484 256
-536.749 608.569 256
-533.687 613.24 256
-528.926 616.765 256
-524.968 620.801 256
-520.162 624.221 256
-517.777 629.327 256
-512.917 632.656 256
-508.841 636.523 256
-505.536 640.949 256
-501.399 644.737 256
-497.235 648.482 256
-491.478 650.939 256
-488.825 655.843 256
-483.037 658.185 256
-479.544 662.385 256
-474.493 665.256 256
-470.939 669.381 256
-465.85 672.15 256
-461.493 675.53 256
-457.112 678.866 256
-451.977 681.475 256
-448.281 685.403 256
-443.113 687.91 256
-439.362 691.76 256
-434.871 694.871 256
-430.358 697.936 256
-425.826 700.955 256
-420.585 703.204 256
-415.337 705.394 256
-412.11 709.739 256
-407.5 712.575 256
-402.21 714.616 256
-396.916 716.599 256
-392.267 719.285 256
-388.244 722.691 256
-382.919 724.518 256
-377.592 726.288 256
-372.264 728 256
-367.55 730.442 256
-363.431 733.632 256
-358.682 735.987 256
-352.73 736.687 256
-349.144 740.556 256
-343.776 741.956 256
-338.41 743.3 256
-333.613 745.41 256
-328.805 747.474 256
-323.987 749.491 256
-318.614 750.622 256
-313.783 752.541 256
-308.943 754.412 256
-303.572 755.384 256
-298.722 757.157 256
-293.865 758.883 256
-288.5 759.697 256
-283.636 761.325 256
-278.281 762.032 256
-273.889 764.441 256
-268.538 765.046 256
-263.658 766.483 256
-258.321 766.983 256
-243.624 748.634 256
-233.652 739.057 256
-227.74 737.468 256
-223.565 739.437 256
-222.69 748.649 256
-227.772 771.585 256
-222.901 772.637 256
-218.809 775.483 256
-213.92 776.449 256
-208.656 776.441 256
-203.408 776.382 256
-198.177 776.27 256
-193.314 777.043 256
-188.795 778.71 256
-183.594 778.453 256
-178.737 779.09 256
-173.883 779.681 256
-168.723 779.277 256
-164.185 780.729 256
-158.758 779.273 256
-154.22 780.639 256
-149.12 780.043 256
-144.309 780.36 256
-139.503 780.634 256
-134.204 778.927 256
-129.67 780.079 256
-124.66 779.246 256
-119.899 779.339 256
-115.146 779.389 256
-110.609 780.375 256
-105.665 779.36 256
-100.747 778.299 256
-96.2203 779.159 256
-91.3389 778.009 256
-86.6499 777.8 256
-81.8152 776.561 256
-77.1565 776.266 256
-72.6483 776.92 256
-67.8736 775.551 256
-63.2501 775.131 256
-58.526 773.677 256
-54.0412 774.168 256
-49.5522 774.62 256
-44.7109 771.048 256
-40.3279 772.416 256
-35.7153 770.753 256
-31.1958 770.047 256
-26.6913 769.301 256
-22.2022 768.516 256
-17.7289 767.691 256
-13.2455 765.827 256
-8.81343 764.923 256
-4.39814 763.981 256
3.78999e-05 762 256
4.38076 761.981 256
8.74369 760.924 256
13.0885 759.829 256
17.38 757.697 256
21.6789 756.527 256
25.9063 754.322 256
30.2191 754.077 256
34.4597 752.797 256
38.6019 750.483 256
42.8807 750.128 256
46.9645 747.744 256
51.219 747.316 256
55.2432 744.863 256
59.3504 743.37 256
63.4358 741.842 256
67.3598 739.29 256
71.392 737.695 256
75.5579 737.053 256
79.553 735.39 256
83.5248 733.693 256
87.4731 731.962 256
91.3975 730.199 256
95.2979 728.404 256
99.1739 726.576 256
102.809 723.741 256
107.077 723.8 256
110.42 719.931 256
114.671 719.92 256
118.179 716.966 256
121.645 713.985 256
125.335 711.943 256
128.447 707.948 256
132.351 706.81 256
136.538 706.594 256
140.129 704.432 256
143.075 700.339 256
147.229 700.022 256
150.738 697.775 256
154.219 695.5 256
156.987 691.319 256
160.745 689.933 256
163.774 686.646 256
167.491 685.201 256
171.195 683.723 256
174.121 680.365 256
178.173 679.75 256
181.431 677.262 256
184.252 673.836 256
187.027 670.393 256
190.178 667.838 256
193.73 666.163 256
197.267 664.457 256
200.343 661.826 256
203.388 659.171 256
206.863 657.381 256
209.384 653.795 256
212.813 651.952 256
215.74 649.206 256
219.129 647.308 256
221.5 643.649 256
224.332 640.84 256
226.102 636.296 256
230.422 636.014 256
233.694 633.989 256
235.875 630.249 256
238.007 626.499 256
241.196 624.408 256
243.249 620.631 256
245.82 617.671 256
249.506 616.331 256
253.187 614.954 256
255.099 611.113 256
257.558 608.07 256
259.382 604.212 256
262.985 602.729 256
264.119 598.057 256
268.304 597.304 256
270.608 594.173 256
272.878 591.027 256
275.113 587.867 256
278.613 586.214 256
280.793 583.016 256
281.614 578.306 256
285.719 577.323 256
287.126 573.343 256
289.167 570.094 256
292.551 568.284 256
294.535 565 256
297.186 562.418 256
298.399 558.399 256
300.992 555.784 256
302.842 552.451 256
306.108 550.486 256
307.169 546.439 256
308.919 543.072 256
310.635 539.697 256
313.812 537.638 256
314.714 533.577 256
316.329 530.17 256
317.908 526.757 256
321.767 525.245 256
321.738 520.539 256
324 517.721 256
326.236 514.884 256
327.655 511.418 256
329.836 508.55 256
333.601 506.851 256
334.933 503.343 256
336.23 499.83 256
337.491 496.313 256
340.364 493.926 256
342.393 490.947 256
343.561 487.398 256
346.371 484.936 256
347.477 481.367 256
348.548 477.797 256
350.435 474.747 256
351.439 471.166 256
354.991 469.106 256
355.936 465.5 256
357.716 462.386 256
358.594 458.772 256
361.194 456.112 256
361.126 452.014 256
362.787 448.855 256
364.422 445.682 256
366.028 442.495 256
366.708 438.855 256
368.255 435.649 256
369.774 432.428 256
370.354 428.78 256
372.727 425.949 256
374.161 422.69 256
374.645 419.028 256
376.019 415.752 256
379.218 413.214 256
379.61 409.532 256
380.901 406.214 256
381.226 402.534 256
383.395 399.544 256
382.712 395.526 256
384.826 392.506 256
386.916 389.46 256
384.227 384.843 256
387.209 382.087 256
388.26 378.703 256
391.198 375.878 256
391.234 372.184 256
390.27 368.232 256
391.2 364.822 256
393.068 361.654 256
393.94 358.22 256
394.782 354.779 256
395.594 351.33 256
396.376 347.874 256
397.128 344.412 256
396.87 340.744 256
398.541 337.468 256
399.201 333.988 256
399.832 330.501 256
399.446 326.844 256
401.001 323.512 256
400.551 319.863 256
402.049 316.504 256
403.518 313.124 256
401.981 309.357 256
404.384 306.074 256
402.781 302.334 256
407.117 299.201 256
405.451 295.472 256
405.745 291.933 256
407.006 288.461 256
407.239 284.908 256
407.441 281.353 256
407.612 277.797 256
407.751 274.239 256
405.861 270.628 256
407.938 267.121 256
408.984 263.569 256
409 260 256
408.984 256.431 256
407.938 252.879 256
407.86 249.32 256
408.751 245.726 256
409.61 242.116 256
408.439 238.595 256
407.239 235.092 256
409.999 231.33 256
409.733 227.753 256
410.432 224.092 256
410.103 220.512 256
408.748 217.039 256
410.345 213.247 256
407.936 209.912 256
408.475 206.223 256
409.971 202.382 256
409.453 198.807 256
406.928 195.549 256
407.336 191.835 256
405.741 188.457 256
407.068 184.554 256
405.412 181.196 256
406.669 177.262 256
405.931 173.717 256
402.234 170.827 256
0 260 256
0 260 256
0 260 256
0 260 256
0 260 256
0 260 256
0 260 256
0 260 256
71.7229 238.072 256
72.4825 237.146 256
0 260 256
0 260 256
0 260 256
39.5909 245.98 256
37.5877 246.319 256
37.4669 245.992 256
36.4096 246.024 256
36.2863 245.706 256
35.233 245.765 256
34.1835 245.841 256
34.0587 245.543 256
34.8483 244.848 256
33.8012 244.951 256
31.8486 245.486 256
32.6271 244.786 256
33.3957 244.071 256
33.2554 243.78 256
34.0075 243.044 256
31.1852 244.11 256
31.9324 243.377 256
30.0202 244.038 256
29.8798 243.777 256
29.7371 243.516 256
29.5921 243.258 256
27.7128 244 256
29.2954 242.744 256
29.1437 242.489 256
29.8424 241.713 256
28.8336 241.983 256
29.5187 241.195 256
28.5148 241.482 256
28.3521 241.234 256
27.3582 241.547 256
26.372 241.875 256
27.032 241.072 256
25.2376 241.998 256
25.8885 241.191 256
24.1157 242.155 256
24.7577 241.344 256
34.9075 233.214 256
39.4005 229.217 256
35.2174 231.987 256
25.6458 239.232 256
27.0069 237.737 256
22.2153 241.359 256
0 260 256
0 260 256
0 260 256
0 260 256
0 260 256
0 260 256
0 260 256
0 260 256
0 260 256
0 260 256
0 260 256
