-0 260 200
-0 260 200
-0 260 200
-0 260 200
-0 260 200
-0 260 200
-0 260 200
-0 260 200
-16.6036 245.567 200
-22.8122 240.517 200
-26.0455 238.145 200
-27.0069 237.737 200
-34.1944 232.31 200
-43.8261 225.139 200
-40.9766 227.986 200
-26.974 239.302 200
-26.355 240.14 200
-27.3311 239.776 200
-26.6976 240.603 200
-26.8658 240.837 200
-26.2129 241.646 200
-25.5479 242.441 200
-25.7002 242.665 200
-26.6843 242.338 200
-26.8375 242.572 200
-27.8319 242.269 200
-27.9856 242.513 200
-27.2845 243.28 200
-29.1437 242.489 200
-27.5721 243.759 200
-28.5788 243.5 200
-26.981 244.735 200
-27.9878 244.486 200
-28.1222 244.731 200
-30.0202 244.038 200
-30.1584 244.301 200
-30.2942 244.564 200
-29.5328 245.275 200
-30.559 245.095 200
-30.6879 245.363 200
-30.8145 245.631 200
-30.9387 245.9 200
-32.8876 245.357 200
-33.9312 245.246 200
-34.0587 245.543 200
-34.1835 245.841 200
-35.233 245.765 200
-34.4255 246.439 200
-36.4096 246.024 200
-36.5302 246.342 200
-38.5274 245.977 200
-42.4189 244.979 200
-0 260 200
-0 260 200
-72.2803 236.515 200
-72.4825 237.146 200
-0 260 200
-0 260 200
-0 260 200
-0 260 200
-0 260 200
-0 260 200
-0 260 200
-0 260 200
-0 260 200
-0 260 200
-0 260 200
-0 260 200
-0 260 200
-0 260 200
-0 260 200
-0 260 200
-729.902 144.395 200
-730.883 150.769 200
-731.808 157.151 200
-732.678 163.541 200
-732.499 170.061 200
-733.256 176.456 200
-734.952 182.754 200
-734.602 189.266 200
-734.196 195.766 200
-735.725 202.097 200
-735.205 208.59 200
-733.629 215.129 200
-735.99 221.429 200
-736.299 227.853 200
-735.552 234.314 200
-735.748 240.734 200
-734.888 247.173 200
-734.972 253.586 200
-735 260 200
-734.972 266.414 200
-734.888 272.828 200
-733.748 279.214 200
-733.553 285.616 200
-732.302 291.973 200
-731.995 298.362 200
-730.635 304.688 200
-731.214 311.132 200
-728.747 317.354 200
-728.218 323.711 200
-726.639 329.968 200
-726.001 336.306 200
-724.314 342.525 200
-723.566 348.843 200
-721.772 355.023 200
-720.915 361.318 200
-719.015 367.458 200
-718.049 373.728 200
-715.057 379.66 200
-713.001 385.721 200
-711.877 391.939 200
-709.716 397.955 200
-707.506 403.944 200
-706.223 410.112 200
-704.886 416.27 200
-702.521 422.19 200
-699.134 427.847 200
-696.672 433.7 200
-695.13 439.773 200
-692.569 445.573 200
-689.959 451.343 200
-688.263 457.356 200
-684.597 462.787 200
-681.845 468.461 200
-679.046 474.103 200
-676.201 479.711 200
-673.31 485.286 200
-670.373 490.828 200
-667.39 496.335 200
-665.302 502.15 200
-661.291 507.246 200
-659.108 513.008 200
-654.084 517.65 200
-651.81 523.349 200
-648.563 528.644 200
-645.274 533.903 200
-641.942 539.124 200
-637.655 543.902 200
-634.243 549.041 200
-630.79 554.142 200
-627.297 559.205 200
-623.763 564.23 200
-620.189 569.215 200
-616.576 574.162 200
-612.037 578.607 200
-608.351 583.466 200
-604.626 588.285 200
-600.864 593.064 200
-597.064 597.803 200
-592.361 602 200
-589.354 607.156 200
-584.588 611.256 200
-580.648 615.822 200
-575.825 619.815 200
-571.819 624.289 200
-566.103 627.631 200
-562.873 632.558 200
-559.6 637.455 200
-554.637 641.191 200
-550.47 645.443 200
-545.457 649.071 200
-541.232 653.228 200
-536.172 656.747 200
-531.891 660.809 200
-525.993 663.609 200
-521.663 667.568 200
-517.304 671.482 200
-512.916 675.352 200
-507.729 678.54 200
-503.291 682.312 200
-498.826 686.038 200
-492.825 688.407 200
-488.319 692.028 200
-483.787 695.604 200
-478.493 698.458 200
-472.454 700.571 200
-468.592 704.677 200
-462.535 706.665 200
-458.62 710.685 200
-452.548 712.548 200
-447.881 715.767 200
-442.497 718.22 200
-437.105 720.613 200
-432.387 723.678 200
-427.649 726.697 200
-421.552 728.181 200
-416.788 731.093 200
-412.661 734.712 200
-406.554 736.014 200
-401.099 738.012 200
-395.641 739.951 200
-389.549 741.053 200
-384.091 742.869 200
-379.863 746.203 200
-374.388 747.912 200
-370.116 751.161 200
-364.031 751.96 200
-358.549 753.5 200
-352.487 754.168 200
-347.587 756.406 200
-342.676 758.596 200
-336.634 759.081 200
-331.714 761.165 200
-326.239 762.364 200
-321.842 765.192 200
-314.242 762.893 200
-296.779 744.3 200
-286.361 736.585 200
-281.176 737.343 200
-275.5 737.18 200
-283.143 760.455 200
-283.129 770.778 200
-278.184 772.35 200
-272.293 772.11 200
-266.891 772.692 200
-261.952 774.111 200
-256.564 774.587 200
-250.748 774.11 200
-245.822 775.376 200
-240.47 775.689 200
-235.96 777.768 200
-230.62 777.98 200
-225.293 778.139 200
-219.591 777.324 200
-214.685 778.296 200
-209.405 778.296 200
-204.141 778.243 200
-198.894 778.137 200
-193.665 777.98 200
-189.137 779.65 200
-183.594 778.453 200
-178.737 779.09 200
-173.248 777.785 200
-168.414 778.326 200
-163.584 778.822 200
-158.465 778.317 200
-153.368 777.763 200
-148.017 776.198 200
-143.24 776.506 200
-138.468 776.77 200
-133.452 776.023 200
-128.702 776.197 200
-123.726 775.356 200
-118.774 774.467 200
-114.064 774.508 200
-109.154 773.527 200
-104.269 772.501 200
-99.6023 772.409 200
-94.7624 771.293 200
-89.9497 770.13 200
-85.4946 770.896 200
-80.7201 769.647 200
-75.8262 767.365 200
-71.3958 768.008 200
-66.6988 766.628 200
-61.9096 764.213 200
-57.5072 764.735 200
-52.8914 763.228 200
-48.3062 761.68 200
-43.9265 762.082 200
-39.308 759.456 200
-34.8782 758.782 200
-30.4632 758.069 200
-26.0109 756.319 200
-21.5479 753.53 200
-17.1705 751.7 200
-12.9052 752.831 200
-8.55164 749.925 200
-4.27597 749.981 200
3.6843e-05 748 200
4.24113 745.981 200
8.46445 744.926 200
12.6173 741.835 200
16.7169 738.708 200
20.8937 738.544 200
24.9643 736.346 200
29.1202 736.11 200
33.2041 734.84 200
37.1896 732.539 200
41.2247 731.2 200
45.0475 727.836 200
49.0239 726.431 200
53.0923 725.985 200
57.0349 724.512 200
60.6947 721.022 200
64.7155 720.475 200
68.4358 717.914 200
72.2728 716.312 200
75.9219 713.691 200
79.7045 712.027 200
83.4639 710.331 200
86.6273 705.659 200
90.7124 705.866 200
94.3919 704.079 200
97.6143 700.309 200
101.453 699.441 200
104.817 696.594 200
108.623 695.663 200
111.67 691.794 200
114.916 688.871 200
118.387 686.888 200
122.107 685.839 200
125.535 683.798 200
128.936 681.73 200
132.311 679.635 200
135.658 677.514 200
137.71 671.572 200
141.297 670.355 200
144.205 667.221 200
147.753 665.947 200
150.939 663.706 200
154.098 661.44 200
157.962 661.01 200
159.957 655.907 200
162.64 652.649 200
166.451 652.135 200
168.671 647.916 200
172.456 647.343 200
175.001 644.004 200
177.922 641.556 200
181.245 639.988 200
184.116 637.493 200
186.957 634.977 200
189.768 632.441 200
191.164 627.222 200
194.361 625.54 200
196.589 622.073 200
199.742 620.343 200
202.386 617.716 200
205.5 615.936 200
208.091 613.268 200
210.136 609.724 200
211.612 605.319 200
215.147 604.308 200
216.532 599.887 200
218.945 597.146 200
222.431 596.056 200
224.236 592.444 200
226.563 589.65 200
229.431 587.661 200
231.7 584.832 200
233.939 581.989 200
236.145 579.131 200
238.319 576.26 200
241.07 574.168 200
243.802 572.052 200
245.271 568.348 200
247.323 565.418 200
249.343 562.477 200
251.973 560.289 200
254.584 558.079 200
254.551 552.827 200
256.434 549.846 200
258.954 547.597 200
262.129 546.064 200
264.615 543.765 200
266.393 540.72 200
267.443 536.946 200
269.149 533.888 200
270.822 530.822 200
271.748 527.046 200
273.349 523.97 200
276.368 522.263 200
277.183 518.477 200
280.903 517.4 200
282.395 514.27 200
281.607 509.145 200
285.28 507.99 200
285.913 504.192 200
288.799 502.331 200
289.359 498.529 200
291.43 495.995 200
293.478 493.443 200
293.928 489.642 200
297.508 488.286 200
297.891 484.477 200
299.035 481.274 200
299.336 477.481 200
302.037 475.441 200
303.905 472.797 200
305.751 470.137 200
307.573 467.461 200
307.704 463.665 200
309.469 460.972 200
310.368 457.726 200
310.386 453.95 200
312.919 451.757 200
314.58 449.019 200
316.218 446.267 200
317.831 443.5 200
319.421 440.719 200
320.111 437.44 200
320.768 434.163 200
321.393 430.888 200
321.985 427.615 200
324.326 425.253 200
324.861 421.97 200
327.161 419.567 200
327.638 416.276 200
327.177 412.565 200
329.406 410.119 200
329.79 406.832 200
330.142 403.55 200
332.302 401.054 200
332.597 397.766 200
334.713 395.233 200
335.881 392.307 200
336.089 389.012 200
336.265 385.724 200
338.289 383.127 200
338.408 379.837 200
340.387 377.205 200
339.5 373.595 200
341.429 370.937 200
342.384 367.953 200
341.401 364.377 200
342.299 361.393 200
342.209 358.127 200
344.016 355.404 200
342.904 351.881 200
345.629 349.386 200
346.396 346.366 200
346.164 343.107 200
345.901 339.858 200
346.585 336.836 200
347.242 333.809 200
349.833 331.174 200
348.478 327.737 200
349.055 324.694 200
351.576 321.992 200
350.131 318.592 200
352.605 315.847 200
353.079 312.768 200
351.545 309.406 200
351.963 306.337 200
354.339 303.507 200
353.712 300.3 200
354.05 297.212 200
355.356 294.217 200
355.642 291.115 200
354.903 287.931 200
356.13 284.903 200
355.336 281.733 200
354.513 278.579 200
355.661 275.529 200
354.784 272.389 200
354.878 269.293 200
356.946 266.231 200
354.986 263.098 200
356 260 200
354.986 256.902 200
355.946 253.787 200
358.877 250.602 200
357.782 247.506 200
357.659 244.384 200
356.511 241.316 200
357.332 238.145 200
358.125 234.957 200
356.896 231.912 200
356.638 228.798 200
356.352 225.687 200
357.033 222.474 200
353.712 219.7 200
354.339 216.493 200
356.92 213.011 200
356.497 209.898 200
357.035 206.641 200
354.58 203.84 200
354.077 200.748 200
353.546 197.66 200
353.972 194.395 200
353.386 191.309 200
352.773 188.228 200
351.155 185.36 200
349.514 182.515 200
0 260 200
0 260 200
0 260 200
0 260 200
0 260 200
0 260 200
0 260 200
0 260 200
70.7666 238.364 200
69.6213 238.048 200
0 260 200
0 260 200
0 260 200
39.5909 245.98 200
38.5274 245.977 200
35.5935 246.692 200
34.5425 246.74 200
34.4255 246.439 200
34.3058 246.14 200
35.1074 245.458 200
34.0587 245.543 200
33.9312 245.246 200
33.8012 244.951 200
32.7586 245.071 200
32.6271 244.786 200
32.4931 244.502 200
33.2554 243.78 200
32.2176 243.937 200
32.0762 243.656 200
31.0454 243.839 200
30.9032 243.568 200
29.001 244.254 200
28.8625 244.001 200
29.5921 243.258 200
28.5788 243.5 200
28.4338 243.251 200
28.2865 243.004 200
28.9898 242.235 200
27.9856 242.513 200
27.8319 242.269 200
28.5148 241.482 200
28.3521 241.234 200
27.3582 241.547 200
27.1962 241.309 200
27.032 241.072 200
26.0517 241.418 200
25.8885 241.191 200
24.1157 242.155 200
24.7577 241.344 200
35.7009 232.606 200
41.7646 227.37 200
32.0869 234.477 200
27.2001 237.974 200
27.0069 237.737 200
23.7474 240.074 200
0 260 200
0 260 200
0 260 200
0 260 200
0 260 200
0 260 200
0 260 200
0 260 200
0 260 200
0 260 200
0 260 200
