-0 260 39
-0 260 39
-0 260 39
-0 260 39
-0 260 39
-0 260 39
-0 260 39
-0 260 39
-15.8489 246.223 39
-23.5726 239.867 39
-26.8116 237.502 39
-27.7785 237.101 39
-34.1944 232.31 39
-43.0435 225.762 39
-41.7646 227.37 39
-27.7674 238.693 39
-26.355 240.14 39
-26.5273 240.371 39
-26.6976 240.603 39
-26.8658 240.837 39
-27.032 241.072 39
-26.372 241.875 39
-26.5292 242.106 39
-27.5182 241.786 39
-26.8375 242.572 39
-27.8319 242.269 39
-27.1375 243.043 39
-27.2845 243.28 39
-28.2865 243.004 39
-28.4338 243.251 39
-27.7128 244 39
-26.981 244.735 39
-27.9878 244.486 39
-28.1222 244.731 39
-30.0202 244.038 39
-29.2714 244.762 39
-31.1852 244.11 39
-31.3227 244.383 39
-30.559 245.095 39
-32.4931 244.502 39
-31.7208 245.208 39
-32.7586 245.071 39
-32.8876 245.357 39
-33.9312 245.246 39
-34.0587 245.543 39
-34.1835 245.841 39
-35.233 245.765 39
-36.2863 245.706 39
-35.4761 246.382 39
-37.4669 245.992 39
-39.4671 245.635 39
-0 260 39
-0 260 39
-0 260 39
-72.2803 236.515 39
-73.4362 236.846 39
-0 260 39
-0 260 39
-0 260 39
-0 260 39
-0 260 39
-0 260 39
-0 260 39
-0 260 39
-0 260 39
-0 260 39
-0 260 39
-0 260 39
-0 260 39
-0 260 39
-0 260 39
-0 260 39
-695.333 149.87 39
-696.267 155.942 39
-697.149 162.022 39
-696.986 168.24 39
-696.767 174.448 39
-697.487 180.531 39
-698.154 186.621 39
-697.773 192.812 39
-699.329 198.817 39
-699.836 204.922 39
-700.29 211.031 39
-699.693 217.205 39
-700.039 223.313 39
-700.333 229.423 39
-700.573 235.536 39
-699.76 241.676 39
-699.893 247.783 39
-699.973 253.892 39
-700 260 39
-700.973 266.117 39
-699.893 272.217 39
-698.76 278.298 39
-698.574 284.395 39
-698.335 290.49 39
-697.043 296.531 39
-695.7 302.551 39
-696.3 308.69 39
-694.851 314.686 39
-694.348 320.748 39
-693.791 326.805 39
-691.193 332.647 39
-691.526 338.79 39
-690.812 344.821 39
-687.071 350.455 39
-686.256 356.447 39
-686.377 362.58 39
-684.468 368.409 39
-683.496 374.378 39
-682.472 380.338 39
-680.412 386.107 39
-679.286 392.04 39
-677.128 397.763 39
-674.922 403.459 39
-672.668 409.127 39
-672.315 415.216 39
-669.963 420.844 39
-667.563 426.442 39
-665.117 432.011 39
-662.625 437.55 39
-661.05 443.326 39
-656.542 448.26 39
-655.833 454.267 39
-654.112 459.982 39
-651.389 465.382 39
-648.621 470.75 39
-645.808 476.085 39
-643.898 481.712 39
-640.996 486.989 39
-638.051 492.232 39
-636 497.791 39
-632.967 502.974 39
-629.893 508.121 39
-625.849 512.86 39
-623.619 518.311 39
-619.5 522.962 39
-615.347 527.561 39
-612.989 532.92 39
-610.584 538.259 39
-606.32 542.732 39
-602.927 547.581 39
-600.394 552.832 39
-596.921 557.614 39
-594.301 562.812 39
-590.749 567.525 39
-587.16 572.199 39
-582.656 576.356 39
-578.998 580.944 39
-574.435 585 39
-570.711 589.5 39
-567.814 594.468 39
-564.873 599.41 39
-561.037 603.804 39
-556.32 607.627 39
-552.421 611.931 39
-547.652 615.649 39
-544.527 620.415 39
-540.532 624.594 39
-535.682 628.164 39
-533.268 633.398 39
-529.175 637.457 39
-525.052 641.473 39
-520.095 644.85 39
-516.717 649.374 39
-512.506 653.26 39
-507.479 656.486 39
-503.217 660.277 39
-498.928 664.024 39
-494.611 667.726 39
-489.502 670.741 39
-486.66 675.647 39
-481.505 678.566 39
-477.085 682.089 39
-471.154 684.229 39
-467.434 688.324 39
-463.678 692.387 39
-458.437 695.04 39
-453.184 697.635 39
-449.348 701.573 39
-444.77 704.77 39
-439.47 707.208 39
-434.161 709.587 39
-428.845 711.908 39
-424.203 714.902 39
-419.541 717.849 39
-415.53 721.493 39
-410.824 724.353 39
-406.757 727.92 39
-400.709 729.171 39
-395.314 731.117 39
-391.188 734.549 39
-385.773 736.391 39
-381.601 739.739 39
-374.938 739.899 39
-371.953 744.739 39
-366.505 746.369 39
-361.652 748.745 39
-356.198 750.264 39
-351.325 752.54 39
-345.867 753.949 39
-340.41 755.3 39
-336.075 758.252 39
-330.058 758.664 39
-325.149 760.686 39
-321.305 764.348 39
-315.832 765.437 39
-310.887 767.321 39
-304.387 766.586 39
-299.448 768.361 39
-295 770.955 39
-290.037 772.64 39
-284.098 772.527 39
-279.615 774.987 39
-274.641 776.524 39
-269.199 777.127 39
-264.222 778.566 39
-258.795 779.062 39
-253.378 779.503 39
-248.405 780.792 39
-243.428 782.033 39
-237.619 781.408 39
-233.06 783.462 39
-228.084 784.558 39
-222.717 784.688 39
-217.747 785.687 39
-212.402 785.713 39
-207.806 787.547 39
-202.478 787.473 39
-197.167 787.346 39
-192.215 788.107 39
-186.932 787.879 39
-182.318 789.49 39
-176.739 788.216 39
-171.813 788.787 39
-166.892 789.313 39
-161.682 788.837 39
-157.06 790.227 39
-151.6 788.694 39
-146.981 789.997 39
-141.833 789.327 39
-136.707 788.609 39
-131.847 788.811 39
-126.994 788.969 39
-122.148 789.083 39
-117.094 788.176 39
-112.48 789.178 39
-107.459 788.179 39
-102.464 787.134 39
-97.8604 788.008 39
-92.9017 786.872 39
-87.9703 785.69 39
-83.2231 785.45 39
-78.4868 785.167 39
-73.6225 783.852 39
-69.0483 784.474 39
-64.1032 782.079 39
-59.5448 782.619 39
-54.6683 780.135 39
-50.1273 780.592 39
-45.4953 780.014 39
-40.7987 778.397 39
-36.1338 776.738 39
-31.6231 777.034 39
-27.0576 776.291 39
-22.4639 774.51 39
-17.9034 772.687 39
-13.4026 771.825 39
-8.95305 772.922 39
-4.45922 770.981 39
3.84284e-05 769 39
4.42439 766.981 39
8.84841 766.923 39
13.1932 763.827 39
17.5894 763.693 39
21.897 761.522 39
26.2204 760.313 39
30.4022 757.071 39
34.8085 757.784 39
39.0727 756.465 39
43.3164 755.109 39
47.4437 752.721 39
51.6371 751.294 39
55.8092 749.831 39
59.9598 748.333 39
64.0884 746.799 39
68.0557 744.241 39
72.131 742.64 39
76.1836 741.004 39
80.2132 739.335 39
84.2194 737.632 39
87.6553 732.946 39
91.97 733.144 39
95.896 731.344 39
99.7976 729.511 39
103.025 724.717 39
107.752 726.723 39
111.353 723.82 39
115.155 721.861 39
118.179 716.966 39
122.68 717.849 39
126.137 714.834 39
129.825 712.754 39
133.771 711.604 39
137.122 708.507 39
140.73 706.34 39
144.311 704.143 39
147.229 700.022 39
151.389 699.666 39
154.886 697.386 39
158.355 695.078 39
161.446 691.806 39
165.208 690.381 39
168.591 687.992 39
171.944 685.577 39
175.269 683.137 39
177.783 678.83 39
181.032 676.345 39
184.658 674.75 39
188.271 673.122 39
191.869 671.464 39
194.591 667.969 39
197.705 665.356 39
200.789 662.72 39
202.934 658.28 39
206.402 656.494 39
208.915 652.912 39
212.813 651.952 39
215.74 649.206 39
219.129 647.308 39
220.5 641.917 39
224.332 640.84 39
227.132 638.011 39
229.899 635.162 39
233.164 633.141 39
236.412 631.092 39
238.007 626.499 39
240.645 623.574 39
243.808 621.46 39
246.953 619.319 39
248.932 615.512 39
250.864 611.698 39
255.099 611.113 39
256.369 606.462 39
259.382 604.212 39
262.985 602.729 39
264.734 598.845 39
265.814 594.174 39
268.72 591.841 39
270.969 588.712 39
274.47 587.101 39
276.665 583.933 39
278.169 579.997 39
280.951 577.557 39
284.381 575.837 39
286.45 572.606 39
287.121 567.9 39
289.109 564.657 39
292.451 562.842 39
295.083 560.278 39
295.571 555.571 39
296.712 551.578 39
301.403 551.062 39
301.756 546.355 39
304.243 543.711 39
306.707 541.046 39
309.148 538.358 39
310.068 534.325 39
312.45 531.608 39
314.048 528.222 39
315.61 524.828 39
319.453 523.336 39
320.961 519.909 39
322.435 516.476 39
324.66 513.653 39
327.655 511.418 39
328.239 507.346 39
330.385 504.472 39
333.315 502.168 39
334.601 498.669 39
335.033 494.593 39
337.068 491.66 39
339.905 489.269 39
339.392 484.638 39
341.339 481.668 39
344.104 479.218 39
346.852 476.737 39
348.73 473.702 39
349.724 470.136 39
349.821 466.061 39
352.472 463.5 39
353.364 459.924 39
355.096 456.833 39
356.8 453.726 39
357.594 450.136 39
357.465 446.085 39
360.858 443.866 39
363.343 441.156 39
363.113 437.102 39
362.839 433.065 39
364.336 429.893 39
365.804 426.707 39
368.159 423.915 39
370.492 421.095 39
371.884 417.855 39
371.4 413.839 39
372.728 410.592 39
373.097 406.967 39
373.432 403.347 39
375.606 400.433 39
376.817 397.15 39
377.057 393.523 39
380.098 390.878 39
380.278 387.239 39
380.423 383.607 39
381.487 380.282 39
383.478 377.241 39
384.487 373.89 39
383.543 369.979 39
385.452 366.895 39
385.404 363.269 39
385.323 359.651 39
386.178 356.285 39
387.976 353.145 39
386.825 349.306 39
390.518 346.576 39
390.281 342.957 39
390.01 339.348 39
390.688 335.942 39
392.319 332.712 39
391.953 329.112 39
391.555 325.524 39
394.088 322.417 39
391.65 318.533 39
393.136 315.252 39
394.595 311.949 39
396.026 308.626 39
396.435 305.168 39
394.825 301.498 39
396.168 298.147 39
395.489 294.601 39
395.776 291.148 39
397.03 287.763 39
398.256 284.358 39
397.455 280.83 39
398.62 277.404 39
397.758 273.89 39
398.863 270.445 39
397.939 266.946 39
395.985 263.456 39
400 260 39
396.985 256.536 39
398.939 253.036 39
399.863 249.529 39
400.756 246.005 39
399.619 242.552 39
399.452 239.066 39
399.254 235.581 39
397.03 232.237 39
398.767 228.616 39
399.474 225.051 39
399.154 221.566 39
398.803 218.084 39
397.429 214.719 39
398.011 211.13 39
396.578 207.79 39
399.078 203.913 39
395.606 200.876 39
397.051 197.113 39
398.459 193.321 39
394.908 190.367 39
395.268 186.741 39
392.651 183.676 39
393.93 179.854 39
393.215 176.42 39
392.471 172.991 39
0 260 39
0 260 39
0 260 39
0 260 39
0 260 39
0 260 39
0 260 39
0 260 39
73.6355 237.487 39
72.4825 237.146 39
0 260 39
0 260 39
0 260 39
38.6483 246.314 39
38.5274 245.977 39
36.5302 246.342 39
36.4096 246.024 39
37.2167 245.34 39
36.1602 245.39 39
35.1074 245.458 39
34.9792 245.152 39
33.0142 245.645 39
33.8012 244.951 39
33.6686 244.656 39
32.6271 244.786 39
34.2982 243.641 39
34.1542 243.342 39
33.1126 243.491 39
32.9672 243.202 39
30.1584 244.301 39
30.9032 243.568 39
30.7586 243.299 39
29.7371 243.516 39
29.5921 243.258 39
29.4449 243 39
30.157 242.236 39
29.1437 242.489 39
28.9898 242.235 39
28.8336 241.983 39
28.6753 241.732 39
28.5148 241.482 39
28.3521 241.234 39
26.5292 242.106 39
27.1962 241.309 39
26.2129 241.646 39
26.8658 240.837 39
25.0795 241.779 39
24.9196 241.56 39
23.9591 241.946 39
35.7009 232.606 39
41.7646 227.37 39
35.2174 231.987 39
27.2001 237.974 39
27.0069 237.737 39
22.9813 240.716 39
0 260 39
0 260 39
0 260 39
0 260 39
0 260 39
0 260 39
0 260 39
0 260 39
0 260 39
0 260 39
0 260 39
