-0 260 206
-0 260 206
-0 260 206
-0 260 206
-0 260 206
-0 260 206
-0 260 206
-0 260 206
-17.3583 244.911 206
-23.5726 239.867 206
-27.5776 236.86 206
-26.2352 238.373 206
-32.6401 233.569 206
-42.2608 226.384 206
-41.7646 227.37 206
-26.974 239.302 206
-25.5563 240.742 206
-24.9196 241.56 206
-27.5066 240.015 206
-26.0517 241.418 206
-25.3937 242.219 206
-25.5479 242.441 206
-27.3582 241.547 206
-27.5182 241.786 206
-27.6761 242.027 206
-26.9885 242.806 206
-27.1375 243.043 206
-28.1371 242.758 206
-28.2865 243.004 206
-27.5721 243.759 206
-28.5788 243.5 206
-26.981 244.735 206
-27.9878 244.486 206
-28.1222 244.731 206
-30.0202 244.038 206
-31.0454 243.839 206
-30.2942 244.564 206
-30.4278 244.829 206
-30.559 245.095 206
-30.6879 245.363 206
-31.7208 245.208 206
-32.7586 245.071 206
-32.8876 245.357 206
-33.0142 245.645 206
-33.1382 245.934 206
-33.2597 246.223 206
-35.233 245.765 206
-34.4255 246.439 206
-36.4096 246.024 206
-38.4036 245.642 206
-40.4068 245.293 206
-0 260 206
-0 260 206
-0 260 206
-72.2803 236.515 206
-71.5288 237.447 206
-0 260 206
-72.8703 238.415 206
-0 260 206
-0 260 206
-0 260 206
-0 260 206
-0 260 206
-0 260 206
-0 260 206
-0 260 206
-0 260 206
-0 260 206
-0 260 206
-0 260 206
-0 260 206
-0 260 206
-732.865 143.926 206
-731.872 150.621 206
-733.789 156.873 206
-735.652 163.15 206
-735.477 169.695 206
-736.237 176.117 206
-735.946 182.649 206
-735.598 189.17 206
-735.192 195.679 206
-736.722 202.019 206
-736.202 208.52 206
-736.623 214.946 206
-735.99 221.429 206
-736.299 227.853 206
-735.552 234.314 206
-736.747 240.708 206
-735.888 247.155 206
-734.972 253.586 206
-735 260 206
-735.972 266.423 206
-736.888 272.863 206
-735.748 279.266 206
-735.552 285.686 206
-736.299 292.148 206
-734.991 298.519 206
-735.625 304.993 206
-734.207 311.341 206
-733.731 317.746 206
-732.203 324.06 206
-730.621 330.351 206
-729.979 336.724 206
-728.288 342.978 206
-726.544 349.208 206
-724.746 355.415 206
-724.876 361.875 206
-722.971 368.049 206
-722 374.354 206
-719.988 380.485 206
-717.925 386.59 206
-716.793 392.85 206
-715.606 399.1 206
-713.385 405.14 206
-711.113 411.152 206
-709.767 417.352 206
-706.418 423.09 206
-704.968 429.248 206
-702.494 435.152 206
-699.971 441.025 206
-697.398 446.867 206
-694.778 452.679 206
-692.108 458.459 206
-689.391 464.207 206
-687.583 470.215 206
-684.769 475.907 206
-682.859 481.874 206
-678.051 486.873 206
-676.046 492.781 206
-673.989 498.672 206
-669.061 503.518 206
-665.974 508.998 206
-663.776 514.8 206
-659.666 519.849 206
-657.373 525.596 206
-653.183 530.557 206
-649.876 535.856 206
-646.527 541.118 206
-643.136 546.343 206
-639.703 551.529 206
-637.134 557.101 206
-632.712 561.788 206
-628.257 566.422 206
-625.559 571.892 206
-620.141 575.977 206
-617.359 581.377 206
-612.766 585.813 206
-609.02 590.671 206
-606.111 595.973 206
-601.416 600.265 206
-597.557 605 206
-593.662 609.694 206
-588.874 613.831 206
-585.764 618.957 206
-580.913 622.995 206
-576.88 627.513 206
-571.973 631.444 206
-567.876 635.869 206
-562.916 639.692 206
-558.758 644.023 206
-552.928 647.164 206
-550.342 652.555 206
-546.086 656.755 206
-540.192 659.721 206
-535.086 663.216 206
-530.753 667.261 206
-526.391 671.262 206
-521.217 674.595 206
-516.802 678.498 206
-511.587 681.72 206
-507.121 685.525 206
-501.107 687.986 206
-496.599 691.687 206
-492.064 695.341 206
-486.76 698.281 206
-482.179 701.836 206
-476.843 704.663 206
-470.768 706.742 206
-467.571 711.528 206
-461.473 713.488 206
-456.084 716.084 206
-451.386 719.333 206
-445.971 721.816 206
-441.924 725.69 206
-436.479 728.066 206
-431.027 730.383 206
-426.236 733.383 206
-419.438 734.089 206
-415.285 737.731 206
-409.802 739.816 206
-404.956 742.608 206
-398.821 743.809 206
-393.955 746.493 206
-389.072 749.13 206
-382.326 749.355 206
-377.432 751.879 206
-371.922 753.557 206
-367.006 755.98 206
-360.9 756.736 206
-355.971 759.053 206
-350.455 760.502 206
-345.508 762.717 206
-339.989 764.055 206
-335.026 766.169 206
-328.417 765.718 206
-323.992 768.565 206
-310.533 756.956 206
-293.644 739.184 206
-287.391 738.299 206
-281.684 738.204 206
-286.5 756.233 206
-290.53 773.51 206
-285.553 775.151 206
-280.569 776.744 206
-275.58 778.29 206
-270.123 778.901 206
-264.222 778.566 206
-258.795 779.062 206
-253.378 779.503 206
-248.405 780.792 206
-243.428 782.033 206
-237.619 781.408 206
-232.247 781.634 206
-226.888 781.807 206
-221.935 782.847 206
-216.599 782.916 206
-211.278 782.932 206
-205.607 781.964 206
-201.044 783.739 206
-195.766 783.6 206
-190.505 783.409 206
-185.263 783.166 206
-180.039 782.872 206
-174.835 782.526 206
-169.959 783.081 206
-164.787 782.637 206
-159.343 781.186 206
-154.788 782.557 206
-149.395 781.004 206
-144.576 781.324 206
-139.503 780.634 206
-134.454 779.895 206
-129.428 779.108 206
-124.66 779.246 206
-119.674 778.365 206
-114.713 777.437 206
-109.985 777.44 206
-104.867 775.44 206
-99.9839 774.373 206
-95.4914 775.226 206
-90.6443 774.07 206
-85.8247 772.869 206
-81.033 771.623 206
-76.4174 771.321 206
-71.5349 768.998 206
-66.8294 767.62 206
-62.2752 767.191 206
-57.6204 765.728 206
-53.1004 765.217 206
-48.4979 763.67 206
-43.9265 762.082 206
-39.5433 762.446 206
-35.0875 761.775 206
-30.5242 759.067 206
-26.0633 757.318 206
-21.6352 755.528 206
-17.2752 754.698 206
-12.9052 752.831 206
-8.58655 751.925 206
-4.26724 748.981 206
3.67675e-05 747 206
4.24986 746.981 206
8.46445 744.926 206
12.6697 743.834 206
16.7867 740.707 206
20.8065 736.546 206
25.069 738.344 206
29.1202 736.11 206
33.1344 733.843 206
37.1112 731.542 206
41.1375 730.204 206
44.9517 726.841 206
49.0239 726.431 206
52.9791 724.992 206
56.6693 721.534 206
60.6947 721.022 206
64.5764 719.484 206
68.288 716.925 206
71.9599 714.337 206
75.5918 711.719 206
78.8363 707.103 206
82.9172 707.381 206
86.6273 705.659 206
89.915 701.946 206
93.9761 702.123 206
97.6143 700.309 206
100.778 696.518 206
104.117 693.677 206
107.897 692.752 206
111.169 689.858 206
114.657 687.905 206
118.387 686.888 206
121.556 683.916 206
124.967 681.881 206
128.059 678.861 206
131.709 677.728 206
133.804 671.807 206
137.393 670.624 206
140.32 667.518 206
143.871 666.278 206
147.411 665.008 206
149.889 660.896 206
152.665 657.705 206
155.763 655.427 206
159.208 654.053 206
162.258 651.725 206
165.279 649.374 206
167.475 645.165 206
170.423 642.776 206
172.927 639.454 206
176.232 637.93 206
179.523 636.378 206
182.801 634.797 206
184.28 629.608 206
187.044 627.095 206
190.24 625.448 206
193.422 623.774 206
195.635 620.315 206
197.802 616.845 206
200.909 615.105 206
203 611.606 206
204.538 607.237 206
208.075 606.296 206
210.567 603.614 206
212.498 600.067 206
215.457 598.2 206
217.856 595.468 206
220.223 592.72 206
223.118 590.786 206
224.297 586.354 206
226.563 583.565 206
229.378 581.576 206
231.587 578.753 206
233.171 575.112 206
235.912 573.065 206
238.026 570.201 206
241.955 569.688 206
242.781 565.217 206
244.806 562.31 206
246.798 559.39 206
248.759 556.459 206
250.038 552.756 206
252.583 550.563 206
254.446 547.599 206
256.946 545.368 206
259.427 543.114 206
259.841 538.646 206
262.263 536.368 206
265.36 534.788 206
267.046 531.748 206
268.701 528.701 206
269.609 524.944 206
271.191 521.886 206
272.015 518.133 206
274.258 515.749 206
276.479 513.346 206
277.193 509.586 206
280.109 507.82 206
281.507 504.71 206
283.631 502.244 206
284.202 498.474 206
286.273 495.985 206
287.544 492.849 206
289.565 490.33 206
289.988 486.563 206
291.161 483.415 206
293.099 480.866 206
295.819 478.895 206
295.291 474.542 206
299.595 473.699 206
300.629 470.503 206
301.63 467.305 206
303.428 464.665 206
305.202 462.009 206
306.115 458.793 206
307.838 456.114 206
307.841 452.361 206
310.361 450.189 206
312.009 447.474 206
312.771 444.236 206
312.635 440.5 206
314.198 437.765 206
315.738 435.016 206
315.495 431.3 206
316.978 428.54 206
319.324 426.229 206
319.871 422.983 206
321.281 420.185 206
321.768 416.937 206
323.126 414.123 206
324.458 411.297 206
324.856 408.045 206
325.222 404.798 206
325.556 401.556 206
328.62 399.491 206
329.825 396.618 206
329.15 392.985 206
329.368 389.741 206
331.421 387.221 206
332.519 384.324 206
332.651 381.075 206
334.638 378.501 206
334.714 375.251 206
334.758 372.009 206
335.723 369.083 206
336.662 366.149 206
337.576 363.207 206
337.505 359.973 206
338.364 357.024 206
339.198 354.068 206
340.006 351.104 206
340.788 348.134 206
341.544 345.157 206
342.274 342.173 206
342.004 338.958 206
341.704 335.754 206
344.308 333.185 206
342.974 329.779 206
344.551 326.974 206
346.106 324.147 206
346.652 321.124 206
347.173 318.097 206
346.679 314.908 206
347.145 311.881 206
348.574 308.989 206
347.997 305.815 206
347.391 302.654 206
348.744 299.734 206
350.072 296.794 206
350.379 293.738 206
351.657 290.766 206
349.918 287.539 206
352.14 284.624 206
352.342 281.55 206
351.518 278.422 206
352.664 275.398 206
352.785 272.32 206
353.879 269.267 206
350.947 266.126 206
351.987 263.072 206
352 260 206
350.987 256.937 206
353.946 253.822 206
352.879 250.76 206
352.785 247.68 206
352.664 244.602 206
352.516 241.525 206
352.342 238.45 206
354.135 235.236 206
352.909 232.225 206
350.661 229.321 206
352.37 226.071 206
352.061 222.997 206
352.718 219.813 206
352.354 216.736 206
349.98 213.924 206
351.545 210.594 206
351.101 207.528 206
350.629 204.466 206
349.145 201.573 206
349.607 198.355 206
349.055 195.306 206
349.459 192.072 206
347.873 189.224 206
345.286 186.607 206
344.632 183.597 206
0 260 206
0 260 206
0 260 206
0 260 206
0 260 206
0 260 206
0 260 206
0 260 206
72.6792 237.78 206
70.5751 237.748 206
0 260 206
0 260 206
0 260 206
39.5909 245.98 206
38.5274 245.977 206
36.5302 246.342 206
35.4761 246.382 206
36.2863 245.706 206
36.1602 245.39 206
35.1074 245.458 206
34.0587 245.543 206
33.9312 245.246 206
33.8012 244.951 206
33.6686 244.656 206
32.6271 244.786 206
34.2982 243.641 206
33.2554 243.78 206
34.0075 243.044 206
32.0762 243.656 206
31.0454 243.839 206
30.9032 243.568 206
28.1221 244.731 206
29.7371 243.516 206
30.4624 242.765 206
29.4449 243 206
28.4338 243.251 206
30.0009 241.974 206
29.8424 241.713 206
28.8336 241.983 206
27.8319 242.269 206
27.6761 242.027 206
28.3521 241.234 206
27.3582 241.547 206
27.1962 241.309 206
26.2129 241.646 206
26.0517 241.418 206
25.0795 241.779 206
24.1157 242.155 206
23.1604 242.547 206
34.1142 233.823 206
40.1885 228.601 206
35.2174 231.987 206
26.423 238.603 206
27.0069 237.737 206
23.7474 240.074 206
0 260 206
0 260 206
0 260 206
0 260 206
0 260 206
0 260 206
0 260 206
0 260 206
0 260 206
0 260 206
0 260 206
