-0 260 69
-0 260 69
-0 260 69
-0 260 69
-0 260 69
-0 260 69
-0 260 69
-0 260 69
-16.6036 245.567 69
-23.5726 239.867 69
-26.8116 237.502 69
-26.2352 238.373 69
-34.1944 232.31 69
-42.2608 226.384 69
-40.1886 228.601 69
-27.7674 238.693 69
-26.355 240.14 69
-27.3311 239.776 69
-26.6976 240.603 69
-26.0517 241.418 69
-26.2129 241.646 69
-25.5479 242.441 69
-26.5292 242.106 69
-26.6843 242.338 69
-26.8375 242.572 69
-26.9885 242.806 69
-26.2895 243.573 69
-27.2845 243.28 69
-28.2865 243.004 69
-27.5721 243.759 69
-27.7128 244 69
-26.1107 245.227 69
-27.1132 244.971 69
-28.1222 244.731 69
-29.1373 244.507 69
-31.0454 243.839 69
-30.2942 244.564 69
-30.4278 244.829 69
-30.559 245.095 69
-30.6879 245.363 69
-30.8145 245.631 69
-30.9387 245.9 69
-33.8012 244.951 69
-32.0971 246.044 69
-34.9792 245.152 69
-34.1835 245.841 69
-34.3058 246.14 69
-35.3559 246.073 69
-35.4761 246.382 69
-36.5302 246.342 69
-39.4671 245.635 69
-41.4762 245.313 69
-0 260 69
-0 260 69
-72.2803 236.515 69
-69.6213 238.048 69
-0 260 69
-72.8703 238.415 69
-0 260 69
-0 260 69
-0 260 69
-0 260 69
-0 260 69
-0 260 69
-0 260 69
-0 260 69
-0 260 69
-0 260 69
-0 260 69
-0 260 69
-0 260 69
-0 260 69
-700.271 149.088 69
-701.212 155.203 69
-703.09 161.187 69
-701.943 167.588 69
-702.723 173.717 69
-703.449 179.852 69
-703.127 186.098 69
-703.745 192.237 69
-705.306 198.294 69
-703.824 204.608 69
-705.278 210.682 69
-705.681 216.839 69
-705.032 223.051 69
-704.329 229.248 69
-705.57 235.361 69
-705.758 241.519 69
-704.893 247.696 69
-704.973 253.848 69
-704 260 69
-703.973 266.144 69
-703.893 272.287 69
-702.759 278.402 69
-702.572 284.534 69
-702.331 290.665 69
-702.037 296.792 69
-701.689 302.917 69
-699.292 308.899 69
-698.839 315 69
-698.332 321.096 69
-696.777 327.092 69
-694.176 332.961 69
-694.507 339.129 69
-693.79 345.187 69
-693.02 351.238 69
-690.217 357.004 69
-689.344 363.023 69
-688.419 369.035 69
-686.455 374.873 69
-685.426 380.859 69
-683.362 386.654 69
-682.231 392.612 69
-679.088 398.162 69
-677.856 404.083 69
-676.573 409.993 69
-674.264 415.666 69
-671.908 421.311 69
-670.474 427.168 69
-668.022 432.762 69
-665.523 438.326 69
-662.014 443.593 69
-661.348 449.639 69
-658.709 455.119 69
-655.069 460.275 69
-653.296 465.984 69
-649.572 471.059 69
-646.757 476.402 69
-643.898 481.712 69
-641.939 487.323 69
-638.991 492.574 69
-636 497.791 69
-633.901 503.332 69
-629.893 508.121 69
-625.849 512.86 69
-623.619 518.311 69
-620.42 523.353 69
-617.181 528.358 69
-612.075 532.514 69
-610.584 538.259 69
-607.226 543.154 69
-602.927 547.581 69
-599.496 552.394 69
-596.921 557.614 69
-591.628 561.45 69
-589.862 567.063 69
-585.394 571.26 69
-583.535 576.833 69
-578.998 580.944 69
-574.435 585 69
-571.577 590 69
-567.814 594.468 69
-564.873 599.41 69
-560.185 603.282 69
-555.471 607.097 69
-552.421 611.931 69
-548.491 616.194 69
-544.527 620.415 69
-540.532 624.594 69
-536.506 628.731 69
-530.81 631.678 69
-527.547 636.296 69
-523.434 640.297 69
-517.684 643.066 69
-514.321 647.569 69
-507.746 649.607 69
-0 260 69
-465.652 630.396 69
-464.733 636.334 69
-476.092 652.46 69
-488.736 670.099 69
-483.618 673.049 69
-478.486 675.941 69
-474.838 680.101 69
-469.667 682.891 69
-464.485 685.622 69
-460.753 689.659 69
-456.986 693.663 69
-450.307 694.856 69
-447.208 699.47 69
-442.649 702.649 69
-436.666 704.355 69
-432.772 708.149 69
-428.156 711.183 69
-422.157 712.708 69
-417.515 715.637 69
-413.523 719.264 69
-408.837 722.106 69
-403.476 724.146 69
-398.761 726.889 69
-392.743 728.053 69
-389.28 732.234 69
-382.627 732.505 69
-377.866 735.043 69
-372.475 736.747 69
-368.909 740.772 69
-364.098 743.175 69
-358.678 744.726 69
-353.259 746.219 69
-347.26 746.841 69
-342.999 749.853 69
-337.012 750.355 69
-332.72 753.277 69
-327.851 755.328 69
-322.971 757.332 69
-318.081 759.288 69
-312.122 759.5 69
-306.707 760.5 69
-301.812 762.3 69
-297.417 764.915 69
-292 765.759 69
-286.59 766.547 69
-281.19 767.279 69
-276.752 769.714 69
-271.355 770.344 69
-266.429 771.805 69
-261.044 772.329 69
-256.117 773.692 69
-251.187 775.009 69
-244.961 773.571 69
-240.47 775.689 69
-235.546 776.858 69
-230.62 777.98 69
-224.894 777.222 69
-219.982 778.244 69
-215.068 779.22 69
-209.78 779.223 69
-204.508 779.173 69
-199.611 780.004 69
-194.365 779.853 69
-189.821 781.529 69
-184.261 780.338 69
-179.388 780.981 69
-174.2 780.63 69
-169.65 782.13 69
-164.486 781.683 69
-159.927 783.099 69
-154.788 782.557 69
-149.395 781.004 69
-144.843 782.288 69
-139.503 780.634 69
-134.704 780.863 69
-129.912 781.049 69
-125.127 781.19 69
-120.349 781.288 69
-115.362 780.366 69
-110.609 780.375 69
-105.665 779.36 69
-100.747 778.299 69
-96.0381 778.175 69
-91.5125 778.994 69
-86.4849 776.814 69
-81.6587 775.573 69
-77.1565 776.266 69
-72.5091 775.93 69
-67.7431 774.56 69
-63.1283 774.139 69
-58.4128 772.683 69
-53.8321 772.179 69
-49.1688 770.638 69
-44.6237 770.052 69
-40.0926 769.425 69
-35.506 767.76 69
-31.0737 768.051 69
-26.5343 766.305 69
-22.0714 765.518 69
-17.5893 763.693 69
-13.167 762.828 69
-8.77852 762.923 69
-4.36323 759.981 69
3.77489e-05 760 69
4.34585 757.981 69
8.67388 756.924 69
12.9838 755.83 69
17.2404 753.699 69
21.3735 749.534 69
25.7493 751.326 69
29.9749 750.084 69
34.111 747.809 69
38.3665 747.493 69
42.532 746.143 69
46.5811 743.763 69
50.5918 741.349 69
54.6772 739.895 69
58.7411 738.407 69
62.6526 735.894 69
66.6639 734.338 69
70.8007 733.739 69
74.4628 730.14 69
78.3976 728.486 69
82.1356 725.814 69
86.3797 726.063 69
90.0619 723.328 69
93.9023 721.545 69
97.5106 718.751 69
101.727 718.859 69
105.277 716.005 69
109.019 714.097 69
112.494 711.188 69
115.425 706.316 69
119.833 707.224 69
123.731 706.161 69
127.069 703.142 69
130.931 702.016 69
134.199 698.944 69
137.723 696.802 69
140.912 693.682 69
137.71 671.572 69
133.809 648.608 69
136.861 646.483 69
140.57 646.214 69
144.636 646.846 69
148.364 646.502 69
155.397 654.497 69
168.198 676.306 69
171.06 672.974 69
173.875 669.625 69
177.842 669.009 69
180.591 665.614 69
184.124 664.023 69
187.643 662.401 69
188.994 656.235 69
193.76 657.267 69
195.881 652.876 69
198.848 650.261 69
202.246 648.511 69
204.69 644.965 69
208.041 643.164 69
211.377 641.334 69
214.204 638.605 69
216 634.123 69
219.257 632.224 69
223.012 631.153 69
224.152 625.783 69
227.335 623.813 69
229.427 620.128 69
233.106 618.951 69
236.229 616.903 69
238.775 613.999 69
241.289 611.078 69
243.196 607.32 69
245.637 604.371 69
248.633 602.214 69
252.205 600.835 69
253.364 596.226 69
256.289 594.002 69
259.193 591.753 69
261.456 588.695 69
263.056 584.847 69
265.245 581.767 69
267.4 578.674 69
269.521 575.568 69
271.608 572.45 69
274.325 570.068 69
275.682 566.176 69
279.019 564.496 69
282.347 562.78 69
283.602 558.854 69
285.505 555.649 69
288.775 553.859 69
290.621 550.621 69
292.433 547.373 69
294.929 544.81 69
296.678 541.537 69
296.93 536.891 69
300.072 534.965 69
302.46 532.336 69
304.076 529.024 69
304.148 524.392 69
307.964 523.026 69
309.482 519.686 69
311.736 516.976 69
311.636 512.357 69
313.826 509.628 69
315.992 506.88 69
318.135 504.113 69
319.454 500.726 69
321.543 497.929 69
323.607 495.114 69
325.646 492.281 69
327.661 489.431 69
328.002 485.43 69
329.957 482.559 69
332.72 480.223 69
332.952 476.222 69
334.826 473.308 69
336.675 470.378 69
339.351 467.954 69
339.438 463.955 69
342.067 461.493 69
342.946 458 69
343.791 454.507 69
345.475 451.5 69
346.254 448.001 69
348.764 445.441 69
349.482 441.929 69
351.948 439.326 69
352.604 435.802 69
354.125 432.718 69
354.716 429.191 69
356.179 426.089 69
356.705 422.56 69
357.196 419.034 69
360.405 416.708 69
360.838 413.167 69
363.085 410.395 69
362.529 406.471 69
363.793 403.302 69
365.03 400.122 69
367.176 397.281 69
365.54 393.046 69
368.573 390.518 69
370.643 387.623 69
371.743 384.383 69
369.01 379.899 69
370.042 376.674 69
372.003 373.733 69
372.981 370.482 69
372.97 366.947 69
375.816 364.223 69
375.745 360.681 69
376.609 357.398 69
377.445 354.108 69
377.28 350.577 69
380.004 347.731 69
378.803 343.979 69
378.543 340.462 69
381.191 337.554 69
381.853 334.225 69
383.469 331.072 69
384.075 327.723 69
382.679 324.038 69
382.235 320.54 69
383.738 317.35 69
383.234 313.86 69
383.689 310.514 69
386.1 307.407 69
386.499 304.036 69
384.88 300.453 69
385.218 297.092 69
386.524 293.816 69
388.798 290.599 69
386.057 286.996 69
388.274 283.748 69
388.467 280.359 69
389.629 277.012 69
389.762 273.611 69
388.867 270.183 69
390.94 266.824 69
389.985 263.403 69
390 260 69
388.985 256.605 69
389.941 253.194 69
387.867 249.843 69
389.762 246.389 69
390.628 242.945 69
390.464 239.537 69
390.271 236.13 69
389.05 232.795 69
388.798 229.401 69
389.512 225.922 69
390.195 222.428 69
389.853 219.025 69
390.474 215.511 69
388.086 212.349 69
387.655 208.964 69
388.185 205.444 69
387.694 202.059 69
389.149 198.365 69
386.624 195.301 69
388.014 191.583 69
386.419 188.381 69
385.779 185.012 69
385.11 181.648 69
383.434 178.499 69
383.684 174.939 69
0 260 69
0 260 69
0 260 69
0 260 69
0 260 69
0 260 69
0 260 69
0 260 69
72.6792 237.78 69
71.5288 237.447 69
0 260 69
0 260 69
0 260 69
38.6483 246.314 69
37.5877 246.319 69
37.4669 245.992 69
36.4096 246.024 69
35.3559 246.073 69
36.1602 245.39 69
36.0313 245.075 69
34.0587 245.543 69
33.9312 245.246 69
33.8012 244.951 69
32.7586 245.071 69
32.6271 244.786 69
33.3957 244.071 69
33.2554 243.78 69
33.1126 243.491 69
31.1852 244.11 69
31.0454 243.839 69
30.0202 244.038 69
29.8798 243.777 69
28.8625 244.001 69
28.7217 243.75 69
28.5788 243.5 69
28.4338 243.251 69
28.2865 243.004 69
28.9898 242.235 69
29.6817 241.453 69
27.8319 242.269 69
27.6761 242.027 69
27.5182 241.786 69
28.1873 240.987 69
27.1962 241.309 69
25.3937 242.219 69
26.0517 241.418 69
23.4615 242.954 69
24.1157 242.155 69
23.9591 241.946 69
35.7009 232.606 69
39.4005 229.217 69
32.0869 234.477 69
27.2001 237.974 69
26.2352 238.373 69
23.7474 240.074 69
0 260 69
0 260 69
0 260 69
0 260 69
0 260 69
0 260 69
0 260 69
0 260 69
0 260 69
0 260 69
0 260 69
