-0 260 271
-0 260 271
-0 260 271
-0 260 271
-0 260 271
-0 260 271
-0 260 271
-0 260 271
-15.8489 246.223 271
-22.8122 240.517 271
-26.8116 237.502 271
-26.2352 238.373 271
-32.6401 233.569 271
-42.2608 226.384 271
-39.4005 229.217 271
-26.1807 239.911 271
-25.5563 240.742 271
-27.3311 239.776 271
-26.6976 240.603 271
-26.8658 240.837 271
-26.2129 241.646 271
-25.5479 242.441 271
-26.5292 242.106 271
-27.5182 241.786 271
-26.8375 242.572 271
-26.1451 243.344 271
-26.2895 243.573 271
-28.1371 242.758 271
-28.2865 243.004 271
-27.5721 243.759 271
-27.7128 244 271
-27.8514 244.242 271
-27.1132 244.971 271
-29.001 244.254 271
-29.1373 244.507 271
-30.1584 244.301 271
-29.4032 245.018 271
-30.4278 244.829 271
-31.4578 244.657 271
-31.5905 244.932 271
-32.6271 244.786 271
-32.7586 245.071 271
-32.8876 245.357 271
-33.0142 245.645 271
-34.0587 245.543 271
-35.1074 245.458 271
-34.3058 246.14 271
-34.4255 246.439 271
-37.3432 245.665 271
-37.4669 245.992 271
-40.4068 245.293 271
-0 260 271
-0 260 271
-0 260 271
-72.2803 236.515 271
-70.5751 237.748 271
-0 260 271
-69.9938 239.267 271
-0 260 271
-0 260 271
-0 260 271
-0 260 271
-0 260 271
-0 260 271
-0 260 271
-0 260 271
-0 260 271
-0 260 271
-0 260 271
-0 260 271
-0 260 271
-0 260 271
-671.628 153.625 271
-674.509 159.194 271
-674.373 165.223 271
-673.191 171.373 271
-674.931 177.129 271
-674.635 183.135 271
-674.286 189.13 271
-676.869 194.825 271
-675.42 200.909 271
-675.91 206.805 271
-676.348 212.705 271
-675.737 218.67 271
-677.071 224.516 271
-677.355 230.426 271
-677.587 236.338 271
-676.768 242.278 271
-676.897 248.185 271
-675.974 254.101 271
-675 260 271
-673.974 265.882 271
-674.897 271.78 271
-674.769 277.67 271
-673.589 283.522 271
-672.359 289.356 271
-672.078 295.222 271
-671.745 301.086 271
-671.361 306.946 271
-670.925 312.803 271
-672.431 318.83 271
-687.819 326.23 271
-702.132 333.797 271
-702.455 340.035 271
-695.775 345.431 271
-696.986 351.76 271
-707.051 359.37 271
-722.971 368.049 271
-715.086 373.259 271
-683.496 374.378 271
-683.457 380.512 271
-700.077 389.752 271
-673.396 390.895 271
-670.268 396.368 271
-672.966 403.043 271
-680.478 410.859 271
-693.751 420.165 271
-687.466 425.046 271
-688.91 431.765 271
-697.066 440.274 271
-706.092 449.197 271
-711.159 457.222 271
-739.21 471.965 271
-745.003 480.68 271
-706.709 476.063 271
-1089.14 603.406 271
-1095.62 615.988 271
-805.582 537.384 271
-798.417 542.735 271
-789.342 547.297 271
-785.868 553.824 271
-782.34 560.312 271
-976.008 644.46 271
-1028.25 675.439 271
-1048.6 694.346 271
-736.404 572.585 271
-728.146 576.607 271
-731.75 585.796 271
-726.149 590.925 271
-707.826 590.065 271
-696.796 592.355 271
-699.262 601.053 271
-711.473 614.727 271
-722.606 628.186 271
-728.236 639.096 271
-709.89 637.455 271
-703.054 641.727 271
-702.32 649.302 271
-698.025 654.924 271
-846.107 748.5 271
-834.057 751.297 271
-823.738 754.952 271
-813.419 758.464 271
-807.342 764.483 271
-788.571 762.375 271
-657.518 686.997 271
-653.766 692.719 271
-0 260 271
-0 260 271
-0 260 271
-0 260 271
-0 260 271
-0 260 271
-0 260 271
-0 260 271
-0 260 271
-0 260 271
-0 260 271
-0 260 271
-0 260 271
-0 260 271
-0 260 271
-0 260 271
-0 260 271
-0 260 271
-0 260 271
-0 260 271
-0 260 271
-0 260 271
-0 260 271
-0 260 271
-0 260 271
-0 260 271
-0 260 271
-0 260 271
-0 260 271
-0 260 271
-0 260 271
-0 260 271
-0 260 271
-0 260 271
-0 260 271
-0 260 271
-0 260 271
-0 260 271
-0 260 271
-0 260 271
-0 260 271
-0 260 271
-0 260 271
-0 260 271
-0 260 271
-0 260 271
-0 260 271
-0 260 271
-0 260 271
-0 260 271
-0 260 271
-0 260 271
-0 260 271
-0 260 271
-0 260 271
-0 260 271
-0 260 271
-0 260 271
-0 260 271
-0 260 271
-0 260 271
-0 260 271
-0 260 271
-0 260 271
-0 260 271
-0 260 271
-0 260 271
-0 260 271
-0 260 271
-0 260 271
-0 260 271
-0 260 271
-0 260 271
-0 260 271
-0 260 271
-0 260 271
-0 260 271
-0 260 271
-0 260 271
-0 260 271
-0 260 271
-0 260 271
-0 260 271
-0 260 271
-0 260 271
-0 260 271
-0 260 271
-0 260 271
-0 260 271
-0 260 271
-0 260 271
-0 260 271
-0 260 271
-0 260 271
-0 260 271
-0 260 271
-0 260 271
-0 260 271
-0 260 271
-0 260 271
-0 260 271
-0 260 271
-0 260 271
-0 260 271
-0 260 271
-0 260 271
-0 260 271
-0 260 271
-0 260 271
-0 260 271
-0 260 271
-0 260 271
0 260 271
0 260 271
0 260 271
0 260 271
0 260 271
0 260 271
0 260 271
0 260 271
0 260 271
0 260 271
0 260 271
0 260 271
0 260 271
0 260 271
0 260 271
0 260 271
0 260 271
0 260 271
0 260 271
0 260 271
0 260 271
0 260 271
0 260 271
0 260 271
0 260 271
0 260 271
0 260 271
0 260 271
0 260 271
0 260 271
0 260 271
0 260 271
0 260 271
0 260 271
0 260 271
0 260 271
0 260 271
0 260 271
0 260 271
0 260 271
0 260 271
0 260 271
0 260 271
0 260 271
0 260 271
0 260 271
0 260 271
0 260 271
0 260 271
0 260 271
0 260 271
0 260 271
0 260 271
0 260 271
0 260 271
0 260 271
0 260 271
0 260 271
0 260 271
0 260 271
0 260 271
0 260 271
0 260 271
0 260 271
0 260 271
0 260 271
0 260 271
0 260 271
0 260 271
0 260 271
0 260 271
0 260 271
0 260 271
0 260 271
0 260 271
0 260 271
0 260 271
0 260 271
0 260 271
0 260 271
0 260 271
0 260 271
0 260 271
0 260 271
0 260 271
0 260 271
0 260 271
0 260 271
0 260 271
0 260 271
0 260 271
0 260 271
0 260 271
0 260 271
0 260 271
0 260 271
0 260 271
0 260 271
0 260 271
0 260 271
0 260 271
0 260 271
0 260 271
0 260 271
0 260 271
0 260 271
0 260 271
0 260 271
0 260 271
0 260 271
0 260 271
0 260 271
0 260 271
0 260 271
0 260 271
0 260 271
0 260 271
0 260 271
0 260 271
0 260 271
0 260 271
0 260 271
0 260 271
0 260 271
0 260 271
0 260 271
0 260 271
0 260 271
0 260 271
0 260 271
0 260 271
0 260 271
0 260 271
962.913 678.687 271
979.417 675.738 271
970.074 661.818 271
980.961 656.334 271
0 260 271
1012 648.471 271
1014.42 639.275 271
1002.65 624.935 271
1003.91 615.504 271
1011.7 608.358 271
1023.24 602.372 271
958.665 571.489 271
0 260 271
967.78 555.88 271
0 260 271
0 260 271
1006.99 539.264 271
1000.7 528.137 271
1013.65 522.148 271
947.979 496.358 271
528.969 386.994 271
458.928 365.952 271
478.385 366.055 271
469.511 359.798 271
463.504 354.301 271
466.273 350.634 271
462.13 345.651 271
458.92 340.92 271
456.65 336.417 271
454.337 331.96 271
442.09 326.071 271
415.913 318.453 271
410.458 314.038 271
410.914 310.454 271
411.339 306.866 271
411.732 303.275 271
412.094 299.68 271
412.425 296.082 271
413.721 292.561 271
413.989 288.949 271
412.23 285.213 271
413.433 281.667 271
414.605 278.102 271
415.747 274.518 271
413.858 270.837 271
415.937 267.26 271
415.984 263.63 271
416 260 271
414.984 256.378 271
415.937 252.74 271
416.857 249.084 271
416.746 245.447 271
415.604 241.854 271
416.429 238.176 271
417.22 234.482 271
414.987 230.981 271
414.718 227.361 271
414.417 223.743 271
415.08 220.032 271
413.721 216.516 271
415.313 212.681 271
414.884 209.059 271
416.407 205.179 271
414.922 201.686 271
415.387 197.92 271
413.841 194.454 271
413.254 190.845 271
412.634 187.241 271
411.001 183.826 271
411.302 180.051 271
410.588 176.465 271
411.8 172.469 271
411.021 168.879 271
0 260 271
0 260 271
0 260 271
0 260 271
0 260 271
0 260 271
0 260 271
0 260 271
70.7666 238.364 271
70.5751 237.748 271
0 260 271
0 260 271
43.4939 245.024 271
38.6483 246.314 271
37.5877 246.319 271
36.5302 246.342 271
35.4761 246.382 271
36.2863 245.706 271
35.233 245.765 271
35.1074 245.458 271
33.1382 245.934 271
33.9312 245.246 271
33.8012 244.951 271
32.7586 245.071 271
32.6271 244.786 271
33.3957 244.071 271
33.2554 243.78 271
33.1126 243.491 271
32.0762 243.656 271
31.9324 243.377 271
30.0202 244.038 271
29.8798 243.777 271
28.8625 244.001 271
28.7217 243.75 271
28.5788 243.5 271
28.4338 243.251 271
30.0009 241.974 271
28.9898 242.235 271
29.6817 241.453 271
28.6753 241.732 271
28.5148 241.482 271
28.3521 241.234 271
28.1873 240.987 271
27.1962 241.309 271
26.2129 241.646 271
26.8658 240.837 271
25.8885 241.191 271
24.9196 241.56 271
23.9591 241.946 271
34.9075 233.214 271
39.4005 229.217 271
34.4348 232.609 271
26.423 238.603 271
26.2352 238.373 271
23.7474 240.074 271
0 260 271
0 260 271
0 260 271
0 260 271
0 260 271
0 260 271
0 260 271
0 260 271
0 260 271
0 260 271
0 260 271
