-0 260 253
-0 260 253
-0 260 253
-0 260 253
-0 260 253
-0 260 253
-0 260 253
-0 260 253
-16.6036 245.567 253
-23.5726 239.867 253
-26.8116 237.502 253
-26.2352 238.373 253
-33.4173 232.939 253
-41.4782 227.007 253
-40.1886 228.601 253
-26.974 239.302 253
-25.5563 240.742 253
-26.5273 240.371 253
-26.6976 240.603 253
-26.8658 240.837 253
-26.2129 241.646 253
-25.5479 242.441 253
-25.7002 242.665 253
-26.6843 242.338 253
-26.8375 242.572 253
-26.9885 242.806 253
-27.1375 243.043 253
-27.2845 243.28 253
-28.2865 243.004 253
-27.5721 243.759 253
-26.8468 244.5 253
-26.981 244.735 253
-27.9878 244.486 253
-29.8798 243.777 253
-30.0202 244.038 253
-30.1584 244.301 253
-30.2942 244.564 253
-29.5328 245.275 253
-31.4578 244.657 253
-30.6879 245.363 253
-32.6271 244.786 253
-32.7586 245.071 253
-32.8876 245.357 253
-33.9312 245.246 253
-34.0587 245.543 253
-34.1835 245.841 253
-34.3058 246.14 253
-34.4255 246.439 253
-37.3432 245.665 253
-36.5302 246.342 253
-40.4068 245.293 253
-0 260 253
-0 260 253
-0 260 253
-72.2803 236.515 253
-72.4825 237.146 253
-0 260 253
-69.9938 239.267 253
-0 260 253
-0 260 253
-0 260 253
-0 260 253
-0 260 253
-0 260 253
-0 260 253
-0 260 253
-0 260 253
-0 260 253
-0 260 253
-0 260 253
-0 260 253
-673.633 147.273 253
-676.567 152.842 253
-678.465 158.603 253
-677.343 164.806 253
-678.148 170.72 253
-679.894 176.52 253
-678.61 182.682 253
-680.253 188.503 253
-679.856 194.537 253
-679.405 200.56 253
-680.895 206.413 253
-681.336 212.356 253
-680.728 218.365 253
-681.065 224.307 253
-681.351 230.252 253
-681.585 236.199 253
-681.766 242.147 253
-681.896 248.098 253
-680.974 254.057 253
-682 260 253
-679.974 265.934 253
-680.896 271.885 253
-680.767 277.827 253
-680.585 283.767 253
-680.352 289.705 253
-680.067 295.641 253
-678.732 301.513 253
-677.346 307.365 253
-676.907 313.274 253
-677.412 319.266 253
-675.874 325.079 253
-675.28 330.975 253
-674.635 336.865 253
-672.946 342.628 253
-671.208 348.366 253
-670.411 354.22 253
-669.564 360.067 253
-668.665 365.906 253
-666.729 371.572 253
-664.745 377.213 253
-663.697 383.009 253
-662.598 388.796 253
-661.449 394.573 253
-660.25 400.34 253
-657.047 405.664 253
-653.802 410.942 253
-653.433 416.875 253
-652.039 422.572 253
-649.627 428.005 253
-648.136 433.668 253
-646.596 439.317 253
-644.045 444.677 253
-642.409 450.29 253
-637.855 455.012 253
-636.129 460.571 253
-634.355 466.114 253
-633.48 471.96 253
-628.77 476.503 253
-627.799 482.315 253
-623.956 487.101 253
-621.95 492.538 253
-619.897 497.956 253
-616.867 502.99 253
-613.796 507.99 253
-610.684 512.954 253
-607.533 517.883 253
-604.343 522.776 253
-602.94 528.446 253
-598.754 532.868 253
-596.35 538.083 253
-592.998 542.846 253
-589.609 547.572 253
-585.287 551.813 253
-582.718 556.91 253
-579.218 561.522 253
-576.565 566.565 253
-573.868 571.585 253
-569.377 575.611 253
-566.602 580.568 253
-562.916 585 253
-559.197 589.392 253
-554.587 593.23 253
-551.658 598.057 253
-547.839 602.328 253
-543.987 606.558 253
-540.104 610.748 253
-536.189 614.896 253
-530.584 617.884 253
-528.265 623.066 253
-523.438 626.515 253
-520.22 631.069 253
-515.344 634.419 253
-511.253 638.307 253
-507.932 642.754 253
-502.193 645.346 253
-499.599 650.329 253
-495.391 654.052 253
-491.156 657.731 253
-485.352 660.093 253
-481.842 664.313 253
-477.535 667.853 253
-473.958 672.005 253
-468.846 674.8 253
-463.722 677.538 253
-460.061 681.568 253
-454.902 684.203 253
-450.457 687.468 253
-446.71 691.383 253
-440.789 693.162 253
-436.285 696.285 253
-431.76 699.362 253
-427.215 702.394 253
-422.65 705.38 253
-418.065 708.32 253
-414.137 711.951 253
-407.5 712.575 253
-402.873 715.365 253
-398.228 718.109 253
-393.565 720.806 253
-388.886 723.457 253
-384.191 726.061 253
-380.109 729.396 253
-375.376 731.913 253
-369.397 732.806 253
-364.039 734.425 253
-359.284 736.785 253
-354.514 739.099 253
-349.144 740.556 253
-344.938 743.585 253
-339.557 744.938 253
-335.312 747.883 253
-329.924 749.132 253
-324.539 750.325 253
-319.158 751.461 253
-310.022 746.637 253
-301.524 742.539 253
-297.302 745.152 253
-293.057 747.728 253
-289.297 751.129 253
-284.5 752.768 253
-282.159 758.714 253
-279.25 763.781 253
-273.889 764.441 253
-269.477 766.812 253
-263.658 766.483 253
-248.333 747.381 253
-240.054 741.475 253
-233.652 739.057 253
-228.601 739.273 253
-227.791 748.5 253
-233.058 771.398 253
-228.179 772.499 253
-223.698 774.471 253
-218.809 775.483 253
-213.537 775.525 253
-208.656 776.441 253
-203.775 777.312 253
-198.894 778.137 253
-193.665 777.98 253
-188.795 778.71 253
-183.594 778.453 253
-178.411 778.144 253
-173.883 779.681 253
-168.414 778.326 253
-163.885 779.776 253
-159.05 780.23 253
-153.936 779.68 253
-149.12 780.043 253
-144.309 780.36 253
-139.245 779.668 253
-134.454 779.895 253
-129.67 780.079 253
-124.66 779.246 253
-119.899 779.339 253
-114.929 778.413 253
-110.401 779.396 253
-105.466 778.38 253
-100.747 778.299 253
-95.8558 777.192 253
-91.3389 778.009 253
-86.6499 777.8 253
-81.8152 776.561 253
-77.1565 776.266 253
-72.5091 775.93 253
-67.8736 775.551 253
-63.2501 775.131 253
-58.6392 774.67 253
-53.8321 772.179 253
-49.2647 771.634 253
-44.798 772.044 253
-40.171 770.422 253
-35.6455 769.755 253
-31.1347 769.049 253
-26.639 768.302 253
-22.1586 767.516 253
-17.694 766.691 253
-13.2193 764.827 253
-8.81343 764.923 253
-4.39814 763.981 253
3.78999e-05 762 253
4.36331 759.981 253
8.72624 759.924 253
13.0362 757.829 253
17.3451 756.697 253
21.6789 756.527 253
25.854 753.323 253
30.2191 754.077 253
34.39 751.799 253
38.5235 749.486 253
42.7063 748.135 253
46.9645 747.744 253
51.1145 746.321 253
55.13 743.869 253
59.2285 742.377 253
63.4358 741.842 253
67.3598 739.29 253
71.392 737.695 253
75.5579 737.053 253
79.3879 734.403 253
83.3512 732.708 253
87.4731 731.962 253
91.2067 729.218 253
95.0985 727.424 253
98.7581 724.62 253
103.025 724.717 253
106.402 720.877 253
110.186 718.959 253
113.703 716.039 253
117.929 715.998 253
121.645 713.985 253
125.335 711.943 253
128.998 709.87 253
132.351 706.81 253
136.538 706.594 253
139.828 703.478 253
143.693 702.241 253
146.912 699.074 253
149.761 694.939 253
153.217 692.672 253
157.329 692.259 253
160.395 688.996 253
163.774 686.646 253
167.125 684.27 253
170.821 682.796 253
174.504 681.289 253
177.783 678.83 253
180.235 674.511 253
184.252 673.836 253
187.027 670.393 253
190.601 668.745 253
192.869 664.358 253
196.39 662.66 253
200.343 661.826 253
203.388 659.171 253
205.478 654.72 253
209.854 654.678 253
212.813 651.952 253
215.255 648.331 253
217.651 644.697 253
221.5 643.649 253
224.332 640.84 253
226.617 637.154 253
230.422 636.014 253
233.164 633.141 253
235.875 630.249 253
238.007 626.499 253
240.093 622.74 253
242.69 619.802 253
246.953 619.319 253
248.932 615.512 253
252.025 613.326 253
254.511 610.304 253
256.963 607.266 253
259.382 604.212 253
262.985 602.729 253
265.35 599.633 253
267.681 596.521 253
269.349 592.618 253
272.241 590.255 253
275.756 588.633 253
277.314 584.693 253
278.825 580.752 253
281.614 578.306 253
283.711 575.093 253
285.099 571.131 253
288.485 569.363 253
289.109 564.657 253
292.451 562.842 253
295.784 560.992 253
296.278 556.278 253
298.139 552.98 253
300.684 550.367 253
302.481 547.044 253
305.706 545.075 253
308.182 542.397 253
309.891 539.027 253
312.315 536.313 253
314.714 533.577 253
314.808 528.871 253
317.908 526.757 253
319.453 523.336 253
321.738 520.539 253
323.217 517.099 253
325.448 514.268 253
328.448 512.027 253
328.239 507.346 253
331.189 505.067 253
333.315 502.168 253
334.601 498.669 253
335.033 494.593 253
338.716 492.793 253
339.905 489.269 253
344.395 487.95 253
344.694 483.847 253
344.947 479.756 253
346.852 476.737 253
348.73 473.702 253
349.724 470.136 253
352.406 467.583 253
354.204 464.5 253
355.975 461.401 253
355.97 457.318 253
357.679 454.204 253
358.477 450.605 253
361.013 447.932 253
362.64 444.774 253
362.448 440.71 253
364.91 437.979 253
367.352 435.218 253
368.867 432.006 253
370.354 428.78 253
369.986 424.728 253
371.409 421.493 253
370.963 417.465 253
375.095 415.369 253
376.437 412.09 253
377.75 408.799 253
377.166 404.781 253
379.352 401.834 253
379.636 398.176 253
379.885 394.524 253
381.99 391.53 253
384.071 388.508 253
384.227 384.843 253
385.302 381.485 253
385.391 377.826 253
386.404 374.458 253
389.311 371.633 253
388.343 367.697 253
388.302 364.045 253
389.195 360.653 253
391.029 357.495 253
390.893 353.845 253
394.62 351.105 253
394.424 347.442 253
394.193 343.788 253
395.89 340.545 253
396.577 337.087 253
398.218 333.805 253
396.878 329.98 253
397.473 326.514 253
400.014 323.356 253
400.551 319.863 253
399.078 316.087 253
399.552 312.602 253
399.996 309.113 253
399.416 305.508 253
400.792 302.125 253
402.14 298.722 253
401.466 295.124 253
403.752 291.776 253
403.016 288.182 253
402.248 284.603 253
405.444 281.248 253
402.616 277.579 253
401.755 274.03 253
403.862 270.575 253
404.938 267.068 253
403.985 263.526 253
405 260 253
403.985 256.474 253
404.938 252.932 253
403.862 249.425 253
403.754 245.901 253
406.613 242.247 253
405.444 238.752 253
406.241 235.153 253
406.009 231.609 253
404.748 228.146 253
406.447 224.44 253
405.126 220.991 253
403.776 217.561 253
405.377 213.813 253
403.966 210.399 253
404.51 206.745 253
404.029 203.217 253
405.497 199.398 253
403.965 196.018 253
403.391 192.496 253
401.802 189.152 253
402.151 185.466 253
402.467 181.768 253
402.749 178.06 253
399.084 175.172 253
399.305 171.476 253
0 260 253
0 260 253
0 260 253
0 260 253
0 260 253
0 260 253
0 260 253
0 260 253
71.7229 238.072 253
73.4362 236.846 253
0 260 253
0 260 253
0 260 253
39.5909 245.98 253
37.5877 246.319 253
37.4669 245.992 253
36.4096 246.024 253
35.3559 246.073 253
35.233 245.765 253
36.0313 245.075 253
34.0587 245.543 253
33.0142 245.645 253
32.8876 245.357 253
32.7586 245.071 253
33.5334 244.363 253
34.2982 243.641 253
32.3566 244.219 253
33.1126 243.491 253
32.0762 243.656 253
31.0454 243.839 253
30.9032 243.568 253
30.7586 243.299 253
28.8625 244.001 253
27.8514 244.242 253
28.5788 243.5 253
28.4338 243.251 253
28.2865 243.004 253
30.695 241.19 253
28.8336 241.983 253
28.6753 241.732 253
28.5148 241.482 253
28.3521 241.234 253
25.7002 242.665 253
25.5479 242.441 253
26.2129 241.646 253
26.0517 241.418 253
25.0795 241.779 253
24.9196 241.56 253
23.9591 241.946 253
35.7009 232.606 253
39.4005 229.217 253
34.4348 232.609 253
25.6458 239.232 253
27.0069 237.737 253
23.7474 240.074 253
0 260 253
0 260 253
0 260 253
0 260 253
0 260 253
0 260 253
0 260 253
0 260 253
0 260 253
0 260 253
0 260 253
