-0 260 42
-0 260 42
-0 260 42
-0 260 42
-0 260 42
-0 260 42
-0 260 42
-0 260 42
-16.6036 245.567 42
-22.8122 240.517 42
-26.0455 238.145 42
-25.4636 239.009 42
-32.6401 233.569 42
-42.2608 226.384 42
-40.9766 227.986 42
-26.1807 239.911 42
-26.355 240.14 42
-26.5273 240.371 42
-26.6976 240.603 42
-26.8658 240.837 42
-26.2129 241.646 42
-25.5479 242.441 42
-25.7002 242.665 42
-25.8505 242.89 42
-26.8375 242.572 42
-27.8319 242.269 42
-27.1375 243.043 42
-27.2845 243.28 42
-28.2865 243.004 42
-27.5721 243.759 42
-27.7128 244 42
-26.981 244.735 42
-27.1132 244.971 42
-28.1222 244.731 42
-30.0202 244.038 42
-29.2714 244.762 42
-29.4032 245.018 42
-30.4278 244.829 42
-29.6602 245.534 42
-30.6879 245.363 42
-30.8145 245.631 42
-32.7586 245.071 42
-32.8876 245.357 42
-33.9312 245.246 42
-33.1382 245.934 42
-35.1074 245.458 42
-34.3058 246.14 42
-34.4255 246.439 42
-35.4761 246.382 42
-35.5935 246.692 42
-38.5274 245.977 42
-42.4189 244.979 42
-0 260 42
-0 260 42
-72.2803 236.515 42
-71.5288 237.447 42
-0 260 42
-0 260 42
-0 260 42
-0 260 42
-0 260 42
-0 260 42
-0 260 42
-0 260 42
-0 260 42
-0 260 42
-0 260 42
-0 260 42
-0 260 42
-0 260 42
-0 260 42
-0 260 42
-691.382 150.496 42
-692.311 156.534 42
-693.188 162.579 42
-692.029 168.893 42
-693.79 174.813 42
-694.507 180.871 42
-694.176 187.039 42
-694.787 193.1 42
-695.344 199.165 42
-695.848 205.236 42
-695.302 211.38 42
-693.704 217.571 42
-696.045 223.522 42
-695.338 229.641 42
-696.575 235.675 42
-695.762 241.781 42
-694.894 247.871 42
-694.974 253.935 42
-695 260 42
-694.974 266.065 42
-693.894 272.112 42
-692.763 278.141 42
-693.577 284.22 42
-692.34 290.228 42
-692.05 296.269 42
-690.709 302.246 42
-689.317 308.202 42
-689.867 314.294 42
-688.371 320.225 42
-686.823 326.134 42
-686.22 332.125 42
-685.565 338.11 42
-684.857 344.09 42
-683.105 349.933 42
-681.304 355.751 42
-680.443 361.693 42
-678.542 367.471 42
-675.606 373.058 42
-674.593 378.949 42
-672.546 384.649 42
-672.415 390.704 42
-670.268 396.368 42
-669.053 402.212 42
-666.81 407.828 42
-664.52 413.417 42
-662.184 418.976 42
-657.86 424.023 42
-658.34 430.258 42
-654.898 435.479 42
-653.341 441.188 42
-650.774 446.607 42
-648.162 451.994 42
-646.462 457.643 42
-642.805 462.676 42
-641.012 468.278 42
-638.222 473.546 42
-634.443 478.456 42
-633.455 484.318 42
-630.534 489.496 42
-627.57 494.639 42
-624.565 499.748 42
-621.519 504.823 42
-617.504 509.488 42
-614.38 514.485 42
-610.295 519.055 42
-608.011 524.371 42
-605.681 529.666 42
-601.484 534.112 42
-598.163 538.928 42
-595.706 544.137 42
-592.305 548.887 42
-588.867 553.598 42
-584.5 557.818 42
-581.879 562.907 42
-578.331 567.504 42
-574.746 572.062 42
-572.001 577.066 42
-566.602 580.568 42
-562.916 585 42
-560.921 590.408 42
-557.159 594.775 42
-552.511 598.579 42
-548.687 602.858 42
-531.337 598.499 42
-523.33 599.855 42
-518.677 603.305 42
-512.345 605.581 42
-506.013 607.773 42
-509.513 616.765 42
-521.848 632.231 42
-518.58 636.77 42
-514.468 640.687 42
-510.328 644.56 42
-505.366 647.781 42
-487.779 641.095 42
-462.521 627.906 42
-456.962 630.04 42
-462.203 641.011 42
-481.842 664.313 42
-479.056 669.152 42
-476.222 673.973 42
-471.093 676.788 42
-465.209 678.876 42
-462.273 683.595 42
-457.827 686.931 42
-452.634 689.533 42
-447.429 692.078 42
-442.928 695.265 42
-439.113 699.113 42
-433.863 701.502 42
-429.993 705.271 42
-425.403 708.281 42
-420.793 711.245 42
-415.488 713.426 42
-410.177 715.548 42
-405.523 718.361 42
-400.852 721.128 42
-395.514 723.087 42
-390.815 725.755 42
-386.099 728.376 42
-382.627 732.505 42
-377.244 734.261 42
-371.244 735.171 42
-367.083 738.392 42
-361.691 739.98 42
-356.894 742.314 42
-352.671 745.41 42
-346.68 746.027 42
-342.999 749.853 42
-337.012 750.355 42
-332.161 752.448 42
-326.747 753.66 42
-321.337 754.816 42
-317.007 757.601 42
-311.592 758.652 42
-306.707 760.5 42
-302.327 763.157 42
-296.91 764.053 42
-292 765.759 42
-287.575 768.288 42
-281.19 767.279 42
-276.275 768.835 42
-271.355 770.344 42
-265.967 770.918 42
-261.498 773.22 42
-257.01 775.482 42
-252.063 776.807 42
-246.252 776.279 42
-241.315 777.502 42
-236.375 778.678 42
-231.026 778.894 42
-226.091 779.973 42
-221.154 781.006 42
-216.216 781.992 42
-210.903 782.005 42
-205.607 781.964 42
-200.686 782.805 42
-195.766 783.6 42
-190.505 783.409 42
-185.597 784.109 42
-180.365 783.817 42
-175.787 785.371 42
-170.577 784.983 42
-165.99 786.452 42
-160.804 785.968 42
-155.356 784.474 42
-150.774 785.81 42
-145.912 786.142 42
-140.798 785.464 42
-135.706 784.736 42
-130.88 784.93 42
-126.294 786.052 42
-121.249 785.185 42
-116.444 785.247 42
-111.649 785.265 42
-106.462 783.28 42
-101.701 783.207 42
-97.3137 785.058 42
-92.2071 782.933 42
-87.8053 784.704 42
-82.7538 782.487 42
-78.0433 782.2 42
-73.205 780.881 42
-68.6567 781.5 42
-63.9814 781.087 42
-59.3184 780.632 42
-54.4593 778.146 42
-49.9356 778.601 42
-45.2338 777.025 42
-40.7202 777.4 42
-35.9943 774.743 42
-31.501 775.038 42
-26.9006 773.296 42
-22.3767 772.512 42
-17.9034 772.687 42
-13.3764 770.825 42
-8.90069 769.922 42
-4.44177 768.981 42
3.83529e-05 768 42
4.42439 766.981 42
8.83096 765.923 42
13.2194 764.827 42
17.5894 763.693 42
21.897 761.522 42
26.2204 760.313 42
30.4633 758.069 42
34.7388 756.787 42
38.9942 755.468 42
43.3164 755.109 42
47.4437 752.721 42
51.6371 751.294 42
55.9224 750.824 42
59.9598 748.333 42
64.2189 747.791 42
68.1949 745.231 42
72.2788 743.629 42
76.3401 741.992 42
80.3782 740.321 42
84.2194 737.632 42
88.202 735.895 42
92.3516 735.108 42
96.2947 733.304 42
100.213 731.467 42
103.891 728.622 42
107.977 727.698 42
111.82 725.765 42
115.397 722.831 42
119.431 721.806 42
122.939 718.815 42
126.671 716.761 42
130.101 713.716 42
134.055 712.563 42
137.707 710.42 42
141.632 709.201 42
145.238 706.997 42
148.816 704.764 42
151.715 700.612 42
154.886 697.386 42
159.039 696.957 42
162.496 694.616 42
163.774 686.646 42
153.931 650.775 42
155.462 644.781 42
159.579 645.258 42
163.326 644.771 42
166.677 643.331 42
171.236 644.603 42
175.83 645.824 42
180.881 647.9 42
184.259 646.306 42
186.308 641.987 42
188.295 637.662 42
199.302 651.152 42
207.325 658.268 42
210.323 655.561 42
214.244 654.589 42
217.195 651.83 42
207.803 627.29 42
209 621.999 42
213.166 621.884 42
217.346 621.725 42
221.017 620.667 42
223.096 617.028 42
226.74 615.911 42
230.927 615.596 42
234.573 614.401 42
237.657 612.341 42
245.82 617.671 42
252.374 620.427 42
254.348 616.583 42
258.038 615.158 42
259.343 610.482 42
262.993 609.004 42
265.42 605.902 42
267.197 601.997 42
270.794 600.435 42
273.754 598.058 42
275.422 594.113 42
277.041 590.165 42
279.263 586.975 42
282.761 585.28 42
284.927 582.051 42
287.726 579.552 42
289.153 575.555 42
290.531 571.557 42
293.239 569.009 42
296.619 567.158 42
297.186 562.418 42
299.813 559.813 42
301.705 556.485 42
305 554.535 42
307.559 551.862 42
309.363 548.485 42
311.131 545.099 42
312.864 541.704 42
314.561 538.3 42
316.223 534.889 42
319.371 532.768 42
320.973 529.328 42
323.311 526.517 42
324.847 523.056 42
326.348 519.589 42
328.6 516.731 42
329.242 512.636 42
330.635 509.151 42
333.601 506.851 42
334.933 503.343 42
337.044 500.411 42
338.31 496.887 42
338.716 492.793 42
341.563 490.387 42
342.727 486.846 42
344.694 483.847 42
346.634 480.83 42
348.548 477.797 42
351.288 475.269 42
352.296 471.681 42
351.545 467.076 42
354.204 464.5 42
356.846 461.894 42
357.719 458.287 42
358.557 454.681 42
361.126 452.014 42
363.674 449.317 42
362.64 444.774 42
365.133 442.049 42
366.708 438.855 42
367.352 435.218 42
367.961 431.583 42
371.264 429.195 42
370.899 425.135 42
372.326 421.892 42
371.884 417.855 42
373.247 414.604 42
374.582 411.341 42
376.819 408.433 42
378.1 405.139 42
377.479 401.134 42
379.636 398.176 42
381.77 395.192 42
382.935 391.855 42
384.071 388.508 42
383.276 384.534 42
383.394 380.884 42
383.478 377.241 42
384.487 373.89 42
385.466 370.531 42
386.416 367.163 42
389.268 364.304 42
389.195 360.653 42
389.089 357.011 42
389.92 353.612 42
389.748 349.98 42
389.542 346.359 42
392.237 343.373 42
390.99 339.548 42
394.614 336.705 42
393.302 332.894 42
393.923 329.459 42
396.487 326.349 42
395.075 322.574 42
394.617 318.976 42
395.117 315.53 42
397.569 312.341 42
398.011 308.87 42
398.422 305.394 42
397.809 301.811 42
399.154 298.434 42
399.474 294.949 42
400.761 291.541 42
399.026 287.903 42
399.254 284.419 42
399.452 280.934 42
399.619 277.448 42
399.756 273.96 42
399.863 270.471 42
399.939 266.981 42
397.985 263.473 42
401 260 42
399.985 256.509 42
401.939 252.984 42
400.863 249.503 42
400.756 246.005 42
400.618 242.509 42
401.449 238.961 42
397.258 235.703 42
400.023 232.028 42
400.761 228.459 42
400.47 224.963 42
400.149 221.47 42
399.798 217.98 42
399.416 214.492 42
399.996 210.887 42
399.552 207.398 42
399.078 203.913 42
398.573 200.433 42
397.051 197.113 42
398.459 193.321 42
396.878 190.02 42
395.268 186.741 42
394.614 183.295 42
393.93 179.854 42
392.237 176.627 42
392.471 172.991 42
0 260 42
0 260 42
0 260 42
0 260 42
0 260 42
0 260 42
0 260 42
0 260 42
72.6792 237.78 42
72.4825 237.146 42
0 260 42
0 260 42
42.5483 245.349 42
39.5909 245.98 42
37.5877 246.319 42
36.5302 246.342 42
35.4761 246.382 42
36.2863 245.706 42
35.233 245.765 42
35.1074 245.458 42
34.9792 245.152 42
33.0142 245.645 42
31.9741 245.764 42
30.9387 245.9 42
31.7208 245.208 42
33.3957 244.071 42
33.2554 243.78 42
33.1126 243.491 42
30.2942 244.564 42
31.0454 243.839 42
30.0202 244.038 42
29.8798 243.777 42
29.7371 243.516 42
28.7217 243.75 42
27.7128 244 42
28.4338 243.251 42
29.1437 242.489 42
28.1371 242.758 42
28.8336 241.983 42
26.9885 242.806 42
27.6761 242.027 42
27.5182 241.786 42
27.3582 241.547 42
27.1962 241.309 42
26.2129 241.646 42
25.2376 241.998 42
25.0795 241.779 42
24.1157 242.155 42
23.9591 241.946 42
34.1142 233.823 42
39.4005 229.217 42
32.8695 233.854 42
26.423 238.603 42
25.4636 239.009 42
22.2153 241.359 42
0 260 42
0 260 42
0 260 42
0 260 42
0 260 42
0 260 42
0 260 42
0 260 42
0 260 42
0 260 42
0 260 42
