-0 260 244
-0 260 244
-0 260 244
-0 260 244
-0 260 244
-0 260 244
-0 260 244
-0 260 244
-17.3583 244.911 244
-23.5726 239.867 244
-26.8116 237.502 244
-27.7785 237.101 244
-34.1944 232.31 244
-43.0435 225.762 244
-40.1886 228.601 244
-26.974 239.302 244
-26.355 240.14 244
-26.5273 240.371 244
-26.6976 240.603 244
-26.8658 240.837 244
-26.2129 241.646 244
-25.5479 242.441 244
-26.5292 242.106 244
-27.5182 241.786 244
-26.8375 242.572 244
-26.9885 242.806 244
-27.1375 243.043 244
-27.2845 243.28 244
-28.2865 243.004 244
-28.4338 243.251 244
-27.7128 244 244
-27.8514 244.242 244
-27.1132 244.971 244
-29.001 244.254 244
-30.0202 244.038 244
-31.0454 243.839 244
-31.1852 244.11 244
-30.4278 244.829 244
-31.4578 244.657 244
-30.6879 245.363 244
-31.7208 245.208 244
-32.7586 245.071 244
-32.8876 245.357 244
-33.0142 245.645 244
-34.0587 245.543 244
-34.1835 245.841 244
-35.233 245.765 244
-34.4255 246.439 244
-36.4096 246.024 244
-36.5302 246.342 244
-39.4671 245.635 244
-0 260 244
-0 260 244
-0 260 244
-72.2803 236.515 244
-72.4825 237.146 244
-0 260 244
-0 260 244
-0 260 244
-0 260 244
-0 260 244
-0 260 244
-0 260 244
-0 260 244
-0 260 244
-0 260 244
-0 260 244
-0 260 244
-0 260 244
-0 260 244
-0 260 244
-0 260 244
-686.443 151.278 244
-687.366 157.273 244
-688.236 163.275 244
-689.054 169.284 244
-689.82 175.301 244
-689.539 181.437 244
-689.204 187.562 244
-690.805 193.483 244
-691.359 199.514 244
-690.864 205.628 244
-691.312 211.659 244
-691.707 217.693 244
-692.05 223.731 244
-690.342 229.859 244
-692.578 235.815 244
-690.763 241.912 244
-691.895 247.923 244
-691.974 253.961 244
-692 260 244
-691.974 266.039 244
-690.895 272.06 244
-690.763 278.088 244
-690.579 284.116 244
-689.343 290.097 244
-689.054 296.112 244
-688.713 302.124 244
-688.319 308.132 244
-687.873 314.137 244
-687.374 320.138 244
-685.828 326.038 244
-685.226 332.02 244
-683.577 337.884 244
-681.879 343.724 244
-681.123 349.672 244
-679.324 355.473 244
-679.454 361.545 244
-677.554 367.314 244
-675.606 373.058 244
-674.593 378.949 244
-673.53 384.831 244
-670.451 390.323 244
-668.309 395.969 244
-667.097 401.796 244
-665.834 407.612 244
-663.546 413.192 244
-663.156 419.21 244
-660.771 424.749 244
-658.34 430.258 244
-657.795 436.256 244
-654.305 441.455 244
-651.735 446.882 244
-650.08 452.562 244
-647.418 457.936 244
-644.713 463.277 244
-641.963 468.587 244
-640.118 474.181 244
-637.279 479.433 244
-634.398 484.652 244
-631.473 489.838 244
-629.444 495.339 244
-627.366 500.823 244
-624.31 505.922 244
-621.213 510.986 244
-616.228 515.25 244
-614.897 521.008 244
-611.679 525.966 244
-608.421 530.887 244
-605.124 535.771 244
-601.788 540.619 244
-598.414 545.429 244
-595.9 550.64 244
-592.447 555.383 244
-589.846 560.542 244
-585.427 564.754 244
-582.745 569.851 244
-578.262 573.971 244
-573.75 578.035 244
-570.953 583.03 244
-567.247 587.5 244
-563.505 591.93 244
-559.73 596.32 244
-555.921 600.669 244
-552.927 605.507 244
-549.048 609.782 244
-544.297 613.471 244
-539.524 617.103 244
-537.216 622.357 244
-531.561 625.332 244
-529.172 630.53 244
-524.29 633.973 244
-520.198 637.946 244
-516.88 642.471 244
-511.127 645.162 244
-507.746 649.607 244
-503.539 653.408 244
-500.087 657.787 244
-495.042 660.877 244
-490.753 664.546 244
-485.672 667.527 244
-480.577 670.451 244
-476.976 674.629 244
-473.34 678.776 244
-467.438 680.883 244
-463.01 684.271 244
-460.021 688.977 244
-454.084 690.91 244
-450.307 694.856 244
-445.781 698.068 244
-440.527 700.528 244
-436.666 704.355 244
-429.993 705.271 244
-425.403 708.281 244
-420.793 711.245 244
-416.839 714.9 244
-411.515 717.034 244
-407.511 720.608 244
-400.852 721.128 244
-397.462 725.368 244
-391.458 726.521 244
-386.736 729.148 244
-381.368 730.95 244
-377.866 735.043 244
-373.091 737.535 244
-367.692 739.185 244
-362.894 741.577 244
-356.894 742.314 244
-352.083 744.601 244
-346.68 746.027 244
-341.852 748.215 244
-337.012 750.355 244
-331.601 751.619 244
-325.643 751.993 244
-321.882 755.654 244
-316.469 756.758 244
-312.122 759.5 244
-306.184 759.647 244
-301.297 761.443 244
-295.895 762.33 244
-290.5 763.161 244
-286.098 765.677 244
-280.705 766.405 244
-275.798 767.956 244
-271.355 770.344 244
-258.117 755.839 244
-246.517 743.817 244
-241.393 744.16 244
-236.282 744.45 244
-232.906 748.299 244
-239.625 773.877 244
-235.131 775.948 244
-230.213 777.067 244
-224.894 777.222 244
-219.982 778.244 244
-215.068 779.22 244
-209.78 779.223 244
-204.874 780.103 244
-199.969 780.938 244
-194.715 780.79 244
-189.479 780.59 244
-184.929 782.223 244
-179.714 781.926 244
-174.835 782.526 244
-169.959 783.081 244
-164.787 782.637 244
-159.927 783.099 244
-154.788 782.557 244
-149.947 782.926 244
-144.843 782.288 244
-140.021 782.566 244
-135.205 782.8 244
-130.154 782.019 244
-125.36 782.163 244
-120.574 782.262 244
-115.795 782.318 244
-110.817 781.353 244
-106.064 781.32 244
-101.129 780.262 244
-96.5848 781.125 244
-91.6862 779.979 244
-86.98 779.773 244
-82.4409 780.512 244
-77.5999 779.233 244
-72.7875 777.91 244
-68.2652 778.526 244
-63.4939 777.117 244
-58.8656 776.657 244
-54.1457 775.162 244
-49.5522 774.62 244
-44.9723 774.036 244
-40.4064 773.412 244
-35.8548 772.748 244
-31.3179 772.043 244
-26.7436 770.3 244
-22.2458 769.515 244
-17.7289 767.691 244
-13.2979 767.826 244
-8.81343 764.923 244
-4.40686 764.981 244
3.80509e-05 764 244
4.38949 762.981 244
8.74369 760.924 244
13.1147 760.828 244
17.4149 758.696 244
21.7225 757.526 244
26.011 756.319 244
30.2801 755.075 244
34.4597 752.797 244
38.5235 749.486 244
42.8807 750.128 244
47.0603 748.74 244
51.3235 748.31 244
55.13 743.869 244
59.3504 743.37 244
63.4358 741.842 244
67.499 740.28 244
71.6876 739.673 244
75.245 735.078 244
79.553 735.39 244
83.5248 733.693 244
87.4731 731.962 244
90.8251 727.255 244
95.4973 729.384 244
99.1739 726.576 244
103.025 724.717 244
106.852 722.826 244
110.42 719.931 244
113.703 716.039 244
117.929 715.998 244
121.386 713.019 244
125.068 710.979 244
128.998 709.87 244
132.351 706.81 244
136.245 705.638 244
139.828 703.478 244
143.384 701.29 244
146.912 699.074 244
149.761 694.939 244
153.885 694.558 244
156.987 691.319 244
160.745 689.933 244
163.774 686.646 244
167.858 686.131 244
170.821 682.796 244
174.121 680.365 244
177.392 677.909 244
180.235 674.511 244
182.625 670.182 244
186.612 669.483 244
189.756 666.932 244
193.3 665.261 244
195.952 661.761 244
199.897 660.931 244
201.572 655.607 244
205.478 654.72 244
207.976 651.146 244
210.904 648.437 244
215.255 648.331 244
218.144 645.568 244
220.5 641.917 244
223.824 639.978 244
226.617 637.154 244
228.854 633.456 244
231.575 630.597 244
233.725 626.875 244
237.463 625.66 244
240.093 622.74 244
242.69 619.802 244
245.254 616.847 244
248.932 615.512 244
250.283 610.884 244
252.748 607.877 244
255.179 604.855 244
257.577 601.816 244
260.55 599.555 244
264.119 598.057 244
265.814 594.174 244
269.349 592.618 244
270.969 588.712 244
273.828 586.335 244
275.366 582.412 244
276.857 578.487 244
279.626 576.059 244
282.373 573.607 244
285.099 571.131 244
285.075 565.706 244
289.109 564.657 244
291.757 562.123 244
293.681 558.852 244
294.864 554.864 244
296.712 551.578 244
300.684 550.367 244
301.03 545.667 244
303.512 543.029 244
305.233 539.694 244
307.662 537.02 244
308.57 532.999 244
310.186 529.64 244
313.287 527.573 244
314.844 524.186 244
316.366 520.792 244
317.853 517.392 244
320.869 515.231 244
322.296 511.806 244
322.895 507.766 244
325.045 504.939 244
327.974 502.688 244
328.461 498.641 244
331.345 496.346 244
332.576 492.872 244
333.771 489.395 244
337.418 487.592 244
337.724 483.534 244
338.823 480.034 244
342.417 478.144 244
342.611 474.087 244
343.614 470.567 244
345.438 467.56 244
348.098 465.045 244
349.008 461.5 244
350.753 458.447 244
351.597 454.893 244
351.527 450.863 244
354.062 448.258 244
355.691 445.161 244
356.403 441.596 244
357.974 438.479 244
361.315 436.225 244
361.034 432.204 244
361.617 428.625 244
362.165 425.048 244
364.505 422.288 244
365.907 419.101 244
365.44 415.12 244
366.78 411.925 244
369.019 409.093 244
372.167 406.6 244
372.499 402.989 244
371.859 399.032 244
374.937 396.466 244
373.286 392.188 244
373.48 388.599 244
376.484 385.97 244
378.52 382.989 244
379.579 379.681 244
379.653 376.072 244
379.693 372.47 244
380.66 369.152 244
381.598 365.826 244
381.541 362.234 244
382.418 358.9 244
383.267 355.559 244
386.031 352.678 244
385.851 349.081 244
385.637 345.494 244
385.39 341.917 244
389.03 339.149 244
386.761 335.179 244
389.369 332.165 244
388.014 328.417 244
388.597 325.029 244
392.112 322.104 244
390.661 318.385 244
391.156 314.973 244
391.621 311.558 244
390.071 307.895 244
391.467 304.602 244
393.831 301.393 244
394.177 297.955 244
393.497 294.427 244
395.776 291.148 244
394.038 287.554 244
394.263 284.114 244
396.456 280.777 244
393.625 277.186 244
394.759 273.785 244
394.865 270.34 244
396.94 266.929 244
396.985 263.464 244
395 260 244
394.985 256.553 244
395.94 253.089 244
395.864 249.634 244
396.758 246.145 244
397.621 242.639 244
394.459 239.327 244
395.261 235.825 244
396.033 232.307 244
396.773 228.773 244
396.485 225.312 244
394.177 222.045 244
394.825 218.502 244
396.435 214.832 244
396.026 211.374 244
395.587 207.92 244
395.117 204.47 244
394.617 201.024 244
394.088 197.583 244
392.542 194.311 244
390.969 191.062 244
391.335 187.47 244
391.669 183.867 244
391.97 180.253 244
390.281 177.043 244
388.566 173.857 244
0 260 244
0 260 244
0 260 244
0 260 244
0 260 244
0 260 244
0 260 244
0 260 244
71.7229 238.072 244
71.5288 237.447 244
0 260 244
0 260 244
0 260 244
39.5909 245.98 244
38.5274 245.977 244
37.4669 245.992 244
35.4761 246.382 244
35.3559 246.073 244
36.1602 245.39 244
36.0313 245.075 244
34.9792 245.152 244
33.9312 245.246 244
33.8012 244.951 244
32.7586 245.071 244
32.6271 244.786 244
33.3957 244.071 244
34.1542 243.342 244
34.0075 243.044 244
32.9672 243.202 244
31.0454 243.839 244
30.0202 244.038 244
29.8798 243.777 244
28.8625 244.001 244
29.5921 243.258 244
28.5788 243.5 244
27.5721 243.759 244
30.0009 241.974 244
28.9898 242.235 244
27.9856 242.513 244
28.6753 241.732 244
27.6761 242.027 244
28.3521 241.234 244
27.3582 241.547 244
26.372 241.875 244
26.2129 241.646 244
26.8658 240.837 244
25.0795 241.779 244
24.1157 242.155 244
24.7577 241.344 244
34.1142 233.823 244
39.4005 229.217 244
32.8695 233.854 244
26.423 238.603 244
27.0069 237.737 244
23.7474 240.074 244
0 260 244
0 260 244
0 260 244
0 260 244
0 260 244
0 260 244
0 260 244
0 260 244
0 260 244
0 260 244
0 260 244
