-0 260 153
-0 260 153
-0 260 153
-0 260 153
-0 260 153
-0 260 153
-0 260 153
-0 260 153
-18.113 244.255 153
-23.5726 239.867 153
-26.8116 237.502 153
-27.7785 237.101 153
-34.1944 232.31 153
-43.8261 225.139 153
-42.5526 226.754 153
-27.7674 238.693 153
-26.355 240.14 153
-27.3311 239.776 153
-26.6976 240.603 153
-26.0517 241.418 153
-25.3937 242.219 153
-26.372 241.875 153
-27.3582 241.547 153
-27.5182 241.786 153
-26.8375 242.572 153
-27.8319 242.269 153
-27.1375 243.043 153
-28.9898 242.235 153
-28.2865 243.004 153
-26.7105 244.266 153
-27.7128 244 153
-28.7217 243.75 153
-27.9878 244.486 153
-29.001 244.254 153
-30.9032 243.569 153
-30.1584 244.301 153
-31.1852 244.11 153
-30.4278 244.829 153
-31.4578 244.657 153
-31.5905 244.932 153
-31.7208 245.208 153
-31.8486 245.486 153
-33.8012 244.951 153
-33.0142 245.645 153
-34.0587 245.543 153
-35.1074 245.458 153
-34.3058 246.14 153
-35.3559 246.073 153
-37.3432 245.665 153
-37.4669 245.992 153
-38.5274 245.977 153
-0 260 153
-0 260 153
-0 260 153
-71.3292 236.824 153
-70.5751 237.748 153
-0 260 153
-0 260 153
-0 260 153
-0 260 153
-0 260 153
-0 260 153
-0 260 153
-0 260 153
-0 260 153
-0 260 153
-0 260 153
-0 260 153
-0 260 153
-0 260 153
-0 260 153
-0 260 153
-724.963 145.177 153
-724.949 151.656 153
-725.867 157.986 153
-726.729 164.324 153
-726.544 170.792 153
-727.295 177.135 153
-728.985 183.381 153
-728.63 189.841 153
-729.215 196.202 153
-729.743 202.568 153
-729.219 209.008 153
-728.638 215.435 153
-729.998 221.743 153
-729.305 228.158 153
-730.555 234.489 153
-730.75 240.865 153
-730.889 247.242 153
-730.972 253.621 153
-730 260 153
-728.972 266.362 153
-729.889 272.74 153
-728.75 279.083 153
-726.557 285.372 153
-727.307 291.755 153
-728.001 298.153 153
-726.642 304.443 153
-724.231 310.643 153
-722.765 316.883 153
-723.237 323.275 153
-722.658 329.584 153
-722.023 335.888 153
-719.346 341.959 153
-717.611 348.112 153
-717.806 354.501 153
-716.954 360.761 153
-714.069 366.718 153
-713.111 372.946 153
-711.112 378.999 153
-710.046 385.2 153
-707.944 391.21 153
-705.79 397.192 153
-704.566 403.346 153
-702.31 409.281 153
-700.981 415.404 153
-697.649 421.065 153
-696.217 427.147 153
-693.761 432.974 153
-691.257 438.771 153
-688.705 444.538 153
-686.105 450.274 153
-685.38 456.53 153
-680.762 461.651 153
-678.02 467.292 153
-675.232 472.9 153
-673.348 478.784 153
-671.413 484.652 153
-667.536 489.851 153
-664.562 495.334 153
-661.544 500.782 153
-658.481 506.196 153
-655.373 511.574 153
-652.223 516.917 153
-649.956 522.599 153
-644.868 527.113 153
-641.592 532.34 153
-639.191 537.928 153
-635.828 543.089 153
-632.423 548.212 153
-628.978 553.297 153
-625.492 558.344 153
-620.168 562.476 153
-617.505 567.877 153
-613.903 572.8 153
-610.263 577.683 153
-606.585 582.527 153
-602.868 587.331 153
-598.24 591.61 153
-594.453 596.325 153
-590.629 601 153
-585.046 604.619 153
-582.017 609.711 153
-578.943 614.777 153
-574.977 619.285 153
-570.976 623.752 153
-566.103 627.631 153
-562.039 632.006 153
-557.942 636.337 153
-552.989 640.059 153
-548.013 643.723 153
-543.015 647.329 153
-539.614 652.053 153
-536.172 656.747 153
-531.093 660.207 153
-526.787 664.218 153
-522.451 668.184 153
-517.304 671.482 153
-512.916 675.352 153
-506.957 677.903 153
-502.525 681.669 153
-497.305 684.739 153
-493.58 689.063 153
-489.068 692.691 153
-483.044 694.935 153
-479.23 699.134 153
-473.186 701.253 153
-467.866 703.989 153
-463.255 707.36 153
-458.62 710.685 153
-453.963 713.963 153
-449.283 717.194 153
-443.887 719.658 153
-438.482 722.064 153
-434.433 725.872 153
-427.649 726.697 153
-422.221 728.924 153
-417.451 731.842 153
-412.661 734.712 153
-407.853 737.535 153
-403.028 740.31 153
-398.185 743.037 153
-390.808 742.608 153
-385.959 745.217 153
-381.71 748.567 153
-376.823 751.086 153
-366.505 746.369 153
-349.756 732.668 153
-347.381 738.129 153
-343.776 741.956 153
-338.984 744.119 153
-333.047 744.586 153
-327.128 744.987 153
-322.883 747.823 153
-327.873 764.88 153
-322.917 766.878 153
-315.832 765.437 153
-301.482 751.973 153
-289.451 741.728 153
-283.714 741.651 153
-277.5 740.644 153
-282.159 758.714 153
-285.553 775.151 153
-280.092 775.866 153
-274.641 776.524 153
-269.661 778.014 153
-264.222 778.566 153
-259.687 780.852 153
-253.817 780.402 153
-248.405 780.792 153
-243.851 782.94 153
-237.619 781.408 153
-233.467 784.375 153
-227.287 782.724 153
-221.545 781.926 153
-216.599 782.916 153
-212.027 784.786 153
-206.707 784.756 153
-201.403 784.672 153
-196.116 784.536 153
-190.847 784.349 153
-185.597 784.109 153
-180.365 783.817 153
-175.152 783.475 153
-170.577 784.983 153
-165.388 784.544 153
-160.512 785.011 153
-155.356 784.474 153
-150.222 783.888 153
-145.11 783.251 153
-140.021 782.566 153
-135.205 782.8 153
-130.154 782.019 153
-125.36 782.163 153
-120.574 782.262 153
-115.579 781.342 153
-110.817 781.353 153
-105.466 778.38 153
-100.747 778.299 153
-96.2203 779.159 153
-91.1652 777.024 153
-86.3199 775.827 153
-81.8152 776.561 153
-77.0087 775.277 153
-72.2308 773.949 153
-67.6125 773.568 153
-62.8845 772.154 153
-58.2996 771.69 153
-53.5185 769.195 153
-48.9771 768.647 153
-44.3622 767.063 153
-39.9356 767.431 153
-35.3665 765.765 153
-30.8295 764.058 153
-26.3773 763.309 153
-21.8533 760.523 153
-17.4846 760.695 153
-13.0884 759.829 153
-8.67381 756.924 153
-4.3196 754.981 153
3.72205e-05 753 153
4.29349 751.981 153
8.56917 750.925 153
12.8267 749.832 153
17.0659 748.702 153
21.1991 745.537 153
25.383 744.335 153
29.5475 743.097 153
33.6227 740.826 153
37.7389 739.517 153
41.8348 738.173 153
45.8143 735.799 153
49.7556 733.392 153
53.7716 731.947 153
57.6442 729.474 153
61.3473 725.979 153
65.133 723.445 153
69.3226 723.848 153
73.0549 721.25 153
77.0773 720.595 153
80.9201 718.92 153
84.5573 716.23 153
88.1538 713.512 153
91.9086 711.745 153
95.0157 707.013 153
99.3458 708.12 153
102.578 704.313 153
106.451 703.401 153
110.074 701.485 153
113.673 699.539 153
116.727 695.633 153
120.525 694.597 153
123.761 691.606 153
127.239 689.551 153
130.105 685.556 153
134.115 685.358 153
137.513 683.22 153
140.249 679.159 153
143.901 677.919 153
147.209 675.705 153
150.147 672.525 153
152.69 668.389 153
156.248 667.041 153
159.428 664.732 153
162.579 662.398 153
166.085 660.964 153
168.405 656.738 153
171.063 653.419 153
174.083 650.997 153
177.489 649.463 153
180.458 646.993 153
182.967 643.599 153
186.308 641.987 153
189.634 640.347 153
192.492 637.787 153
195.781 636.093 153
198.117 632.604 153
200.407 629.103 153
202.166 624.716 153
205.341 622.938 153
208.5 621.133 153
211.136 618.438 153
214.256 616.582 153
215.792 612.14 153
219.387 611.092 153
221.905 608.321 153
223.302 603.855 153
226.846 602.727 153
229.269 599.905 153
229.395 593.771 153
233.446 593.395 153
235.185 589.717 153
238.641 588.461 153
239.714 583.954 153
242.531 581.85 153
244.113 578.135 153
246.265 575.204 153
249.006 573.043 153
251.099 570.081 153
254.431 568.65 153
256.472 565.652 153
257.831 561.881 153
260.455 559.62 153
262.398 556.586 153
262.968 552.056 153
265.507 549.75 153
268.025 547.422 153
269.835 544.347 153
272.306 541.981 153
273.355 538.168 153
275.065 535.065 153
277.454 532.654 153
279.104 529.527 153
281.445 527.082 153
281.571 522.569 153
284.589 520.778 153
286.111 517.615 153
287.599 514.446 153
289.054 511.271 153
291.235 508.739 153
292.629 505.545 153
294.761 502.982 153
296.093 499.771 153
297.391 496.556 153
298.656 493.336 153
301.474 491.329 153
301.884 487.486 153
303.054 484.248 153
304.999 481.595 153
306.922 478.925 153
307.182 475.091 153
310.696 473.535 153
311.718 470.257 153
314.375 468.08 153
312.824 463.15 153
315.428 460.95 153
316.322 457.66 153
318.887 455.414 153
318.866 451.594 153
320.526 448.804 153
323.027 446.5 153
324.643 443.674 153
326.233 440.834 153
327.799 437.98 153
328.457 434.643 153
329.081 431.309 153
330.563 428.43 153
330.231 424.647 153
332.554 422.197 153
332.151 418.428 153
334.428 415.946 153
334.866 412.607 153
336.185 409.679 153
337.478 406.74 153
337.825 403.398 153
338.14 400.062 153
339.349 397.106 153
341.463 394.506 153
342.624 391.521 153
342.822 388.176 153
342.988 384.837 153
344.064 381.839 153
344.169 378.507 153
345.19 375.499 153
345.234 372.173 153
348.107 369.758 153
349.051 366.716 153
349.01 363.382 153
347.977 359.781 153
348.834 356.74 153
349.665 353.692 153
351.438 350.888 153
350.277 347.334 153
352.97 344.741 153
353.696 341.657 153
353.419 338.351 153
353.111 335.056 153
354.733 332.171 153
356.331 329.264 153
354.955 325.787 153
356.5 322.861 153
357.035 319.747 153
357.543 316.629 153
359.013 313.655 153
358.477 310.381 153
358.903 307.25 153
358.309 303.995 153
359.673 300.98 153
358.028 297.63 153
359.338 294.6 153
359.626 291.463 153
362.878 288.559 153
361.118 285.252 153
362.323 282.161 153
362.503 278.998 153
361.655 275.79 153
360.78 272.599 153
362.876 269.502 153
361.945 266.318 153
360.986 263.15 153
363 260 153
361.986 256.841 153
361.945 253.682 153
363.875 250.472 153
361.779 247.366 153
363.654 244.123 153
361.504 241.054 153
363.321 237.778 153
364.111 234.539 153
363.875 231.362 153
363.611 228.188 153
363.32 225.016 153
361.011 222.056 153
359.673 219.02 153
362.279 215.518 153
361.877 212.358 153
360.458 209.341 153
361.98 205.902 153
359.519 203.058 153
359.994 199.758 153
359.455 196.618 153
359.871 193.302 153
356.331 190.736 153
357.673 187.231 153
357.024 184.112 153
354.395 181.432 153
0 260 153
0 260 153
0 260 153
0 260 153
0 260 153
0 260 153
0 260 153
0 260 153
71.7229 238.072 153
71.5288 237.447 153
0 260 153
0 260 153
0 260 153
38.6483 246.314 153
38.5274 245.977 153
38.4036 245.641 153
36.4096 246.024 153
37.2167 245.34 153
36.1602 245.39 153
35.1074 245.458 153
34.0587 245.543 153
33.9312 245.246 153
33.8012 244.951 153
32.7586 245.071 153
32.6271 244.786 153
34.2982 243.641 153
33.2554 243.78 153
33.1126 243.491 153
32.0762 243.656 153
31.0454 243.839 153
31.7861 243.099 153
29.8798 243.777 153
29.7371 243.516 153
28.7217 243.75 153
28.5788 243.5 153
29.2954 242.744 153
30.0009 241.974 153
29.8424 241.713 153
28.8336 241.983 153
28.6753 241.732 153
28.5148 241.482 153
27.5182 241.786 153
27.3582 241.547 153
27.1962 241.309 153
27.032 241.072 153
26.8658 240.837 153
25.8885 241.191 153
24.9196 241.56 153
23.9591 241.946 153
35.7009 232.606 153
41.7646 227.37 153
34.4348 232.609 153
27.2001 237.974 153
27.0069 237.737 153
23.7474 240.074 153
0 260 153
0 260 153
0 260 153
0 260 153
0 260 153
0 260 153
0 260 153
0 260 153
0 260 153
0 260 153
0 260 153
