-0 260 280
-0 260 280
-0 260 280
-0 260 280
-0 260 280
-0 260 280
-0 260 280
-0 260 280
-16.6036 245.567 280
-22.0518 241.166 280
-26.0455 238.145 280
-26.2352 238.373 280
-33.4173 232.939 280
-43.0435 225.762 280
-40.9766 227.986 280
-26.1807 239.911 280
-24.7577 241.344 280
-27.3311 239.776 280
-25.8885 241.191 280
-26.0517 241.418 280
-26.2129 241.646 280
-25.5479 242.441 280
-26.5292 242.106 280
-26.6843 242.338 280
-26.8375 242.572 280
-26.9885 242.806 280
-27.1375 243.043 280
-27.2845 243.28 280
-27.4294 243.519 280
-27.5721 243.759 280
-27.7128 244 280
-27.8514 244.242 280
-27.1132 244.971 280
-29.001 244.254 280
-30.0202 244.038 280
-29.2714 244.762 280
-30.2942 244.564 280
-31.3227 244.383 280
-32.3566 244.219 280
-30.6879 245.363 280
-32.6271 244.786 280
-30.9387 245.9 280
-32.8876 245.357 280
-33.0142 245.645 280
-33.1382 245.934 280
-35.1074 245.458 280
-35.233 245.765 280
-35.3559 246.073 280
-36.4096 246.024 280
-37.4669 245.992 280
-38.5274 245.977 280
-0 260 280
-0 260 280
-0 260 280
-70.3782 237.133 280
-71.5288 237.447 280
-0 260 280
-71.9115 238.699 280
-0 260 280
-0 260 280
-0 260 280
-0 260 280
-0 260 280
-0 260 280
-0 260 280
-0 260 280
-0 260 280
-0 260 280
-0 260 280
-0 260 280
-0 260 280
-1000.09 92.6419 280
-992.627 102.784 280
-1019.68 107.609 280
-1023.94 116.095 280
-1029.12 124.514 280
-1026.29 133.987 280
-1041.26 141.363 280
-1023.36 152.44 280
-1043.18 159.554 280
-1068.92 166.482 280
-1096.61 173.695 280
-1096.32 183.338 280
-1104.94 192.419 280
-1121.46 201.227 280
-1130.92 210.623 280
-1127.31 220.634 280
-1135.61 230.263 280
-1149.82 239.93 280
-1181.95 249.685 280
-1149 260 280
-1151.96 270.053 280
-1090.83 279.041 280
-1091.63 288.585 280
-1112.32 298.843 280
-1114.94 308.679 280
-1110.48 318.198 280
-1095.95 327.031 280
-1075.37 335.198 280
-1081.87 354.651 280
-1110.86 366.964 280
-1085.02 374.041 280
-1158.5 391.995 280
-1098.75 394.91 280
-1169.9 414.021 280
-1081.98 421.704 280
-1115.1 436.615 280
-1095.76 443.368 280
-1070.49 448.756 280
-1063.88 457.179 280
-1101.39 474.088 280
-1128.87 489.672 280
-1114.11 496.812 280
-1127.62 509.988 280
-1180.94 532.641 280
-1110.45 526.595 280
-1113.9 537.726 280
-1035.92 527.907 280
-1197.73 603.444 280
-1194.42 625.172 280
-1172.12 629.568 280
-1171.7 640.709 280
-1164.54 649.65 280
-1169.61 662.728 280
-1173.81 734.252 280
-0 260 280
-0 260 280
-0 260 280
-0 260 280
-0 260 280
-0 260 280
-0 260 280
-0 260 280
-0 260 280
-0 260 280
-0 260 280
-0 260 280
-0 260 280
-0 260 280
-0 260 280
-0 260 280
-0 260 280
-0 260 280
-0 260 280
-0 260 280
-0 260 280
-0 260 280
-0 260 280
-0 260 280
-0 260 280
-0 260 280
-0 260 280
-0 260 280
-0 260 280
-0 260 280
-0 260 280
-0 260 280
-0 260 280
-0 260 280
-0 260 280
-0 260 280
-0 260 280
-0 260 280
-0 260 280
-0 260 280
-0 260 280
-0 260 280
-0 260 280
-0 260 280
-0 260 280
-0 260 280
-0 260 280
-0 260 280
-0 260 280
-0 260 280
-0 260 280
-0 260 280
-0 260 280
-0 260 280
-0 260 280
-0 260 280
-0 260 280
-0 260 280
-0 260 280
-0 260 280
-0 260 280
-0 260 280
-0 260 280
-0 260 280
-0 260 280
-0 260 280
-0 260 280
-0 260 280
-0 260 280
-0 260 280
-0 260 280
-0 260 280
-0 260 280
-0 260 280
-0 260 280
-0 260 280
-0 260 280
-0 260 280
-0 260 280
-0 260 280
-0 260 280
-0 260 280
-0 260 280
-0 260 280
-0 260 280
-0 260 280
-0 260 280
-0 260 280
-0 260 280
-0 260 280
-0 260 280
-0 260 280
-0 260 280
-0 260 280
-0 260 280
-0 260 280
-0 260 280
-0 260 280
-0 260 280
-0 260 280
-0 260 280
-0 260 280
-0 260 280
-0 260 280
-0 260 280
-0 260 280
-0 260 280
-0 260 280
-0 260 280
-0 260 280
-0 260 280
-0 260 280
-0 260 280
-0 260 280
-0 260 280
-0 260 280
-0 260 280
-0 260 280
-0 260 280
-0 260 280
-0 260 280
-0 260 280
-0 260 280
-0 260 280
-0 260 280
-0 260 280
-0 260 280
-0 260 280
-0 260 280
-0 260 280
-0 260 280
-0 260 280
-0 260 280
-0 260 280
-0 260 280
0 260 280
0 260 280
0 260 280
0 260 280
0 260 280
0 260 280
0 260 280
0 260 280
0 260 280
0 260 280
0 260 280
0 260 280
0 260 280
0 260 280
0 260 280
0 260 280
0 260 280
0 260 280
0 260 280
0 260 280
0 260 280
0 260 280
0 260 280
0 260 280
0 260 280
0 260 280
0 260 280
0 260 280
0 260 280
0 260 280
0 260 280
0 260 280
0 260 280
0 260 280
0 260 280
0 260 280
0 260 280
0 260 280
0 260 280
0 260 280
0 260 280
0 260 280
0 260 280
0 260 280
0 260 280
0 260 280
0 260 280
0 260 280
0 260 280
0 260 280
0 260 280
0 260 280
0 260 280
0 260 280
0 260 280
0 260 280
0 260 280
0 260 280
0 260 280
0 260 280
0 260 280
0 260 280
0 260 280
0 260 280
0 260 280
0 260 280
0 260 280
0 260 280
0 260 280
0 260 280
0 260 280
0 260 280
0 260 280
0 260 280
0 260 280
0 260 280
0 260 280
0 260 280
0 260 280
0 260 280
0 260 280
0 260 280
0 260 280
0 260 280
0 260 280
0 260 280
0 260 280
0 260 280
0 260 280
0 260 280
0 260 280
0 260 280
0 260 280
0 260 280
0 260 280
0 260 280
0 260 280
0 260 280
0 260 280
0 260 280
0 260 280
0 260 280
0 260 280
0 260 280
0 260 280
0 260 280
0 260 280
0 260 280
0 260 280
0 260 280
0 260 280
0 260 280
0 260 280
0 260 280
0 260 280
0 260 280
0 260 280
0 260 280
0 260 280
0 260 280
0 260 280
0 260 280
0 260 280
0 260 280
0 260 280
0 260 280
0 260 280
0 260 280
0 260 280
0 260 280
0 260 280
0 260 280
0 260 280
0 260 280
0 260 280
0 260 280
0 260 280
0 260 280
0 260 280
0 260 280
0 260 280
0 260 280
0 260 280
0 260 280
0 260 280
0 260 280
0 260 280
0 260 280
0 260 280
0 260 280
0 260 280
0 260 280
0 260 280
0 260 280
0 260 280
0 260 280
0 260 280
0 260 280
0 260 280
0 260 280
0 260 280
0 260 280
0 260 280
650.772 357.259 280
0 260 280
0 260 280
629.274 337.265 280
633.899 332.224 280
627.543 325.957 280
630.086 320.67 280
595.724 312.119 280
565.252 304.486 280
554.646 298.785 280
566.941 294.676 280
582.201 290.512 280
586.441 285.605 280
575.649 280.102 280
583.8 275.287 280
588.91 270.279 280
581.978 265.079 280
571 260 280
586.978 254.878 280
598.909 249.546 280
629.784 243.509 280
606.63 238.816 280
581.446 234.614 280
574.212 229.907 280
568.937 225.202 280
586.568 218.983 280
596.157 213.081 280
1188.66 50.4067 280
1129.76 50.6114 280
1115.13 43.241 280
702.606 117.053 280
673.944 116.749 280
0 260 280
0 260 280
0 260 280
0 260 280
0 260 280
0 260 280
0 260 280
0 260 280
0 260 280
71.7229 238.072 280
71.5288 237.447 280
0 260 280
0 260 280
0 260 280
38.6483 246.314 280
38.5274 245.977 280
36.5302 246.342 280
35.4761 246.382 280
37.2167 245.34 280
36.1602 245.39 280
34.1835 245.841 280
34.9792 245.152 280
33.9312 245.246 280
33.8012 244.951 280
31.8486 245.486 280
33.5334 244.363 280
33.3957 244.071 280
33.2554 243.78 280
33.1126 243.491 280
31.1852 244.11 280
31.0454 243.839 280
29.1373 244.507 280
29.001 244.254 280
29.7371 243.516 280
28.7217 243.75 280
27.7128 244 280
28.4338 243.251 280
29.1437 242.489 280
28.9898 242.235 280
28.8336 241.983 280
27.8319 242.269 280
27.6761 242.027 280
28.3521 241.234 280
27.3582 241.547 280
26.372 241.875 280
26.2129 241.646 280
26.0517 241.418 280
25.0795 241.779 280
23.3118 242.75 280
23.9591 241.946 280
34.9075 233.214 280
40.1885 228.601 280
33.6522 233.232 280
27.2001 237.974 280
27.0069 237.737 280
22.9813 240.716 280
0 260 280
0 260 280
0 260 280
0 260 280
0 260 280
0 260 280
0 260 280
0 260 280
0 260 280
0 260 280
0 260 280
