-0 260 144
-0 260 144
-0 260 144
-0 260 144
-0 260 144
-0 260 144
-0 260 144
-0 260 144
-15.8489 246.223 144
-22.8122 240.517 144
-27.5776 236.86 144
-27.7785 237.101 144
-33.4173 232.939 144
-43.8261 225.139 144
-40.9766 227.986 144
-27.7674 238.693 144
-25.5563 240.742 144
-27.3311 239.776 144
-26.6976 240.603 144
-26.0517 241.418 144
-26.2129 241.646 144
-26.372 241.875 144
-27.3582 241.547 144
-26.6843 242.338 144
-27.6761 242.027 144
-26.9885 242.806 144
-27.1375 243.043 144
-28.1371 242.758 144
-28.2865 243.004 144
-28.4338 243.251 144
-27.7128 244 144
-27.8514 244.242 144
-27.1132 244.971 144
-29.001 244.254 144
-29.1373 244.507 144
-30.1584 244.301 144
-30.2942 244.564 144
-30.4278 244.829 144
-30.559 245.095 144
-31.5905 244.932 144
-31.7208 245.208 144
-31.8486 245.486 144
-32.8876 245.357 144
-33.0142 245.645 144
-34.9792 245.152 144
-34.1835 245.841 144
-34.3058 246.14 144
-35.3559 246.073 144
-36.4096 246.024 144
-37.4669 245.992 144
-39.4671 245.635 144
-0 260 144
-0 260 144
-0 260 144
-72.2803 236.515 144
-71.5288 237.447 144
-0 260 144
-72.8703 238.415 144
-0 260 144
-0 260 144
-0 260 144
-0 260 144
-0 260 144
-0 260 144
-0 260 144
-0 260 144
-0 260 144
-0 260 144
-0 260 144
-0 260 144
-0 260 144
-0 260 144
-724.963 145.177 144
-726.927 151.36 144
-727.847 157.708 144
-726.729 164.324 144
-728.529 170.548 144
-730.275 176.796 144
-730.974 183.172 144
-730.621 189.649 144
-729.215 196.202 144
-729.743 202.568 144
-732.212 208.799 144
-732.631 215.19 144
-732.994 221.586 144
-732.302 228.027 144
-732.553 234.419 144
-731.749 240.839 144
-732.888 247.207 144
-731.972 253.612 144
-733 260 144
-731.972 266.388 144
-731.889 272.775 144
-730.75 279.135 144
-730.555 285.512 144
-730.304 291.886 144
-729 298.205 144
-729.637 304.627 144
-728.222 310.922 144
-726.753 317.197 144
-727.222 323.624 144
-724.648 329.776 144
-725.006 336.201 144
-724.314 342.525 144
-722.574 348.721 144
-721.772 355.023 144
-719.925 361.179 144
-719.015 367.458 144
-717.062 373.572 144
-715.057 379.66 144
-713.001 385.721 144
-712.86 392.121 144
-711.68 398.337 144
-708.486 404.143 144
-707.201 410.32 144
-704.886 416.27 144
-702.521 422.19 144
-700.106 428.081 144
-699.583 434.426 144
-696.098 440.023 144
-693.535 445.832 144
-691.887 451.877 144
-689.225 457.632 144
-686.515 463.355 144
-683.758 469.046 144
-680.954 474.704 144
-678.103 480.329 144
-676.155 486.238 144
-673.209 491.805 144
-669.275 497.003 144
-667.182 502.834 144
-665.037 508.647 144
-660.975 513.725 144
-657.805 519.116 144
-654.592 524.472 144
-651.335 529.792 144
-648.035 535.075 144
-644.693 540.321 144
-640.395 545.122 144
-637.883 550.7 144
-633.509 555.41 144
-630.907 560.927 144
-627.358 565.983 144
-622.874 570.554 144
-618.358 575.069 144
-615.585 580.454 144
-612.766 585.813 144
-608.141 590.194 144
-603.488 594.519 144
-600.545 599.772 144
-595.825 604 144
-591.939 608.679 144
-588.017 613.316 144
-584.058 617.912 144
-580.065 622.465 144
-576.036 626.976 144
-571.973 631.444 144
-567.042 635.317 144
-562.916 639.692 144
-557.933 643.457 144
-553.747 647.738 144
-548.714 651.394 144
-544.468 655.58 144
-539.388 659.126 144
-535.086 663.216 144
-530.753 667.261 144
-526.391 671.262 144
-521.217 674.595 144
-516.802 678.498 144
-511.587 681.72 144
-506.355 684.883 144
-501.868 688.636 144
-497.354 692.343 144
-492.064 695.341 144
-486.76 698.281 144
-482.179 701.836 144
-476.843 704.663 144
-470.768 706.742 144
-466.851 710.833 144
-462.899 714.89 144
-456.791 716.791 144
-452.086 720.047 144
-446.665 722.536 144
-439.859 723.514 144
-436.479 728.066 144
-431.027 730.383 144
-424.229 731.154 144
-420.764 735.587 144
-415.285 737.731 144
-410.451 740.577 144
-404.956 742.608 144
-400.093 745.352 144
-393.955 746.493 144
-388.449 748.348 144
-384.173 751.719 144
-377.432 751.879 144
-361.691 739.98 144
-353.325 737.491 144
-349.144 740.556 144
-346.68 746.027 144
-340.131 745.757 144
-333.613 745.41 144
-326.569 744.158 144
-328.402 756.162 144
-328.417 765.718 144
-323.454 767.722 144
-314.242 762.893 144
-297.302 745.152 144
-290.996 744.3 144
-285.744 745.097 144
-280 744.974 144
-290.037 772.64 144
-287.007 777.775 144
-281.524 778.502 144
-276.049 779.173 144
-270.585 779.788 144
-265.584 781.239 144
-260.579 782.642 144
-254.255 781.301 144
-249.266 782.597 144
-243.428 782.033 144
-238.863 784.138 144
-233.467 784.375 144
-228.084 784.558 144
-223.107 785.608 144
-217.747 785.687 144
-212.402 785.713 144
-206.707 784.756 144
-201.761 785.606 144
-196.816 786.41 144
-191.189 785.288 144
-185.93 785.051 144
-181.016 785.708 144
-175.469 784.423 144
-170.577 784.983 144
-165.388 784.544 144
-160.804 785.968 144
-155.356 784.474 144
-150.222 783.888 144
-145.645 785.179 144
-140.28 783.532 144
-135.205 782.8 144
-130.396 782.989 144
-125.127 781.19 144
-120.574 782.262 144
-115.579 781.342 144
-110.817 781.353 144
-105.864 780.34 144
-100.938 779.281 144
-95.8558 777.192 144
-91.3389 778.009 144
-86.3199 775.827 144
-81.5023 774.586 144
-77.0087 775.277 144
-72.0916 772.959 144
-67.3515 771.586 144
-62.7627 771.161 144
-58.0732 769.702 144
-53.5185 769.195 144
-48.8813 767.652 144
-44.2751 766.067 144
-39.7787 765.437 144
-35.227 763.77 144
-30.7074 762.062 144
-26.2203 760.313 144
-21.8533 760.523 144
-17.4148 758.696 144
-13.0361 757.829 144
-8.6389 754.925 144
-4.31087 753.981 144
3.7145e-05 752 144
4.29349 751.981 144
8.53426 748.926 144
12.7744 747.833 144
16.9612 745.704 144
21.1118 743.539 144
25.1736 740.341 144
29.3033 739.105 144
33.4831 738.831 144
37.5819 737.523 144
41.4862 734.189 144
45.6226 733.809 144
49.3375 729.414 144
53.3187 727.972 144
57.2786 726.497 144
61.2168 724.988 144
64.9939 722.455 144
69.027 721.87 144
72.7421 719.275 144
76.4171 716.65 144
80.2255 714.981 144
83.4639 710.331 144
87.3905 709.585 144
90.9118 706.846 144
94.3919 704.079 144
98.2636 703.238 144
102.128 702.364 144
105.517 699.511 144
109.107 697.603 144
112.421 694.698 144
115.433 690.803 144
119.188 689.779 144
122.107 685.839 144
125.819 684.757 144
129.228 682.687 144
132.311 679.635 144
135.349 676.563 144
138.662 674.417 144
142.599 674.137 144
145.54 670.992 144
148.095 666.887 144
151.29 664.642 144
154.815 663.307 144
157.596 660.08 144
161.455 659.616 144
164.554 657.268 144
166.842 653.056 144
169.07 648.833 144
172.456 647.343 144
175.415 644.914 144
178.345 642.462 144
181.676 640.891 144
184.116 637.493 144
186.957 634.977 144
189.768 632.441 144
192.549 629.884 144
194.831 626.423 144
198.021 624.709 144
199.742 620.343 144
203.863 620.327 144
205.5 615.936 144
207.583 612.406 144
211.166 611.439 144
213.179 607.877 144
216.207 606.004 144
218.144 602.417 144
221.123 600.5 144
221.879 595.222 144
225.355 594.102 144
228.262 592.123 144
231.151 590.118 144
232.281 585.646 144
233.939 581.989 144
236.145 579.131 144
238.921 577.058 144
240.461 573.375 144
242.571 570.476 144
245.271 568.348 144
248.582 566.973 144
250.615 564.02 144
251.973 560.289 144
253.285 556.558 144
256.519 555.091 144
257.097 550.595 144
258.954 547.597 144
261.453 545.326 144
263.933 543.034 144
267.082 541.445 144
266.749 536.226 144
269.149 533.888 144
271.529 531.529 144
272.462 527.747 144
273.349 523.97 144
275.642 521.575 144
277.914 519.159 144
280.165 516.724 144
282.395 514.27 144
282.356 509.808 144
283.771 506.678 144
285.913 504.192 144
288.799 502.331 144
288.588 497.893 144
291.43 495.995 144
291.913 492.198 144
293.928 489.642 144
294.334 485.85 144
296.294 483.273 144
299.035 481.274 144
300.145 478.068 144
301.223 474.86 144
303.086 472.223 144
303.278 468.437 144
305.086 465.783 144
306.87 463.113 144
307.792 459.883 144
308.681 456.652 144
310.386 453.95 144
311.214 450.712 144
312.866 447.989 144
313.633 444.744 144
314.367 441.5 144
315.069 438.257 144
318.362 436.471 144
318.132 432.731 144
319.627 429.949 144
319.324 426.229 144
320.762 423.437 144
322.176 420.631 144
324.465 418.252 144
324.931 414.984 144
326.271 412.143 144
328.496 409.704 144
327.963 406.018 144
329.225 403.151 144
327.7 399.1 144
330.749 397.001 144
331.932 394.109 144
332.159 390.841 144
334.222 388.296 144
332.519 384.324 144
334.531 381.759 144
333.695 378.168 144
335.659 375.577 144
335.707 372.326 144
337.625 369.701 144
337.616 366.45 144
339.488 363.792 144
339.422 360.541 144
339.325 357.3 144
341.125 354.602 144
340.972 351.363 144
340.788 348.134 144
342.514 345.398 144
343.247 342.406 144
345.901 339.858 144
343.656 336.187 144
344.308 333.185 144
345.913 330.377 144
345.533 327.165 144
345.122 323.965 144
345.668 320.951 144
346.186 317.932 144
347.666 315.065 144
348.134 312.029 144
346.594 308.711 144
349.98 306.076 144
349.376 302.898 144
350.731 299.961 144
350.072 296.794 144
349.384 293.642 144
350.661 290.679 144
350.915 287.618 144
349.147 284.415 144
351.343 281.489 144
351.518 278.422 144
351.665 275.354 144
348.787 272.18 144
351.879 269.214 144
351.946 266.143 144
349.987 263.054 144
351 260 144
350.987 256.937 144
351.946 253.857 144
351.879 250.786 144
349.787 247.785 144
351.665 244.646 144
351.518 241.578 144
352.342 238.45 144
351.143 235.446 144
350.915 232.382 144
351.657 229.234 144
349.384 226.358 144
351.066 223.101 144
349.737 220.152 144
351.361 216.858 144
350.971 213.794 144
349.565 210.872 144
349.123 207.823 144
348.654 204.779 144
349.145 201.573 144
347.637 198.702 144
347.089 195.671 144
346.514 192.644 144
345.913 189.623 144
344.308 186.815 144
341.704 184.246 144
0 260 144
0 260 144
0 260 144
0 260 144
0 260 144
0 260 144
0 260 144
0 260 144
73.6355 237.487 144
73.4362 236.846 144
72.2803 236.515 144
0 260 144
0 260 144
38.6483 246.314 144
38.5274 245.977 144
36.5302 246.342 144
36.4096 246.024 144
37.2167 245.34 144
36.1602 245.39 144
35.1074 245.458 144
34.0587 245.543 144
33.9312 245.246 144
33.8012 244.951 144
33.6686 244.656 144
32.6271 244.786 144
33.3957 244.071 144
33.2554 243.78 144
34.0075 243.044 144
31.1852 244.11 144
31.9324 243.377 144
30.9032 243.568 144
29.8798 243.777 144
28.8625 244.001 144
28.7217 243.75 144
27.7128 244 144
30.157 242.236 144
30.0009 241.974 144
29.8424 241.713 144
29.6817 241.453 144
28.6753 241.732 144
29.3535 240.938 144
26.6843 242.338 144
26.5292 242.106 144
27.1962 241.309 144
27.032 241.072 144
26.8658 240.837 144
25.0795 241.779 144
24.9196 241.56 144
24.7577 241.344 144
35.7009 232.606 144
40.1885 228.601 144
33.6522 233.232 144
26.423 238.603 144
27.0069 237.737 144
22.9813 240.716 144
0 260 144
0 260 144
0 260 144
0 260 144
0 260 144
0 260 144
0 260 144
0 260 144
0 260 144
0 260 144
0 260 144
