-0 260 93
-0 260 93
-0 260 93
-0 260 93
-0 260 93
-0 260 93
-0 260 93
-0 260 93
-16.6036 245.567 93
-22.8122 240.517 93
-26.8116 237.502 93
-27.0069 237.737 93
-34.9716 231.681 93
-43.0435 225.762 93
-41.7646 227.37 93
-26.1807 239.911 93
-26.355 240.14 93
-26.5273 240.371 93
-27.5066 240.015 93
-26.8658 240.837 93
-25.3937 242.219 93
-25.5479 242.441 93
-27.3582 241.547 93
-25.8505 242.89 93
-25.9988 243.116 93
-26.9885 242.806 93
-27.1375 243.043 93
-27.2845 243.28 93
-28.2865 243.004 93
-28.4338 243.251 93
-27.7128 244 93
-26.981 244.735 93
-27.9878 244.486 93
-28.1222 244.731 93
-30.0202 244.038 93
-30.1584 244.301 93
-31.1852 244.11 93
-31.3227 244.383 93
-30.559 245.095 93
-30.6879 245.363 93
-30.8145 245.631 93
-31.8486 245.486 93
-32.8876 245.357 93
-33.9312 245.246 93
-34.0587 245.543 93
-35.1074 245.458 93
-34.3058 246.14 93
-34.4255 246.439 93
-35.4761 246.382 93
-36.5302 246.342 93
-38.5274 245.977 93
-0 260 93
-0 260 93
-0 260 93
-71.3292 236.824 93
-70.5751 237.748 93
-0 260 93
-0 260 93
-0 260 93
-0 260 93
-0 260 93
-0 260 93
-0 260 93
-0 260 93
-0 260 93
-0 260 93
-0 260 93
-0 260 93
-0 260 93
-0 260 93
-0 260 93
-0 260 93
-704.222 148.462 93
-706.157 154.464 93
-707.051 160.631 93
-705.909 167.065 93
-706.693 173.229 93
-707.423 179.399 93
-708.1 185.576 93
-708.722 191.758 93
-709.291 197.945 93
-707.811 204.294 93
-709.268 210.403 93
-709.674 216.595 93
-709.027 222.842 93
-708.325 229.074 93
-709.567 235.221 93
-708.757 241.441 93
-708.892 247.626 93
-707.973 253.822 93
-708 260 93
-707.973 266.178 93
-708.892 272.374 93
-706.758 278.507 93
-706.569 284.674 93
-705.328 290.795 93
-705.032 296.949 93
-703.685 303.039 93
-703.283 309.178 93
-703.824 315.392 93
-701.321 321.358 93
-701.754 327.571 93
-698.154 333.379 93
-698.481 339.582 93
-697.76 345.674 93
-695.994 351.629 93
-695.168 357.7 93
-693.3 363.614 93
-691.382 369.504 93
-689.414 375.368 93
-689.365 381.554 93
-687.295 387.383 93
-685.176 393.185 93
-683.007 398.96 93
-681.769 404.915 93
-679.502 410.642 93
-678.162 416.566 93
-674.825 422.011 93
-673.385 427.894 93
-670.926 433.513 93
-667.455 438.844 93
-666.832 444.929 93
-663.271 450.19 93
-661.586 455.971 93
-658.894 461.444 93
-656.157 466.886 93
-654.327 472.604 93
-650.55 477.671 93
-648.626 483.34 93
-643.824 487.99 93
-641.81 493.6 93
-639.747 499.192 93
-636.702 504.407 93
-633.614 509.587 93
-631.412 515.107 93
-627.314 519.842 93
-623.182 524.525 93
-620.85 529.953 93
-617.557 534.954 93
-613.314 539.503 93
-609.945 544.422 93
-607.44 549.734 93
-603.091 554.147 93
-598.711 558.506 93
-595.192 563.266 93
-591.636 567.986 93
-589.809 573.607 93
-584.413 577.311 93
-582.497 582.883 93
-578.786 587.462 93
-574.175 591.5 93
-570.398 595.99 93
-566.588 600.44 93
-563.595 605.372 93
-558.864 609.217 93
-555.795 614.081 93
-551.007 617.828 93
-547.029 622.071 93
-543.02 626.271 93
-538.978 630.43 93
-534.087 633.972 93
-529.989 638.038 93
-525.861 642.06 93
-521.703 646.04 93
-515.918 648.773 93
-508.539 650.216 93
-479.11 634.322 93
-468.782 632.886 93
-467.842 638.851 93
-479.179 655.005 93
-490.268 671.384 93
-486.66 675.647 93
-481.505 678.566 93
-476.336 681.426 93
-472.64 685.567 93
-466.697 687.649 93
-462.947 691.705 93
-458.437 695.04 93
-452.465 696.94 93
-449.348 701.573 93
-444.063 704.063 93
-438.068 705.782 93
-434.856 710.307 93
-428.845 711.908 93
-424.885 715.633 93
-419.541 717.849 93
-414.861 720.75 93
-408.837 722.106 93
-405.444 726.411 93
-400.709 729.171 93
-394.672 730.351 93
-389.28 732.234 93
-384.515 734.836 93
-380.356 738.174 93
-375.553 740.687 93
-370.127 742.359 93
-365.302 744.772 93
-360.463 747.137 93
-354.434 747.837 93
-349.002 749.283 93
-344.146 751.491 93
-339.277 753.652 93
-333.279 754.106 93
-329.506 757.83 93
-322.971 757.332 93
-318.619 760.131 93
-312.652 760.348 93
-308.274 763.058 93
-302.842 764.014 93
-297.925 765.776 93
-293 767.491 93
-287.083 767.417 93
-282.644 769.903 93
-277.229 770.593 93
-272.293 772.11 93
-267.814 774.466 93
-261.498 773.22 93
-256.564 774.587 93
-251.625 775.908 93
-246.252 776.279 93
-241.315 777.502 93
-236.375 778.678 93
-231.433 779.807 93
-226.489 780.89 93
-220.763 780.085 93
-215.451 780.144 93
-210.154 780.15 93
-205.607 781.964 93
-200.328 781.871 93
-195.416 782.663 93
-190.163 782.469 93
-185.263 783.166 93
-180.039 782.872 93
-175.152 783.475 93
-169.959 783.081 93
-165.087 783.591 93
-160.22 784.055 93
-155.072 783.516 93
-149.947 782.926 93
-145.11 783.251 93
-140.28 783.532 93
-135.205 782.8 93
-130.396 782.989 93
-125.36 782.163 93
-120.574 782.262 93
-115.579 781.342 93
-110.817 781.353 93
-106.064 781.32 93
-101.32 781.244 93
-96.4025 780.142 93
-91.6862 779.979 93
-86.6499 777.8 93
-81.9716 777.549 93
-77.4521 778.244 93
-72.6483 776.92 93
-68.0041 776.543 93
-63.2501 775.131 93
-58.6392 774.67 93
-53.9366 773.173 93
-49.3605 772.629 93
-44.798 772.044 93
-40.171 770.422 93
-35.6455 769.755 93
-31.1347 769.049 93
-26.5866 767.304 93
-22.0714 765.518 93
-17.6242 764.692 93
-13.1931 763.827 93
-8.76107 761.924 93
-4.38068 761.981 93
3.77489e-05 760 93
4.34585 757.981 93
8.69134 757.924 93
13.01 756.83 93
17.1706 751.7 93
21.4608 751.532 93
25.6447 749.328 93
29.9138 749.086 93
34.1807 748.806 93
38.3665 747.493 93
42.532 746.143 93
46.5811 743.763 93
50.4873 740.354 93
54.7904 740.889 93
58.4973 736.422 93
62.7831 736.885 93
66.8031 735.329 93
70.8007 733.739 93
74.6193 731.127 93
78.5627 729.472 93
82.4829 727.784 93
86.0152 724.096 93
89.6803 721.365 93
93.9023 721.545 93
97.7185 719.729 93
101.727 718.859 93
104.602 713.082 93
109.019 714.097 93
112.494 711.188 93
116.427 710.189 93
119.316 705.292 93
123.464 705.197 93
127.069 703.142 93
130.647 701.057 93
134.199 698.944 93
133.213 682.497 93
126.079 648.031 93
130.095 648.813 93
134.134 649.554 93
137.195 647.426 93
141.254 648.093 93
146.737 652.466 93
159.832 676.377 93
164.559 677.757 93
167.824 675.378 93
171.06 672.974 93
173.485 668.704 93
177.443 668.092 93
180.591 665.614 93
182.88 661.293 93
187.22 661.494 93
190.286 658.943 93
192.883 655.469 93
195.881 652.876 93
198.394 649.37 93
201.784 647.624 93
205.159 645.848 93
207.087 641.407 93
210.407 639.585 93
213.712 637.734 93
216 634.123 93
219.257 632.224 93
221.466 628.582 93
223.629 624.93 93
226.276 622.117 93
228.89 619.285 93
232.016 617.274 93
235.125 615.235 93
238.216 613.17 93
240.723 610.254 93
242.623 606.501 93
244.476 602.743 93
247.458 600.596 93
249.231 596.816 93
252.762 595.427 93
255.68 593.208 93
257.347 589.388 93
259.589 586.348 93
263.056 584.847 93
264.609 580.996 93
267.4 578.674 93
268.872 574.808 93
270.952 571.695 93
274.325 570.068 93
277.02 567.662 93
278.343 563.758 93
280.983 561.318 93
281.537 556.678 93
284.81 554.929 93
285.971 551.006 93
287.792 547.792 93
290.293 545.27 93
292.052 542.031 93
293.777 538.784 93
296.93 536.891 93
299.335 534.29 93
300.974 530.998 93
301.829 527.036 93
304.903 525.048 93
305.683 521.078 93
307.95 518.401 93
310.193 515.703 93
311.636 512.357 93
313.826 509.628 93
315.204 506.265 93
316.548 502.896 93
318.656 500.124 93
319.935 496.739 93
323.607 495.114 93
323.204 490.539 93
326.023 488.283 93
327.178 484.863 93
327.47 480.881 93
330.219 478.567 93
331.275 475.132 93
333.14 472.233 93
333.283 468.258 93
335.088 465.342 93
338.581 463.44 93
341.205 460.985 93
342.08 457.5 93
342.92 454.015 93
342.851 450.045 93
345.375 447.523 93
346.998 444.502 93
347.708 441.005 93
349.275 437.964 93
350.814 434.91 93
352.327 431.841 93
352.008 427.899 93
354.366 425.244 93
353.975 421.316 93
356.283 418.627 93
355.819 414.715 93
358.076 411.994 93
358.465 408.481 93
358.82 404.973 93
361.002 402.202 93
362.229 399.047 93
363.429 395.88 93
364.601 392.704 93
363.86 388.849 93
365.916 385.995 93
367.001 382.797 93
369.961 380.208 93
367.181 375.772 93
369.134 372.855 93
370.104 369.63 93
372.008 366.672 93
370.034 362.62 93
372.847 359.904 93
373.705 356.647 93
374.534 353.382 93
376.307 350.343 93
377.081 347.056 93
376.85 343.546 93
378.543 340.462 93
378.251 336.956 93
375.963 333.08 93
378.553 330.161 93
378.166 326.681 93
380.706 323.708 93
380.26 320.227 93
380.771 316.907 93
381.253 313.582 93
380.715 310.122 93
381.138 306.798 93
382.525 303.583 93
383.885 300.348 93
385.218 297.092 93
385.527 293.729 93
383.813 290.207 93
385.06 286.926 93
386.278 283.626 93
383.474 280.097 93
384.634 276.793 93
386.764 273.506 93
387.867 270.157 93
384.941 266.719 93
386.985 263.377 93
387 260 93
386.985 256.623 93
386.941 253.246 93
385.868 249.896 93
387.764 246.459 93
387.631 243.076 93
388.467 239.641 93
387.276 236.313 93
387.055 232.934 93
387.801 229.479 93
385.527 226.271 93
387.209 222.716 93
385.874 219.443 93
386.499 215.964 93
387.093 212.471 93
386.663 209.095 93
385.214 205.862 93
385.716 202.354 93
385.198 198.991 93
383.665 195.796 93
382.105 192.625 93
383.469 188.928 93
383.816 185.394 93
382.171 182.247 93
381.478 178.914 93
379.779 175.805 93
0 260 93
0 260 93
0 260 93
0 260 93
0 260 93
0 260 93
0 260 93
0 260 93
71.7229 238.072 93
71.5288 237.447 93
0 260 93
0 260 93
0 260 93
39.5909 245.98 93
38.5274 245.977 93
37.4669 245.992 93
35.4761 246.382 93
36.2863 245.706 93
35.233 245.765 93
35.1074 245.458 93
34.0587 245.543 93
33.9312 245.246 93
33.8012 244.951 93
33.6686 244.656 93
32.6271 244.786 93
33.3957 244.071 93
34.1542 243.342 93
33.1126 243.491 93
32.0762 243.656 93
31.0454 243.839 93
30.9032 243.568 93
30.7586 243.299 93
29.7371 243.516 93
28.7217 243.75 93
29.4449 243 93
29.2954 242.744 93
29.1437 242.489 93
28.9898 242.235 93
28.8336 241.983 93
28.6753 241.732 93
28.5148 241.482 93
26.6843 242.338 93
27.3582 241.547 93
26.372 241.875 93
27.032 241.072 93
26.0517 241.418 93
25.8885 241.191 93
24.1157 242.155 93
24.7577 241.344 93
33.3208 234.432 93
40.9766 227.986 93
32.0869 234.477 93
26.423 238.603 93
27.0069 237.737 93
23.7474 240.074 93
0 260 93
0 260 93
0 260 93
0 260 93
0 260 93
0 260 93
0 260 93
0 260 93
0 260 93
0 260 93
0 260 93
