-0 260 92
-0 260 92
-0 260 92
-0 260 92
-0 260 92
-0 260 92
-0 260 92
-0 260 92
-16.6036 245.567 92
-23.5726 239.867 92
-26.0455 238.145 92
-27.0069 237.737 92
-32.6401 233.569 92
-42.2608 226.384 92
-40.1886 228.601 92
-27.7674 238.693 92
-25.5563 240.742 92
-26.5273 240.371 92
-26.6976 240.603 92
-26.8658 240.837 92
-25.3937 242.219 92
-24.7238 243.008 92
-25.7002 242.665 92
-26.6843 242.338 92
-26.8375 242.572 92
-26.9885 242.806 92
-27.1375 243.043 92
-28.1371 242.758 92
-27.4294 243.519 92
-27.5721 243.759 92
-25.9808 245 92
-26.981 244.735 92
-27.9878 244.486 92
-28.1222 244.731 92
-30.0202 244.038 92
-30.1584 244.301 92
-30.2942 244.564 92
-30.4278 244.829 92
-30.559 245.095 92
-30.6879 245.363 92
-31.7208 245.208 92
-32.7586 245.071 92
-32.8876 245.357 92
-33.0142 245.645 92
-34.0587 245.543 92
-34.1835 245.841 92
-34.3058 246.14 92
-35.3559 246.073 92
-35.4761 246.382 92
-37.4669 245.992 92
-39.4671 245.635 92
-0 260 92
-0 260 92
-0 260 92
-71.3292 236.824 92
-71.5288 237.447 92
-0 260 92
-71.9115 238.699 92
-0 260 92
-0 260 92
-0 260 92
-0 260 92
-0 260 92
-0 260 92
-0 260 92
-0 260 92
-0 260 92
-0 260 92
-0 260 92
-0 260 92
-0 260 92
-0 260 92
-702.246 148.775 92
-703.19 154.908 92
-704.081 161.048 92
-704.917 167.196 92
-705.7 173.351 92
-705.436 179.626 92
-706.111 185.785 92
-706.731 191.95 92
-706.302 198.207 92
-706.814 204.373 92
-706.275 210.613 92
-706.679 216.778 92
-707.03 222.946 92
-707.326 229.118 92
-707.569 235.291 92
-708.757 241.441 92
-706.892 247.661 92
-705.973 253.839 92
-707 260 92
-705.973 266.161 92
-705.892 272.322 92
-705.758 278.481 92
-704.571 284.604 92
-704.329 290.752 92
-704.034 296.897 92
-703.685 303.039 92
-702.285 309.109 92
-700.833 315.157 92
-700.325 321.271 92
-698.768 327.284 92
-698.154 333.379 92
-697.487 339.469 92
-695.775 345.431 92
-694.011 351.368 92
-693.188 357.421 92
-691.322 363.319 92
-691.382 369.504 92
-689.414 375.368 92
-687.396 381.207 92
-685.329 387.018 92
-684.194 392.994 92
-682.028 398.76 92
-679.813 404.499 92
-678.526 410.426 92
-676.213 416.116 92
-673.852 421.778 92
-670.474 427.168 92
-669.958 433.263 92
-667.455 438.844 92
-665.869 444.662 92
-663.271 450.19 92
-660.627 455.687 92
-656.025 460.567 92
-655.204 466.585 92
-652.425 471.986 92
-649.602 477.354 92
-646.735 482.689 92
-643.824 487.99 92
-641.81 493.6 92
-637.874 498.491 92
-635.768 504.049 92
-631.753 508.854 92
-628.631 513.983 92
-626.39 519.459 92
-623.182 524.525 92
-619.933 529.554 92
-615.73 534.141 92
-613.314 539.503 92
-609.039 544 92
-604.732 548.443 92
-603.091 554.147 92
-599.606 558.953 92
-595.192 563.266 92
-592.523 568.448 92
-588.043 572.668 92
-586.171 578.265 92
-580.747 581.914 92
-577.046 586.477 92
-574.175 591.5 92
-570.398 595.99 92
-565.73 599.925 92
-561.89 604.327 92
-557.168 608.157 92
-539.77 603.872 92
-532.556 605.846 92
-525.348 607.72 92
-518.977 610.055 92
-514.255 613.438 92
-525.896 628.236 92
-529.175 637.457 92
-524.243 640.885 92
-520.095 644.85 92
-516.717 649.374 92
-511.713 652.651 92
-494.083 646.02 92
-0 260 92
-464.733 636.334 92
-472.234 649.28 92
-489.502 670.741 92
-485.899 674.997 92
-480.75 677.91 92
-474.838 680.101 92
-471.897 684.898 92
-468.171 689 92
-462.947 691.705 92
-456.986 693.663 92
-453.184 697.635 92
-447.921 700.171 92
-443.356 703.356 92
-439.47 707.208 92
-433.467 708.868 92
-429.533 712.634 92
-424.885 715.633 92
-420.217 718.587 92
-414.861 720.75 92
-409.499 722.855 92
-403.476 724.146 92
-399.41 727.65 92
-395.957 731.883 92
-388.644 731.463 92
-385.144 735.613 92
-380.356 738.174 92
-375.553 740.687 92
-369.518 741.566 92
-364.098 743.175 92
-359.273 745.53 92
-353.847 747.028 92
-349.583 750.098 92
-344.146 751.491 92
-339.844 754.476 92
-333.279 754.106 92
-328.954 756.996 92
-324.06 759.009 92
-318.619 760.131 92
-313.712 762.045 92
-308.274 763.058 92
-303.357 764.872 92
-297.417 764.915 92
-293 767.491 92
-288.068 769.158 92
-282.644 769.903 92
-277.229 770.593 92
-272.293 772.11 92
-266.429 771.805 92
-261.952 774.111 92
-257.01 775.482 92
-252.063 776.807 92
-246.683 777.181 92
-241.738 778.408 92
-235.96 777.768 92
-231.026 778.894 92
-225.692 779.056 92
-220.763 780.085 92
-215.833 781.068 92
-210.529 781.077 92
-205.607 781.964 92
-200.328 781.871 92
-195.416 782.663 92
-190.163 782.469 92
-185.263 783.166 92
-180.039 782.872 92
-175.152 783.475 92
-169.959 783.081 92
-165.087 783.591 92
-159.927 783.099 92
-155.072 783.516 92
-150.222 783.888 92
-145.11 783.251 92
-140.28 783.532 92
-135.205 782.8 92
-130.396 782.989 92
-125.36 782.163 92
-120.574 782.262 92
-115.579 781.342 92
-110.817 781.353 92
-105.864 780.34 92
-101.32 781.244 92
-96.4025 780.142 92
-91.6862 779.979 92
-86.98 779.773 92
-82.1281 778.536 92
-77.4521 778.244 92
-72.5091 775.93 92
-68.0041 776.543 92
-63.2501 775.131 92
-58.6392 774.67 92
-54.0412 774.168 92
-49.3605 772.629 92
-44.7109 771.048 92
-40.171 770.422 92
-35.6455 769.755 92
-31.1347 769.049 92
-26.5866 767.304 92
-22.0714 765.518 92
-17.6591 765.692 92
-13.1931 763.827 92
-8.77852 762.923 92
-4.37196 760.981 92
3.77489e-05 760 92
4.35458 758.981 92
8.63898 754.925 92
13.01 756.83 92
17.2753 754.698 92
21.548 753.53 92
25.8017 752.324 92
29.9749 750.084 92
34.1807 748.806 92
38.3665 747.493 92
42.2706 743.154 92
46.5811 743.763 92
50.6963 742.343 92
54.6772 739.895 92
58.8629 739.4 92
62.7831 736.885 92
66.8031 735.329 92
70.8007 733.739 92
74.7757 732.115 92
78.5627 729.472 92
82.6566 728.768 92
86.3797 726.063 92
90.2527 724.31 92
93.9023 721.545 92
97.9264 720.708 92
101.077 715.93 92
105.052 715.031 92
109.019 714.097 92
112.01 709.247 92
116.176 709.22 92
119.574 706.258 92
123.464 705.197 92
127.069 703.142 92
130.647 701.057 92
134.199 698.944 92
137.122 694.895 92
135.658 677.514 92
129.778 647.864 92
133.809 648.608 92
136.861 646.483 92
141.254 648.093 92
143.935 644.972 92
150.873 653.037 92
164.193 676.827 92
167.449 674.451 92
169.911 670.203 92
174.266 670.545 92
177.443 668.092 92
180.591 665.614 92
183.294 662.203 92
186.797 660.588 92
189.425 657.138 92
192.007 653.672 92
194.988 651.086 92
197.94 648.479 92
201.322 646.737 92
204.69 644.965 92
207.087 641.407 92
210.407 639.585 92
213.712 637.734 92
216 634.123 92
219.257 632.224 92
221.466 628.582 92
224.674 626.635 92
226.805 622.965 92
229.964 620.972 92
233.106 618.951 92
235.125 615.235 92
237.657 612.341 92
239.59 608.605 92
242.623 606.501 92
245.637 604.371 92
247.458 600.596 92
249.231 596.816 92
252.762 595.427 92
254.462 591.622 92
257.962 590.176 92
260.211 587.13 92
262.427 584.07 92
263.336 579.453 92
267.4 578.674 92
269.521 575.568 92
271.608 572.45 92
274.987 570.817 92
277.02 567.662 92
277.668 563.021 92
280.301 560.586 92
282.225 557.403 92
283.421 553.491 92
285.971 551.006 92
288.5 548.5 92
291.006 545.971 92
292.771 542.726 92
294.502 539.472 92
295.467 535.527 92
297.86 532.938 92
299.487 529.66 92
301.829 527.036 92
302.639 523.08 92
304.923 520.429 92
307.184 517.758 92
309.421 515.067 92
310.858 511.728 92
313.043 509.006 92
315.204 506.265 92
315.755 502.287 92
319.454 500.726 92
321.543 497.929 92
321.989 493.939 92
323.204 490.539 92
326.023 488.283 92
328.002 485.43 92
329.128 482 92
331.887 479.671 92
333.791 476.766 92
333.983 472.771 92
335.827 469.848 92
337.646 466.909 92
337.724 462.925 92
338.62 459.463 92
342.08 457.5 92
342.92 454.015 92
345.475 451.5 92
347.133 448.478 92
346.998 444.502 92
349.482 441.929 92
349.275 437.964 92
350.814 434.91 92
352.327 431.841 92
352.911 428.33 92
353.46 424.821 92
356.705 422.56 92
357.196 419.034 92
357.653 415.512 92
360.838 413.167 92
360.313 409.247 92
361.602 406.097 92
361.932 402.569 92
364.096 399.763 92
364.365 396.231 92
366.48 393.388 92
368.573 390.518 92
368.752 386.972 92
367.001 382.797 92
369.01 379.899 92
370.042 376.674 92
371.046 373.44 92
372.981 370.482 92
373.931 367.223 92
373.889 363.688 92
375.745 360.681 92
373.705 356.647 92
374.534 353.382 92
376.307 350.343 92
376.107 346.831 92
376.85 343.546 92
379.521 340.67 92
379.231 337.155 92
381.853 334.225 92
380.52 330.525 92
380.136 327.028 92
380.706 323.708 92
381.248 320.384 92
382.749 317.202 92
381.253 313.582 92
384.681 310.644 92
385.108 307.285 92
385.506 303.923 92
383.885 300.348 92
386.214 297.188 92
387.52 293.904 92
386.804 290.442 92
386.057 286.996 92
387.276 283.687 92
387.468 280.306 92
388.63 276.968 92
386.764 273.506 92
387.867 270.157 92
387.941 266.772 92
389.985 263.403 92
388 260 92
387.985 256.614 92
388.941 253.211 92
389.866 249.791 92
388.763 246.424 92
388.63 243.032 92
389.466 239.589 92
387.276 236.313 92
387.055 232.934 92
387.801 229.479 92
387.52 226.096 92
390.195 222.428 92
389.853 219.025 92
387.493 215.851 92
388.086 212.349 92
387.655 208.964 92
389.175 205.305 92
386.705 202.207 92
386.186 198.834 92
386.624 195.301 92
387.029 191.756 92
385.436 188.564 92
385.779 185.012 92
384.13 181.848 92
383.434 178.499 92
381.732 175.372 92
0 260 92
0 260 92
0 260 92
0 260 92
0 260 92
0 260 92
0 260 92
0 260 92
70.7666 238.364 92
71.5288 237.447 92
0 260 92
0 260 92
41.6028 245.675 92
39.5909 245.98 92
37.5877 246.319 92
36.5302 246.342 92
35.4761 246.382 92
36.2863 245.706 92
35.233 245.765 92
35.1074 245.458 92
34.0587 245.543 92
33.9312 245.246 92
32.8876 245.357 92
32.7586 245.071 92
32.6271 244.786 92
34.2982 243.641 92
33.2554 243.78 92
33.1126 243.491 92
32.0762 243.656 92
31.0454 243.839 92
29.1373 244.507 92
29.8798 243.777 92
30.6117 243.032 92
28.7217 243.75 92
28.5788 243.5 92
29.2954 242.744 92
29.1437 242.489 92
28.9898 242.235 92
28.8336 241.983 92
27.8319 242.269 92
28.5148 241.482 92
28.3521 241.234 92
26.5292 242.106 92
26.372 241.875 92
26.2129 241.646 92
26.0517 241.418 92
25.0795 241.779 92
24.1157 242.155 92
23.9591 241.946 92
34.9075 233.214 92
40.9766 227.986 92
33.6522 233.232 92
25.6458 239.232 92
26.2352 238.373 92
22.9813 240.716 92
0 260 92
0 260 92
0 260 92
0 260 92
0 260 92
0 260 92
0 260 92
0 260 92
0 260 92
0 260 92
0 260 92
