-0 260 17
-0 260 17
-0 260 17
-0 260 17
-0 260 17
-0 260 17
-0 260 17
-0 260 17
-16.6036 245.567 17
-23.5726 239.867 17
-26.8116 237.502 17
-27.0069 237.737 17
-32.6401 233.569 17
-43.8261 225.139 17
-40.1886 228.601 17
-27.7674 238.693 17
-26.355 240.14 17
-26.5273 240.371 17
-26.6976 240.603 17
-26.8658 240.837 17
-26.2129 241.646 17
-25.5479 242.441 17
-25.7002 242.665 17
-26.6843 242.338 17
-26.8375 242.572 17
-26.9885 242.806 17
-26.2895 243.573 17
-28.1371 242.758 17
-28.2865 243.004 17
-28.4338 243.251 17
-27.7128 244 17
-26.981 244.735 17
-27.1132 244.971 17
-29.001 244.254 17
-30.0202 244.038 17
-30.1584 244.301 17
-30.2942 244.564 17
-30.4278 244.829 17
-31.4578 244.657 17
-31.5905 244.932 17
-30.8145 245.631 17
-32.7586 245.071 17
-33.8012 244.951 17
-33.9312 245.246 17
-34.0587 245.543 17
-34.1835 245.841 17
-34.3058 246.14 17
-36.2863 245.706 17
-35.4761 246.382 17
-37.4669 245.992 17
-39.4671 245.635 17
-0 260 17
-0 260 17
-0 260 17
-72.2803 236.515 17
-70.5751 237.748 17
-0 260 17
-0 260 17
-0 260 17
-0 260 17
-0 260 17
-0 260 17
-0 260 17
-0 260 17
-0 260 17
-0 260 17
-0 260 17
-0 260 17
-0 260 17
-0 260 17
-0 260 17
-0 260 17
-682.493 151.904 17
-715.058 153.134 17
-826.874 143.791 17
-809.019 153.491 17
-845.649 156.167 17
-815.723 167.06 17
-834.404 172.301 17
-840.114 179.106 17
-824.849 187.835 17
-830.432 194.644 17
-852.917 200.358 17
-845.42 208.292 17
-834.854 216.247 17
-853.187 222.749 17
-842.486 230.58 17
-835.714 238.116 17
-837.872 245.375 17
-851.968 252.565 17
-865 260 17
-869.967 267.592 17
-861.869 275.044 17
-841.711 282.041 17
-855.479 289.874 17
-847.193 296.989 17
-830.86 303.544 17
-847.416 311.83 17
-844.937 319.084 17
-831.429 325.435 17
-822.857 331.991 17
-843.101 341.181 17
-841.366 348.431 17
-836.587 355.317 17
-833.739 362.37 17
-823.891 368.467 17
-821.922 375.514 17
-823.85 383.125 17
-822.744 390.31 17
-816.644 396.66 17
-815.421 403.781 17
-818.068 411.62 17
-815.732 418.562 17
-810.398 424.877 17
-806.972 431.527 17
-790.8 435.316 17
-777.547 439.511 17
-798.316 451.659 17
-794.672 458.134 17
-802.594 467.565 17
-814.275 478.185 17
-863.562 591.49 17
-852.262 595.715 17
-841.861 626.052 17
-835.894 632.164 17
-0 260 17
-0 260 17
-0 260 17
-0 260 17
-0 260 17
-0 260 17
-0 260 17
-0 260 17
-0 260 17
-0 260 17
-0 260 17
-0 260 17
-0 260 17
-0 260 17
-0 260 17
-0 260 17
-0 260 17
-0 260 17
-0 260 17
-0 260 17
-0 260 17
-0 260 17
-0 260 17
-0 260 17
-0 260 17
-0 260 17
-0 260 17
-0 260 17
-0 260 17
-0 260 17
-0 260 17
-0 260 17
-0 260 17
-0 260 17
-0 260 17
-0 260 17
-0 260 17
-0 260 17
-0 260 17
-0 260 17
-0 260 17
-0 260 17
-0 260 17
-0 260 17
-0 260 17
-0 260 17
-0 260 17
-0 260 17
-0 260 17
-0 260 17
-0 260 17
-0 260 17
-0 260 17
-0 260 17
-0 260 17
-0 260 17
-0 260 17
-0 260 17
-0 260 17
-0 260 17
-0 260 17
-0 260 17
-0 260 17
-0 260 17
-0 260 17
-0 260 17
-0 260 17
-0 260 17
-0 260 17
-0 260 17
-0 260 17
-0 260 17
-0 260 17
-0 260 17
-0 260 17
-0 260 17
-0 260 17
-0 260 17
-0 260 17
-0 260 17
-0 260 17
-0 260 17
-0 260 17
-0 260 17
-0 260 17
-0 260 17
-0 260 17
-0 260 17
-0 260 17
-0 260 17
-0 260 17
-0 260 17
-0 260 17
-0 260 17
-0 260 17
-0 260 17
-0 260 17
-0 260 17
-0 260 17
-0 260 17
-0 260 17
-0 260 17
-0 260 17
-0 260 17
-0 260 17
-0 260 17
-0 260 17
-0 260 17
-0 260 17
-0 260 17
-0 260 17
-0 260 17
-0 260 17
-0 260 17
-0 260 17
-0 260 17
-0 260 17
-0 260 17
-0 260 17
-0 260 17
-0 260 17
0 260 17
0 260 17
0 260 17
0 260 17
0 260 17
0 260 17
0 260 17
0 260 17
0 260 17
0 260 17
0 260 17
0 260 17
0 260 17
0 260 17
0 260 17
0 260 17
0 260 17
0 260 17
0 260 17
0 260 17
0 260 17
0 260 17
0 260 17
0 260 17
0 260 17
0 260 17
0 260 17
0 260 17
0 260 17
0 260 17
0 260 17
0 260 17
0 260 17
0 260 17
0 260 17
0 260 17
0 260 17
0 260 17
0 260 17
0 260 17
0 260 17
0 260 17
0 260 17
0 260 17
0 260 17
0 260 17
0 260 17
0 260 17
0 260 17
0 260 17
0 260 17
0 260 17
0 260 17
0 260 17
0 260 17
0 260 17
0 260 17
0 260 17
0 260 17
0 260 17
0 260 17
0 260 17
0 260 17
0 260 17
0 260 17
0 260 17
0 260 17
0 260 17
0 260 17
0 260 17
0 260 17
0 260 17
0 260 17
0 260 17
0 260 17
0 260 17
0 260 17
0 260 17
0 260 17
0 260 17
0 260 17
0 260 17
0 260 17
0 260 17
0 260 17
0 260 17
0 260 17
0 260 17
0 260 17
0 260 17
0 260 17
0 260 17
0 260 17
0 260 17
0 260 17
0 260 17
0 260 17
0 260 17
0 260 17
0 260 17
0 260 17
0 260 17
0 260 17
0 260 17
0 260 17
0 260 17
0 260 17
0 260 17
0 260 17
0 260 17
0 260 17
0 260 17
0 260 17
0 260 17
0 260 17
0 260 17
0 260 17
0 260 17
0 260 17
0 260 17
0 260 17
0 260 17
0 260 17
0 260 17
0 260 17
0 260 17
0 260 17
0 260 17
0 260 17
0 260 17
0 260 17
0 260 17
0 260 17
0 260 17
0 260 17
0 260 17
0 260 17
0 260 17
0 260 17
0 260 17
0 260 17
0 260 17
0 260 17
0 260 17
0 260 17
0 260 17
423.643 389.521 17
432.428 388.091 17
434.49 384.588 17
443.27 382.93 17
456.883 382.421 17
464.711 380.182 17
465.742 376.123 17
460.903 370.653 17
449.185 363.702 17
449.096 359.562 17
450.926 355.847 17
457.625 353.105 17
470.199 351.398 17
486.711 350.207 17
466.799 342.309 17
502.019 344.009 17
457.3 332.429 17
441.101 325.923 17
441.66 322.071 17
433.261 317.04 17
428.78 312.648 17
427.236 308.677 17
424.661 304.634 17
426.03 301.022 17
421.39 296.867 17
418.705 292.953 17
433.94 290.344 17
425.205 286.007 17
427.413 282.4 17
436.584 279.062 17
453.723 275.844 17
459.842 272.041 17
470.928 268.22 17
515.98 264.503 17
484 260 17
469.982 255.899 17
452.931 252.094 17
443.848 248.377 17
425.74 245.133 17
423.596 241.505 17
710.026 222.789 17
724.646 215.679 17
752.163 207.404 17
725.756 202.882 17
701.321 198.642 17
708.722 191.758 17
730.974 183.172 17
711.397 178.947 17
731.507 170.182 17
704.917 167.196 17
735.828 150.03 17
733.852 143.769 17
732.81 137.37 17
1171.92 53.3587 17
1154.34 46.0555 17
1125.93 41.1421 17
1105.36 35.113 17
1092.59 27.7627 17
1072.95 22.1329 17
0 260 17
0 260 17
0 260 17
0 260 17
0 260 17
0 260 17
0 260 17
0 260 17
71.7229 238.072 17
70.5751 237.748 17
0 260 17
0 260 17
0 260 17
39.5909 245.98 17
38.5274 245.977 17
37.4669 245.992 17
37.3432 245.665 17
36.2863 245.706 17
34.3058 246.14 17
35.1074 245.458 17
34.9792 245.152 17
33.9312 245.246 17
32.8876 245.357 17
32.7586 245.071 17
33.5334 244.363 17
34.2982 243.641 17
33.2554 243.78 17
33.1126 243.491 17
32.0762 243.656 17
31.0454 243.839 17
30.9032 243.568 17
29.8798 243.777 17
29.7371 243.516 17
29.5921 243.258 17
28.5788 243.5 17
28.4338 243.251 17
28.2865 243.004 17
29.8424 241.713 17
27.9856 242.513 17
28.6753 241.732 17
28.5148 241.482 17
27.5182 241.786 17
26.5292 242.106 17
26.372 241.875 17
25.3937 242.219 17
26.0517 241.418 17
25.0795 241.779 17
24.1157 242.155 17
23.9591 241.946 17
35.7009 232.606 17
40.9766 227.986 17
33.6522 233.232 17
26.423 238.603 17
26.2352 238.373 17
23.7474 240.074 17
0 260 17
0 260 17
0 260 17
0 260 17
0 260 17
0 260 17
0 260 17
0 260 17
0 260 17
0 260 17
0 260 17
