-0 260 193
-0 260 193
-0 260 193
-0 260 193
-0 260 193
-0 260 193
-0 260 193
-0 260 193
-16.6036 245.567 193
-22.8122 240.517 193
-26.8116 237.502 193
-27.0069 237.737 193
-33.4173 232.939 193
-40.6956 227.629 193
-39.4005 229.217 193
-26.974 239.302 193
-25.5563 240.742 193
-26.5273 240.371 193
-26.6976 240.603 193
-25.2376 241.998 193
-24.5746 242.793 193
-26.372 241.875 193
-25.7002 242.665 193
-25.8505 242.89 193
-26.8375 242.572 193
-27.8319 242.269 193
-27.9856 242.513 193
-27.2845 243.28 193
-28.2865 243.004 193
-27.5721 243.759 193
-27.7128 244 193
-26.981 244.735 193
-27.9878 244.486 193
-29.001 244.254 193
-30.0202 244.038 193
-30.1584 244.301 193
-29.4032 245.018 193
-30.4278 244.829 193
-31.4578 244.657 193
-31.5905 244.932 193
-31.7208 245.208 193
-30.9387 245.9 193
-33.8012 244.951 193
-33.0142 245.645 193
-33.1382 245.934 193
-35.1074 245.458 193
-34.3058 246.14 193
-34.4255 246.439 193
-36.4096 246.024 193
-36.5302 246.342 193
-38.5274 245.977 193
-42.4189 244.979 193
-0 260 193
-0 260 193
-72.2803 236.515 193
-70.5751 237.748 193
-0 260 193
-0 260 193
-0 260 193
-0 260 193
-0 260 193
-0 260 193
-0 260 193
-0 260 193
-0 260 193
-0 260 193
-0 260 193
-0 260 193
-0 260 193
-0 260 193
-0 260 193
-0 260 193
-721.013 145.803 193
-720.993 152.247 193
-722.896 158.404 193
-722.763 164.847 193
-723.566 171.157 193
-723.32 177.588 193
-725.006 183.799 193
-726.639 190.033 193
-725.23 196.551 193
-726.753 202.803 193
-727.224 209.148 193
-726.642 215.557 193
-728.001 221.847 193
-727.307 228.245 193
-727.557 234.593 193
-727.751 240.943 193
-727.889 247.295 193
-726.972 253.656 193
-728 260 193
-727.972 266.353 193
-727.889 272.705 193
-727.751 279.057 193
-726.557 285.372 193
-725.309 291.668 193
-725.005 297.996 193
-724.646 304.321 193
-724.231 310.643 193
-723.762 316.961 193
-722.241 323.188 193
-721.662 329.488 193
-720.034 335.679 193
-719.346 341.959 193
-717.611 348.112 193
-717.806 354.501 193
-716.954 360.761 193
-714.069 366.718 193
-714.099 373.102 193
-711.112 378.999 193
-711.031 385.374 193
-707.944 391.21 193
-706.772 397.383 193
-704.566 403.346 193
-703.288 409.489 193
-700.981 415.404 193
-698.623 421.29 193
-698.162 427.614 193
-695.702 433.458 193
-693.194 439.272 193
-690.637 445.056 193
-688.032 450.808 193
-685.38 456.53 193
-682.68 462.219 193
-680.889 468.169 193
-678.093 473.802 193
-675.25 479.402 193
-672.361 484.969 193
-669.427 490.502 193
-666.448 496.002 193
-664.363 501.808 193
-661.291 507.246 193
-658.174 512.649 193
-655.014 518.017 193
-651.81 523.349 193
-648.563 528.644 193
-645.274 533.903 193
-642.859 539.523 193
-638.568 544.309 193
-636.063 549.871 193
-631.696 554.565 193
-629.102 560.066 193
-625.561 565.106 193
-620.189 569.215 193
-617.467 574.615 193
-613.811 579.53 193
-609.234 583.935 193
-606.384 589.24 193
-602.613 594.034 193
-598.805 598.787 193
-594.959 603.5 193
-590.216 607.664 193
-585.445 611.771 193
-582.353 616.867 193
-577.521 620.875 193
-573.506 625.364 193
-568.619 629.265 193
-565.375 634.213 193
-560.429 638.014 193
-555.461 641.758 193
-552.108 646.591 193
-547.086 650.232 193
-542.041 653.816 193
-537.78 657.937 193
-531.891 660.809 193
-528.373 665.435 193
-524.815 670.031 193
-518.869 672.727 193
-513.693 675.981 193
-510.044 680.448 193
-504.823 683.597 193
-498.826 686.038 193
-495.089 690.375 193
-489.068 692.691 193
-486.017 697.611 193
-480.705 700.485 193
-475.38 703.299 193
-469.317 705.365 193
-465.413 709.444 193
-460.76 712.787 193
-455.377 715.377 193
-449.283 717.194 193
-445.276 721.097 193
-438.482 722.064 193
-435.115 726.604 193
-430.351 729.646 193
-424.898 731.897 193
-419.438 734.089 193
-413.317 735.467 193
-408.503 738.295 193
-403.671 741.076 193
-396.913 741.494 193
-392.696 744.939 193
-387.204 746.782 193
-382.941 750.143 193
-376.823 751.086 193
-371.922 753.557 193
-367.006 755.98 193
-360.312 755.927 193
-355.39 758.239 193
-350.455 760.502 193
-344.941 761.893 193
-338.871 762.397 193
-334.474 765.335 193
-328.962 766.557 193
-323.992 768.565 193
-317.952 768.829 193
-311.932 769.026 193
-306.963 770.872 193
-293.865 758.883 193
-279 743.242 193
-273.295 743.047 193
-268.1 743.665 193
-265.777 749.501 193
-273.702 774.758 193
-269.199 777.127 193
-263.768 777.675 193
-258.348 778.167 193
-253.378 779.503 193
-247.544 778.987 193
-243.005 781.127 193
-238.034 782.318 193
-232.247 781.634 193
-227.287 782.724 193
-221.545 781.926 193
-216.216 781.992 193
-211.278 782.932 193
-205.974 782.895 193
-200.328 781.871 193
-195.766 783.6 193
-190.847 784.349 193
-185.263 783.166 193
-180.039 782.872 193
-174.835 782.526 193
-169.959 783.081 193
-164.787 782.637 193
-159.635 782.142 193
-154.504 781.598 193
-149.671 781.965 193
-144.576 781.324 193
-139.503 780.634 193
-134.704 780.863 193
-129.67 780.079 193
-124.66 779.246 193
-119.674 778.365 193
-114.929 778.413 193
-109.985 777.44 193
-105.067 776.42 193
-100.365 776.336 193
-95.3091 774.242 193
-90.818 775.054 193
-85.8247 772.869 193
-81.1894 772.61 193
-76.5652 772.31 193
-71.8133 770.978 193
-67.0904 769.603 193
-62.5189 769.176 193
-57.8468 767.715 193
-53.3095 767.206 193
-48.6896 765.661 193
-44.0136 763.078 193
-39.5433 762.446 193
-35.0875 761.775 193
-30.5853 760.066 193
-26.0633 757.318 193
-21.6788 756.527 193
-17.345 756.697 193
-12.9576 754.83 193
-8.62145 753.925 193
-4.28469 750.981 193
3.69185e-05 749 193
4.24986 746.981 193
8.49936 746.926 193
12.722 745.833 193
16.8216 741.706 193
21.0246 741.541 193
25.1736 740.341 193
29.2423 738.107 193
33.3436 736.836 193
37.3466 734.533 193
41.3119 732.196 193
45.2392 729.827 193
49.3375 729.414 193
53.3187 727.972 193
57.1568 725.504 193
60.6947 721.022 193
64.7155 720.475 193
68.7314 719.892 193
72.2728 716.312 193
76.252 715.664 193
79.3572 710.057 193
83.2817 709.347 193
87.1997 708.604 193
90.9118 706.846 193
94.5998 705.057 193
98.0472 702.262 193
101.678 700.415 193
105.284 698.539 193
108.381 694.692 193
111.419 690.826 193
115.692 691.769 193
118.654 687.852 193
122.383 686.8 193
125.819 684.757 193
129.228 682.687 193
132.311 679.635 193
135.349 676.563 193
138.662 674.417 193
141.297 670.355 193
144.205 667.221 193
148.095 666.887 193
151.64 665.579 193
154.815 663.307 193
157.596 660.08 193
160.332 656.835 193
163.023 653.573 193
166.061 651.215 193
169.468 649.751 193
172.05 646.43 193
175.001 644.004 193
177.5 640.649 193
181.245 639.988 193
184.116 637.493 193
186.511 634.083 193
188.86 630.659 193
192.087 628.996 193
194.361 625.54 193
197.544 623.83 193
200.226 621.218 193
203.371 619.457 193
204.5 614.204 193
207.583 612.406 193
210.136 609.724 193
213.179 607.877 193
214.617 603.459 193
217.606 601.574 193
220.579 599.662 193
222.983 596.89 193
225.355 594.102 193
226.563 589.65 193
229.431 587.661 193
232.281 585.646 193
235.114 583.607 193
236.739 579.935 193
239.522 577.857 193
240.461 573.375 193
243.802 572.052 193
246.516 569.913 193
246.694 564.641 193
249.979 563.248 193
251.973 560.289 193
253.285 556.558 193
255.863 554.337 193
258.422 552.093 193
259.623 548.34 193
262.805 546.801 193
263.933 543.034 193
265.705 539.994 193
267.443 536.946 193
268.448 533.175 193
270.115 530.115 193
273.175 528.448 193
275.507 526.054 193
276.368 522.263 193
277.914 519.159 193
280.165 516.724 193
281.652 513.6 193
283.105 510.47 193
285.28 507.99 193
286.673 504.842 193
288.799 502.331 193
290.902 499.801 193
292.207 496.624 193
294.261 494.065 193
296.292 491.489 193
298.301 488.894 193
297.891 484.477 193
300.642 482.464 193
302.572 479.832 193
303.665 476.602 193
306.363 474.518 193
308.223 471.836 193
308.402 468.02 193
310.206 465.321 193
312.824 463.15 193
312.898 459.338 193
314.626 456.6 193
315.477 453.324 193
318.009 451.079 193
317.941 447.282 193
319.563 444.5 193
322.032 442.197 193
322.735 438.895 193
323.405 435.594 193
324.925 432.766 193
325.533 429.462 193
326.999 426.615 193
328.441 423.755 193
328.959 420.444 193
331.249 417.998 193
331.709 414.678 193
331.226 410.948 193
335.271 409.272 193
336.561 406.341 193
336.905 403.008 193
338.14 400.062 193
337.495 396.357 193
339.602 393.773 193
340.757 390.804 193
341.885 387.826 193
340.169 383.811 193
342.179 381.172 193
344.169 378.507 193
343.293 374.864 193
344.282 371.864 193
345.246 368.855 193
346.182 365.839 193
347.093 362.814 193
346.054 359.229 193
349.798 357.008 193
348.699 353.434 193
351.438 350.888 193
352.217 347.818 193
350.053 344.04 193
352.722 341.432 193
353.419 338.351 193
354.089 335.264 193
355.713 332.371 193
355.349 329.073 193
356.922 326.151 193
357.485 323.034 193
355.063 319.417 193
355.568 316.316 193
358.024 313.507 193
356.497 310.102 193
357.912 307.12 193
359.302 304.117 193
359.673 300.98 193
360.017 297.839 193
359.338 294.6 193
360.622 291.55 193
361.881 288.481 193
361.118 285.252 193
360.327 282.039 193
362.503 278.998 193
363.654 275.877 193
363.778 272.703 193
362.876 269.502 193
363.945 266.353 193
362.986 263.168 193
364 260 193
363.986 256.824 193
362.945 253.665 193
361.876 250.524 193
363.778 247.297 193
363.654 244.123 193
363.501 240.95 193
364.319 237.717 193
364.111 234.539 193
362.878 231.441 193
363.611 228.188 193
365.31 224.825 193
363 221.847 193
364.641 218.454 193
363.272 215.396 193
365.843 211.836 193
363.428 208.923 193
361.98 205.902 193
361.494 202.745 193
361.967 199.428 193
362.409 196.097 193
360.855 193.12 193
361.239 189.782 193
359.632 186.832 193
359.958 183.489 193
359.277 180.35 193
0 260 193
0 260 193
0 260 193
0 260 193
0 260 193
0 260 193
0 260 193
0 260 193
71.7229 238.072 193
70.5751 237.748 193
0 260 193
0 260 193
0 260 193
38.6483 246.314 193
38.5274 245.977 193
36.5302 246.342 193
35.4761 246.382 193
35.3559 246.073 193
36.1602 245.39 193
34.1835 245.841 193
33.1382 245.934 193
33.9312 245.246 193
32.8876 245.357 193
32.7586 245.071 193
32.6271 244.786 193
33.3957 244.071 193
33.2554 243.78 193
32.2176 243.937 193
31.1852 244.11 193
31.0454 243.839 193
30.0202 244.038 193
29.001 244.254 193
29.7371 243.516 193
28.7217 243.75 193
27.7128 244 193
29.2954 242.744 193
29.1437 242.489 193
28.9898 242.235 193
27.9856 242.513 193
28.6753 241.732 193
27.6761 242.027 193
28.3521 241.234 193
26.5292 242.106 193
26.372 241.875 193
26.2129 241.646 193
25.2376 241.998 193
25.8885 241.191 193
24.9196 241.56 193
24.7577 241.344 193
33.3208 234.432 193
40.9766 227.986 193
33.6522 233.232 193
26.423 238.603 193
27.0069 237.737 193
23.7474 240.074 193
0 260 193
0 260 193
0 260 193
0 260 193
0 260 193
0 260 193
0 260 193
0 260 193
0 260 193
0 260 193
0 260 193
