-0 260 238
-0 260 238
-0 260 238
-0 260 238
-0 260 238
-0 260 238
-0 260 238
-0 260 238
-17.3583 244.911 238
-23.5726 239.867 238
-26.8116 237.502 238
-26.2352 238.373 238
-33.4173 232.939 238
-43.0435 225.762 238
-39.4005 229.217 238
-27.7674 238.693 238
-26.355 240.14 238
-27.3311 239.776 238
-27.5066 240.015 238
-27.6799 240.256 238
-25.3937 242.219 238
-26.372 241.875 238
-27.3582 241.547 238
-27.5182 241.786 238
-26.8375 242.572 238
-26.9885 242.806 238
-26.2895 243.573 238
-27.2845 243.28 238
-28.2865 243.004 238
-28.4338 243.251 238
-27.7128 244 238
-28.7217 243.75 238
-27.9878 244.486 238
-28.1222 244.731 238
-29.1373 244.507 238
-30.1584 244.301 238
-29.4032 245.018 238
-31.3227 244.383 238
-31.4578 244.657 238
-30.6879 245.363 238
-31.7208 245.208 238
-32.7586 245.071 238
-32.8876 245.357 238
-33.9312 245.246 238
-33.1382 245.934 238
-35.1074 245.458 238
-35.233 245.765 238
-34.4255 246.439 238
-36.4096 246.024 238
-38.4036 245.642 238
-38.5274 245.977 238
-0 260 238
-0 260 238
-0 260 238
-71.3292 236.824 238
-73.4362 236.846 238
-0 260 238
-70.9527 238.983 238
-0 260 238
-0 260 238
-0 260 238
-0 260 238
-0 260 238
-0 260 238
-0 260 238
-0 260 238
-0 260 238
-0 260 238
-0 260 238
-0 260 238
-0 260 238
-0 260 238
-696.32 149.714 238
-696.267 155.942 238
-696.158 162.161 238
-696.986 168.24 238
-697.76 174.326 238
-697.487 180.531 238
-698.154 186.621 238
-698.768 192.716 238
-698.332 198.904 238
-698.839 205 238
-698.295 211.171 238
-698.694 217.266 238
-699.041 223.365 238
-699.334 229.467 238
-698.574 235.605 238
-698.76 241.702 238
-698.894 247.801 238
-698.973 253.9 238
-698 260 238
-697.973 266.091 238
-695.894 272.147 238
-696.761 278.245 238
-696.575 284.325 238
-695.338 290.359 238
-694.048 296.374 238
-694.702 302.49 238
-692.309 308.411 238
-692.858 314.529 238
-689.367 320.312 238
-690.805 326.517 238
-689.204 332.438 238
-688.545 338.45 238
-685.849 344.212 238
-683.105 349.933 238
-684.275 356.169 238
-682.421 361.989 238
-681.505 367.94 238
-679.551 373.718 238
-677.548 379.47 238
-676.479 385.378 238
-674.378 391.086 238
-673.208 396.966 238
-671.009 402.628 238
-668.763 408.261 238
-666.469 413.867 238
-666.073 419.91 238
-661.742 424.991 238
-659.309 430.509 238
-658.761 436.515 238
-655.269 441.722 238
-653.658 447.433 238
-651.039 452.847 238
-648.375 458.228 238
-645.666 463.578 238
-643.865 469.205 238
-639.17 473.863 238
-637.279 479.433 238
-634.398 484.652 238
-631.473 489.838 238
-628.507 494.989 238
-626.432 500.465 238
-623.38 505.556 238
-619.359 510.237 238
-616.228 515.25 238
-612.136 519.836 238
-610.762 525.567 238
-606.594 530.073 238
-604.214 535.356 238
-599.069 539.351 238
-597.511 544.998 238
-592.305 548.887 238
-590.657 554.491 238
-587.173 559.18 238
-581.879 562.907 238
-580.097 568.443 238
-575.625 572.539 238
-572.876 577.55 238
-568.342 581.553 238
-565.515 586.5 238
-560.921 590.408 238
-557.159 594.775 238
-553.363 599.102 238
-548.687 602.858 238
-546.518 608.17 238
-540.942 611.292 238
-537.856 615.999 238
-533.9 620.12 238
-530.737 624.766 238
-526.715 628.81 238
-522.662 632.811 238
-518.58 636.77 238
-513.664 640.092 238
-509.529 643.958 238
-505.366 647.781 238
-501.175 651.561 238
-496.174 654.674 238
-491.933 658.36 238
-487.667 662.001 238
-483.374 665.599 238
-479.056 669.152 238
-473.958 672.005 238
-469.595 675.463 238
-464.465 678.207 238
-461.536 682.92 238
-456.365 685.567 238
-451.908 688.845 238
-448.149 692.772 238
-442.215 694.564 238
-437.699 697.699 238
-433.863 701.502 238
-428.604 703.833 238
-424.715 707.556 238
-420.111 710.514 238
-414.812 712.688 238
-409.508 714.805 238
-404.198 716.863 238
-399.54 719.618 238
-395.514 723.087 238
-390.815 725.755 238
-384.827 726.833 238
-380.739 730.173 238
-375.999 732.695 238
-370.628 734.383 238
-365.866 736.805 238
-360.487 738.383 238
-355.704 740.706 238
-351.496 743.792 238
-345.518 744.399 238
-341.278 747.396 238
-336.445 749.531 238
-330.483 749.961 238
-326.747 753.66 238
-321.882 755.654 238
-315.932 755.914 238
-311.063 757.804 238
-305.662 758.795 238
-300.267 759.729 238
-295.895 762.33 238
-290.5 763.161 238
-286.098 765.677 238
-280.705 766.405 238
-269.117 755.653 238
-254.923 739.441 238
-248.882 738.099 238
-243.339 737.58 238
-240.054 741.475 238
-248.995 770.515 238
-244.53 772.668 238
-240.47 775.689 238
-235.131 775.948 238
-229.806 776.153 238
-224.894 777.222 238
-219.591 777.324 238
-214.685 778.296 238
-209.405 778.296 238
-204.874 780.103 238
-199.611 780.004 238
-195.065 781.726 238
-189.821 781.529 238
-184.595 781.281 238
-179.714 781.926 238
-174.835 782.526 238
-169.959 783.081 238
-164.486 781.683 238
-159.927 783.099 238
-154.788 782.557 238
-149.947 782.926 238
-145.11 783.251 238
-140.28 783.532 238
-135.205 782.8 238
-130.396 782.989 238
-125.36 782.163 238
-120.799 783.237 238
-116.012 783.295 238
-111.233 783.309 238
-106.263 782.3 238
-101.51 782.226 238
-96.767 782.108 238
-91.8598 780.963 238
-87.1451 780.759 238
-82.4409 780.512 238
-77.7477 780.222 238
-72.9267 778.9 238
-68.3957 779.517 238
-63.6158 778.109 238
-58.7524 775.664 238
-54.2502 776.157 238
-49.6481 775.615 238
-44.9723 774.036 238
-40.4849 774.409 238
-35.8548 772.748 238
-31.3179 772.043 238
-26.796 771.298 238
-22.2895 770.514 238
-17.7638 768.69 238
-13.2979 767.826 238
-8.84833 766.923 238
-4.39814 763.981 238
3.79754e-05 763 238
4.38076 761.981 238
8.74369 760.924 238
13.0885 759.829 238
17.4149 758.696 238
21.7225 757.526 238
26.011 756.319 238
30.2801 755.075 238
34.5295 753.794 238
38.7588 752.477 238
42.8807 750.128 238
47.0603 748.74 238
51.219 747.316 238
55.3564 745.857 238
59.4723 744.363 238
63.4358 741.842 238
67.3598 739.29 238
71.2442 736.706 238
75.7143 738.041 238
79.2229 733.417 238
83.1775 731.723 238
87.4731 731.962 238
91.3975 730.199 238
95.2979 728.404 238
98.966 725.598 238
103.025 724.717 238
106.177 719.903 238
110.653 720.903 238
113.461 715.069 238
117.679 715.029 238
121.645 713.985 238
125.335 711.943 238
128.998 709.87 238
132.635 707.769 238
136.245 705.638 238
139.528 702.525 238
143.075 700.339 238
146.595 698.126 238
150.087 695.884 238
153.885 694.558 238
157.329 692.259 238
160.745 689.933 238
163.416 685.713 238
167.491 685.201 238
170.446 681.869 238
173.738 679.441 238
177.392 677.909 238
179.836 673.594 238
183.845 672.923 238
187.027 670.393 238
190.178 667.838 238
192.438 663.456 238
196.829 663.559 238
199.45 660.036 238
202.48 657.389 238
205.478 654.72 238
208.915 652.912 238
212.336 651.074 238
213.801 645.707 238
217.159 643.827 238
219.5 640.185 238
222.809 638.255 238
225.072 634.582 238
229.377 634.309 238
231.575 630.597 238
234.8 628.562 238
236.918 624.822 238
240.645 623.574 238
242.131 618.973 238
246.387 618.495 238
247.211 613.055 238
251.444 612.512 238
255.099 611.113 238
256.369 606.462 238
259.382 604.212 238
261.767 601.142 238
264.119 598.057 238
266.436 594.956 238
268.72 591.841 238
270.969 588.712 238
273.828 586.335 238
276.665 583.933 238
278.169 579.997 238
279.626 576.059 238
282.373 573.607 238
285.099 571.131 238
286.439 567.169 238
289.797 565.383 238
292.451 562.842 238
292.98 558.139 238
296.278 556.278 238
298.139 552.98 238
299.245 548.978 238
302.481 547.044 238
304.975 544.393 238
306.707 541.046 238
308.405 537.689 238
309.319 533.662 238
312.45 531.608 238
312.527 526.923 238
314.844 524.186 238
316.366 520.792 238
318.63 518.021 238
320.869 515.231 238
322.296 511.806 238
325.275 509.592 238
327.441 506.744 238
327.974 502.688 238
329.27 499.229 238
331.345 496.346 238
332.576 492.872 238
332.947 488.828 238
336.589 487.032 238
337.724 483.534 238
339.662 480.579 238
342.417 478.144 238
341.763 473.557 238
345.319 471.612 238
346.296 468.075 238
348.098 465.045 238
349.008 461.5 238
350.753 458.447 238
350.723 454.409 238
354.163 452.295 238
354.062 448.258 238
354.804 444.699 238
358.185 442.504 238
357.974 438.479 238
357.72 434.472 238
361.034 432.204 238
360.711 428.202 238
362.165 425.048 238
362.678 421.474 238
364.99 418.702 238
365.44 415.12 238
365.856 411.543 238
369.019 409.093 238
367.515 404.768 238
370.631 402.272 238
371.859 399.032 238
372.118 395.44 238
371.401 391.52 238
373.48 388.599 238
373.64 385.018 238
375.667 382.062 238
375.764 378.478 238
376.784 375.194 238
378.734 372.186 238
379.698 368.877 238
378.707 365.025 238
380.575 361.975 238
380.482 358.399 238
382.297 355.317 238
381.169 351.511 238
380.979 347.956 238
383.684 345.061 238
385.39 341.917 238
383.151 337.953 238
383.816 334.606 238
385.436 331.436 238
384.075 327.723 238
386.624 324.699 238
387.174 321.322 238
387.694 317.941 238
389.175 314.695 238
388.646 311.166 238
388.086 307.651 238
388.487 304.262 238
388.858 300.871 238
388.205 297.38 238
390.508 294.165 238
390.792 290.756 238
390.048 287.275 238
391.269 283.931 238
390.464 280.463 238
390.628 277.055 238
390.762 273.646 238
392.865 270.288 238
391.94 266.841 238
391.985 263.421 238
393 260 238
392.985 256.57 238
389.941 253.194 238
390.866 249.765 238
390.762 246.354 238
390.628 242.945 238
391.463 239.484 238
392.267 236.008 238
390.048 232.725 238
392.785 229.087 238
392.501 225.661 238
391.191 222.333 238
390.847 218.92 238
390.474 215.511 238
390.071 212.105 238
389.638 208.703 238
390.166 205.166 238
388.683 201.911 238
389.149 198.365 238
389.583 194.806 238
388.014 191.583 238
388.386 188.017 238
384.798 185.203 238
387.07 181.25 238
385.39 178.083 238
383.684 174.939 238
0 260 238
0 260 238
0 260 238
0 260 238
0 260 238
0 260 238
0 260 238
0 260 238
70.7666 238.364 238
71.5288 237.447 238
72.2803 236.515 238
0 260 238
0 260 238
39.5909 245.98 238
37.5877 246.319 238
37.4669 245.992 238
36.4096 246.024 238
37.2167 245.34 238
35.233 245.765 238
35.1074 245.458 238
34.9792 245.152 238
33.9312 245.246 238
33.8012 244.951 238
32.7586 245.071 238
32.6271 244.786 238
33.3957 244.071 238
33.2554 243.78 238
33.1126 243.491 238
32.0762 243.656 238
31.9324 243.377 238
30.9032 243.568 238
29.8798 243.777 238
29.7371 243.516 238
28.7217 243.75 238
29.4449 243 238
29.2954 242.744 238
28.2865 243.004 238
29.8424 241.713 238
28.8336 241.983 238
28.6753 241.732 238
29.3535 240.938 238
29.186 240.682 238
27.3582 241.547 238
26.372 241.875 238
26.2129 241.646 238
26.0517 241.418 238
25.8885 241.191 238
25.7234 240.966 238
24.7577 241.344 238
35.7009 232.606 238
40.9766 227.986 238
32.8695 233.854 238
24.8687 239.862 238
27.0069 237.737 238
23.7474 240.074 238
0 260 238
0 260 238
0 260 238
0 260 238
0 260 238
0 260 238
0 260 238
0 260 238
0 260 238
0 260 238
0 260 238
