-0 260 7
-0 260 7
-0 260 7
-0 260 7
-0 260 7
-0 260 7
-0 260 7
-0 260 7
-16.6036 245.567 7
-22.8122 240.517 7
-24.5134 239.431 7
-26.2352 238.373 7
-33.4173 232.939 7
-43.8261 225.139 7
-39.4005 229.217 7
-26.974 239.302 7
-26.355 240.14 7
-27.3311 239.776 7
-25.8885 241.191 7
-26.0517 241.418 7
-27.032 241.072 7
-25.5479 242.441 7
-27.3582 241.547 7
-27.5182 241.786 7
-26.8375 242.572 7
-27.8319 242.269 7
-27.1375 243.043 7
-27.2845 243.28 7
-28.2865 243.004 7
-28.4338 243.251 7
-27.7128 244 7
-27.8514 244.242 7
-28.8625 244.001 7
-28.1222 244.731 7
-30.0202 244.038 7
-30.1584 244.301 7
-29.4032 245.018 7
-30.4278 244.829 7
-31.4578 244.657 7
-31.5905 244.932 7
-30.8145 245.631 7
-31.8486 245.486 7
-31.9741 245.764 7
-33.0142 245.645 7
-34.0587 245.543 7
-34.1835 245.841 7
-34.3058 246.14 7
-36.2863 245.706 7
-36.4096 246.024 7
-37.4669 245.992 7
-38.5274 245.977 7
-0 260 7
-0 260 7
-0 260 7
-71.3292 236.824 7
-72.4825 237.146 7
-0 260 7
-0 260 7
-0 260 7
-0 260 7
-0 260 7
-0 260 7
-0 260 7
-0 260 7
-0 260 7
-0 260 7
-0 260 7
-0 260 7
-0 260 7
-0 260 7
-0 260 7
-0 260 7
-876.08 121.243 7
-883.191 128.006 7
-877.378 136.693 7
-876.437 144.615 7
-870.463 153.121 7
-869.375 160.947 7
-874.185 168.12 7
-884.907 174.793 7
-896.575 181.56 7
-913.176 188.132 7
-919.754 195.685 7
-910.299 204.324 7
-878.794 213.944 7
-885.157 221.353 7
-876.466 229.393 7
-872.701 237.148 7
-840.872 245.323 7
-829.968 252.757 7
-822 260 7
-810.969 267.077 7
-806.877 274.084 7
-793.728 280.785 7
-791.518 287.641 7
-789.248 294.459 7
-793.91 301.607 7
-795.513 308.656 7
-778.1 314.41 7
-771.614 320.727 7
-770.058 327.372 7
-783.377 335.431 7
-795.618 343.623 7
-789.89 349.997 7
-795.029 357.617 7
-799.105 365.204 7
-801.127 372.591 7
-800.114 379.578 7
-825.707 390.779 7
-834.398 399.63 7
-813.451 403.434 7
-812.169 410.527 7
-816.714 418.753 7
-842.735 431.457 7
-956.628 463.338 7
-828.875 443.757 7
-791.188 442.66 7
-791.509 450.025 7
-822.664 527.3 7
-832.628 538.594 7
-849.076 552.36 7
-814.442 548.409 7
-825.99 560.636 7
-823.335 567.832 7
-832.754 579.664 7
-815.976 581.422 7
-806.65 585.908 7
-806.547 594.083 7
-811.885 604.625 7
-0 260 7
-0 260 7
-0 260 7
-0 260 7
-0 260 7
-0 260 7
-0 260 7
-0 260 7
-0 260 7
-0 260 7
-0 260 7
-0 260 7
-0 260 7
-0 260 7
-0 260 7
-0 260 7
-0 260 7
-0 260 7
-0 260 7
-0 260 7
-0 260 7
-0 260 7
-0 260 7
-0 260 7
-0 260 7
-0 260 7
-0 260 7
-0 260 7
-0 260 7
-0 260 7
-0 260 7
-0 260 7
-0 260 7
-0 260 7
-0 260 7
-0 260 7
-0 260 7
-0 260 7
-0 260 7
-0 260 7
-0 260 7
-0 260 7
-0 260 7
-0 260 7
-0 260 7
-0 260 7
-0 260 7
-0 260 7
-0 260 7
-0 260 7
-0 260 7
-0 260 7
-0 260 7
-0 260 7
-0 260 7
-0 260 7
-0 260 7
-0 260 7
-0 260 7
-0 260 7
-0 260 7
-0 260 7
-0 260 7
-0 260 7
-0 260 7
-0 260 7
-0 260 7
-0 260 7
-0 260 7
-0 260 7
-0 260 7
-0 260 7
-0 260 7
-0 260 7
-0 260 7
-0 260 7
-0 260 7
-0 260 7
-0 260 7
-0 260 7
-0 260 7
-0 260 7
-0 260 7
-0 260 7
-0 260 7
-0 260 7
-0 260 7
-0 260 7
-0 260 7
-0 260 7
-0 260 7
-0 260 7
-0 260 7
-0 260 7
-0 260 7
-0 260 7
-0 260 7
-0 260 7
-0 260 7
-0 260 7
-0 260 7
-0 260 7
-0 260 7
-0 260 7
-0 260 7
-0 260 7
-0 260 7
-0 260 7
-0 260 7
-0 260 7
-0 260 7
-0 260 7
-0 260 7
-0 260 7
-0 260 7
-0 260 7
-0 260 7
-0 260 7
-0 260 7
-0 260 7
-0 260 7
-0 260 7
-0 260 7
-0 260 7
-0 260 7
-0 260 7
-0 260 7
-0 260 7
-0 260 7
-0 260 7
-0 260 7
-0 260 7
-0 260 7
0 260 7
0 260 7
0 260 7
0 260 7
0 260 7
0 260 7
0 260 7
0 260 7
0 260 7
0 260 7
0 260 7
0 260 7
0 260 7
0 260 7
0 260 7
0 260 7
0 260 7
0 260 7
0 260 7
0 260 7
0 260 7
0 260 7
0 260 7
0 260 7
0 260 7
0 260 7
0 260 7
0 260 7
0 260 7
0 260 7
0 260 7
0 260 7
0 260 7
0 260 7
0 260 7
0 260 7
0 260 7
0 260 7
0 260 7
0 260 7
0 260 7
0 260 7
0 260 7
0 260 7
0 260 7
0 260 7
0 260 7
0 260 7
0 260 7
0 260 7
0 260 7
0 260 7
0 260 7
0 260 7
0 260 7
0 260 7
0 260 7
0 260 7
0 260 7
0 260 7
0 260 7
0 260 7
0 260 7
0 260 7
0 260 7
0 260 7
0 260 7
0 260 7
0 260 7
0 260 7
0 260 7
0 260 7
0 260 7
0 260 7
0 260 7
0 260 7
0 260 7
0 260 7
0 260 7
0 260 7
0 260 7
0 260 7
0 260 7
0 260 7
0 260 7
0 260 7
0 260 7
0 260 7
0 260 7
0 260 7
0 260 7
0 260 7
0 260 7
0 260 7
0 260 7
0 260 7
0 260 7
0 260 7
0 260 7
0 260 7
0 260 7
0 260 7
0 260 7
0 260 7
0 260 7
0 260 7
0 260 7
0 260 7
0 260 7
0 260 7
0 260 7
0 260 7
0 260 7
0 260 7
0 260 7
0 260 7
0 260 7
0 260 7
0 260 7
0 260 7
0 260 7
0 260 7
0 260 7
0 260 7
0 260 7
0 260 7
0 260 7
0 260 7
0 260 7
0 260 7
0 260 7
0 260 7
0 260 7
0 260 7
0 260 7
0 260 7
0 260 7
0 260 7
0 260 7
0 260 7
0 260 7
0 260 7
0 260 7
0 260 7
0 260 7
0 260 7
0 260 7
0 260 7
0 260 7
0 260 7
0 260 7
0 260 7
0 260 7
0 260 7
0 260 7
0 260 7
0 260 7
0 260 7
0 260 7
0 260 7
0 260 7
0 260 7
0 260 7
0 260 7
0 260 7
0 260 7
0 260 7
0 260 7
0 260 7
0 260 7
0 260 7
0 260 7
0 260 7
0 260 7
0 260 7
0 260 7
570.652 279.928 7
566.806 274.842 7
563.914 269.843 7
558.979 264.878 7
554 260 7
541.979 255.27 7
546.917 250.454 7
552.811 245.524 7
550.664 240.77 7
550.476 235.966 7
547.249 231.32 7
552.967 226.179 7
543.672 221.983 7
535.345 217.867 7
547.907 212.064 7
539.505 208.052 7
537.042 203.555 7
437.172 210.191 7
444.661 205.403 7
391.65 201.467 7
405.94 195.705 7
440.87 186.224 7
1169.09 43.322 7
1105.31 45.1491 7
1064.2 43.4864 7
1026.08 41.9006 7
1004.61 37.2836 7
0 260 7
0 260 7
0 260 7
0 260 7
0 260 7
0 260 7
0 260 7
0 260 7
71.7229 238.072 7
71.5288 237.447 7
0 260 7
0 260 7
0 260 7
39.5909 245.98 7
37.5877 246.319 7
36.5302 246.342 7
35.4761 246.382 7
36.2863 245.706 7
35.233 245.765 7
36.0313 245.075 7
34.0587 245.543 7
33.0142 245.645 7
34.7147 244.544 7
31.8486 245.486 7
31.7208 245.208 7
33.3957 244.071 7
34.1542 243.342 7
33.1126 243.491 7
32.0762 243.656 7
31.0454 243.839 7
30.9032 243.568 7
29.001 244.254 7
29.7371 243.516 7
28.7217 243.75 7
29.4449 243 7
29.2954 242.744 7
28.2865 243.004 7
29.8424 241.713 7
28.8336 241.983 7
26.9885 242.806 7
28.5148 241.482 7
27.5182 241.786 7
27.3582 241.547 7
27.1962 241.309 7
26.2129 241.646 7
26.0517 241.418 7
25.0795 241.779 7
24.1157 242.155 7
23.9591 241.946 7
35.7009 232.606 7
39.4005 229.217 7
32.8695 233.854 7
26.423 238.603 7
26.2352 238.373 7
23.7474 240.074 7
0 260 7
0 260 7
0 260 7
0 260 7
0 260 7
0 260 7
0 260 7
0 260 7
0 260 7
0 260 7
0 260 7
