-0 260 279
-0 260 279
-0 260 279
-0 260 279
-0 260 279
-0 260 279
-0 260 279
-0 260 279
-16.6036 245.567 279
-23.5726 239.867 279
-26.8116 237.502 279
-26.2352 238.373 279
-32.6401 233.569 279
-43.0435 225.762 279
-40.1886 228.601 279
-26.974 239.302 279
-25.5563 240.742 279
-27.3311 239.776 279
-25.8885 241.191 279
-26.8658 240.837 279
-26.2129 241.646 279
-24.7238 243.008 279
-25.7002 242.665 279
-26.6843 242.338 279
-26.8375 242.572 279
-26.9885 242.806 279
-27.1375 243.043 279
-27.2845 243.28 279
-27.4294 243.519 279
-27.5721 243.759 279
-26.8468 244.5 279
-26.981 244.735 279
-27.9878 244.486 279
-29.001 244.254 279
-28.2543 244.977 279
-30.1584 244.301 279
-30.2942 244.564 279
-29.5328 245.275 279
-30.559 245.095 279
-29.7853 245.793 279
-30.8145 245.631 279
-31.8486 245.486 279
-31.9741 245.764 279
-33.0142 245.645 279
-34.0587 245.543 279
-34.1835 245.841 279
-34.3058 246.14 279
-35.3559 246.073 279
-35.4761 246.382 279
-37.4669 245.992 279
-37.5877 246.319 279
-0 260 279
-0 260 279
-0 260 279
-72.2803 236.515 279
-71.5288 237.447 279
-0 260 279
-72.8703 238.415 279
-0 260 279
-0 260 279
-0 260 279
-0 260 279
-0 260 279
-0 260 279
-0 260 279
-0 260 279
-0 260 279
-0 260 279
-0 260 279
-0 260 279
-0 260 279
-0 260 279
-970.898 106.225 279
-972.203 114.704 279
-967.492 124.028 279
-963.684 133.129 279
-971.703 140.69 279
-977.675 148.608 279
-992.533 155.681 279
-1007.34 163.004 279
-1003.17 172.234 279
-997.914 181.463 279
-1017.52 188.849 279
-1029.08 197.059 279
-1048.56 205.047 279
-1035.01 214.81 279
-1040.37 223.67 279
-1074.63 231.86 279
-1084.83 241.064 279
-1136.96 250.078 279
-1134 260 279
-1133.96 269.896 279
-1142.83 279.948 279
-1082.63 288.35 279
-1149.3 300.135 279
-1140.91 309.814 279
-1092.5 317.256 279
-1066.01 325.2 279
-1105.3 337.29 279
-1159.41 351.248 279
-1153.59 360.927 279
-1052.13 361.309 279
-1070.11 372.473 279
-1140.62 389.957 279
-1132.5 399.053 279
-1048.95 398.097 279
-1057.61 408.637 279
-1160.12 433.381 279
-1064.73 428.637 279
-1094.78 443.203 279
-1125.64 458.48 279
-1124.84 468.478 279
-1117.09 477.141 279
-1177.87 499.64 279
-1140.52 502.425 279
-1118.84 508.04 279
-1082.53 509.921 279
-1134.76 532.431 279
-1077.03 528.533 279
-1117.24 548.939 279
-1119.51 559.971 279
-1106.25 566.79 279
-1173.7 596.553 279
-1132.37 595.422 279
-1121.75 602.952 279
-1121.57 613.63 279
-1121.3 624.331 279
-1111.44 631.881 279
-1117.6 644.822 279
-1120.8 656.897 279
-1067.49 648.535 279
-0 260 279
-0 260 279
-0 260 279
-0 260 279
-0 260 279
-0 260 279
-0 260 279
-0 260 279
-0 260 279
-0 260 279
-0 260 279
-0 260 279
-0 260 279
-0 260 279
-0 260 279
-0 260 279
-0 260 279
-0 260 279
-0 260 279
-0 260 279
-0 260 279
-0 260 279
-0 260 279
-0 260 279
-0 260 279
-0 260 279
-0 260 279
-0 260 279
-0 260 279
-0 260 279
-0 260 279
-0 260 279
-0 260 279
-0 260 279
-0 260 279
-0 260 279
-0 260 279
-0 260 279
-0 260 279
-0 260 279
-0 260 279
-0 260 279
-0 260 279
-0 260 279
-0 260 279
-0 260 279
-0 260 279
-0 260 279
-0 260 279
-0 260 279
-0 260 279
-0 260 279
-0 260 279
-0 260 279
-0 260 279
-0 260 279
-0 260 279
-0 260 279
-0 260 279
-0 260 279
-0 260 279
-0 260 279
-0 260 279
-0 260 279
-0 260 279
-0 260 279
-0 260 279
-0 260 279
-0 260 279
-0 260 279
-0 260 279
-0 260 279
-0 260 279
-0 260 279
-0 260 279
-0 260 279
-0 260 279
-0 260 279
-0 260 279
-0 260 279
-0 260 279
-0 260 279
-0 260 279
-0 260 279
-0 260 279
-0 260 279
-0 260 279
-0 260 279
-0 260 279
-0 260 279
-0 260 279
-0 260 279
-0 260 279
-0 260 279
-0 260 279
-0 260 279
-0 260 279
-0 260 279
-0 260 279
-0 260 279
-0 260 279
-0 260 279
-0 260 279
-0 260 279
-0 260 279
-0 260 279
-0 260 279
-0 260 279
-0 260 279
-0 260 279
-0 260 279
-0 260 279
-0 260 279
-0 260 279
-0 260 279
-0 260 279
-0 260 279
-0 260 279
-0 260 279
-0 260 279
-0 260 279
-0 260 279
-0 260 279
-0 260 279
-0 260 279
-0 260 279
-0 260 279
-0 260 279
-0 260 279
-0 260 279
-0 260 279
-0 260 279
-0 260 279
-0 260 279
-0 260 279
-0 260 279
0 260 279
0 260 279
0 260 279
0 260 279
0 260 279
0 260 279
0 260 279
0 260 279
0 260 279
0 260 279
0 260 279
0 260 279
0 260 279
0 260 279
0 260 279
0 260 279
0 260 279
0 260 279
0 260 279
0 260 279
0 260 279
0 260 279
0 260 279
0 260 279
0 260 279
0 260 279
0 260 279
0 260 279
0 260 279
0 260 279
0 260 279
0 260 279
0 260 279
0 260 279
0 260 279
0 260 279
0 260 279
0 260 279
0 260 279
0 260 279
0 260 279
0 260 279
0 260 279
0 260 279
0 260 279
0 260 279
0 260 279
0 260 279
0 260 279
0 260 279
0 260 279
0 260 279
0 260 279
0 260 279
0 260 279
0 260 279
0 260 279
0 260 279
0 260 279
0 260 279
0 260 279
0 260 279
0 260 279
0 260 279
0 260 279
0 260 279
0 260 279
0 260 279
0 260 279
0 260 279
0 260 279
0 260 279
0 260 279
0 260 279
0 260 279
0 260 279
0 260 279
0 260 279
0 260 279
0 260 279
0 260 279
0 260 279
0 260 279
0 260 279
0 260 279
0 260 279
0 260 279
0 260 279
0 260 279
0 260 279
0 260 279
0 260 279
0 260 279
0 260 279
0 260 279
0 260 279
0 260 279
0 260 279
0 260 279
0 260 279
0 260 279
0 260 279
0 260 279
0 260 279
0 260 279
0 260 279
0 260 279
0 260 279
0 260 279
0 260 279
0 260 279
0 260 279
0 260 279
0 260 279
0 260 279
0 260 279
0 260 279
0 260 279
0 260 279
0 260 279
0 260 279
0 260 279
0 260 279
0 260 279
0 260 279
0 260 279
0 260 279
0 260 279
0 260 279
0 260 279
0 260 279
0 260 279
0 260 279
0 260 279
0 260 279
0 260 279
0 260 279
0 260 279
0 260 279
0 260 279
0 260 279
0 260 279
0 260 279
0 260 279
0 260 279
0 260 279
0 260 279
0 260 279
0 260 279
0 260 279
0 260 279
0 260 279
0 260 279
0 260 279
0 260 279
0 260 279
0 260 279
0 260 279
0 260 279
0 260 279
0 260 279
527.663 348.3 279
518.536 342.128 279
531.102 339.374 279
523.852 333.623 279
536.372 330.615 279
536.967 325.931 279
535.535 321.017 279
549.971 317.804 279
554.436 313.386 279
570.82 309.94 279
574.224 305.192 279
551.653 298.575 279
562.948 294.431 279
580.204 290.407 279
567.459 284.776 279
560.658 279.579 279
594.796 275.575 279
589.91 270.297 279
574.978 265.018 279
561 260 279
557.979 255.131 279
573.913 249.982 279
601.794 244.241 279
594.638 239.235 279
623.406 232.782 279
601.175 228.494 279
603.872 223.066 279
582.577 219.262 279
555.283 216.298 279
894.583 181.734 279
897.847 173.547 279
896.064 165.82 279
897.195 157.778 279
895.277 150.074 279
895.275 142.135 279
896.193 134.048 279
822.861 137.023 279
812.868 131.254 279
825.521 121.855 279
755.348 126.812 279
741.374 122.594 279
749.963 114.222 279
749.642 107.484 279
715.026 108.017 279
732.222 97.6703 279
0 260 279
0 260 279
0 260 279
0 260 279
0 260 279
0 260 279
0 260 279
0 260 279
72.6792 237.78 279
71.5288 237.447 279
0 260 279
0 260 279
43.4939 245.024 279
37.7057 246.648 279
38.5274 245.977 279
36.5302 246.342 279
35.4761 246.382 279
36.2863 245.706 279
35.233 245.765 279
34.1835 245.841 279
33.1382 245.934 279
32.0971 246.044 279
32.8876 245.357 279
32.7586 245.071 279
32.6271 244.786 279
33.3957 244.071 279
33.2554 243.78 279
33.1126 243.491 279
32.0762 243.656 279
31.0454 243.839 279
30.0202 244.038 279
29.8798 243.777 279
29.7371 243.516 279
28.7217 243.75 279
28.5788 243.5 279
28.4338 243.251 279
29.1437 242.489 279
28.9898 242.235 279
27.9856 242.513 279
26.9885 242.806 279
28.5148 241.482 279
28.3521 241.234 279
27.3582 241.547 279
27.1962 241.309 279
26.2129 241.646 279
26.0517 241.418 279
25.0795 241.779 279
24.9196 241.56 279
23.9591 241.946 279
34.1142 233.823 279
40.9766 227.986 279
34.4348 232.609 279
26.423 238.603 279
26.2352 238.373 279
23.7474 240.074 279
0 260 279
0 260 279
0 260 279
0 260 279
0 260 279
0 260 279
0 260 279
0 260 279
0 260 279
0 260 279
0 260 279
