-0 260 8
-0 260 8
-0 260 8
-0 260 8
-0 260 8
-0 260 8
-0 260 8
-0 260 8
-16.6036 245.567 8
-22.8122 240.517 8
-26.8116 237.502 8
-26.2352 238.373 8
-34.1944 232.31 8
-42.2608 226.384 8
-41.7646 227.37 8
-27.7674 238.693 8
-24.7577 241.344 8
-27.3311 239.776 8
-26.6976 240.603 8
-27.6799 240.256 8
-26.2129 241.646 8
-26.372 241.875 8
-26.5292 242.106 8
-26.6843 242.338 8
-26.8375 242.572 8
-26.1451 243.344 8
-27.9856 242.513 8
-28.1371 242.758 8
-28.2865 243.004 8
-27.5721 243.759 8
-28.5788 243.5 8
-28.7217 243.75 8
-27.1132 244.971 8
-29.8798 243.777 8
-29.1373 244.507 8
-31.0454 243.839 8
-30.2942 244.564 8
-30.4278 244.829 8
-30.559 245.095 8
-30.6879 245.363 8
-30.8145 245.631 8
-31.8486 245.486 8
-31.9741 245.764 8
-33.0142 245.645 8
-34.9792 245.152 8
-33.2597 246.223 8
-33.3786 246.514 8
-35.3559 246.073 8
-35.4761 246.382 8
-36.5302 246.342 8
-40.4068 245.293 8
-0 260 8
-0 260 8
-0 260 8
-73.2314 236.206 8
-71.5288 237.447 8
-0 260 8
-0 260 8
-0 260 8
-0 260 8
-0 260 8
-0 260 8
-0 260 8
-0 260 8
-0 260 8
-0 260 8
-0 260 8
-0 260 8
-0 260 8
-0 260 8
-0 260 8
-0 260 8
-907.686 116.237 8
-904.95 124.755 8
-888.27 135.162 8
-892.3 142.527 8
-901.232 149.343 8
-903.157 157.098 8
-903.026 165.088 8
-894.861 173.835 8
-883.625 182.693 8
-882.272 190.564 8
-880.849 198.405 8
-881.353 206.094 8
-873.801 214.206 8
-874.167 221.833 8
-871.469 229.568 8
-873.701 237.121 8
-867.868 244.851 8
-867.967 252.425 8
-873 260 8
-877.967 267.662 8
-882.866 275.411 8
-882.697 283.114 8
-872.468 290.467 8
-876.165 298.254 8
-873.801 305.794 8
-882.351 313.967 8
-881.847 321.665 8
-884.266 329.593 8
-898.568 338.615 8
-913.774 347.987 8
-916.949 356.375 8
-906.138 363.241 8
-931.008 374.314 8
-927.992 382.173 8
-891.241 385.256 8
-878.246 391.255 8
-871.141 397.975 8
-851.164 402.436 8
-879.433 415.068 8
-871.164 421.461 8
-868.74 428.866 8
-864.294 435.843 8
-869.573 444.834 8
-871.832 453.281 8
-865.241 459.757 8
-862.492 467.066 8
-852.89 472.649 8
-0 260 8
-0 260 8
-0 260 8
-0 260 8
-0 260 8
-0 260 8
-0 260 8
-0 260 8
-0 260 8
-0 260 8
-0 260 8
-0 260 8
-0 260 8
-0 260 8
-0 260 8
-0 260 8
-0 260 8
-0 260 8
-0 260 8
-0 260 8
-0 260 8
-0 260 8
-0 260 8
-0 260 8
-0 260 8
-0 260 8
-0 260 8
-0 260 8
-0 260 8
-0 260 8
-0 260 8
-0 260 8
-0 260 8
-0 260 8
-0 260 8
-0 260 8
-0 260 8
-0 260 8
-0 260 8
-0 260 8
-0 260 8
-0 260 8
-0 260 8
-0 260 8
-0 260 8
-0 260 8
-0 260 8
-0 260 8
-0 260 8
-0 260 8
-0 260 8
-0 260 8
-0 260 8
-0 260 8
-0 260 8
-0 260 8
-0 260 8
-0 260 8
-0 260 8
-0 260 8
-0 260 8
-0 260 8
-0 260 8
-0 260 8
-0 260 8
-0 260 8
-0 260 8
-0 260 8
-0 260 8
-0 260 8
-0 260 8
-0 260 8
-0 260 8
-0 260 8
-0 260 8
-0 260 8
-0 260 8
-0 260 8
-0 260 8
-0 260 8
-0 260 8
-0 260 8
-0 260 8
-0 260 8
-0 260 8
-0 260 8
-0 260 8
-0 260 8
-0 260 8
-0 260 8
-0 260 8
-0 260 8
-0 260 8
-0 260 8
-0 260 8
-0 260 8
-0 260 8
-0 260 8
-0 260 8
-0 260 8
-0 260 8
-0 260 8
-0 260 8
-0 260 8
-0 260 8
-0 260 8
-0 260 8
-0 260 8
-0 260 8
-0 260 8
-0 260 8
-0 260 8
-0 260 8
-0 260 8
-0 260 8
-0 260 8
-0 260 8
-0 260 8
-0 260 8
-0 260 8
-0 260 8
-0 260 8
-0 260 8
-0 260 8
-0 260 8
-0 260 8
-0 260 8
-0 260 8
-0 260 8
-0 260 8
-0 260 8
-0 260 8
-0 260 8
-0 260 8
-0 260 8
-0 260 8
-0 260 8
-0 260 8
-0 260 8
-0 260 8
-0 260 8
-0 260 8
-0 260 8
-0 260 8
0 260 8
0 260 8
0 260 8
0 260 8
0 260 8
0 260 8
0 260 8
0 260 8
0 260 8
0 260 8
0 260 8
0 260 8
0 260 8
0 260 8
0 260 8
0 260 8
0 260 8
0 260 8
0 260 8
0 260 8
0 260 8
0 260 8
0 260 8
0 260 8
0 260 8
0 260 8
0 260 8
0 260 8
0 260 8
0 260 8
0 260 8
0 260 8
0 260 8
0 260 8
0 260 8
0 260 8
0 260 8
0 260 8
0 260 8
0 260 8
0 260 8
0 260 8
0 260 8
0 260 8
0 260 8
0 260 8
0 260 8
0 260 8
0 260 8
0 260 8
0 260 8
0 260 8
0 260 8
0 260 8
0 260 8
0 260 8
0 260 8
0 260 8
0 260 8
0 260 8
0 260 8
0 260 8
0 260 8
0 260 8
0 260 8
0 260 8
0 260 8
0 260 8
0 260 8
0 260 8
0 260 8
0 260 8
0 260 8
0 260 8
0 260 8
0 260 8
0 260 8
0 260 8
0 260 8
0 260 8
0 260 8
0 260 8
0 260 8
0 260 8
0 260 8
0 260 8
0 260 8
0 260 8
0 260 8
0 260 8
0 260 8
0 260 8
0 260 8
0 260 8
0 260 8
0 260 8
0 260 8
0 260 8
0 260 8
0 260 8
0 260 8
0 260 8
0 260 8
0 260 8
0 260 8
0 260 8
0 260 8
0 260 8
0 260 8
0 260 8
0 260 8
0 260 8
0 260 8
0 260 8
0 260 8
0 260 8
0 260 8
0 260 8
0 260 8
0 260 8
0 260 8
0 260 8
0 260 8
0 260 8
0 260 8
0 260 8
0 260 8
0 260 8
0 260 8
0 260 8
0 260 8
0 260 8
0 260 8
0 260 8
0 260 8
0 260 8
0 260 8
0 260 8
0 260 8
0 260 8
0 260 8
0 260 8
0 260 8
0 260 8
0 260 8
0 260 8
0 260 8
0 260 8
0 260 8
0 260 8
0 260 8
0 260 8
0 260 8
0 260 8
0 260 8
0 260 8
0 260 8
0 260 8
0 260 8
0 260 8
0 260 8
0 260 8
0 260 8
0 260 8
0 260 8
0 260 8
0 260 8
0 260 8
0 260 8
0 260 8
1173.52 362.669 8
1178.36 352.739 8
1177.13 342.313 8
1149.85 330.328 8
1141.43 319.82 8
1153.9 310.38 8
1185.28 301.391 8
1193.59 291.255 8
1195.82 280.873 8
1195.95 270.437 8
1186 260 8
1190.95 249.607 8
571.913 250.017 8
569.805 245.079 8
588.641 239.444 8
563.463 235.399 8
552.242 231.058 8
561.95 225.63 8
569.609 220.169 8
568.243 215.278 8
570.82 210.06 8
571.357 204.985 8
572.845 199.792 8
413.326 212.907 8
552.235 187.297 8
573.365 179.419 8
583.519 172.792 8
386.419 188.381 8
1022.86 61.177 8
1039.7 48.4706 8
1034.88 40.0294 8
1021.21 33.6042 8
0 260 8
0 260 8
0 260 8
0 260 8
0 260 8
0 260 8
0 260 8
0 260 8
72.6792 237.78 8
71.5288 237.447 8
0 260 8
0 260 8
0 260 8
39.5909 245.98 8
39.4671 245.635 8
36.5302 246.342 8
35.4761 246.382 8
36.2863 245.706 8
36.1602 245.39 8
35.1074 245.458 8
34.0587 245.543 8
33.0142 245.645 8
33.8012 244.951 8
31.8486 245.486 8
32.6271 244.786 8
32.4931 244.502 8
33.2554 243.78 8
33.1126 243.491 8
31.1852 244.11 8
31.0454 243.839 8
30.0202 244.038 8
29.8798 243.777 8
29.7371 243.516 8
29.5921 243.258 8
28.5788 243.5 8
29.2954 242.744 8
29.1437 242.489 8
28.1371 242.758 8
28.8336 241.983 8
28.6753 241.732 8
27.6761 242.027 8
28.3521 241.234 8
27.3582 241.547 8
27.1962 241.309 8
27.032 241.072 8
26.0517 241.418 8
25.0795 241.779 8
24.9196 241.56 8
23.9591 241.946 8
34.1142 233.823 8
40.1885 228.601 8
32.8695 233.854 8
25.6458 239.232 8
26.2352 238.373 8
22.9813 240.716 8
0 260 8
0 260 8
0 260 8
0 260 8
0 260 8
0 260 8
0 260 8
0 260 8
0 260 8
0 260 8
0 260 8
