-0 260 184
-0 260 184
-0 260 184
-0 260 184
-0 260 184
-0 260 184
-0 260 184
-0 260 184
-16.6036 245.567 184
-22.8122 240.517 184
-26.8116 237.502 184
-26.2352 238.373 184
-33.4173 232.939 184
-43.0435 225.762 184
-40.1886 228.601 184
-26.974 239.302 184
-26.355 240.14 184
-27.3311 239.776 184
-26.6976 240.603 184
-26.0517 241.418 184
-26.2129 241.646 184
-25.5479 242.441 184
-25.7002 242.665 184
-27.5182 241.786 184
-26.8375 242.572 184
-26.9885 242.806 184
-27.1375 243.043 184
-27.2845 243.28 184
-28.2865 243.004 184
-28.4338 243.251 184
-27.7128 244 184
-27.8514 244.242 184
-28.8625 244.001 184
-29.001 244.254 184
-30.0202 244.038 184
-30.1584 244.301 184
-30.2942 244.564 184
-30.4278 244.829 184
-32.3566 244.219 184
-30.6879 245.363 184
-31.7208 245.208 184
-31.8486 245.486 184
-32.8876 245.357 184
-33.9312 245.246 184
-34.9792 245.152 184
-34.1835 245.841 184
-35.233 245.765 184
-35.3559 246.073 184
-36.4096 246.024 184
-36.5302 246.342 184
-39.4671 245.635 184
-0 260 184
-0 260 184
-0 260 184
-70.3782 237.133 184
-72.4825 237.146 184
-0 260 184
-72.8703 238.415 184
-0 260 184
-0 260 184
-0 260 184
-0 260 184
-0 260 184
-0 260 184
-0 260 184
-0 260 184
-0 260 184
-0 260 184
-0 260 184
-0 260 184
-0 260 184
-0 260 184
-725.951 145.021 184
-724.949 151.656 184
-726.857 157.847 184
-726.729 164.324 184
-727.536 170.67 184
-729.282 176.909 184
-727.99 183.485 184
-729.625 189.745 184
-730.211 196.115 184
-730.74 202.49 184
-731.214 208.869 184
-730.635 215.313 184
-729.998 221.743 184
-730.304 228.114 184
-730.555 234.489 184
-730.75 240.865 184
-729.889 247.26 184
-729.972 253.63 184
-732 260 184
-729.972 266.37 184
-729.889 272.74 184
-730.75 279.135 184
-729.555 285.477 184
-730.304 291.886 184
-729.998 298.258 184
-729.637 304.627 184
-729.219 310.992 184
-728.747 317.354 184
-727.222 323.624 184
-725.644 329.872 184
-726.001 336.306 184
-724.314 342.525 184
-723.566 348.843 184
-720.78 354.893 184
-720.915 361.318 184
-719.015 367.458 184
-719.037 373.884 184
-717.03 379.99 184
-715.955 386.242 184
-713.843 392.303 184
-712.661 398.527 184
-709.465 404.342 184
-708.179 410.528 184
-706.838 416.702 184
-704.47 422.64 184
-703.023 428.781 184
-700.553 434.668 184
-698.034 440.524 184
-695.467 446.35 184
-693.814 452.412 184
-690.186 457.908 184
-689.391 464.207 184
-686.627 469.923 184
-683.815 475.606 184
-680.956 481.256 184
-677.103 486.556 184
-675.1 492.456 184
-673.046 498.338 184
-670.001 503.86 184
-665.974 508.998 184
-662.842 514.441 184
-660.596 520.216 184
-656.446 525.222 184
-654.107 530.94 184
-649.876 535.856 184
-647.444 541.517 184
-644.963 547.156 184
-640.613 551.944 184
-637.134 557.101 184
-633.615 562.219 184
-630.953 567.737 184
-624.664 571.446 184
-622.814 577.339 184
-619.134 582.301 184
-615.414 587.222 184
-610.778 591.625 184
-607.861 596.943 184
-603.156 601.25 184
-598.424 605.5 184
-594.524 610.202 184
-590.588 614.861 184
-587.469 620.002 184
-582.609 624.055 184
-577.723 628.05 184
-573.651 632.533 184
-568.71 636.421 184
-566.233 641.929 184
-560.406 645.156 184
-556.204 649.458 184
-551.97 653.717 184
-546.086 656.755 184
-541.799 660.911 184
-538.28 665.623 184
-533.133 669.088 184
-528.755 673.109 184
-523.565 676.462 184
-519.133 680.386 184
-513.902 683.628 184
-507.887 686.168 184
-504.149 690.584 184
-499.618 694.311 184
-494.311 697.329 184
-489.732 700.957 184
-484.391 703.863 184
-479.768 707.391 184
-474.395 710.184 184
-469.729 713.612 184
-464.326 716.292 184
-458.912 718.912 184
-453.488 721.473 184
-448.749 724.694 184
-442.612 726.416 184
-438.525 730.26 184
-433.729 733.332 184
-428.244 735.613 184
-422.752 737.834 184
-415.941 738.486 184
-411.75 742.097 184
-406.885 744.906 184
-401.365 746.895 184
-396.472 749.602 184
-391.562 752.261 184
-385.404 753.295 184
-379.258 754.259 184
-374.329 756.751 184
-369.385 759.195 184
-362.663 759.164 184
-358.294 762.309 184
-352.749 763.779 184
-347.207 765.189 184
-342.226 767.371 184
-336.682 768.67 184
-331.14 769.912 184
-325.604 771.095 184
-319.541 771.373 184
-314.544 773.289 184
-309.538 775.158 184
-303 774.393 184
-286 755.367 184
-276.25 748.27 184
-269.554 746.289 184
-265.3 748.622 184
-273.232 773.876 184
-271.508 781.562 184
-266.038 782.13 184
-261.026 783.537 184
-256.009 784.896 184
-250.127 784.402 184
-244.696 784.752 184
-239.278 785.048 184
-233.874 785.289 184
-228.882 786.393 184
-223.107 785.608 184
-217.747 785.687 184
-212.776 786.64 184
-207.806 787.547 184
-202.478 787.473 184
-197.167 787.346 184
-191.531 786.228 184
-186.598 786.937 184
-181.341 786.654 184
-176.104 786.32 184
-170.886 785.934 184
-165.99 786.452 184
-161.389 787.88 184
-156.208 787.351 184
-150.774 785.81 184
-145.645 785.179 184
-140.539 784.498 184
-135.706 784.736 184
-130.638 783.96 184
-125.36 782.163 184
-120.799 783.237 184
-115.795 782.318 184
-110.609 780.375 184
-105.864 780.34 184
-100.938 779.281 184
-96.2203 779.159 184
-91.3389 778.009 184
-86.4849 776.814 184
-81.6587 775.573 184
-77.0087 775.277 184
-72.0916 772.959 184
-67.6125 773.568 184
-63.0064 773.146 184
-58.2996 771.69 184
-53.5185 769.195 184
-49.073 769.643 184
-44.3622 767.063 184
-39.7787 765.437 184
-35.227 763.77 184
-30.8295 764.058 184
-26.3249 762.311 184
-21.8533 760.523 184
-17.4148 758.696 184
-13.0623 758.829 184
-8.65636 755.924 184
-4.31087 753.981 184
3.72205e-05 753 184
4.29349 751.981 184
8.49936 746.926 184
12.7744 747.833 184
16.9612 745.704 184
21.0682 742.54 184
25.3306 743.337 184
29.4865 742.099 184
33.4831 738.831 184
37.2681 733.536 184
41.5733 735.185 184
45.3351 730.822 184
49.3375 729.414 184
53.4319 728.966 184
57.4005 727.489 184
61.2168 724.988 184
65.133 723.445 184
69.027 721.87 184
72.4292 717.3 184
76.252 715.664 184
80.3991 715.966 184
83.6461 711.314 184
87.0089 707.622 184
91.3105 708.806 184
95.0157 707.013 184
98.0472 702.262 184
101.453 699.441 184
105.517 699.511 184
108.865 696.633 184
112.421 694.698 184
115.951 692.735 184
119.456 690.743 184
122.934 688.723 184
126.103 685.716 184
128.644 680.774 184
132.611 680.589 184
135.968 678.465 184
138.979 675.366 184
142.273 673.192 184
145.874 671.934 184
148.779 668.766 184
151.29 664.642 184
154.457 662.373 184
157.229 659.149 184
159.957 655.907 184
163.023 653.573 184
166.842 653.056 184
169.867 650.668 184
172.05 646.43 184
174.586 643.094 184
178.345 642.462 184
180.384 638.183 184
183.239 635.696 184
186.957 634.977 184
189.314 631.55 184
192.549 629.884 184
195.3 627.306 184
197.544 623.83 184
199.742 620.343 184
202.386 617.716 184
205.5 615.936 184
208.598 614.13 184
210.136 609.724 184
213.179 607.877 184
214.617 603.459 184
218.144 602.417 184
220.034 598.823 184
221.879 595.222 184
224.796 593.273 184
226.563 589.65 184
229.431 587.661 184
232.862 586.46 184
234.526 582.798 184
235.55 578.327 184
238.319 576.26 184
240.461 573.375 184
242.571 570.476 184
243.403 566 184
246.694 564.641 184
248.707 561.705 184
251.33 559.523 184
252.635 555.798 184
254.551 552.827 184
256.434 549.846 184
257.615 546.111 184
261.453 545.326 184
263.933 543.034 184
264.328 538.544 184
267.443 536.946 184
267.747 532.462 184
270.822 530.822 184
272.462 527.747 184
273.349 523.97 184
275.642 521.575 184
277.914 519.159 184
279.428 516.049 184
280.909 512.931 184
282.356 509.808 184
285.28 507.99 184
286.673 504.842 184
287.267 501.045 184
289.359 498.529 184
291.43 495.995 184
291.913 492.198 184
294.716 490.257 184
297.508 488.286 184
299.488 485.681 184
298.231 480.679 184
300.954 478.656 184
302.851 476.021 184
304.725 473.37 184
304.103 469.004 184
308.402 468.02 184
308.538 464.217 184
310.308 461.516 184
312.055 458.801 184
312.082 455.01 184
314.624 452.802 184
314.58 449.019 184
317.08 446.774 184
317.831 443.5 184
320.291 441.212 184
321.86 438.41 184
322.526 435.117 184
323.159 431.827 184
324.646 429 184
326.108 426.161 184
326.651 422.862 184
326.262 419.129 184
328.541 416.706 184
330.802 414.256 184
330.316 410.534 184
333.444 408.459 184
332.893 404.746 184
334.143 401.835 184
334.444 398.531 184
336.568 395.982 184
336.811 392.673 184
337.956 389.729 184
339.075 386.775 184
338.289 383.127 184
340.294 380.504 184
341.332 377.53 184
343.293 374.864 184
341.429 370.937 184
342.384 367.953 184
345.226 365.546 184
346.134 362.53 184
346.054 359.229 184
345.943 355.939 184
346.767 352.916 184
348.533 350.137 184
346.396 346.366 184
349.081 343.807 184
348.824 340.532 184
351.467 337.918 184
352.133 334.848 184
350.813 331.374 184
354.367 328.882 184
352.989 325.423 184
354.531 322.513 184
352.104 318.922 184
354.58 316.16 184
354.068 312.916 184
356.497 310.102 184
355.929 306.859 184
355.332 303.629 184
357.686 300.753 184
356.039 297.421 184
356.352 294.313 184
357.634 291.289 184
358.89 288.245 184
358.125 285.043 184
359.329 281.977 184
358.508 278.789 184
358.658 275.659 184
359.781 272.564 184
359.877 269.424 184
359.945 266.283 184
359.986 263.142 184
360 260 184
360.986 256.85 184
361.945 253.682 184
360.876 250.55 184
361.779 247.366 184
358.658 244.341 184
359.507 241.159 184
361.325 237.9 184
361.118 234.748 184
361.881 231.519 184
361.619 228.362 184
360.333 225.304 184
361.011 222.056 184
360.667 218.907 184
359.302 215.883 184
359.894 212.619 184
360.458 209.341 184
360.991 206.05 184
360.506 202.901 184
358.022 200.088 184
357.485 196.966 184
358.888 193.484 184
357.312 190.546 184
357.673 187.231 184
354.089 184.736 184
354.395 181.432 184
0 260 184
0 260 184
0 260 184
0 260 184
0 260 184
0 260 184
0 260 184
0 260 184
73.6355 237.487 184
70.5751 237.748 184
0 260 184
0 260 184
0 260 184
39.5909 245.98 184
38.5274 245.977 184
36.5302 246.342 184
35.4761 246.382 184
36.2863 245.706 184
36.1602 245.39 184
34.1835 245.841 184
34.0587 245.543 184
33.9312 245.246 184
33.8012 244.951 184
32.7586 245.071 184
32.6271 244.786 184
34.2982 243.641 184
33.2554 243.78 184
33.1126 243.491 184
32.0762 243.656 184
30.1584 244.301 184
30.9032 243.568 184
29.8798 243.777 184
29.7371 243.516 184
29.5921 243.258 184
28.5788 243.5 184
28.4338 243.251 184
28.2865 243.004 184
29.8424 241.713 184
28.8336 241.983 184
28.6753 241.732 184
28.5148 241.482 184
27.5182 241.786 184
26.5292 242.106 184
26.372 241.875 184
26.2129 241.646 184
26.8658 240.837 184
25.0795 241.779 184
24.9196 241.56 184
23.9591 241.946 184
34.9075 233.214 184
39.4005 229.217 184
32.8695 233.854 184
25.6458 239.232 184
27.0069 237.737 184
23.7474 240.074 184
0 260 184
0 260 184
0 260 184
0 260 184
0 260 184
0 260 184
0 260 184
0 260 184
0 260 184
0 260 184
0 260 184
