-0 260 277
-0 260 277
-0 260 277
-0 260 277
-0 260 277
-0 260 277
-0 260 277
-0 260 277
-15.8489 246.223 277
-22.8122 240.517 277
-26.8116 237.502 277
-26.2352 238.373 277
-34.1944 232.31 277
-43.0435 225.762 277
-40.9766 227.986 277
-27.7674 238.693 277
-25.5563 240.742 277
-26.5273 240.371 277
-25.8885 241.191 277
-26.8658 240.837 277
-26.2129 241.646 277
-25.5479 242.441 277
-26.5292 242.106 277
-25.8505 242.89 277
-26.8375 242.572 277
-27.8319 242.269 277
-27.1375 243.043 277
-27.2845 243.28 277
-27.4294 243.519 277
-28.4338 243.251 277
-27.7128 244 277
-27.8514 244.242 277
-27.1132 244.971 277
-29.001 244.254 277
-29.1373 244.507 277
-29.2714 244.762 277
-29.4032 245.018 277
-30.4278 244.829 277
-30.559 245.095 277
-30.6879 245.363 277
-30.8145 245.631 277
-31.8486 245.486 277
-32.8876 245.357 277
-33.0142 245.645 277
-34.0587 245.543 277
-34.1835 245.841 277
-34.3058 246.14 277
-34.4255 246.439 277
-36.4096 246.024 277
-37.4669 245.992 277
-39.4671 245.635 277
-41.4762 245.313 277
-0 260 277
-0 260 277
-70.3782 237.133 277
-70.5751 237.748 277
-70.7666 238.365 277
-71.9115 238.699 277
-0 260 277
-0 260 277
-0 260 277
-0 260 277
-0 260 277
-0 260 277
-0 260 277
-0 260 277
-0 260 277
-0 260 277
-0 260 277
-0 260 277
-0 260 277
-0 260 277
-854.35 124.684 277
-861.433 131.258 277
-883.319 135.858 277
-908.164 140.438 277
-905.202 148.855 277
-906.138 156.759 277
-905.015 164.879 277
-893.866 173.931 277
-899.564 181.299 277
-891.244 189.858 277
-879.852 198.475 277
-885.346 205.85 277
-910.75 212.27 277
-940.104 218.954 277
-935.43 227.334 277
-940.678 235.368 277
-937.857 243.63 277
-932.964 251.858 277
-933 260 277
-942.964 268.229 277
-953.855 276.65 277
-1019.65 286.701 277
-1120.32 299.123 277
-1106.95 308.33 277
-1005.62 312.702 277
-1015.1 322.087 277
-1085.35 335.895 277
-1065.7 343.873 277
-1004.16 347.853 277
-1057.11 361.788 277
-1008.45 365.992 277
-1085.97 383.731 277
-1064.01 390.644 277
-1046.97 397.836 277
-1011.06 402.096 277
-966.268 404.41 277
-1001.52 418.625 277
-1033.63 432.97 277
-1051.77 445.456 277
-1008.82 446.974 277
-977.701 450.046 277
-1023.04 468.14 277
-1021.19 477.06 277
-1023.16 486.829 277
-1035.76 499.123 277
-1021.96 505.351 277
-1046.95 521.034 277
-1036.89 528.157 277
-1015.19 532.019 277
-1025.3 544.342 277
-1035.28 556.862 277
-1019.23 561.908 277
-1019.42 571.668 277
-1031.92 585.364 277
-1010.97 588.485 277
-1011.86 598.564 277
-1051.42 622.032 277
-1106.66 651.889 277
-1104.14 661.874 277
-0 260 277
-0 260 277
-0 260 277
-0 260 277
-0 260 277
-0 260 277
-0 260 277
-0 260 277
-0 260 277
-0 260 277
-0 260 277
-0 260 277
-0 260 277
-0 260 277
-0 260 277
-0 260 277
-0 260 277
-0 260 277
-0 260 277
-0 260 277
-0 260 277
-0 260 277
-0 260 277
-0 260 277
-0 260 277
-0 260 277
-0 260 277
-0 260 277
-0 260 277
-0 260 277
-0 260 277
-0 260 277
-0 260 277
-0 260 277
-0 260 277
-0 260 277
-0 260 277
-0 260 277
-0 260 277
-0 260 277
-0 260 277
-0 260 277
-0 260 277
-0 260 277
-0 260 277
-0 260 277
-0 260 277
-0 260 277
-0 260 277
-0 260 277
-0 260 277
-0 260 277
-0 260 277
-0 260 277
-0 260 277
-0 260 277
-0 260 277
-0 260 277
-0 260 277
-0 260 277
-0 260 277
-0 260 277
-0 260 277
-0 260 277
-0 260 277
-0 260 277
-0 260 277
-0 260 277
-0 260 277
-0 260 277
-0 260 277
-0 260 277
-0 260 277
-0 260 277
-0 260 277
-0 260 277
-0 260 277
-0 260 277
-0 260 277
-0 260 277
-0 260 277
-0 260 277
-0 260 277
-0 260 277
-0 260 277
-0 260 277
-0 260 277
-0 260 277
-0 260 277
-0 260 277
-0 260 277
-0 260 277
-0 260 277
-0 260 277
-0 260 277
-0 260 277
-0 260 277
-0 260 277
-0 260 277
-0 260 277
-0 260 277
-0 260 277
-0 260 277
-0 260 277
-0 260 277
-0 260 277
-0 260 277
-0 260 277
-0 260 277
-0 260 277
-0 260 277
-0 260 277
-0 260 277
-0 260 277
-0 260 277
-0 260 277
-0 260 277
-0 260 277
-0 260 277
-0 260 277
-0 260 277
-0 260 277
-0 260 277
-0 260 277
-0 260 277
-0 260 277
-0 260 277
-0 260 277
-0 260 277
-0 260 277
-0 260 277
-0 260 277
-0 260 277
-0 260 277
-0 260 277
-0 260 277
-0 260 277
-0 260 277
0 260 277
0 260 277
0 260 277
0 260 277
0 260 277
0 260 277
0 260 277
0 260 277
0 260 277
0 260 277
0 260 277
0 260 277
0 260 277
0 260 277
0 260 277
0 260 277
0 260 277
0 260 277
0 260 277
0 260 277
0 260 277
0 260 277
0 260 277
0 260 277
0 260 277
0 260 277
0 260 277
0 260 277
0 260 277
0 260 277
0 260 277
0 260 277
0 260 277
0 260 277
0 260 277
0 260 277
0 260 277
0 260 277
0 260 277
0 260 277
0 260 277
0 260 277
0 260 277
0 260 277
0 260 277
0 260 277
0 260 277
0 260 277
0 260 277
0 260 277
0 260 277
0 260 277
0 260 277
0 260 277
0 260 277
0 260 277
0 260 277
0 260 277
0 260 277
0 260 277
0 260 277
0 260 277
0 260 277
0 260 277
0 260 277
0 260 277
0 260 277
0 260 277
0 260 277
0 260 277
0 260 277
0 260 277
0 260 277
0 260 277
0 260 277
0 260 277
0 260 277
0 260 277
0 260 277
0 260 277
0 260 277
0 260 277
0 260 277
0 260 277
0 260 277
0 260 277
0 260 277
0 260 277
0 260 277
0 260 277
0 260 277
0 260 277
0 260 277
0 260 277
0 260 277
0 260 277
0 260 277
0 260 277
0 260 277
0 260 277
0 260 277
0 260 277
0 260 277
0 260 277
0 260 277
0 260 277
0 260 277
0 260 277
0 260 277
0 260 277
0 260 277
0 260 277
0 260 277
0 260 277
0 260 277
0 260 277
0 260 277
0 260 277
0 260 277
0 260 277
0 260 277
0 260 277
0 260 277
0 260 277
0 260 277
0 260 277
0 260 277
0 260 277
0 260 277
0 260 277
0 260 277
0 260 277
0 260 277
0 260 277
0 260 277
0 260 277
0 260 277
0 260 277
0 260 277
0 260 277
0 260 277
0 260 277
0 260 277
568.046 450.065 277
567.781 444.483 277
572.23 440.423 277
588.127 439.809 277
614.603 442.054 277
594.06 430.344 277
585.887 422.481 277
529.327 401.833 277
529.577 396.958 277
527.841 391.606 277
521.19 385.127 277
521.288 380.349 277
531.105 377.743 277
536.025 373.936 277
557.577 373.44 277
522.226 361.51 277
508.343 354.216 277
507.176 349.429 277
514.841 346.155 277
555.081 347.916 277
550.882 342.33 277
610.995 345.87 277
570.081 335.053 277
551.856 327.759 277
603.098 328.714 277
610.636 324.18 277
595.247 317.316 277
521.01 305.582 277
509.425 300.093 277
511.75 295.785 277
516.036 291.562 277
564.226 289.57 277
539.486 283.554 277
538.672 278.811 277
580.801 275.209 277
554.915 269.686 277
517.98 264.52 277
514 260 277
505.981 255.584 277
517.921 250.96 277
502.828 246.833 277
529.677 241.503 277
518.506 237.362 277
502.311 233.675 277
513.041 228.621 277
512.748 224.145 277
509.425 219.907 277
549.899 211.89 277
582.307 203.93 277
913.966 163.938 277
569.317 195.135 277
554.833 191.875 277
647.413 174.766 277
912.037 131.822 277
914.84 123.276 277
913.612 115.298 277
913.3 107.166 277
907.993 99.8964 277
862.315 100.179 277
852.052 94.3778 277
691.827 119.246 277
732.633 104.274 277
743.938 95.073 277
0 260 277
0 260 277
0 260 277
0 260 277
0 260 277
0 260 277
0 260 277
71.9115 238.699 277
71.7229 238.072 277
70.5751 237.748 277
0 260 277
0 260 277
0 260 277
39.5909 245.98 277
37.5877 246.319 277
36.5302 246.342 277
36.4096 246.024 277
36.2863 245.706 277
36.1602 245.39 277
34.1835 245.841 277
34.9792 245.152 277
33.9312 245.246 277
33.8012 244.951 277
31.8486 245.486 277
33.5334 244.363 277
33.3957 244.071 277
32.3566 244.219 277
33.1126 243.491 277
31.1852 244.11 277
31.0454 243.839 277
30.0202 244.038 277
29.8798 243.777 277
29.7371 243.516 277
28.7217 243.75 277
27.7128 244 277
28.4338 243.251 277
28.2865 243.004 277
28.9898 242.235 277
28.8336 241.983 277
26.9885 242.806 277
28.5148 241.482 277
27.5182 241.786 277
26.5292 242.106 277
26.372 241.875 277
26.2129 241.646 277
26.8658 240.837 277
25.0795 241.779 277
24.9196 241.56 277
24.7577 241.344 277
34.1142 233.823 277
40.1885 228.601 277
34.4348 232.609 277
25.6458 239.232 277
26.2352 238.373 277
22.9813 240.716 277
0 260 277
0 260 277
0 260 277
0 260 277
0 260 277
0 260 277
0 260 277
0 260 277
0 260 277
0 260 277
0 260 277
