-0 260 161
-0 260 161
-0 260 161
-0 260 161
-0 260 161
-0 260 161
-0 260 161
-0 260 161
-16.6036 245.567 161
-22.8122 240.517 161
-26.8116 237.502 161
-26.2352 238.373 161
-35.7487 231.051 161
-43.0435 225.762 161
-40.1886 228.601 161
-27.7674 238.693 161
-25.5563 240.742 161
-26.5273 240.371 161
-26.6976 240.603 161
-26.8658 240.837 161
-26.2129 241.646 161
-26.372 241.875 161
-26.5292 242.106 161
-27.5182 241.786 161
-27.6761 242.027 161
-26.9885 242.806 161
-26.2895 243.573 161
-28.1371 242.758 161
-27.4294 243.519 161
-27.5721 243.759 161
-28.5788 243.5 161
-26.981 244.735 161
-28.8625 244.001 161
-29.001 244.254 161
-30.0202 244.038 161
-30.1584 244.301 161
-30.2942 244.564 161
-30.4278 244.829 161
-30.559 245.095 161
-32.4931 244.502 161
-31.7208 245.208 161
-32.7586 245.071 161
-32.8876 245.357 161
-33.9312 245.246 161
-34.0587 245.543 161
-34.1835 245.841 161
-35.233 245.765 161
-35.3559 246.073 161
-36.4096 246.024 161
-38.4036 245.642 161
-39.4671 245.635 161
-42.4189 244.979 161
-0 260 161
-0 260 161
-71.3292 236.824 161
-73.4362 236.846 161
-0 260 161
-0 260 161
-0 260 161
-0 260 161
-0 260 161
-0 260 161
-0 260 161
-0 260 161
-0 260 161
-0 260 161
-0 260 161
-0 260 161
-0 260 161
-0 260 161
-0 260 161
-0 260 161
-712.123 147.211 161
-713.08 153.43 161
-712.993 159.795 161
-713.84 166.021 161
-714.633 172.254 161
-713.385 178.72 161
-714.067 184.949 161
-715.69 191.087 161
-715.268 197.422 161
-715.787 203.666 161
-715.253 209.985 161
-716.661 216.167 161
-717.016 222.423 161
-716.318 228.725 161
-715.564 235.012 161
-715.755 241.257 161
-714.891 247.522 161
-715.973 253.752 161
-715 260 161
-714.973 266.24 161
-714.891 272.479 161
-713.755 278.69 161
-713.565 284.918 161
-712.321 291.101 161
-712.023 297.316 161
-712.668 303.589 161
-709.268 309.597 161
-708.808 315.785 161
-708.294 321.968 161
-706.731 328.051 161
-707.105 334.32 161
-703.449 340.148 161
-702.723 346.284 161
-702.934 352.543 161
-701.11 358.535 161
-698.245 364.354 161
-697.308 370.443 161
-695.331 376.359 161
-693.305 382.248 161
-693.195 388.476 161
-690.084 394.139 161
-688.887 400.156 161
-686.66 405.954 161
-684.383 411.724 161
-683.033 417.691 161
-680.659 423.412 161
-679.207 429.345 161
-676.735 435.016 161
-673.25 440.397 161
-671.65 446.265 161
-669.038 451.844 161
-666.38 457.391 161
-663.675 462.906 161
-660.926 468.389 161
-658.131 473.84 161
-655.292 479.258 161
-652.408 484.642 161
-650.423 490.327 161
-646.508 495.31 161
-642.557 500.242 161
-641.37 506.199 161
-636.406 510.687 161
-634.194 516.231 161
-631.01 521.373 161
-627.784 526.479 161
-624.518 531.548 161
-621.211 536.581 161
-617.864 541.577 161
-614.477 546.535 161
-611.05 551.456 161
-607.585 556.339 161
-603.186 560.737 161
-599.647 565.536 161
-596.958 570.757 161
-593.341 575.485 161
-589.686 580.174 161
-585.995 584.823 161
-581.398 588.939 161
-577.639 593.5 161
-574.707 598.528 161
-570.016 602.5 161
-566.153 606.939 161
-562.256 611.337 161
-557.482 615.155 161
-554.361 620.006 161
-550.365 624.278 161
-546.336 628.508 161
-542.275 632.695 161
-537.364 636.266 161
-533.246 640.361 161
-529.097 644.412 161
-524.918 648.419 161
-520.71 652.383 161
-514.886 655.086 161
-511.419 659.564 161
-505.565 662.145 161
-502.036 666.541 161
-496.926 669.634 161
-493.333 673.955 161
-488.941 677.595 161
-484.524 681.19 161
-480.081 684.74 161
-475.613 688.244 161
-470.383 691.027 161
-465.141 693.751 161
-459.887 696.417 161
-456.061 700.413 161
-450.774 702.975 161
-446.184 706.184 161
-441.573 709.348 161
-436.94 712.465 161
-432.287 715.535 161
-426.931 717.827 161
-420.893 719.324 161
-416.199 722.236 161
-410.824 724.353 161
-406.757 727.92 161
-401.359 729.931 161
-396.6 732.649 161
-390.552 733.778 161
-387.032 737.945 161
-382.224 740.521 161
-376.169 741.475 161
-371.344 743.946 161
-365.302 744.772 161
-360.463 747.137 161
-355.61 749.455 161
-351.325 752.54 161
-345.867 753.949 161
-340.41 755.3 161
-334.956 756.594 161
-330.058 758.664 161
-324.06 759.009 161
-318.081 759.288 161
-314.242 762.893 161
-308.274 763.058 161
-304.387 766.586 161
-298.94 767.5 161
-282.5 749.304 161
-269.848 736.955 161
-264.706 737.542 161
-259.574 738.077 161
-266.66 761.514 161
-267.352 773.579 161
-261.498 773.22 161
-257.01 775.482 161
-251.187 775.009 161
-246.252 776.279 161
-241.315 777.502 161
-236.375 778.678 161
-230.62 777.98 161
-225.692 779.056 161
-220.763 780.085 161
-215.451 780.144 161
-210.529 781.077 161
-205.607 781.964 161
-199.969 780.938 161
-195.065 781.726 161
-190.163 782.469 161
-184.929 782.223 161
-179.714 781.926 161
-174.835 782.526 161
-169.959 783.081 161
-164.787 782.637 161
-159.343 781.186 161
-154.504 781.598 161
-149.671 781.965 161
-144.843 782.288 161
-139.762 781.6 161
-134.704 780.863 161
-129.912 781.049 161
-125.127 781.19 161
-120.124 780.314 161
-115.579 781.342 161
-110.609 780.375 161
-105.864 780.34 161
-100.938 779.281 161
-96.0381 778.175 161
-91.5125 778.994 161
-86.6499 777.8 161
-81.8152 776.561 161
-77.0087 775.277 161
-72.37 774.939 161
-67.7431 774.56 161
-63.2501 775.131 161
-58.526 773.677 161
-53.8321 772.179 161
-49.2647 771.634 161
-44.7109 771.048 161
-40.0926 769.425 161
-35.5758 768.758 161
-31.0126 767.052 161
-26.5866 767.304 161
-22.0714 765.518 161
-17.5893 763.693 161
-13.167 762.828 161
-8.74362 760.924 161
-4.3545 758.981 161
3.77489e-05 760 161
4.34585 757.981 161
8.62153 753.925 161
12.9314 753.831 161
17.2055 752.7 161
21.4172 750.533 161
25.5923 748.33 161
29.8528 748.088 161
34.0412 746.811 161
38.2881 746.496 161
42.3577 744.151 161
46.3894 741.772 161
50.4873 740.354 161
54.564 738.902 161
58.6192 737.415 161
62.5221 734.902 161
66.5248 733.348 161
70.2095 729.783 161
74.6193 731.127 161
78.3976 728.486 161
81.962 724.829 161
86.1974 725.08 161
89.6803 721.365 161
93.1049 717.625 161
97.5106 718.751 161
101.077 715.93 161
104.827 714.056 161
108.552 712.152 161
112.252 710.217 161
115.676 707.284 161
119.057 704.326 161
122.395 701.343 161
125.966 699.297 161
130.079 699.139 161
133.614 697.031 161
136.821 693.941 161
140.603 692.731 161
143.739 689.591 161
147.482 688.32 161
150.213 684.189 161
153.567 681.922 161
156.893 679.629 161
160.19 677.31 161
163.826 675.897 161
167.075 673.524 161
170.294 671.126 161
173.485 668.704 161
176.646 666.258 161
179.778 663.787 161
182.05 659.473 161
185.952 658.775 161
188.564 655.332 161
192.007 653.672 161
194.542 650.191 161
197.032 646.697 161
199.937 644.076 161
203.281 642.316 161
205.178 637.891 161
208.953 636.961 161
211.742 634.253 161
214.5 631.525 161
217.734 629.639 161
220.436 626.868 161
222.584 623.225 161
225.216 620.42 161
228.352 618.441 161
231.472 616.435 161
232.917 611.9 161
236.539 610.683 161
237.891 606.133 161
240.902 604.044 161
243.895 601.929 161
245.694 598.169 161
249.826 597.62 161
249.753 591.434 161
253.245 590.035 161
255.5 587.024 161
257.721 584 161
260.539 581.738 161
262.7 578.681 161
264.186 574.844 161
266.923 572.527 161
269.64 570.186 161
270.349 565.574 161
273.674 563.946 161
276.992 562.284 161
278.937 559.124 161
279.472 554.502 161
280.642 550.613 161
283.167 548.153 161
286.378 546.378 161
287.44 542.466 161
290.613 540.642 161
291.601 536.719 161
294.736 534.845 161
296.385 531.587 161
295.772 526.314 161
298.833 524.385 161
300.374 521.111 161
301.881 517.831 161
304.12 515.187 161
306.335 512.523 161
308.527 509.84 161
310.695 507.138 161
312.052 503.802 161
313.375 500.461 161
314.662 497.115 161
315.112 493.171 161
316.326 489.824 161
319.133 487.636 161
321.927 485.416 161
323.057 482.031 161
323.325 478.085 161
323.548 474.152 161
327.082 472.409 161
328.079 469.01 161
328.195 465.079 161
332.53 463.774 161
333.438 460.35 161
336.035 457.94 161
336.018 454 161
337.698 451.06 161
339.352 448.106 161
340.981 445.138 161
341.701 441.685 161
341.499 437.773 161
343.929 435.24 161
345.445 432.232 161
345.137 428.335 161
346.593 425.316 161
348.022 422.285 161
348.515 418.828 161
351.715 416.594 161
350.317 412.322 161
352.553 409.65 161
354.77 406.95 161
354.184 403.1 161
354.489 399.637 161
354.761 396.18 161
358.745 394.129 161
357.083 389.968 161
357.261 386.513 161
359.297 383.716 161
361.311 380.893 161
362.353 377.735 161
360.505 373.667 161
363.396 371.101 161
364.352 367.926 161
363.357 364.191 161
365.216 361.283 161
365.12 357.834 161
366.928 354.894 161
367.742 351.688 161
367.556 348.242 161
369.286 345.256 161
369.04 341.814 161
368.762 338.383 161
368.452 334.962 161
371.055 332.126 161
371.67 328.885 161
371.273 325.465 161
370.843 322.058 161
372.359 318.976 161
373.848 315.872 161
371.351 312.19 161
372.783 309.078 161
375.182 306.067 161
374.577 302.678 161
374.935 299.407 161
375.264 296.134 161
374.569 292.771 161
375.838 289.579 161
375.084 286.228 161
376.297 283.015 161
376.483 279.731 161
376.641 276.445 161
377.77 273.192 161
377.87 269.895 161
376.943 266.58 161
377.986 263.299 161
377 260 161
374.986 256.728 161
376.943 253.42 161
376.871 250.131 161
376.77 246.843 161
378.639 243.468 161
378.481 240.165 161
376.297 236.985 161
377.079 233.632 161
375.838 230.421 161
376.562 227.055 161
376.26 223.77 161
377.918 220.279 161
377.557 216.983 161
376.175 213.812 161
375.758 210.531 161
376.302 207.114 161
376.815 203.685 161
374.334 200.711 161
373.802 197.447 161
374.227 194.014 161
372.654 190.933 161
372.037 187.683 161
372.371 184.24 161
369.74 181.409 161
369.04 178.186 161
0 260 161
0 260 161
0 260 161
0 260 161
0 260 161
0 260 161
0 260 161
0 260 161
72.6792 237.78 161
73.4362 236.846 161
0 260 161
0 260 161
0 260 161
39.5909 245.98 161
38.5274 245.977 161
36.5302 246.342 161
35.4761 246.382 161
35.3559 246.073 161
36.1602 245.39 161
35.1074 245.458 161
34.9792 245.152 161
34.8483 244.848 161
32.8876 245.357 161
32.7586 245.071 161
32.6271 244.786 161
34.2982 243.641 161
34.1542 243.342 161
34.0075 243.044 161
32.0762 243.656 161
31.0454 243.839 161
30.0202 244.038 161
29.8798 243.777 161
30.6117 243.032 161
29.5921 243.258 161
28.5788 243.5 161
29.2954 242.744 161
30.0009 241.974 161
28.9898 242.235 161
28.8336 241.983 161
27.8319 242.269 161
28.5148 241.482 161
29.186 240.682 161
28.1873 240.987 161
27.1962 241.309 161
27.032 241.072 161
26.8658 240.837 161
25.0795 241.779 161
25.7234 240.966 161
23.9591 241.946 161
34.1142 233.823 161
40.9766 227.986 161
33.6522 233.232 161
27.2001 237.974 161
27.0069 237.737 161
23.7474 240.074 161
0 260 161
0 260 161
0 260 161
0 260 161
0 260 161
0 260 161
0 260 161
0 260 161
0 260 161
0 260 161
0 260 161
