-0 260 133
-0 260 133
-0 260 133
-0 260 133
-0 260 133
-0 260 133
-0 260 133
-0 260 133
-15.8489 246.223 133
-23.5726 239.867 133
-25.2795 238.788 133
-27.7785 237.101 133
-34.1944 232.31 133
-41.4782 227.007 133
-41.7646 227.37 133
-27.7674 238.693 133
-25.5563 240.742 133
-25.7234 240.966 133
-26.6976 240.603 133
-26.8658 240.837 133
-25.3937 242.219 133
-26.372 241.875 133
-26.5292 242.106 133
-26.6843 242.338 133
-26.8375 242.572 133
-26.9885 242.806 133
-26.2895 243.573 133
-27.2845 243.28 133
-29.1437 242.489 133
-28.4338 243.251 133
-27.7128 244 133
-27.8514 244.242 133
-27.1132 244.971 133
-29.001 244.254 133
-29.1373 244.507 133
-30.1584 244.301 133
-30.2942 244.564 133
-31.3227 244.383 133
-30.559 245.095 133
-30.6879 245.363 133
-31.7208 245.208 133
-32.7586 245.071 133
-32.8876 245.357 133
-33.0142 245.645 133
-34.0587 245.543 133
-34.1835 245.841 133
-33.3786 246.514 133
-35.3559 246.073 133
-36.4096 246.024 133
-38.4036 245.642 133
-38.5274 245.977 133
-0 260 133
-0 260 133
-0 260 133
-71.3292 236.824 133
-71.5288 237.447 133
-0 260 133
-0 260 133
-0 260 133
-0 260 133
-0 260 133
-0 260 133
-0 260 133
-0 260 133
-0 260 133
-0 260 133
-0 260 133
-0 260 133
-0 260 133
-0 260 133
-0 260 133
-0 260 133
-716.074 146.585 133
-718.026 152.69 133
-716.954 159.239 133
-717.806 165.499 133
-718.603 171.767 133
-718.352 178.154 133
-719.039 184.426 133
-718.676 190.799 133
-720.249 196.987 133
-720.771 203.274 133
-721.239 209.566 133
-720.653 215.923 133
-721.011 222.214 133
-721.313 228.507 133
-722.56 234.768 133
-720.753 241.127 133
-721.89 247.399 133
-721.973 253.7 133
-722 260 133
-720.973 266.292 133
-720.89 272.583 133
-719.753 278.848 133
-719.561 285.128 133
-718.316 291.362 133
-718.015 297.63 133
-718.657 303.955 133
-717.249 310.155 133
-715.787 316.334 133
-715.268 322.578 133
-713.699 328.722 133
-713.072 334.947 133
-713.385 341.28 133
-710.663 347.259 133
-708.883 353.326 133
-709.032 359.648 133
-706.157 365.536 133
-706.197 371.851 133
-704.208 377.844 133
-702.168 383.811 133
-701.061 389.934 133
-698.919 395.856 133
-696.726 401.751 133
-694.485 407.617 133
-693.17 413.672 133
-690.828 419.49 133
-690.383 425.746 133
-687.94 431.523 133
-684.48 437.019 133
-681.944 442.726 133
-680.323 448.67 133
-677.689 454.324 133
-674.05 459.663 133
-671.326 465.245 133
-670.463 471.396 133
-666.691 476.621 133
-663.827 482.113 133
-661.863 487.898 133
-658.906 493.331 133
-655.905 498.73 133
-651.924 503.744 133
-649.772 509.424 133
-646.64 514.718 133
-642.538 519.602 133
-640.248 525.2 133
-636.989 530.386 133
-633.688 535.536 133
-630.346 540.648 133
-626.053 545.309 133
-622.633 550.339 133
-620.076 555.761 133
-615.674 560.284 133
-613.03 565.646 133
-609.448 570.53 133
-604.941 574.913 133
-602.17 580.18 133
-597.596 584.468 133
-592.992 588.701 133
-590.971 594.356 133
-586.299 598.5 133
-582.461 603.096 133
-579.445 608.166 133
-575.532 612.687 133
-571.584 617.166 133
-565.916 620.528 133
-562.748 625.453 133
-558.703 629.798 133
-553.797 633.541 133
-548.868 637.227 133
-545.555 642.002 133
-541.387 646.168 133
-537.187 650.289 133
-532.153 653.773 133
-527.898 657.8 133
-522.82 661.174 133
-518.511 665.105 133
-514.174 668.992 133
-510.585 673.464 133
-504.642 675.995 133
-500.993 680.383 133
-495.785 683.44 133
-489.806 685.782 133
-485.323 689.378 133
-481.558 693.597 133
-475.544 695.756 133
-471.723 699.889 133
-466.416 702.612 133
-462.535 706.665 133
-457.193 709.283 133
-451.841 711.841 133
-447.18 715.054 133
-441.108 716.781 133
-437.105 720.613 133
-431.023 722.216 133
-427.649 726.697 133
-422.89 729.668 133
-417.451 731.842 133
-412.005 733.958 133
-407.204 736.775 133
-401.742 738.778 133
-396.913 741.494 133
-392.067 744.162 133
-385.959 745.217 133
-381.094 747.779 133
-376.823 751.086 133
-370.718 751.96 133
-365.816 754.372 133
-360.9 756.736 133
-355.39 758.239 133
-349.308 758.864 133
-344.375 761.069 133
-338.312 761.568 133
-334.474 765.335 133
-328.417 765.718 133
-323.454 767.722 133
-317.422 767.981 133
-312.454 769.879 133
-307.478 771.729 133
-297.925 765.776 133
-281 746.706 133
-272.803 742.177 133
-267.615 742.79 133
-264.346 746.865 133
-274.171 775.641 133
-271.046 780.675 133
-264.676 779.457 133
-259.687 780.852 133
-254.694 782.199 133
-249.696 783.499 133
-243.851 782.94 133
-238.863 784.138 133
-233.06 783.462 133
-228.882 786.393 133
-223.107 785.608 133
-217.747 785.687 133
-212.402 785.713 133
-207.44 786.616 133
-201.761 785.606 133
-196.466 785.473 133
-191.531 786.228 133
-186.598 786.937 133
-181.341 786.654 133
-176.421 787.268 133
-171.195 786.885 133
-165.99 786.452 133
-160.804 785.968 133
-155.924 786.392 133
-150.774 785.81 133
-145.912 786.142 133
-140.798 785.464 133
-135.706 784.736 133
-130.88 784.93 133
-126.06 785.08 133
-121.024 784.211 133
-116.228 784.271 133
-111.441 784.287 133
-106.462 783.28 133
-101.701 783.207 133
-96.767 782.108 133
-91.8598 780.963 133
-87.1451 780.759 133
-82.4409 780.512 133
-77.7477 780.222 133
-72.7875 777.91 133
-68.1346 777.534 133
-63.372 776.124 133
-58.7524 775.664 133
-54.0412 774.168 133
-49.4564 773.624 133
-44.798 772.044 133
-40.2495 771.419 133
-35.6455 769.755 133
-31.1347 769.049 133
-26.5866 767.304 133
-22.1586 767.516 133
-17.6591 765.692 133
-13.1931 763.827 133
-8.77852 762.923 133
-4.37196 760.981 133
3.76735e-05 759 133
4.34585 757.981 133
8.67388 756.924 133
12.9314 753.831 133
17.2055 752.7 133
21.4608 751.532 133
25.7493 751.326 133
29.9138 749.086 133
34.0412 746.811 133
38.1312 744.502 133
42.2706 743.154 133
46.3894 741.772 133
50.4873 740.354 133
54.564 738.902 133
58.3754 735.43 133
62.3916 733.911 133
66.5248 733.348 133
70.2095 729.783 133
73.8371 726.189 133
78.0675 726.513 133
81.7883 723.844 133
85.2863 720.163 133
89.4894 720.383 133
93.3042 718.605 133
96.4711 713.86 133
100.644 713.978 133
104.602 713.082 133
107.852 709.235 133
111.284 706.336 133
114.674 703.412 133
118.798 703.36 133
122.128 700.379 133
125.691 698.335 133
129.227 696.263 133
132.444 693.206 133
135.919 691.08 133
139.367 688.926 133
142.787 686.746 133
145.203 681.701 133
149.545 682.303 133
152.541 679.103 133
155.842 676.819 133
159.115 674.51 133
162.36 672.175 133
165.202 668.888 133
168.381 666.507 133
171.14 663.181 133
174.652 661.672 133
177.744 659.219 133
180.806 656.743 133
184.262 655.15 133
186.842 651.722 133
189.815 649.178 133
191.865 644.822 133
195.67 644.024 133
198.552 641.415 133
200.934 637.902 133
204.701 637.013 133
207.014 633.463 133
209.772 630.772 133
213 628.927 133
215.196 625.331 133
216.831 620.867 133
219.972 618.961 133
221.506 614.484 133
225.666 614.224 133
228.748 612.242 133
231.262 609.398 133
233.183 605.709 133
236.191 603.661 133
238.608 600.767 133
241.572 598.672 133
242.168 593.315 133
245.662 591.993 133
247.346 588.239 133
249.592 585.275 133
253.037 583.872 133
253.986 579.304 133
256.133 576.298 133
258.884 574.051 133
261.615 571.78 133
262.377 567.204 133
266.36 566.412 133
267.699 562.578 133
270.998 560.974 133
271.587 556.385 133
273.481 553.273 133
275.342 550.15 133
277.169 547.017 133
278.261 543.16 133
281.429 541.428 133
282.447 537.56 133
284.859 535.085 133
286.523 531.9 133
288.885 529.389 133
291.962 527.534 133
293.542 524.307 133
294.34 520.41 133
295.846 517.175 133
298.079 514.584 133
301.055 512.616 133
302.477 509.343 133
303.087 505.435 133
304.435 502.158 133
306.536 499.492 133
307.821 496.199 133
309.871 493.504 133
310.289 489.602 133
313.09 487.473 133
312.62 482.99 133
315.374 480.827 133
317.289 478.066 133
317.521 474.171 133
320.212 471.944 133
321.211 468.597 133
323.862 466.323 133
324.802 462.959 133
325.709 459.594 133
327.438 456.745 133
328.281 453.372 133
330.822 451 133
331.606 447.613 133
333.23 444.712 133
333.072 440.843 133
336.403 438.869 133
337.951 435.926 133
339.473 432.97 133
339.18 429.109 133
340.643 426.143 133
341.177 422.733 133
342.584 419.75 133
344.875 417.169 133
344.407 413.34 133
346.649 410.727 133
347.951 407.696 133
346.455 403.506 133
348.621 400.852 133
349.837 397.804 133
351.96 395.105 133
349.379 390.627 133
352.385 388.258 133
353.491 385.178 133
353.624 381.762 133
354.673 378.672 133
354.744 375.263 133
355.736 372.163 133
357.658 369.347 133
355.722 365.37 133
359.512 363.088 133
358.471 359.413 133
360.29 356.539 133
360.151 353.141 133
359.98 349.753 133
359.777 346.375 133
362.466 343.682 133
360.253 339.866 133
362.893 337.135 133
363.552 333.966 133
365.165 330.981 133
364.788 327.609 133
364.379 324.25 133
364.926 321.068 133
366.432 318.037 133
367.914 314.985 133
368.38 311.772 133
365.843 308.164 133
367.242 305.092 133
368.615 301.998 133
366.979 298.571 133
368.297 295.463 133
369.588 292.335 133
367.862 288.951 133
369.099 285.81 133
369.31 282.588 133
370.492 279.417 133
368.649 276.096 133
369.775 272.913 133
369.873 269.685 133
371.943 266.492 133
368.986 263.22 133
369 260 133
369.986 256.771 133
371.943 253.508 133
372.872 250.236 133
369.775 247.087 133
370.647 243.817 133
371.49 240.531 133
372.304 237.229 133
371.094 234.051 133
368.859 230.97 133
371.581 227.491 133
371.283 224.25 133
370.957 221.011 133
368.615 218.002 133
371.212 214.421 133
369.809 211.314 133
368.38 208.228 133
368.903 204.867 133
368.408 201.65 133
368.871 198.272 133
369.303 194.882 133
367.737 191.844 133
365.165 189.019 133
366.492 185.436 133
363.871 182.657 133
364.158 179.268 133
0 260 133
0 260 133
0 260 133
0 260 133
0 260 133
0 260 133
0 260 133
0 260 133
71.7229 238.072 133
72.4825 237.146 133
0 260 133
0 260 133
42.5483 245.349 133
39.5909 245.98 133
38.5274 245.977 133
37.4669 245.992 133
36.4096 246.024 133
36.2863 245.706 133
35.233 245.765 133
36.0313 245.075 133
34.9792 245.152 133
33.9312 245.246 133
32.8876 245.357 133
32.7586 245.071 133
32.6271 244.786 133
33.3957 244.071 133
33.2554 243.78 133
33.1126 243.491 133
31.1852 244.11 133
31.9324 243.377 133
30.9032 243.568 133
29.8798 243.777 133
29.7371 243.516 133
28.7217 243.75 133
29.4449 243 133
29.2954 242.744 133
28.2865 243.004 133
28.1371 242.758 133
28.8336 241.983 133
28.6753 241.732 133
27.6761 242.027 133
28.3521 241.234 133
28.1873 240.987 133
26.372 241.875 133
27.032 241.072 133
26.0517 241.418 133
25.8885 241.191 133
24.9196 241.56 133
25.5563 240.742 133
36.4943 231.997 133
41.7646 227.37 133
35.2174 231.987 133
27.2001 237.974 133
24.692 239.645 133
23.7474 240.074 133
0 260 133
0 260 133
0 260 133
0 260 133
0 260 133
0 260 133
0 260 133
0 260 133
0 260 133
0 260 133
0 260 133
