-0 260 179
-0 260 179
-0 260 179
-0 260 179
-0 260 179
-0 260 179
-0 260 179
-0 260 179
-16.6036 245.567 179
-22.8122 240.517 179
-26.0455 238.145 179
-26.2352 238.373 179
-34.1944 232.31 179
-42.2608 226.384 179
-40.1886 228.601 179
-27.7674 238.693 179
-26.355 240.14 179
-25.7234 240.966 179
-26.6976 240.603 179
-26.8658 240.837 179
-24.5746 242.793 179
-26.372 241.875 179
-25.7002 242.665 179
-26.6843 242.338 179
-25.9988 243.116 179
-26.9885 242.806 179
-25.4414 244.102 179
-27.2845 243.28 179
-27.4294 243.519 179
-27.5721 243.759 179
-26.8468 244.5 179
-27.8514 244.242 179
-28.8625 244.001 179
-28.1222 244.731 179
-28.2543 244.977 179
-30.1584 244.301 179
-29.4032 245.018 179
-29.5328 245.275 179
-30.559 245.095 179
-30.6879 245.363 179
-31.7208 245.208 179
-31.8486 245.486 179
-32.8876 245.357 179
-33.0142 245.645 179
-33.1382 245.934 179
-34.1835 245.841 179
-34.3058 246.14 179
-34.4255 246.439 179
-36.4096 246.024 179
-36.5302 246.342 179
-38.5274 245.977 179
-0 260 179
-0 260 179
-0 260 179
-71.3292 236.824 179
-71.5288 237.447 179
-0 260 179
-70.9527 238.983 179
-0 260 179
-0 260 179
-0 260 179
-0 260 179
-0 260 179
-0 260 179
-0 260 179
-0 260 179
-0 260 179
-0 260 179
-0 260 179
-0 260 179
-0 260 179
-0 260 179
-722 145.647 179
-722.971 151.951 179
-722.896 158.404 179
-725.738 164.455 179
-725.551 170.914 179
-726.301 177.249 179
-726.001 183.694 179
-726.639 190.033 179
-728.218 196.289 179
-728.747 202.647 179
-727.224 209.148 179
-727.64 215.496 179
-729 221.795 179
-728.306 228.202 179
-728.556 234.558 179
-728.75 240.917 179
-727.889 247.295 179
-728.972 253.638 179
-729 260 179
-727.972 266.353 179
-728.889 272.723 179
-728.75 279.083 179
-726.557 285.372 179
-727.307 291.755 179
-726.004 298.048 179
-723.648 304.26 179
-725.229 310.713 179
-723.762 316.961 179
-723.237 323.275 179
-722.658 329.584 179
-721.028 335.783 179
-720.34 342.072 179
-719.596 348.355 179
-718.798 354.632 179
-715.964 360.622 179
-716.047 367.014 179
-715.086 373.259 179
-713.084 379.33 179
-711.031 385.374 179
-708.927 391.392 179
-706.772 397.383 179
-706.526 403.744 179
-703.288 409.489 179
-700.981 415.404 179
-699.598 421.515 179
-698.162 427.614 179
-694.732 433.216 179
-692.226 439.022 179
-690.637 445.056 179
-688.996 451.076 179
-686.341 456.805 179
-683.638 462.503 179
-679.933 467.876 179
-678.093 473.802 179
-676.201 479.711 179
-673.31 485.286 179
-670.373 490.828 179
-667.39 496.335 179
-663.423 501.466 179
-661.291 507.246 179
-658.174 512.649 179
-654.084 517.65 179
-651.81 523.349 179
-648.563 528.644 179
-642.512 532.73 179
-641.025 538.726 179
-638.568 544.309 179
-635.153 549.456 179
-631.696 554.565 179
-626.394 558.775 179
-624.662 564.668 179
-621.084 569.661 179
-617.467 574.615 179
-613.811 579.53 179
-609.234 583.935 179
-606.384 589.24 179
-601.738 593.549 179
-597.934 598.295 179
-594.959 603.5 179
-590.216 607.664 179
-585.445 611.771 179
-582.353 616.867 179
-576.673 620.345 179
-572.663 624.827 179
-568.619 629.265 179
-565.375 634.213 179
-560.429 638.014 179
-556.285 642.324 179
-552.108 646.591 179
-547.086 650.232 179
-542.85 654.404 179
-536.976 657.342 179
-533.488 662.012 179
-529.167 666.044 179
-525.603 670.646 179
-519.652 673.35 179
-516.025 677.869 179
-510.815 681.084 179
-505.589 684.24 179
-500.347 687.337 179
-495.089 690.375 179
-491.315 694.679 179
-486.017 697.611 179
-479.967 699.809 179
-476.111 703.981 179
-471.493 707.431 179
-466.132 710.139 179
-461.473 713.488 179
-456.084 716.084 179
-450.685 718.62 179
-444.581 720.378 179
-440.547 724.24 179
-435.797 727.335 179
-431.027 730.383 179
-426.236 733.383 179
-418.776 733.34 179
-415.285 737.731 179
-409.802 739.816 179
-404.313 741.842 179
-398.185 743.037 179
-393.955 746.493 179
-388.449 748.348 179
-383.557 750.931 179
-378.041 752.672 179
-372.523 754.355 179
-367.6 756.784 179
-362.076 758.355 179
-357.132 760.681 179
-350.455 760.502 179
-345.508 762.717 179
-340.548 764.884 179
-335.578 767.003 179
-330.596 769.073 179
-323.992 768.565 179
-318.481 769.677 179
-313.499 771.584 179
-307.993 772.586 179
-296.91 764.053 179
-280 744.974 179
-274.772 745.659 179
-269.069 745.414 179
-267.209 752.138 179
-274.641 776.524 179
-270.585 779.788 179
-265.584 781.239 179
-259.687 780.852 179
-254.255 781.301 179
-249.696 783.499 179
-243.428 782.033 179
-238.863 784.138 179
-233.874 785.289 179
-228.084 784.558 179
-223.107 785.608 179
-217.364 784.764 179
-212.027 784.786 179
-206.707 784.756 179
-201.761 785.606 179
-196.816 786.41 179
-191.531 786.228 179
-185.93 785.051 179
-180.69 784.763 179
-175.787 785.371 179
-170.886 785.934 179
-165.99 786.452 179
-160.512 785.011 179
-155.356 784.474 179
-150.774 785.81 179
-145.645 785.179 179
-140.28 783.532 179
-135.456 783.768 179
-130.396 782.989 179
-125.594 783.135 179
-120.799 783.237 179
-115.579 781.342 179
-110.817 781.353 179
-106.064 781.32 179
-101.32 781.244 179
-96.2203 779.159 179
-91.5125 778.994 179
-86.6499 777.8 179
-81.8152 776.561 179
-77.1565 776.266 179
-72.37 774.939 179
-67.6125 773.568 179
-63.0064 773.146 179
-58.4128 772.683 179
-53.6231 770.19 179
-49.073 769.643 179
-44.5365 769.055 179
-39.9356 767.431 179
-35.4362 766.763 179
-30.8905 765.056 179
-26.3773 763.309 179
-21.8969 761.522 179
-17.4846 760.695 179
-13.0623 758.829 179
-8.69126 757.924 179
-4.32832 755.981 179
3.73715e-05 755 179
4.29349 751.981 179
8.56917 750.925 179
12.7744 747.833 179
17.0659 748.702 179
21.2427 746.536 179
25.383 744.335 179
29.5475 743.097 179
33.6924 741.823 179
37.8173 740.514 179
41.8348 738.173 179
45.8143 735.799 179
49.5465 731.403 179
53.7716 731.947 179
57.5224 728.482 179
61.6084 727.962 179
65.2722 724.436 179
69.4705 724.837 179
73.2114 722.238 179
77.0773 720.595 179
80.5728 716.951 179
84.5573 716.23 179
88.1538 713.512 179
91.9086 711.745 179
95.6394 709.948 179
99.3458 708.12 179
102.803 705.287 179
105.751 700.484 179
109.349 698.574 179
112.921 696.635 179
116.21 693.701 179
120.257 693.634 179
123.21 689.684 179
126.671 687.634 179
130.69 687.468 179
134.416 686.311 179
137.204 682.269 179
140.249 679.159 179
143.901 677.919 179
146.207 672.877 179
149.805 671.585 179
153.391 670.262 179
156.248 667.041 179
159.428 664.732 179
162.579 662.398 179
165.319 659.116 179
167.624 654.897 179
170.665 652.502 179
174.49 651.911 179
176.659 647.643 179
180.458 646.993 179
183.828 645.404 179
186.308 641.987 179
189.188 639.452 179
191.13 635.114 179
193.473 631.658 179
196.709 629.955 179
199.452 627.346 179
202.166 624.716 179
205.341 622.938 179
208 620.267 179
209.106 614.991 179
212.196 613.153 179
214.747 610.435 179
218.327 609.396 179
219.756 604.947 179
222.213 602.178 179
225.742 601.059 179
228.151 598.247 179
228.828 592.947 179
231.151 590.118 179
233.443 587.274 179
236.29 585.225 179
238.524 582.347 179
241.328 580.253 179
244.113 578.135 179
246.265 575.204 179
249.006 573.043 179
250.47 569.304 179
252.523 566.335 179
254.544 563.354 179
257.181 561.121 179
257.831 556.601 179
259.084 552.842 179
262.299 551.313 179
264.156 548.275 179
266.661 545.959 179
268.458 542.896 179
271.611 541.262 179
272.654 537.454 179
272.943 532.943 179
274.601 529.85 179
278.385 528.833 179
279.995 525.705 179
282.303 523.251 179
281.64 518.075 179
284.624 516.277 179
286.101 513.121 179
288.299 510.615 179
288.954 506.79 179
291.863 504.902 179
293.217 501.71 179
296.093 499.771 179
297.391 496.556 179
297.868 492.72 179
299.094 489.503 179
301.086 486.884 179
303.054 484.248 179
303.381 480.419 179
305.293 477.764 179
305.544 473.944 179
309.047 472.402 179
309.231 468.579 179
310.206 465.321 179
311.985 462.606 179
312.898 459.338 179
313.778 456.07 179
316.33 453.847 179
317.152 450.564 179
318.803 447.789 179
318.697 444 179
320.291 441.212 179
322.735 438.895 179
324.284 436.072 179
323.159 431.827 179
325.533 429.462 179
326.999 426.615 179
328.441 423.755 179
329.857 420.882 179
329.444 417.137 179
332.615 415.101 179
332.136 411.363 179
334.358 408.866 179
332.893 404.746 179
334.143 401.835 179
335.368 398.914 179
337.495 396.357 179
338.672 393.406 179
337.956 389.729 179
339.075 386.775 179
340.169 383.811 179
338.408 379.837 179
341.332 377.53 179
342.345 374.547 179
343.331 371.555 179
344.292 368.555 179
345.226 365.546 179
346.134 362.53 179
346.054 359.229 179
344.98 355.671 179
345.801 352.657 179
346.597 349.636 179
348.336 346.85 179
349.081 343.807 179
348.824 340.532 179
347.561 337.052 179
351.155 334.64 179
350.813 331.374 179
350.441 328.119 179
352.005 325.24 179
352.561 322.166 179
352.104 318.922 179
352.605 315.847 179
352.09 312.62 179
353.526 309.685 179
353.946 306.598 179
352.354 303.264 179
352.718 300.187 179
354.05 297.212 179
355.356 294.217 179
354.645 291.027 179
355.899 288.01 179
355.133 284.833 179
356.334 281.794 179
356.511 278.684 179
356.66 275.572 179
356.783 272.459 179
356.878 269.345 179
356.946 266.231 179
358.986 263.133 179
357 260 179
356.986 256.885 179
356.946 253.769 179
357.877 250.629 179
356.783 247.541 179
357.659 244.384 179
357.509 241.264 179
357.332 238.145 179
355.133 235.167 179
355.899 231.99 179
355.642 228.885 179
356.352 225.687 179
357.033 222.474 179
356.692 219.36 179
355.332 216.371 179
355.929 213.141 179
355.506 210.037 179
355.057 206.936 179
355.568 203.684 179
355.063 200.583 179
353.546 197.66 179
352.989 194.577 179
352.404 191.5 179
352.773 188.228 179
350.177 185.568 179
349.514 182.515 179
0 260 179
0 260 179
0 260 179
0 260 179
0 260 179
0 260 179
0 260 179
0 260 179
71.7229 238.072 179
70.5751 237.748 179
0 260 179
0 260 179
0 260 179
38.6483 246.314 179
38.5274 245.977 179
35.5935 246.692 179
35.4761 246.382 179
35.3559 246.073 179
36.1602 245.39 179
35.1074 245.458 179
33.1382 245.934 179
33.9312 245.246 179
31.9741 245.764 179
32.7586 245.071 179
32.6271 244.786 179
33.3957 244.071 179
32.3566 244.219 179
34.0075 243.044 179
31.1852 244.11 179
31.0454 243.839 179
30.0202 244.038 179
29.001 244.254 179
28.8625 244.001 179
28.7217 243.75 179
27.7128 244 179
28.4338 243.251 179
28.2865 243.004 179
28.9898 242.235 179
27.9856 242.513 179
26.9885 242.806 179
27.6761 242.027 179
27.5182 241.786 179
26.5292 242.106 179
26.372 241.875 179
26.2129 241.646 179
25.2376 241.998 179
24.2705 242.366 179
24.1157 242.155 179
23.9591 241.946 179
34.1142 233.823 179
39.4005 229.217 179
34.4348 232.609 179
25.6458 239.232 179
26.2352 238.373 179
23.7474 240.074 179
0 260 179
0 260 179
0 260 179
0 260 179
0 260 179
0 260 179
0 260 179
0 260 179
0 260 179
0 260 179
0 260 179
