-0 260 270
-0 260 270
-0 260 270
-0 260 270
-0 260 270
-0 260 270
-0 260 270
-0 260 270
-17.3583 244.911 270
-23.5726 239.867 270
-26.0455 238.145 270
-25.4636 239.009 270
-32.6401 233.569 270
-42.2608 226.384 270
-39.4005 229.217 270
-26.974 239.302 270
-26.355 240.14 270
-26.5273 240.371 270
-26.6976 240.603 270
-26.8658 240.837 270
-25.3937 242.219 270
-25.5479 242.441 270
-26.5292 242.106 270
-26.6843 242.338 270
-25.9988 243.116 270
-27.8319 242.269 270
-27.1375 243.043 270
-27.2845 243.28 270
-27.4294 243.519 270
-27.5721 243.759 270
-27.7128 244 270
-27.8514 244.242 270
-27.9878 244.486 270
-28.1222 244.731 270
-30.0202 244.038 270
-30.1584 244.301 270
-30.2942 244.564 270
-30.4278 244.829 270
-30.559 245.095 270
-30.6879 245.363 270
-31.7208 245.208 270
-31.8486 245.486 270
-31.9741 245.764 270
-33.9312 245.246 270
-34.0587 245.543 270
-34.1835 245.841 270
-35.233 245.765 270
-35.3559 246.073 270
-36.4096 246.024 270
-37.4669 245.992 270
-38.5274 245.977 270
-42.4189 244.979 270
-0 260 270
-0 260 270
-69.4271 237.442 270
-70.5751 237.748 270
-0 260 270
-69.9938 239.267 270
-0 260 270
-0 260 270
-0 260 270
-0 260 270
-0 260 270
-0 260 270
-0 260 270
-0 260 270
-0 260 270
-0 260 270
-0 260 270
-0 260 270
-0 260 270
-0 260 270
-671.628 153.625 270
-672.531 159.49 270
-671.402 165.641 270
-672.2 171.503 270
-673.939 177.251 270
-673.642 183.248 270
-675.28 189.025 270
-675.874 194.921 270
-674.424 200.996 270
-674.913 206.883 270
-675.351 212.775 270
-674.739 218.731 270
-675.074 224.621 270
-675.357 230.513 270
-675.588 236.408 270
-675.768 242.304 270
-675.897 248.202 270
-674.974 254.11 270
-675 260 270
-673.974 265.882 270
-673.897 271.763 270
-673.769 277.643 270
-673.589 283.522 270
-672.359 289.356 270
-672.078 295.222 270
-671.745 301.086 270
-670.363 306.876 270
-669.928 312.725 270
-669.443 318.569 270
-667.911 324.313 270
-667.324 330.139 270
-665.693 335.846 270
-664.013 341.531 270
-663.277 347.322 270
-662.489 353.107 270
-660.663 358.737 270
-658.788 364.342 270
-656.866 369.922 270
-655.882 375.65 270
-654.848 381.369 270
-653.764 387.079 270
-651.65 392.58 270
-649.49 398.053 270
-648.261 403.716 270
-645.033 408.918 270
-644.681 414.774 270
-642.336 420.152 270
-639.946 425.501 270
-637.511 430.821 270
-635.996 436.377 270
-633.471 441.645 270
-631.862 447.166 270
-628.292 452.088 270
-624.685 456.962 270
-623.893 462.715 270
-621.152 467.835 270
-618.369 472.922 270
-616.488 478.31 270
-612.68 482.997 270
-612.584 489.036 270
-642.303 506.557 270
-733.169 548.803 270
-734.33 556.689 270
-743.723 568.06 270
-750.211 578.446 270
-739.15 581.392 270
-745.453 591.897 270
-744.348 599.219 270
-704.201 588.374 270
-725.679 606.131 270
-729.821 615.957 270
-0 260 270
-0 260 270
-0 260 270
-0 260 270
-0 260 270
-0 260 270
-0 260 270
-0 260 270
-0 260 270
-0 260 270
-0 260 270
-0 260 270
-0 260 270
-0 260 270
-0 260 270
-0 260 270
-0 260 270
-0 260 270
-0 260 270
-0 260 270
-0 260 270
-0 260 270
-0 260 270
-0 260 270
-0 260 270
-0 260 270
-0 260 270
-0 260 270
-0 260 270
-0 260 270
-0 260 270
-0 260 270
-0 260 270
-0 260 270
-0 260 270
-0 260 270
-0 260 270
-0 260 270
-0 260 270
-0 260 270
-0 260 270
-0 260 270
-0 260 270
-0 260 270
-0 260 270
-0 260 270
-0 260 270
-0 260 270
-0 260 270
-0 260 270
-0 260 270
-0 260 270
-0 260 270
-0 260 270
-0 260 270
-0 260 270
-0 260 270
-0 260 270
-0 260 270
-0 260 270
-0 260 270
-0 260 270
-0 260 270
-0 260 270
-0 260 270
-0 260 270
-0 260 270
-0 260 270
-0 260 270
-0 260 270
-0 260 270
-0 260 270
-0 260 270
-0 260 270
-0 260 270
-0 260 270
-0 260 270
-0 260 270
-0 260 270
-0 260 270
-0 260 270
-0 260 270
-0 260 270
-0 260 270
-0 260 270
-0 260 270
-0 260 270
-0 260 270
-0 260 270
-0 260 270
-0 260 270
-0 260 270
-0 260 270
-0 260 270
-0 260 270
-0 260 270
-0 260 270
-0 260 270
-0 260 270
-0 260 270
-0 260 270
-0 260 270
-0 260 270
-0 260 270
-0 260 270
-0 260 270
-0 260 270
-0 260 270
-0 260 270
-0 260 270
-0 260 270
-0 260 270
-0 260 270
-0 260 270
-0 260 270
-0 260 270
-0 260 270
-0 260 270
-0 260 270
-0 260 270
-0 260 270
-0 260 270
-0 260 270
-0 260 270
-0 260 270
-0 260 270
-0 260 270
0 260 270
0 260 270
0 260 270
0 260 270
0 260 270
0 260 270
0 260 270
0 260 270
0 260 270
0 260 270
0 260 270
0 260 270
0 260 270
0 260 270
0 260 270
0 260 270
0 260 270
0 260 270
0 260 270
0 260 270
0 260 270
0 260 270
0 260 270
0 260 270
0 260 270
0 260 270
0 260 270
0 260 270
0 260 270
0 260 270
0 260 270
0 260 270
0 260 270
0 260 270
0 260 270
0 260 270
0 260 270
0 260 270
0 260 270
0 260 270
0 260 270
0 260 270
0 260 270
0 260 270
0 260 270
0 260 270
0 260 270
0 260 270
0 260 270
0 260 270
0 260 270
0 260 270
0 260 270
0 260 270
0 260 270
0 260 270
0 260 270
0 260 270
0 260 270
0 260 270
0 260 270
0 260 270
0 260 270
0 260 270
0 260 270
0 260 270
0 260 270
0 260 270
0 260 270
0 260 270
0 260 270
0 260 270
0 260 270
0 260 270
0 260 270
0 260 270
0 260 270
0 260 270
0 260 270
0 260 270
0 260 270
0 260 270
0 260 270
0 260 270
0 260 270
0 260 270
0 260 270
0 260 270
0 260 270
0 260 270
0 260 270
0 260 270
0 260 270
0 260 270
0 260 270
0 260 270
0 260 270
0 260 270
0 260 270
0 260 270
0 260 270
0 260 270
0 260 270
0 260 270
0 260 270
0 260 270
0 260 270
0 260 270
0 260 270
0 260 270
0 260 270
0 260 270
0 260 270
349.398 491.262 270
351.403 488.204 270
354.224 485.666 270
357.028 483.096 270
358.109 479.449 270
358.296 475.286 270
361.884 473.166 270
363.731 470 270
365.549 466.818 270
364.716 462.166 270
368.224 459.93 270
367.306 455.3 270
369.884 452.549 270
372.441 449.768 270
374.083 446.511 270
375.696 443.239 270
376.378 439.523 270
377.024 435.809 270
378.544 432.512 270
380.035 429.202 270
381.497 425.88 270
382.93 422.544 270
383.41 418.814 270
386.636 416.211 270
387.054 412.465 270
387.436 408.723 270
388.719 405.336 270
390.912 402.28 270
391.196 398.53 270
392.39 395.111 270
393.554 391.681 270
393.737 387.933 270
395.793 384.793 270
394.954 380.75 270
396.951 377.582 270
397.962 374.114 270
398.943 370.637 270
399.893 367.151 270
398.877 363.157 270
401.702 360.156 270
402.561 356.646 270
401.44 352.68 270
403.21 349.39 270
405.931 346.283 270
403.729 342.14 270
405.412 338.804 270
407.068 335.446 270
406.726 331.717 270
408.322 328.33 270
407.915 324.607 270
408.464 321.045 270
408.981 317.478 270
409.467 313.907 270
409.922 310.332 270
411.339 306.866 270
412.727 303.379 270
412.094 299.68 270
413.421 296.17 270
412.724 292.482 270
413.989 288.949 270
413.228 285.274 270
413.433 281.667 270
414.605 278.102 270
412.748 274.413 270
414.858 270.863 270
413.937 267.225 270
413.984 263.613 270
414 260 270
415.984 256.37 270
415.937 252.74 270
415.857 249.11 270
416.746 245.447 270
416.603 241.811 270
416.429 238.176 270
417.22 234.482 270
414.987 230.981 270
413.721 227.439 270
414.417 223.743 270
415.08 220.032 270
414.716 216.412 270
414.319 212.794 270
413.892 209.18 270
414.424 205.44 270
413.932 201.826 270
415.387 197.92 270
413.841 194.454 270
413.254 190.845 270
412.634 187.241 270
412.967 183.461 270
413.265 179.669 270
409.609 176.664 270
408.866 173.093 270
409.068 169.312 270
0 260 270
0 260 270
0 260 270
0 260 270
0 260 270
0 260 270
0 260 270
0 260 270
69.8102 238.657 270
71.5288 237.447 270
0 260 270
0 260 270
0 260 270
39.5909 245.98 270
37.5877 246.319 270
36.5302 246.342 270
36.4096 246.024 270
36.2863 245.706 270
34.3058 246.14 270
36.0313 245.075 270
34.0587 245.543 270
33.0142 245.645 270
32.8876 245.357 270
31.8486 245.486 270
31.7208 245.208 270
33.3957 244.071 270
32.3566 244.219 270
33.1126 243.491 270
31.1852 244.11 270
31.0454 243.839 270
30.0202 244.038 270
28.1221 244.731 270
29.7371 243.516 270
28.7217 243.75 270
28.5788 243.5 270
28.4338 243.251 270
28.2865 243.004 270
29.8424 241.713 270
28.8336 241.983 270
27.8319 242.269 270
28.5148 241.482 270
26.6843 242.338 270
27.3582 241.547 270
27.1962 241.309 270
27.032 241.072 270
26.8658 240.837 270
25.0795 241.779 270
24.1157 242.155 270
23.1604 242.547 270
34.9075 233.214 270
40.1885 228.601 270
31.3043 235.099 270
24.8687 239.862 270
26.2352 238.373 270
22.9813 240.716 270
0 260 270
0 260 270
0 260 270
0 260 270
0 260 270
0 260 270
0 260 270
0 260 270
0 260 270
0 260 270
0 260 270
