-0 260 0
-0 260 0
-0 260 0
-0 260 0
-0 260 0
-0 260 0
-0 260 0
-0 260 0
-16.6036 245.567 0
-22.8122 240.517 0
-26.0455 238.145 0
-27.0069 237.737 0
-34.1944 232.31 0
-43.8261 225.139 0
-39.4005 229.217 0
-27.7674 238.693 0
-26.355 240.14 0
-25.7234 240.966 0
-26.6976 240.603 0
-26.0517 241.418 0
-26.2129 241.646 0
-26.372 241.875 0
-26.5292 242.106 0
-27.5182 241.786 0
-26.8375 242.572 0
-26.9885 242.806 0
-26.2895 243.573 0
-27.2845 243.28 0
-27.4294 243.519 0
-28.4338 243.251 0
-27.7128 244 0
-27.8514 244.242 0
-28.8625 244.001 0
-29.001 244.254 0
-29.1373 244.507 0
-30.1584 244.301 0
-29.4032 245.018 0
-30.4278 244.829 0
-29.6602 245.534 0
-31.5905 244.932 0
-30.8145 245.631 0
-32.7586 245.071 0
-31.9741 245.764 0
-33.9312 245.246 0
-33.1382 245.934 0
-33.2597 246.223 0
-35.233 245.765 0
-35.3559 246.073 0
-35.4761 246.382 0
-37.4669 245.992 0
-39.4671 245.635 0
-42.4189 244.979 0
-0 260 0
-0 260 0
-70.3782 237.133 0
-72.4825 237.146 0
-0 260 0
-0 260 0
-0 260 0
-0 260 0
-0 260 0
-0 260 0
-0 260 0
-0 260 0
-0 260 0
-0 260 0
-0 260 0
-0 260 0
-0 260 0
-0 260 0
-0 260 0
-0 260 0
-949.169 109.667 0
-950.444 117.955 0
-951.648 126.255 0
-958.727 133.781 0
-976.665 140.081 0
-976.681 148.721 0
-973.637 157.667 0
-964.539 167.126 0
-962.324 175.808 0
-975.982 183.189 0
-972.625 191.988 0
-971.185 200.6 0
-972.665 209.025 0
-987.06 216.904 0
-1017.38 224.472 0
-1021.65 233.247 0
-1011.85 242.338 0
-1022.96 251.073 0
-1005 260 0
-988.962 268.631 0
-1015.85 277.732 0
-1054.64 287.617 0
-1049.36 296.645 0
-1031.02 305.015 0
-1051.56 315.11 0
-1038.06 323.491 0
-1040.46 332.756 0
-1036.79 341.598 0
-1038.03 350.816 0
-999.378 356.229 0
-972.642 362.229 0
-958.797 369.241 0
-932.001 374.435 0
-1036.06 396.4 0
-1016.02 402.792 0
-1028.18 422.848 0
-0 260 0
-0 260 0
-0 260 0
-0 260 0
-0 260 0
-0 260 0
-0 260 0
-0 260 0
-0 260 0
-0 260 0
-0 260 0
-0 260 0
-0 260 0
-0 260 0
-0 260 0
-0 260 0
-0 260 0
-0 260 0
-0 260 0
-0 260 0
-0 260 0
-0 260 0
-0 260 0
-0 260 0
-0 260 0
-0 260 0
-0 260 0
-0 260 0
-0 260 0
-0 260 0
-0 260 0
-0 260 0
-0 260 0
-0 260 0
-0 260 0
-0 260 0
-0 260 0
-0 260 0
-0 260 0
-0 260 0
-0 260 0
-0 260 0
-0 260 0
-0 260 0
-0 260 0
-0 260 0
-0 260 0
-0 260 0
-0 260 0
-0 260 0
-0 260 0
-0 260 0
-0 260 0
-0 260 0
-0 260 0
-0 260 0
-0 260 0
-0 260 0
-0 260 0
-0 260 0
-0 260 0
-0 260 0
-0 260 0
-0 260 0
-0 260 0
-0 260 0
-0 260 0
-0 260 0
-0 260 0
-0 260 0
-0 260 0
-0 260 0
-0 260 0
-0 260 0
-0 260 0
-0 260 0
-0 260 0
-0 260 0
-0 260 0
-0 260 0
-0 260 0
-0 260 0
-0 260 0
-0 260 0
-0 260 0
-0 260 0
-0 260 0
-0 260 0
-0 260 0
-0 260 0
-0 260 0
-0 260 0
-0 260 0
-0 260 0
-0 260 0
-0 260 0
-0 260 0
-0 260 0
-0 260 0
-0 260 0
-0 260 0
-0 260 0
-0 260 0
-0 260 0
-0 260 0
-0 260 0
-0 260 0
-0 260 0
-0 260 0
-0 260 0
-0 260 0
-0 260 0
-0 260 0
-0 260 0
-0 260 0
-0 260 0
-0 260 0
-0 260 0
-0 260 0
-0 260 0
-0 260 0
-0 260 0
-0 260 0
-0 260 0
-0 260 0
-0 260 0
-0 260 0
-0 260 0
-0 260 0
-0 260 0
-0 260 0
-0 260 0
-0 260 0
-0 260 0
-0 260 0
-0 260 0
-0 260 0
-0 260 0
-0 260 0
-0 260 0
-0 260 0
-0 260 0
-0 260 0
-0 260 0
-0 260 0
0 260 0
0 260 0
0 260 0
0 260 0
0 260 0
0 260 0
0 260 0
0 260 0
0 260 0
0 260 0
0 260 0
0 260 0
0 260 0
0 260 0
0 260 0
0 260 0
0 260 0
0 260 0
0 260 0
0 260 0
0 260 0
0 260 0
0 260 0
0 260 0
0 260 0
0 260 0
0 260 0
0 260 0
0 260 0
0 260 0
0 260 0
0 260 0
0 260 0
0 260 0
0 260 0
0 260 0
0 260 0
0 260 0
0 260 0
0 260 0
0 260 0
0 260 0
0 260 0
0 260 0
0 260 0
0 260 0
0 260 0
0 260 0
0 260 0
0 260 0
0 260 0
0 260 0
0 260 0
0 260 0
0 260 0
0 260 0
0 260 0
0 260 0
0 260 0
0 260 0
0 260 0
0 260 0
0 260 0
0 260 0
0 260 0
0 260 0
0 260 0
0 260 0
0 260 0
0 260 0
0 260 0
0 260 0
0 260 0
0 260 0
0 260 0
0 260 0
0 260 0
0 260 0
0 260 0
0 260 0
0 260 0
0 260 0
0 260 0
0 260 0
0 260 0
0 260 0
0 260 0
0 260 0
0 260 0
0 260 0
0 260 0
0 260 0
0 260 0
0 260 0
0 260 0
0 260 0
0 260 0
0 260 0
0 260 0
0 260 0
0 260 0
0 260 0
0 260 0
0 260 0
0 260 0
0 260 0
0 260 0
0 260 0
0 260 0
0 260 0
0 260 0
0 260 0
0 260 0
0 260 0
0 260 0
0 260 0
0 260 0
0 260 0
0 260 0
0 260 0
0 260 0
0 260 0
0 260 0
0 260 0
0 260 0
0 260 0
0 260 0
0 260 0
0 260 0
0 260 0
0 260 0
0 260 0
0 260 0
0 260 0
0 260 0
0 260 0
0 260 0
0 260 0
0 260 0
0 260 0
0 260 0
0 260 0
0 260 0
0 260 0
0 260 0
0 260 0
0 260 0
0 260 0
0 260 0
0 260 0
0 260 0
0 260 0
0 260 0
0 260 0
0 260 0
0 260 0
0 260 0
0 260 0
0 260 0
0 260 0
0 260 0
0 260 0
0 260 0
0 260 0
0 260 0
1056.88 399.141 0
1050.11 388.938 0
1046.23 379.203 0
1037.29 369.023 0
1040.19 360.159 0
1011.14 348.463 0
1005.89 339.165 0
994.571 329.547 0
1005.12 321.476 0
1018.6 313.383 0
535.49 283.38 0
515.686 278.008 0
520.821 273.638 0
519.921 269.075 0
518.98 264.529 0
515 260 0
512.98 255.523 0
501.924 251.239 0
503.827 246.807 0
520.683 241.817 0
514.51 237.536 0
512.297 233.152 0
521.026 228.133 0
538.685 222.332 0
542.323 217.318 0
545.915 212.239 0
546.473 207.381 0
541.02 203.137 0
537.522 198.757 0
0 260 0
1161.26 34.273 0
1106.33 34.9136 0
1086.72 29.0101 0
1072.95 22.1329 0
0 260 0
0 260 0
0 260 0
0 260 0
0 260 0
0 260 0
0 260 0
0 260 0
71.7229 238.072 0
71.5288 237.447 0
0 260 0
0 260 0
42.5483 245.349 0
38.6483 246.314 0
39.4671 245.635 0
35.5935 246.692 0
36.4096 246.024 0
36.2863 245.706 0
35.233 245.765 0
35.1074 245.458 0
34.0587 245.543 0
33.9312 245.246 0
32.8876 245.357 0
32.7586 245.071 0
31.7208 245.208 0
33.3957 244.071 0
34.1542 243.342 0
33.1126 243.491 0
32.0762 243.656 0
31.0454 243.839 0
30.0202 244.038 0
30.7586 243.299 0
28.8625 244.001 0
29.5921 243.258 0
28.5788 243.5 0
28.4338 243.251 0
29.1437 242.489 0
29.8424 241.713 0
28.8336 241.983 0
28.6753 241.732 0
28.5148 241.482 0
27.5182 241.786 0
27.3582 241.547 0
26.372 241.875 0
27.032 241.072 0
26.0517 241.418 0
25.8885 241.191 0
24.9196 241.56 0
23.1604 242.547 0
34.9075 233.214 0
41.7646 227.37 0
32.0869 234.477 0
27.2001 237.974 0
26.2352 238.373 0
23.7474 240.074 0
0 260 0
0 260 0
0 260 0
0 260 0
0 260 0
0 260 0
0 260 0
0 260 0
0 260 0
0 260 0
0 260 0
