-0 260 166
-0 260 166
-0 260 166
-0 260 166
-0 260 166
-0 260 166
-0 260 166
-0 260 166
-16.6036 245.567 166
-22.0518 241.166 166
-26.0455 238.145 166
-27.0069 237.737 166
-33.4173 232.939 166
-43.0435 225.762 166
-40.9766 227.986 166
-26.974 239.302 166
-26.355 240.14 166
-27.3311 239.776 166
-25.8885 241.191 166
-26.0517 241.418 166
-26.2129 241.646 166
-25.5479 242.441 166
-26.5292 242.106 166
-26.6843 242.338 166
-25.9988 243.116 166
-27.8319 242.269 166
-27.1375 243.043 166
-27.2845 243.28 166
-27.4294 243.519 166
-28.4338 243.251 166
-27.7128 244 166
-27.8514 244.242 166
-27.9878 244.486 166
-28.1222 244.731 166
-29.1373 244.507 166
-30.1584 244.301 166
-30.2942 244.564 166
-29.5328 245.275 166
-30.559 245.095 166
-31.5905 244.932 166
-31.7208 245.208 166
-32.7586 245.071 166
-32.8876 245.357 166
-33.9312 245.246 166
-33.1382 245.934 166
-34.1835 245.841 166
-34.3058 246.14 166
-34.4255 246.439 166
-35.4761 246.382 166
-37.4669 245.992 166
-39.4671 245.635 166
-0 260 166
-0 260 166
-0 260 166
-72.2803 236.515 166
-70.5751 237.748 166
-0 260 166
-69.9938 239.267 166
-0 260 166
-0 260 166
-0 260 166
-0 260 166
-0 260 166
-0 260 166
-0 260 166
-0 260 166
-0 260 166
-0 260 166
-0 260 166
-0 260 166
-0 260 166
-0 260 166
-707.185 147.993 166
-708.135 154.169 166
-710.022 160.213 166
-710.866 166.413 166
-709.671 172.864 166
-710.404 179.06 166
-710.089 185.367 166
-711.708 191.47 166
-711.283 197.771 166
-711.799 203.98 166
-712.261 210.194 166
-712.668 216.411 166
-713.021 222.632 166
-711.322 228.943 166
-712.566 235.117 166
-711.756 241.362 166
-712.891 247.557 166
-711.973 253.787 166
-711 260 166
-711.973 266.213 166
-710.892 272.409 166
-710.756 278.612 166
-709.567 284.779 166
-708.325 290.926 166
-710.026 297.211 166
-707.678 303.284 166
-708.27 309.527 166
-705.817 315.549 166
-704.31 321.619 166
-704.74 327.859 166
-703.127 333.902 166
-701.462 339.922 166
-700.738 346.04 166
-699.96 352.152 166
-698.139 358.117 166
-697.256 364.206 166
-694.345 369.974 166
-694.345 376.194 166
-692.32 382.075 166
-690.245 387.929 166
-687.139 393.566 166
-686.927 399.757 166
-683.725 405.33 166
-682.431 411.291 166
-681.085 417.241 166
-679.687 423.178 166
-677.266 428.862 166
-675.767 434.765 166
-671.318 439.879 166
-668.76 445.464 166
-667.116 451.292 166
-664.462 456.823 166
-662.719 462.614 166
-659.972 468.089 166
-657.18 473.531 166
-654.343 478.94 166
-652.408 484.642 166
-646.652 488.992 166
-646.508 495.31 166
-643.494 500.593 166
-640.436 505.84 166
-637.336 511.053 166
-634.194 516.231 166
-630.086 520.99 166
-627.784 526.479 166
-622.684 530.751 166
-619.384 535.768 166
-616.954 541.162 166
-613.57 546.113 166
-610.148 551.026 166
-607.585 556.339 166
-602.291 560.291 166
-600.538 565.99 166
-596.071 570.295 166
-592.458 575.015 166
-588.807 579.696 166
-585.995 584.823 166
-579.657 587.954 166
-578.505 594 166
-574.707 598.528 166
-570.873 603.015 166
-566.153 606.939 166
-562.256 611.337 166
-559.168 616.23 166
-554.361 620.006 166
-550.365 624.278 166
-546.336 628.508 166
-541.451 632.129 166
-538.183 636.84 166
-532.432 639.78 166
-529.097 644.412 166
-524.918 648.419 166
-520.71 652.383 166
-514.093 654.477 166
-511.419 659.564 166
-507.13 663.39 166
-502.813 667.17 166
-496.926 669.634 166
-494.099 674.598 166
-488.941 677.595 166
-483.769 680.534 166
-478.583 683.414 166
-473.383 686.236 166
-469.646 690.351 166
-465.141 693.751 166
-461.338 697.794 166
-456.061 700.413 166
-451.487 703.676 166
-446.891 706.892 166
-440.872 708.635 166
-436.245 711.745 166
-430.91 714.084 166
-427.613 718.559 166
-420.893 719.324 166
-416.199 722.236 166
-412.15 725.851 166
-406.757 727.92 166
-401.359 729.931 166
-395.957 731.883 166
-392.46 736.092 166
-385.773 736.391 166
-381.601 739.739 166
-376.785 742.263 166
-371.953 744.739 166
-365.903 745.57 166
-360.463 747.137 166
-356.786 751.073 166
-350.745 751.726 166
-345.293 753.13 166
-340.41 755.3 166
-335.516 757.423 166
-330.058 758.664 166
-325.149 760.686 166
-320.231 762.661 166
-314.242 762.893 166
-309.319 764.763 166
-303.872 765.729 166
-297.925 765.776 166
-283 750.17 166
-271.325 739.566 166
-267.13 741.915 166
-260.529 739.834 166
-266.19 760.631 166
-268.276 775.353 166
-262.406 775.002 166
-257.01 775.482 166
-252.063 776.807 166
-246.252 776.279 166
-241.315 777.502 166
-236.79 779.588 166
-231.433 779.807 166
-226.091 779.973 166
-221.154 781.006 166
-215.833 781.068 166
-210.529 781.077 166
-205.974 782.895 166
-200.328 781.871 166
-195.766 783.6 166
-190.163 782.469 166
-185.597 784.109 166
-180.039 782.872 166
-175.152 783.475 166
-170.268 784.032 166
-165.087 783.591 166
-160.22 784.055 166
-154.788 782.557 166
-149.947 782.926 166
-145.11 783.251 166
-140.021 782.566 166
-135.456 783.768 166
-130.154 782.019 166
-125.36 782.163 166
-120.349 781.288 166
-115.795 782.318 166
-110.817 781.353 166
-106.064 781.32 166
-100.938 779.281 166
-96.2203 779.159 166
-91.5125 778.994 166
-86.815 778.786 166
-82.1281 778.536 166
-77.3043 777.255 166
-72.6483 776.92 166
-67.7431 774.56 166
-63.2501 775.131 166
-58.526 773.677 166
-53.9366 773.173 166
-49.4564 773.624 166
-44.798 772.044 166
-40.171 770.422 166
-35.6455 769.755 166
-31.0737 768.051 166
-26.5866 767.304 166
-22.0714 765.518 166
-17.5893 763.693 166
-13.1931 763.827 166
-8.74362 760.924 166
-4.36323 759.981 166
3.76735e-05 759 166
4.35458 758.981 166
8.67388 756.924 166
12.9053 752.831 166
17.2055 752.7 166
21.4608 751.532 166
25.697 750.327 166
29.7917 747.09 166
34.111 747.809 166
38.2881 746.496 166
42.3577 744.151 166
46.2935 740.776 166
50.5918 741.349 166
54.6772 739.895 166
58.6192 737.415 166
62.5221 734.902 166
66.6639 734.338 166
70.6529 732.75 166
74.6193 731.127 166
78.2326 727.499 166
82.3093 726.799 166
86.0152 724.096 166
90.0619 723.328 166
93.9023 721.545 166
97.5106 718.751 166
101.294 716.907 166
104.827 714.056 166
108.786 713.124 166
112.252 710.217 166
115.676 707.284 166
119.316 705.292 166
122.93 703.27 166
126.518 701.219 166
129.795 698.181 166
133.029 695.119 166
137.122 694.895 166
140.603 692.731 166
144.056 690.539 166
146.506 685.483 166
150.881 686.074 166
153.909 682.862 166
157.243 680.566 166
160.907 679.178 166
164.193 676.827 166
167.075 673.524 166
170.294 671.126 166
173.875 669.625 166
175.848 664.423 166
179.778 663.787 166
182.88 661.293 166
186.375 659.682 166
188.994 656.235 166
192.007 653.672 166
194.542 650.191 166
197.032 646.697 166
200.399 644.963 166
203.281 642.316 166
205.655 638.77 166
208.953 636.961 166
211.742 634.253 166
213.5 629.793 166
217.226 628.777 166
220.951 627.725 166
221.539 621.519 166
224.686 619.572 166
228.89 619.285 166
230.927 615.596 166
234.573 614.401 166
235.42 609.025 166
239.59 608.605 166
240.902 604.044 166
243.895 601.929 166
245.106 597.36 166
248.636 596.012 166
250.957 593.031 166
253.854 590.828 166
256.115 587.812 166
258.344 584.782 166
259.909 580.961 166
261.428 577.138 166
264.186 574.844 166
267.573 573.287 166
269.64 570.186 166
271.674 567.072 166
275.013 565.433 166
276.316 561.546 166
276.891 556.93 166
279.472 554.502 166
281.337 551.333 166
283.167 548.153 166
285.671 545.671 166
287.44 542.466 166
289.894 539.947 166
290.15 535.342 166
293.273 533.481 166
294.911 530.236 166
296.515 526.983 166
298.084 523.723 166
300.374 521.111 166
302.642 518.48 166
304.886 515.829 166
307.107 513.159 166
308.527 509.84 166
309.13 505.893 166
309.688 501.955 166
312.581 499.852 166
313.065 495.911 166
316.72 494.36 166
316.326 489.824 166
317.505 486.474 166
321.927 485.416 166
322.233 481.465 166
324.154 478.644 166
325.215 475.255 166
327.082 472.409 166
327.236 468.472 166
329.043 465.609 166
330.824 462.729 166
334.295 460.865 166
334.312 456.925 166
334.286 453 166
335.957 450.075 166
338.478 447.621 166
337.466 443.229 166
339.935 440.747 166
342.386 438.235 166
343.929 435.24 166
343.655 431.34 166
344.238 427.896 166
346.593 425.316 166
346.21 421.44 166
346.695 417.998 166
348.974 415.373 166
350.317 412.322 166
352.553 409.65 166
353.846 406.568 166
354.184 403.1 166
353.559 399.27 166
355.694 396.538 166
354.062 392.378 166
356.144 389.626 166
357.261 386.513 166
360.243 384.041 166
360.363 380.576 166
360.45 377.117 166
360.505 373.667 166
362.44 370.809 166
362.434 367.358 166
362.396 363.915 166
363.289 360.749 166
365.12 357.834 166
366.928 354.894 166
365.801 351.205 166
367.556 348.242 166
367.338 344.807 166
367.087 341.381 166
366.805 337.967 166
367.472 334.763 166
368.11 331.553 166
368.721 328.338 166
370.288 325.292 166
369.857 321.893 166
371.371 318.819 166
371.87 315.576 166
372.341 312.329 166
372.783 309.078 166
372.205 305.701 166
373.583 302.564 166
373.94 299.303 166
374.269 296.038 166
373.573 292.683 166
374.841 289.501 166
374.087 286.159 166
373.302 282.832 166
373.487 279.574 166
375.642 276.401 166
376.77 273.157 166
374.871 269.816 166
374.943 266.545 166
374.986 263.272 166
375 260 166
375.986 256.719 166
375.943 253.438 166
376.871 250.131 166
377.77 246.808 166
376.641 243.555 166
374.486 240.374 166
375.299 237.046 166
374.087 233.841 166
375.838 230.421 166
374.569 227.229 166
375.264 223.866 166
374.935 220.593 166
373.583 217.436 166
374.19 214.055 166
373.775 210.792 166
374.321 207.393 166
373.848 204.128 166
372.359 201.024 166
373.802 197.447 166
371.273 194.535 166
370.687 191.297 166
370.073 188.065 166
370.412 184.639 166
368.762 181.617 166
367.087 178.619 166
0 260 166
0 260 166
0 260 166
0 260 166
0 260 166
0 260 166
0 260 166
0 260 166
72.6792 237.78 166
73.4362 236.846 166
0 260 166
0 260 166
0 260 166
38.6483 246.314 166
37.5877 246.319 166
36.5302 246.342 166
36.4096 246.024 166
35.3559 246.073 166
36.1602 245.39 166
34.1835 245.841 166
34.0587 245.543 166
33.9312 245.246 166
32.8876 245.357 166
31.8486 245.486 166
32.6271 244.786 166
34.2982 243.641 166
33.2554 243.78 166
32.2176 243.937 166
31.1852 244.11 166
30.1584 244.301 166
29.1373 244.507 166
29.8798 243.777 166
29.7371 243.516 166
29.5921 243.258 166
28.5788 243.5 166
28.4338 243.251 166
29.1437 242.489 166
28.9898 242.235 166
28.8336 241.983 166
27.8319 242.269 166
27.6761 242.027 166
27.5182 241.786 166
28.1873 240.987 166
27.1962 241.309 166
27.032 241.072 166
25.2376 241.998 166
25.0795 241.779 166
24.1157 242.155 166
23.1604 242.547 166
33.3208 234.432 166
40.1885 228.601 166
32.8695 233.854 166
26.423 238.603 166
26.2352 238.373 166
22.2153 241.359 166
0 260 166
0 260 166
0 260 166
0 260 166
0 260 166
0 260 166
0 260 166
0 260 166
0 260 166
0 260 166
0 260 166
