-0 260 182
-0 260 182
-0 260 182
-0 260 182
-0 260 182
-0 260 182
-0 260 182
-0 260 182
-15.8489 246.223 182
-22.8122 240.517 182
-26.8116 237.502 182
-27.0069 237.737 182
-34.1944 232.31 182
-43.0435 225.762 182
-40.1886 228.601 182
-27.7674 238.693 182
-26.355 240.14 182
-25.7234 240.966 182
-26.6976 240.603 182
-26.0517 241.418 182
-26.2129 241.646 182
-26.372 241.875 182
-25.7002 242.665 182
-26.6843 242.338 182
-26.8375 242.572 182
-26.9885 242.806 182
-26.2895 243.573 182
-26.4318 243.803 182
-27.4294 243.519 182
-26.7105 244.266 182
-27.7128 244 182
-26.981 244.735 182
-26.2386 245.456 182
-27.2433 245.208 182
-29.1373 244.507 182
-28.3843 245.224 182
-30.2942 244.564 182
-30.4278 244.829 182
-31.4578 244.657 182
-30.6879 245.363 182
-31.7208 245.208 182
-32.7586 245.071 182
-31.9741 245.764 182
-33.0142 245.645 182
-33.1382 245.934 182
-34.1835 245.841 182
-34.3058 246.14 182
-35.3559 246.073 182
-35.4761 246.382 182
-37.4669 245.992 182
-39.4671 245.635 182
-42.4189 244.979 182
-0 260 182
-0 260 182
-71.3292 236.824 182
-72.4825 237.146 182
-0 260 182
-0 260 182
-0 260 182
-0 260 182
-0 260 182
-0 260 182
-0 260 182
-0 260 182
-0 260 182
-0 260 182
-0 260 182
-0 260 182
-0 260 182
-0 260 182
-0 260 182
-0 260 182
-723.976 145.334 182
-724.949 151.656 182
-725.867 157.986 182
-725.738 164.455 182
-727.536 170.67 182
-728.288 177.022 182
-727.99 183.485 182
-729.625 189.745 182
-729.215 196.202 182
-728.747 202.647 182
-730.217 208.938 182
-730.635 215.313 182
-729.998 221.743 182
-729.305 228.158 182
-729.555 234.523 182
-729.75 240.891 182
-730.889 247.242 182
-730.972 253.621 182
-730 260 182
-730.972 266.379 182
-730.889 272.758 182
-728.75 279.083 182
-729.555 285.477 182
-729.305 291.842 182
-729 298.205 182
-727.64 304.504 182
-728.222 310.922 182
-726.753 317.197 182
-725.23 323.449 182
-724.648 329.776 182
-723.017 335.992 182
-723.32 342.412 182
-722.574 348.721 182
-721.772 355.023 182
-719.925 361.179 182
-718.026 367.31 182
-718.049 373.728 182
-714.071 379.495 182
-713.001 385.721 182
-712.86 392.121 182
-710.698 398.146 182
-708.486 404.143 182
-706.223 410.112 182
-704.886 416.27 182
-703.495 422.415 182
-700.106 428.081 182
-698.613 434.184 182
-696.098 440.023 182
-693.535 445.832 182
-691.887 451.877 182
-688.263 457.356 182
-687.474 463.639 182
-684.714 469.338 182
-680.954 474.704 182
-679.054 480.638 182
-676.155 486.238 182
-673.209 491.805 182
-670.218 497.337 182
-667.182 502.834 182
-665.037 508.647 182
-661.908 514.083 182
-658.736 519.483 182
-654.592 524.472 182
-651.335 529.792 182
-648.035 535.075 182
-644.693 540.321 182
-641.309 545.529 182
-637.883 550.7 182
-634.415 555.833 182
-630.907 560.927 182
-627.358 565.983 182
-624.664 571.446 182
-621.032 576.431 182
-617.359 581.377 182
-612.766 585.813 182
-608.141 590.194 182
-605.237 595.488 182
-601.416 600.265 182
-596.691 604.5 182
-592.801 609.186 182
-588.874 613.831 182
-584.058 617.912 182
-580.065 622.465 182
-576.88 627.513 182
-571.973 631.444 182
-567.042 635.317 182
-561.258 638.574 182
-556.285 642.324 182
-554.566 648.311 182
-550.342 652.555 182
-545.277 656.167 182
-540.996 660.316 182
-535.884 663.818 182
-530.753 667.261 182
-526.391 671.262 182
-522 675.217 182
-516.025 677.869 182
-511.587 681.72 182
-507.887 686.168 182
-502.628 689.285 182
-497.354 692.343 182
-492.064 695.341 182
-487.503 698.95 182
-483.654 703.187 182
-476.843 704.663 182
-471.493 707.431 182
-467.571 711.528 182
-462.899 714.89 182
-458.205 718.205 182
-452.787 720.76 182
-448.055 723.974 182
-442.612 726.416 182
-436.479 728.066 182
-431.027 730.383 182
-426.905 734.126 182
-421.426 736.336 182
-415.941 738.486 182
-411.101 741.337 182
-405.599 743.374 182
-400.093 745.352 182
-393.955 746.493 182
-389.072 749.13 182
-383.557 750.931 182
-378.65 753.466 182
-373.727 755.953 182
-367.6 756.784 182
-362.076 758.355 182
-357.713 761.495 182
-351.602 762.14 182
-346.074 763.541 182
-340.548 764.884 182
-335.578 767.003 182
-330.051 768.234 182
-324.529 769.408 182
-319.011 770.525 182
-313.499 771.584 182
-307.993 772.586 182
-294.88 760.607 182
-281.5 747.572 182
-274.28 744.788 182
-270.039 747.163 182
-271.026 759.168 182
-275.11 777.407 182
-270.585 779.788 182
-265.13 780.348 182
-260.579 782.642 182
-254.255 781.301 182
-249.266 782.597 182
-243.851 782.94 182
-238.449 783.228 182
-233.467 784.375 182
-227.686 783.641 182
-222.717 784.688 182
-217.747 785.687 182
-212.402 785.713 182
-207.073 785.686 182
-201.403 784.672 182
-196.466 785.473 182
-191.189 785.288 182
-185.93 785.051 182
-180.69 784.763 182
-175.787 785.371 182
-170.577 784.983 182
-165.388 784.544 182
-160.22 784.055 182
-155.072 783.516 182
-149.947 782.926 182
-144.843 782.288 182
-140.021 782.566 182
-135.456 783.768 182
-130.154 782.019 182
-125.127 781.19 182
-119.899 779.339 182
-115.362 780.366 182
-110.193 778.418 182
-105.665 779.36 182
-100.747 778.299 182
-96.0381 778.175 182
-91.1652 777.024 182
-86.4849 776.814 182
-81.5023 774.586 182
-76.8609 774.288 182
-72.2308 773.949 182
-67.482 772.577 182
-62.6408 770.169 182
-57.96 768.709 182
-53.5185 769.195 182
-48.8813 767.652 182
-44.1879 765.071 182
-39.7003 764.44 182
-35.227 763.77 182
-30.7074 762.062 182
-26.3249 762.311 182
-21.8097 759.524 182
-17.4148 758.696 182
-13.0099 756.83 182
-8.65636 755.924 182
-4.31087 753.981 182
3.7145e-05 752 182
4.26731 748.981 182
8.53426 748.926 182
12.7744 747.833 182
16.9961 746.703 182
21.1554 744.538 182
25.226 741.339 182
29.3033 739.105 182
33.4831 738.831 182
37.5035 736.526 182
41.4862 734.189 182
45.5268 732.813 182
49.5465 731.403 182
53.3187 727.972 182
57.4005 727.489 182
61.0863 723.996 182
64.7155 720.475 182
68.8792 720.881 182
72.7421 719.275 182
76.5821 717.637 182
80.2255 714.981 182
84.0106 713.281 182
87.7722 711.548 182
91.1112 707.826 182
94.5998 705.057 182
98.0472 702.262 182
101.903 701.39 182
105.517 699.511 182
109.349 698.574 182
112.421 694.698 182
115.951 692.735 182
119.456 690.743 182
122.383 686.8 182
125.535 683.798 182
129.521 683.643 182
132.01 678.682 182
135.658 677.514 182
138.979 675.366 182
141.622 671.301 182
145.206 670.049 182
148.437 667.827 182
151.64 665.579 182
154.098 661.44 182
157.596 660.08 182
160.332 656.835 182
163.406 654.497 182
167.233 653.976 182
169.867 650.668 182
172.456 647.343 182
175.415 644.914 182
179.613 645.181 182
180.815 639.086 182
184.116 637.493 182
186.957 634.977 182
190.222 633.332 182
192.549 629.884 182
195.3 627.306 182
198.021 624.709 182
200.711 622.093 182
202.386 617.716 182
204.5 614.204 182
208.091 613.268 182
211.166 611.439 182
213.702 608.73 182
216.737 606.852 182
217.606 601.574 182
221.123 600.5 182
222.431 596.056 182
224.796 593.273 182
227.695 591.299 182
230.578 589.299 182
232.281 585.646 182
234.526 582.798 182
237.334 580.739 182
238.319 576.26 182
240.461 573.375 182
242.571 570.476 182
244.648 567.565 182
246.694 564.641 182
248.707 561.705 182
253.258 561.821 182
254.584 558.079 182
255.207 553.582 182
257.759 551.344 182
259.623 548.34 182
260.778 544.589 182
262.569 541.571 182
265.705 539.994 182
267.443 536.946 182
269.149 533.888 182
270.115 530.115 182
272.462 527.747 182
274.788 525.359 182
275.642 521.575 182
277.914 519.159 182
279.428 516.049 182
282.395 514.27 182
283.854 511.133 182
285.28 507.99 182
286.673 504.842 182
288.033 501.688 182
290.902 499.801 182
292.207 496.624 182
292.695 492.82 182
294.716 490.257 182
296.714 487.677 182
297.092 483.875 182
299.839 481.869 182
301.763 479.244 182
302.851 476.021 182
304.725 473.37 182
304.927 469.57 182
307.573 467.461 182
308.538 464.217 182
311.147 462.061 182
310.368 457.726 182
312.93 455.54 182
314.624 452.802 182
315.438 449.534 182
317.08 446.774 182
317.831 443.5 182
320.291 441.212 182
322.735 438.895 182
322.526 435.117 182
322.276 431.357 182
324.646 429 182
325.217 425.707 182
326.651 422.862 182
328.06 420.005 182
329.444 417.137 182
330.802 414.256 182
332.136 411.363 182
331.617 407.645 182
333.81 405.145 182
334.143 401.835 182
333.521 398.149 182
337.495 396.357 182
335.881 392.307 182
337.023 389.371 182
339.075 386.775 182
339.229 383.469 182
339.351 380.17 182
340.387 377.205 182
341.397 374.23 182
340.478 370.628 182
343.338 368.254 182
344.27 365.254 182
345.175 362.246 182
345.093 358.954 182
344.98 355.671 182
344.836 352.398 182
346.597 349.636 182
348.336 346.85 182
347.136 343.34 182
348.824 340.532 182
349.514 337.485 182
351.155 334.64 182
350.813 331.374 182
350.441 328.119 182
352.005 325.24 182
349.607 321.645 182
351.118 318.757 182
353.592 316.004 182
353.079 312.768 182
353.526 309.685 182
353.946 306.598 182
354.339 303.507 182
355.699 300.527 182
355.044 297.317 182
354.361 294.121 182
355.642 291.115 182
356.896 288.088 182
357.128 284.973 182
357.332 281.855 182
354.513 278.579 182
357.659 275.616 182
358.781 272.529 182
354.878 269.293 182
354.946 266.196 182
355.986 263.107 182
358 260 182
357.986 256.876 182
356.946 253.769 182
357.877 250.629 182
358.781 247.471 182
356.66 244.428 182
358.508 241.211 182
358.33 238.084 182
358.125 234.957 182
358.89 231.755 182
358.63 228.624 182
358.343 225.496 182
358.028 222.37 182
356.692 219.36 182
355.332 216.371 182
354.937 213.272 182
357.487 209.759 182
358.024 206.493 182
356.555 203.527 182
354.077 200.748 182
355.516 197.313 182
354.955 194.213 182
356.331 190.736 182
352.773 188.228 182
352.133 185.152 182
351.467 182.082 182
0 260 182
0 260 182
0 260 182
0 260 182
0 260 182
0 260 182
0 260 182
0 260 182
71.7229 238.072 182
70.5751 237.748 182
74.1824 235.897 182
0 260 182
0 260 182
38.6483 246.314 182
37.5877 246.319 182
35.5935 246.692 182
36.4096 246.024 182
35.3559 246.073 182
34.3058 246.14 182
36.0313 245.075 182
34.0587 245.543 182
33.0142 245.645 182
32.8876 245.357 182
33.6686 244.656 182
31.7208 245.208 182
33.3957 244.071 182
33.2554 243.78 182
32.2176 243.937 182
31.1852 244.11 182
31.0454 243.839 182
30.0202 244.038 182
29.001 244.254 182
29.7371 243.516 182
27.8514 244.242 182
27.7128 244 182
26.7105 244.266 182
28.2865 243.004 182
29.8424 241.713 182
28.8336 241.983 182
28.6753 241.732 182
27.6761 242.027 182
26.6843 242.338 182
27.3582 241.547 182
25.5479 242.441 182
25.3937 242.219 182
26.0517 241.418 182
25.8885 241.191 182
24.1157 242.155 182
24.7577 241.344 182
35.7009 232.606 182
40.9766 227.986 182
32.8695 233.854 182
26.423 238.603 182
26.2352 238.373 182
23.7474 240.074 182
0 260 182
0 260 182
0 260 182
0 260 182
0 260 182
0 260 182
0 260 182
0 260 182
0 260 182
0 260 182
0 260 182
