-0 260 139
-0 260 139
-0 260 139
-0 260 139
-0 260 139
-0 260 139
-0 260 139
-0 260 139
-15.8489 246.223 139
-22.8122 240.517 139
-26.8116 237.502 139
-27.7785 237.101 139
-33.4173 232.939 139
-43.8261 225.139 139
-40.1886 228.601 139
-27.7674 238.693 139
-26.355 240.14 139
-26.5273 240.371 139
-26.6976 240.603 139
-26.8658 240.837 139
-26.2129 241.646 139
-27.1962 241.309 139
-26.5292 242.106 139
-27.5182 241.786 139
-26.8375 242.572 139
-26.9885 242.806 139
-27.1375 243.043 139
-27.2845 243.28 139
-28.2865 243.004 139
-28.4338 243.251 139
-27.7128 244 139
-27.8514 244.242 139
-27.9878 244.486 139
-28.1222 244.731 139
-30.0202 244.038 139
-31.0454 243.839 139
-30.2942 244.564 139
-30.4278 244.829 139
-31.4578 244.657 139
-30.6879 245.363 139
-31.7208 245.208 139
-31.8486 245.486 139
-32.8876 245.357 139
-34.8483 244.848 139
-34.9792 245.152 139
-35.1074 245.458 139
-35.233 245.765 139
-36.2863 245.706 139
-37.3432 245.665 139
-36.5302 246.342 139
-39.4671 245.635 139
-0 260 139
-0 260 139
-0 260 139
-72.2803 236.515 139
-72.4825 237.146 139
-0 260 139
-70.9527 238.983 139
-0 260 139
-0 260 139
-0 260 139
-0 260 139
-0 260 139
-0 260 139
-0 260 139
-0 260 139
-0 260 139
-0 260 139
-0 260 139
-0 260 139
-0 260 139
-0 260 139
-726.939 144.864 139
-726.927 151.36 139
-728.837 157.569 139
-728.712 164.063 139
-729.521 170.426 139
-730.275 176.796 139
-731.968 183.067 139
-730.621 189.649 139
-732.203 195.941 139
-730.74 202.49 139
-733.21 208.729 139
-731.633 215.252 139
-731.995 221.638 139
-732.302 228.027 139
-732.553 234.419 139
-733.748 240.786 139
-732.888 247.207 139
-731.972 253.612 139
-733 260 139
-730.972 266.379 139
-730.889 272.758 139
-732.749 279.188 139
-731.554 285.547 139
-730.304 291.886 139
-729 298.205 139
-727.64 304.504 139
-727.224 310.853 139
-727.75 317.275 139
-728.218 323.711 139
-724.648 329.776 139
-726.001 336.306 139
-723.32 342.412 139
-722.574 348.721 139
-720.78 354.893 139
-720.915 361.318 139
-718.026 367.31 139
-717.062 373.572 139
-716.043 379.825 139
-714.97 386.069 139
-712.86 392.121 139
-709.716 397.955 139
-708.486 404.143 139
-707.201 410.32 139
-704.886 416.27 139
-702.521 422.19 139
-702.051 428.548 139
-698.613 434.184 139
-696.098 440.023 139
-693.535 445.832 139
-691.887 451.877 139
-690.186 457.908 139
-685.556 463.071 139
-683.758 469.046 139
-680.954 474.704 139
-678.103 480.329 139
-676.155 486.238 139
-673.209 491.805 139
-669.275 497.003 139
-668.121 503.176 139
-663.164 507.947 139
-660.975 513.725 139
-658.736 519.483 139
-653.665 524.098 139
-651.335 529.792 139
-648.035 535.075 139
-644.693 540.321 139
-640.395 545.122 139
-637.883 550.7 139
-634.415 555.833 139
-630.907 560.927 139
-627.358 565.983 139
-623.769 571 139
-620.141 575.977 139
-616.472 580.915 139
-612.766 585.813 139
-608.141 590.194 139
-604.362 595.004 139
-599.675 599.28 139
-596.691 604.5 139
-592.801 609.186 139
-588.874 613.831 139
-583.206 617.389 139
-580.065 622.465 139
-576.036 626.976 139
-571.135 630.899 139
-567.042 635.317 139
-562.087 639.133 139
-557.933 643.457 139
-553.747 647.738 139
-549.528 651.975 139
-544.468 655.58 139
-540.192 659.721 139
-535.086 663.216 139
-530.753 667.261 139
-525.603 670.646 139
-520.434 673.972 139
-516.802 678.498 139
-511.587 681.72 139
-506.355 684.883 139
-501.868 688.636 139
-496.599 691.687 139
-492.813 696.004 139
-486.76 698.281 139
-480.705 700.485 139
-477.574 705.345 139
-472.219 708.119 139
-466.851 710.833 139
-462.186 714.189 139
-456.791 716.791 139
-452.086 720.047 139
-445.971 721.816 139
-441.235 724.965 139
-435.115 726.604 139
-431.027 730.383 139
-425.567 732.64 139
-421.426 736.336 139
-415.941 738.486 139
-409.802 739.816 139
-404.313 741.842 139
-399.457 744.58 139
-393.325 745.716 139
-387.827 747.565 139
-384.173 751.719 139
-377.432 751.879 139
-372.523 754.355 139
-367.6 756.784 139
-362.663 759.164 139
-356.552 759.867 139
-351.602 762.14 139
-345.508 762.717 139
-339.43 763.226 139
-335.026 766.169 139
-330.051 768.234 139
-323.992 768.565 139
-318.481 769.677 139
-304.617 757.089 139
-290.996 744.3 139
-284.221 742.512 139
-279.5 744.108 139
-283.143 760.455 139
-286.522 776.9 139
-280.569 776.744 139
-276.049 779.173 139
-270.123 778.901 139
-265.13 780.348 139
-259.687 780.852 139
-253.817 780.402 139
-248.835 781.694 139
-243.428 782.033 139
-237.619 781.408 139
-232.653 782.548 139
-227.287 782.724 139
-221.545 781.926 139
-216.599 782.916 139
-211.278 782.932 139
-205.974 782.895 139
-201.044 783.739 139
-196.116 784.536 139
-190.505 783.409 139
-185.597 784.109 139
-180.039 782.872 139
-175.152 783.475 139
-169.959 783.081 139
-165.087 783.591 139
-159.635 782.142 139
-154.788 782.557 139
-149.671 781.965 139
-144.843 782.288 139
-139.762 781.6 139
-134.704 780.863 139
-129.912 781.049 139
-124.893 780.218 139
-120.124 780.314 139
-115.146 779.389 139
-110.193 778.418 139
-105.466 778.38 139
-100.747 778.299 139
-95.6736 776.209 139
-90.9916 776.039 139
-85.9898 773.855 139
-81.1894 772.61 139
-76.713 773.299 139
-71.9525 771.969 139
-67.3515 771.586 139
-62.7627 771.161 139
-57.96 768.709 139
-53.414 768.201 139
-48.7854 766.657 139
-44.2751 766.067 139
-39.6218 763.443 139
-35.1572 762.772 139
-30.7074 762.062 139
-26.2203 760.313 139
-21.8097 759.524 139
-17.3799 757.697 139
-12.9837 755.83 139
-8.58655 751.925 139
-4.29342 751.981 139
3.6994e-05 750 139
4.27604 749.981 139
8.46445 744.926 139
12.6697 743.834 139
16.9263 744.705 139
21.1118 743.539 139
25.226 741.339 139
29.3644 740.103 139
33.3436 736.836 139
37.5035 736.526 139
41.4862 734.189 139
45.4309 731.818 139
49.3375 729.414 139
53.4319 728.966 139
57.2786 726.497 139
60.9558 723.005 139
64.8547 721.465 139
68.7314 719.892 139
72.5856 718.287 139
76.4171 716.65 139
79.7045 712.027 139
83.8284 712.297 139
87.3905 709.585 139
90.7124 705.866 139
94.184 703.101 139
98.2636 703.238 139
101.903 701.39 139
105.284 698.539 139
108.865 696.633 139
112.17 693.73 139
115.692 691.769 139
118.654 687.852 139
122.383 686.8 139
125.251 682.839 139
129.228 682.687 139
132.611 680.589 139
135.658 677.514 139
139.297 676.314 139
142.273 673.192 139
144.872 669.106 139
148.095 666.887 139
151.29 664.642 139
154.457 662.373 139
157.596 660.08 139
161.081 658.689 139
164.171 656.344 139
166.842 653.056 139
169.867 650.668 139
172.05 646.43 139
175.415 644.914 139
177.922 641.556 139
180.815 639.086 139
183.678 636.595 139
186.511 634.083 139
188.86 630.659 139
192.087 628.996 139
194.361 625.54 139
197.067 622.951 139
199.257 619.469 139
202.386 617.716 139
205.5 615.936 139
207.583 612.406 139
210.136 609.724 139
212.134 606.172 139
214.617 603.459 139
217.069 600.73 139
219.49 597.984 139
221.879 595.222 139
225.355 594.102 139
227.695 591.299 139
230.004 588.48 139
232.281 585.646 139
233.939 581.989 139
235.55 578.327 139
237.717 575.461 139
241.07 574.168 139
241.955 569.688 139
244.648 567.565 139
247.323 565.418 139
249.343 562.477 139
250.687 558.757 139
253.934 557.319 139
255.863 554.337 139
258.422 552.093 139
258.954 547.597 139
261.453 545.326 139
263.933 543.034 139
265.705 539.994 139
268.138 537.665 139
269.149 533.888 139
270.115 530.115 139
273.175 528.448 139
275.507 526.054 139
275.642 521.575 139
278.646 519.841 139
280.165 516.724 139
281.652 513.6 139
283.105 510.47 139
285.28 507.99 139
287.433 505.491 139
288.033 501.688 139
290.131 499.165 139
290.653 495.366 139
293.478 493.443 139
294.716 490.257 139
296.714 487.677 139
297.891 484.477 139
299.035 481.274 139
301.763 479.244 139
302.851 476.021 139
302.267 471.65 139
304.927 469.57 139
307.573 467.461 139
309.372 464.769 139
309.469 460.972 139
310.368 457.726 139
312.082 455.01 139
312.919 451.757 139
313.723 448.504 139
316.218 446.267 139
316.965 443 139
317.68 439.735 139
319.236 436.956 139
320.768 434.163 139
321.393 430.888 139
321.985 427.615 139
323.435 424.799 139
323.966 421.524 139
325.363 418.69 139
327.638 416.276 139
328.083 412.988 139
328.496 409.704 139
328.876 406.425 139
330.142 403.55 139
331.382 400.663 139
332.597 397.766 139
332.859 394.484 139
334.95 391.94 139
335.155 388.654 139
337.202 386.075 139
336.41 382.443 139
336.523 379.169 139
337.55 376.228 139
338.552 373.278 139
338.576 370.01 139
339.523 367.051 139
341.401 364.377 139
340.381 360.825 139
342.209 358.127 139
343.052 355.137 139
342.904 351.881 139
342.724 348.635 139
343.485 345.64 139
345.191 342.873 139
345.901 339.858 139
346.585 336.836 139
347.242 333.809 139
347.873 330.776 139
348.478 327.737 139
348.072 324.511 139
348.622 321.471 139
350.131 318.592 139
350.629 315.534 139
351.101 312.472 139
351.545 309.406 139
350.971 306.206 139
350.369 303.02 139
351.724 300.074 139
351.066 296.899 139
353.366 294.025 139
352.653 290.853 139
353.906 287.853 139
353.138 284.694 139
354.338 281.672 139
354.513 278.579 139
354.662 275.485 139
353.784 272.354 139
353.879 269.267 139
355.946 266.213 139
354.986 263.098 139
356 260 139
357.986 256.876 139
356.946 253.769 139
356.878 250.655 139
356.783 247.541 139
355.661 244.471 139
356.511 241.316 139
355.336 238.267 139
357.128 235.027 139
354.903 232.069 139
355.642 228.885 139
355.356 225.783 139
354.05 222.788 139
355.699 219.473 139
355.332 216.371 139
355.929 213.141 139
356.497 209.898 139
355.057 206.936 139
354.58 203.84 139
355.063 200.583 139
353.546 197.66 139
352.989 194.577 139
351.423 191.69 139
351.793 188.427 139
351.155 185.36 139
351.467 182.082 139
0 260 139
0 260 139
0 260 139
0 260 139
0 260 139
0 260 139
0 260 139
0 260 139
71.7229 238.072 139
71.5288 237.447 139
0 260 139
0 260 139
0 260 139
38.6483 246.314 139
37.5877 246.319 139
36.5302 246.342 139
36.4096 246.024 139
36.2863 245.706 139
35.233 245.765 139
36.0313 245.075 139
34.9792 245.152 139
34.8483 244.848 139
33.8012 244.951 139
32.7586 245.071 139
32.6271 244.786 139
33.3957 244.071 139
33.2554 243.78 139
33.1126 243.491 139
32.9672 243.202 139
31.0454 243.839 139
30.0202 244.038 139
29.8798 243.777 139
30.6117 243.032 139
28.7217 243.75 139
30.3109 242.5 139
29.2954 242.744 139
29.1437 242.489 139
28.9898 242.235 139
29.6817 241.453 139
28.6753 241.732 139
28.5148 241.482 139
28.3521 241.234 139
26.5292 242.106 139
27.1962 241.309 139
27.032 241.072 139
26.8658 240.837 139
25.8885 241.191 139
24.9196 241.56 139
24.7577 241.344 139
34.9075 233.214 139
40.9766 227.986 139
33.6522 233.232 139
24.0915 240.491 139
27.0069 237.737 139
23.7474 240.074 139
0 260 139
0 260 139
0 260 139
0 260 139
0 260 139
0 260 139
0 260 139
0 260 139
0 260 139
0 260 139
0 260 139
