-0 260 132
-0 260 132
-0 260 132
-0 260 132
-0 260 132
-0 260 132
-0 260 132
-0 260 132
-16.6036 245.567 132
-22.8122 240.517 132
-26.8116 237.502 132
-27.7785 237.101 132
-34.9716 231.681 132
-42.2608 226.384 132
-40.9766 227.986 132
-27.7674 238.693 132
-26.355 240.14 132
-25.7234 240.966 132
-26.6976 240.603 132
-26.8658 240.837 132
-26.2129 241.646 132
-26.372 241.875 132
-25.7002 242.665 132
-26.6843 242.338 132
-25.9988 243.116 132
-26.9885 242.806 132
-27.1375 243.043 132
-27.2845 243.28 132
-28.2865 243.004 132
-27.5721 243.759 132
-28.5788 243.5 132
-28.7217 243.75 132
-28.8625 244.001 132
-29.8798 243.777 132
-29.1373 244.507 132
-30.1584 244.301 132
-30.2942 244.564 132
-30.4278 244.829 132
-31.4578 244.657 132
-30.6879 245.363 132
-32.6271 244.786 132
-31.8486 245.486 132
-32.8876 245.357 132
-33.0142 245.645 132
-34.9792 245.152 132
-36.0313 245.075 132
-34.3058 246.14 132
-34.4255 246.439 132
-36.4096 246.024 132
-38.4036 245.642 132
-38.5274 245.977 132
-0 260 132
-0 260 132
-0 260 132
-73.2314 236.206 132
-71.5288 237.447 132
-0 260 132
-0 260 132
-0 260 132
-0 260 132
-0 260 132
-0 260 132
-0 260 132
-0 260 132
-0 260 132
-0 260 132
-0 260 132
-0 260 132
-0 260 132
-0 260 132
-0 260 132
-0 260 132
-712.123 147.211 132
-713.08 153.43 132
-713.983 159.656 132
-713.84 166.021 132
-714.633 172.254 132
-715.372 178.494 132
-716.056 184.74 132
-715.69 191.087 132
-716.264 197.335 132
-717.78 203.51 132
-717.249 209.845 132
-716.661 216.167 132
-717.016 222.423 132
-718.316 228.638 132
-716.563 234.977 132
-716.754 241.231 132
-716.891 247.487 132
-716.973 253.743 132
-717 260 132
-716.973 266.257 132
-715.891 272.496 132
-716.754 278.769 132
-716.563 285.023 132
-714.319 291.188 132
-713.021 297.368 132
-714.665 303.711 132
-712.261 309.806 132
-712.796 316.098 132
-711.283 322.229 132
-709.717 328.338 132
-709.094 334.529 132
-708.417 340.714 132
-706.693 346.771 132
-705.909 352.935 132
-704.081 358.952 132
-703.19 365.093 132
-701.259 371.069 132
-699.276 377.019 132
-697.244 382.943 132
-697.128 389.205 132
-694.992 395.093 132
-692.807 400.953 132
-690.572 406.786 132
-688.289 412.59 132
-687.905 418.816 132
-685.521 424.579 132
-682.118 430.071 132
-680.608 436.017 132
-679.046 441.95 132
-676.469 447.601 132
-672.883 452.946 132
-671.174 458.811 132
-668.457 464.368 132
-665.694 469.893 132
-661.935 475.076 132
-660.982 481.161 132
-657.135 486.27 132
-655.136 491.996 132
-652.147 497.362 132
-649.114 502.694 132
-645.104 507.632 132
-642.919 513.252 132
-638.83 518.104 132
-636.553 523.669 132
-633.307 528.823 132
-630.02 533.941 132
-626.692 539.021 132
-623.323 544.065 132
-619.914 549.071 132
-616.466 554.039 132
-612.978 558.969 132
-610.345 564.307 132
-606.775 569.168 132
-603.167 573.989 132
-599.521 578.771 132
-594.959 583.037 132
-590.368 587.247 132
-586.62 591.894 132
-583.701 597 132
-579.876 601.573 132
-576.016 606.106 132
-572.122 610.597 132
-567.344 614.516 132
-563.385 618.916 132
-559.393 623.274 132
-554.534 627.038 132
-550.481 631.304 132
-546.396 635.527 132
-543.098 640.281 132
-538.944 644.425 132
-534.76 648.526 132
-530.545 652.583 132
-526.301 656.596 132
-520.44 659.348 132
-516.147 663.258 132
-512.608 667.747 132
-507.476 670.946 132
-503.099 674.723 132
-497.163 677.169 132
-493.503 681.492 132
-489.806 685.782 132
-483.076 687.39 132
-479.328 691.589 132
-474.807 695.08 132
-469.529 697.843 132
-464.965 701.235 132
-460.377 704.581 132
-455.054 707.18 132
-451.134 711.134 132
-445.778 713.627 132
-439.719 715.342 132
-435.04 718.437 132
-429.659 720.753 132
-425.622 724.485 132
-420.883 727.438 132
-415.463 729.595 132
-409.381 730.939 132
-405.256 734.493 132
-400.457 737.246 132
-394.368 738.407 132
-389.549 741.053 132
-384.714 743.652 132
-380.479 746.991 132
-374.997 748.706 132
-368.913 749.564 132
-364.626 752.764 132
-359.725 755.118 132
-353.648 755.796 132
-348.161 757.225 132
-343.242 759.421 132
-338.871 762.397 132
-332.818 762.833 132
-327.873 764.88 132
-322.38 766.035 132
-317.422 767.981 132
-311.932 769.026 132
-306.963 770.872 132
-301.478 771.808 132
-289 760.563 132
-274.28 744.788 132
-268.584 744.539 132
-263.392 745.107 132
-260.557 750.036 132
-268.276 775.353 132
-264.676 779.457 132
-260.133 781.747 132
-253.817 780.402 132
-248.835 781.694 132
-243.851 782.94 132
-238.863 784.138 132
-233.467 784.375 132
-228.483 785.475 132
-222.717 784.688 132
-217.364 784.764 132
-212.402 785.713 132
-207.073 785.686 132
-202.119 786.539 132
-196.816 786.41 132
-191.531 786.228 132
-186.932 787.879 132
-181.993 788.545 132
-176.739 788.216 132
-171.813 788.787 132
-166.29 787.405 132
-161.389 787.88 132
-156.492 788.31 132
-151.049 786.771 132
-146.447 788.07 132
-141.315 787.396 132
-136.207 786.672 132
-131.122 785.9 132
-126.06 785.08 132
-121.698 787.134 132
-116.444 785.247 132
-111.649 785.265 132
-106.662 784.26 132
-101.892 784.189 132
-96.9493 783.092 132
-92.0335 781.948 132
-87.3101 781.745 132
-82.5974 781.499 132
-77.7477 780.222 132
-72.9267 778.9 132
-68.2652 778.526 132
-63.372 776.124 132
-58.7524 775.664 132
-54.2502 776.157 132
-49.4564 773.624 132
-44.8852 773.04 132
-40.4064 773.412 132
-35.7153 770.753 132
-31.1958 770.047 132
-26.6913 769.301 132
-22.1586 767.516 132
-17.694 766.691 132
-13.2193 764.827 132
-8.77852 762.923 132
-4.38068 761.981 132
3.78244e-05 761 132
4.36331 759.981 132
8.69134 757.924 132
13.01 756.83 132
17.2753 754.698 132
21.5044 752.531 132
25.8017 752.324 132
29.9749 750.084 132
34.1807 748.806 132
38.3665 747.493 132
42.4449 745.147 132
46.5811 743.763 132
50.4873 740.354 132
54.4508 737.908 132
58.6192 737.415 132
62.7831 736.885 132
66.6639 734.338 132
70.6529 732.75 132
74.4628 730.14 132
78.3976 728.486 132
82.3093 726.799 132
86.0152 724.096 132
90.0619 723.328 132
93.3042 718.605 132
97.3027 717.773 132
101.294 716.907 132
104.602 713.082 132
108.552 712.152 132
112.252 710.217 132
115.425 706.316 132
118.798 703.36 132
122.93 703.27 132
126.242 700.258 132
129.511 697.222 132
132.737 694.162 132
136.821 693.941 132
139.676 689.878 132
143.422 688.642 132
146.506 685.483 132
149.545 682.303 132
153.225 680.982 132
156.893 679.629 132
160.19 677.31 132
163.46 674.966 132
166.325 671.67 132
169.529 669.279 132
172.703 666.863 132
176.247 665.341 132
178.151 660.133 132
181.221 657.653 132
185.107 656.963 132
188.133 654.43 132
190.691 650.975 132
193.65 648.402 132
196.578 645.806 132
199.475 643.189 132
202.342 640.55 132
205.178 637.891 132
207.499 634.337 132
211.25 633.383 132
214 630.659 132
216.211 627.054 132
219.406 625.153 132
221.017 620.667 132
223.626 617.876 132
227.278 616.755 132
229.838 613.919 132
231.814 610.232 132
234.302 607.367 132
237.324 605.309 132
238.608 600.767 132
241.572 598.672 132
243.931 595.742 132
245.662 591.993 132
249.151 590.635 132
251.418 587.655 132
254.268 585.448 132
256.476 582.435 132
258.021 578.63 132
261.428 577.138 132
262.9 573.312 132
266.274 571.766 132
267.672 567.921 132
269.686 564.825 132
271.667 561.717 132
274.29 559.335 132
276.209 556.198 132
277.407 552.326 132
279.253 549.175 132
281.065 546.013 132
283.55 543.55 132
284.587 539.663 132
287.736 537.863 132
290.15 535.342 132
291.81 532.117 132
292.699 528.209 132
295.029 525.645 132
295.838 521.735 132
297.356 518.487 132
298.84 515.233 132
303.354 514.544 132
304.792 511.251 132
305.418 507.323 132
306.782 504.026 132
309.688 501.955 132
310.995 498.634 132
313.864 496.513 132
314.308 492.576 132
314.708 488.648 132
318.319 487.055 132
319.469 483.695 132
320.585 480.332 132
321.667 476.967 132
323.548 474.152 132
324.566 470.775 132
324.706 466.86 132
326.499 464.019 132
329.119 461.684 132
332.581 459.835 132
332.589 455.91 132
332.554 452 132
334.217 449.091 132
335.854 446.167 132
335.708 442.275 132
339.052 440.277 132
340.612 437.311 132
342.147 434.332 132
342.76 430.894 132
343.339 427.458 132
345.69 424.886 132
345.303 421.018 132
347.605 418.413 132
347.147 414.56 132
349.4 411.923 132
350.712 408.869 132
351.998 405.802 132
350.475 401.601 132
352.628 398.904 132
353.827 395.821 132
354.062 392.378 132
356.144 389.626 132
356.318 386.179 132
358.352 383.39 132
359.415 380.258 132
358.548 376.499 132
358.598 373.065 132
359.571 369.932 132
359.557 366.506 132
360.473 363.364 132
363.289 360.749 132
364.154 357.575 132
364.992 354.393 132
363.861 350.721 132
364.639 347.542 132
365.389 344.357 132
365.135 340.948 132
364.849 337.551 132
367.472 334.763 132
367.129 331.363 132
368.721 328.338 132
368.318 324.944 132
369.857 321.893 132
369.395 318.506 132
370.881 315.429 132
369.37 311.912 132
372.783 309.078 132
370.22 305.457 132
372.589 302.451 132
372.946 299.198 132
372.278 295.846 132
372.577 292.596 132
372.847 289.344 132
371.094 285.949 132
373.302 282.832 132
374.486 279.626 132
374.643 276.357 132
372.773 273.018 132
373.872 269.79 132
374.943 266.545 132
374.986 263.272 132
372 260 132
373.986 256.736 132
375.943 253.438 132
374.871 250.184 132
375.771 246.878 132
373.644 243.686 132
374.486 240.374 132
375.299 237.046 132
373.089 233.911 132
373.844 230.578 132
375.565 227.142 132
375.264 223.866 132
374.935 220.593 132
372.589 217.549 132
373.197 214.177 132
373.775 210.792 132
374.321 207.393 132
371.87 204.424 132
372.359 201.024 132
370.843 197.942 132
371.273 194.535 132
370.687 191.297 132
372.037 187.683 132
370.412 184.639 132
368.762 181.617 132
367.087 178.619 132
0 260 132
0 260 132
0 260 132
0 260 132
0 260 132
0 260 132
0 260 132
0 260 132
73.6355 237.487 132
72.4825 237.146 132
0 260 132
0 260 132
0 260 132
39.5909 245.98 132
38.5274 245.977 132
36.5302 246.342 132
35.4761 246.382 132
36.2863 245.706 132
35.233 245.765 132
35.1074 245.458 132
34.9792 245.152 132
33.0142 245.645 132
32.8876 245.357 132
32.7586 245.071 132
33.5334 244.363 132
33.3957 244.071 132
34.1542 243.342 132
33.1126 243.491 132
32.0762 243.656 132
31.0454 243.839 132
30.9032 243.568 132
29.8798 243.777 132
30.6117 243.032 132
28.7217 243.75 132
28.5788 243.5 132
29.2954 242.744 132
29.1437 242.489 132
28.1371 242.758 132
28.8336 241.983 132
27.8319 242.269 132
28.5148 241.482 132
27.5182 241.786 132
26.5292 242.106 132
27.1962 241.309 132
26.2129 241.646 132
26.0517 241.418 132
25.0795 241.779 132
24.1157 242.155 132
24.7577 241.344 132
34.1142 233.823 132
40.9766 227.986 132
33.6522 233.232 132
27.2001 237.974 132
25.4636 239.009 132
22.9813 240.716 132
0 260 132
0 260 132
0 260 132
0 260 132
0 260 132
0 260 132
0 260 132
0 260 132
0 260 132
0 260 132
0 260 132
