-0 260 282
-0 260 282
-0 260 282
-0 260 282
-0 260 282
-0 260 282
-0 260 282
-0 260 282
-15.0942 246.879 282
-22.0518 241.166 282
-25.2795 238.788 282
-27.0069 237.737 282
-34.9716 231.681 282
-43.0435 225.762 282
-39.4005 229.217 282
-26.1807 239.911 282
-25.5563 240.742 282
-27.3311 239.776 282
-26.6976 240.603 282
-26.8658 240.837 282
-26.2129 241.646 282
-26.372 241.875 282
-26.5292 242.106 282
-26.6843 242.338 282
-26.8375 242.572 282
-26.9885 242.806 282
-27.1375 243.043 282
-28.1371 242.758 282
-27.4294 243.519 282
-28.4338 243.251 282
-27.7128 244 282
-26.981 244.735 282
-27.9878 244.486 282
-29.001 244.254 282
-29.1373 244.507 282
-30.1584 244.301 282
-30.2942 244.564 282
-31.3227 244.383 282
-31.4578 244.657 282
-31.5905 244.932 282
-31.7208 245.208 282
-31.8486 245.486 282
-31.9741 245.764 282
-32.0971 246.044 282
-34.0587 245.543 282
-33.2597 246.223 282
-35.233 245.765 282
-35.3559 246.073 282
-36.4096 246.024 282
-37.4669 245.992 282
-39.4671 245.635 282
-0 260 282
-0 260 282
-0 260 282
-71.3292 236.824 282
-70.5751 237.748 282
-0 260 282
-0 260 282
-0 260 282
-0 260 282
-0 260 282
-0 260 282
-0 260 282
-0 260 282
-0 260 282
-0 260 282
-0 260 282
-0 260 282
-0 260 282
-0 260 282
-0 260 282
-0 260 282
-804.966 132.506 282
-808.026 139.24 282
-821.923 144.486 282
-821.908 151.794 282
-787.089 163.358 282
-772.005 172.041 282
-770.754 178.991 282
-1190.3 427.286 282
-1143.51 534.532 282
-1170.18 551.758 282
-1196.78 580.677 282
-1150.43 611.723 282
-1133.37 695.059 282
-0 260 282
-0 260 282
-0 260 282
-0 260 282
-0 260 282
-0 260 282
-0 260 282
-0 260 282
-0 260 282
-0 260 282
-0 260 282
-0 260 282
-0 260 282
-0 260 282
-0 260 282
-0 260 282
-0 260 282
-0 260 282
-0 260 282
-0 260 282
-0 260 282
-0 260 282
-0 260 282
-0 260 282
-0 260 282
-0 260 282
-0 260 282
-0 260 282
-0 260 282
-0 260 282
-0 260 282
-0 260 282
-0 260 282
-0 260 282
-0 260 282
-0 260 282
-0 260 282
-0 260 282
-0 260 282
-0 260 282
-0 260 282
-0 260 282
-0 260 282
-0 260 282
-0 260 282
-0 260 282
-0 260 282
-0 260 282
-0 260 282
-0 260 282
-0 260 282
-0 260 282
-0 260 282
-0 260 282
-0 260 282
-0 260 282
-0 260 282
-0 260 282
-0 260 282
-0 260 282
-0 260 282
-0 260 282
-0 260 282
-0 260 282
-0 260 282
-0 260 282
-0 260 282
-0 260 282
-0 260 282
-0 260 282
-0 260 282
-0 260 282
-0 260 282
-0 260 282
-0 260 282
-0 260 282
-0 260 282
-0 260 282
-0 260 282
-0 260 282
-0 260 282
-0 260 282
-0 260 282
-0 260 282
-0 260 282
-0 260 282
-0 260 282
-0 260 282
-0 260 282
-0 260 282
-0 260 282
-0 260 282
-0 260 282
-0 260 282
-0 260 282
-0 260 282
-0 260 282
-0 260 282
-0 260 282
-0 260 282
-0 260 282
-0 260 282
-0 260 282
-0 260 282
-0 260 282
-0 260 282
-0 260 282
-0 260 282
-0 260 282
-0 260 282
-0 260 282
-0 260 282
-0 260 282
-0 260 282
-0 260 282
-0 260 282
-0 260 282
-0 260 282
-0 260 282
-0 260 282
-0 260 282
-0 260 282
-0 260 282
-0 260 282
-0 260 282
-0 260 282
-0 260 282
-0 260 282
-0 260 282
0 260 282
0 260 282
0 260 282
0 260 282
0 260 282
0 260 282
0 260 282
0 260 282
0 260 282
0 260 282
0 260 282
0 260 282
0 260 282
0 260 282
0 260 282
0 260 282
0 260 282
0 260 282
0 260 282
0 260 282
0 260 282
0 260 282
0 260 282
0 260 282
0 260 282
0 260 282
0 260 282
0 260 282
0 260 282
0 260 282
0 260 282
0 260 282
0 260 282
0 260 282
0 260 282
0 260 282
0 260 282
0 260 282
0 260 282
0 260 282
0 260 282
0 260 282
0 260 282
0 260 282
0 260 282
0 260 282
0 260 282
0 260 282
0 260 282
0 260 282
0 260 282
0 260 282
0 260 282
0 260 282
0 260 282
0 260 282
0 260 282
0 260 282
0 260 282
0 260 282
0 260 282
0 260 282
0 260 282
0 260 282
0 260 282
0 260 282
0 260 282
0 260 282
0 260 282
0 260 282
0 260 282
0 260 282
0 260 282
0 260 282
0 260 282
0 260 282
0 260 282
0 260 282
0 260 282
0 260 282
0 260 282
0 260 282
0 260 282
0 260 282
0 260 282
0 260 282
0 260 282
0 260 282
0 260 282
0 260 282
0 260 282
0 260 282
0 260 282
0 260 282
0 260 282
0 260 282
0 260 282
0 260 282
0 260 282
0 260 282
0 260 282
0 260 282
0 260 282
0 260 282
0 260 282
0 260 282
0 260 282
0 260 282
0 260 282
0 260 282
0 260 282
0 260 282
0 260 282
0 260 282
0 260 282
0 260 282
0 260 282
0 260 282
0 260 282
0 260 282
0 260 282
0 260 282
0 260 282
0 260 282
0 260 282
0 260 282
0 260 282
0 260 282
0 260 282
0 260 282
0 260 282
0 260 282
0 260 282
0 260 282
0 260 282
0 260 282
0 260 282
0 260 282
0 260 282
559.193 469.074 282
546.901 459.056 282
535.42 449.602 282
535.164 444.272 282
537.7 439.912 282
514.522 427.178 282
493.072 415.465 282
503.973 414.08 282
511.051 411.38 282
521.004 409.395 282
503.979 399.766 282
504.213 395.104 282
503.437 390.198 282
489.999 382.171 282
503.688 380.925 282
526.16 381.474 282
483.267 367.138 282
492.986 364.787 282
505.641 362.874 282
505.538 358.267 282
511.293 354.762 282
511.115 350.123 282
497.088 343.184 282
494.832 338.374 282
476.706 331.244 282
440.669 321.932 282
438.219 317.693 282
446.646 314.841 282
444.127 310.602 282
437.59 305.993 282
466.841 304.952 282
493.116 303.142 282
480.514 297.817 282
483.819 293.832 282
487.09 289.792 282
468.357 284.546 282
508.516 282.202 282
543.669 278.985 282
506.826 273.272 282
496.924 268.674 282
516.98 264.512 282
531 260 282
530.98 255.366 282
499.924 251.274 282
488.832 247.199 282
648.605 237.35 282
629.4 232.52 282
646.113 226.139 282
636.81 221.051 282
636.446 215.495 282
618.089 211.355 282
606.683 206.922 282
618.141 200.48 282
874.835 113.603 282
654.897 144.524 282
645.015 140.454 282
632.168 137.119 282
725.144 112.468 282
637.752 124.442 282
633.616 119.531 282
0 260 282
0 260 282
0 260 282
0 260 282
0 260 282
0 260 282
0 260 282
0 260 282
70.7666 238.364 282
71.5288 237.447 282
72.2803 236.515 282
0 260 282
0 260 282
39.5909 245.98 282
38.5274 245.977 282
37.4669 245.992 282
36.4096 246.024 282
35.3559 246.073 282
35.233 245.765 282
34.1835 245.841 282
34.9792 245.152 282
33.0142 245.645 282
32.8876 245.357 282
32.7586 245.071 282
33.5334 244.363 282
33.3957 244.071 282
33.2554 243.78 282
32.2176 243.937 282
31.1852 244.11 282
31.0454 243.839 282
30.0202 244.038 282
29.001 244.254 282
29.7371 243.516 282
29.5921 243.258 282
27.7128 244 282
29.2954 242.744 282
28.2865 243.004 282
28.9898 242.235 282
27.9856 242.513 282
27.8319 242.269 282
27.6761 242.027 282
27.5182 241.786 282
27.3582 241.547 282
27.1962 241.309 282
26.2129 241.646 282
26.0517 241.418 282
25.8885 241.191 282
24.1157 242.155 282
23.9591 241.946 282
34.9075 233.214 282
40.1885 228.601 282
32.8695 233.854 282
25.6458 239.232 282
25.4636 239.009 282
22.9813 240.716 282
0 260 282
0 260 282
0 260 282
0 260 282
0 260 282
0 260 282
0 260 282
0 260 282
0 260 282
0 260 282
0 260 282
