-0 260 126
-0 260 126
-0 260 126
-0 260 126
-0 260 126
-0 260 126
-0 260 126
-0 260 126
-16.6036 245.567 126
-23.5726 239.867 126
-26.8116 237.502 126
-27.0069 237.737 126
-34.1944 232.31 126
-43.0435 225.762 126
-40.9766 227.986 126
-26.1807 239.911 126
-26.355 240.14 126
-27.3311 239.776 126
-27.5066 240.015 126
-26.8658 240.837 126
-27.032 241.072 126
-26.372 241.875 126
-26.5292 242.106 126
-26.6843 242.338 126
-26.8375 242.572 126
-27.8319 242.269 126
-27.9856 242.513 126
-28.1371 242.758 126
-29.1437 242.489 126
-29.2954 242.744 126
-28.5788 243.5 126
-27.8514 244.242 126
-27.9878 244.486 126
-29.001 244.254 126
-30.0202 244.038 126
-30.1584 244.301 126
-31.1852 244.11 126
-30.4278 244.829 126
-31.4578 244.657 126
-30.6879 245.363 126
-31.7208 245.208 126
-32.7586 245.071 126
-31.9741 245.764 126
-33.9312 245.246 126
-34.0587 245.543 126
-35.1074 245.458 126
-35.233 245.765 126
-37.2167 245.34 126
-36.4096 246.024 126
-38.4036 245.642 126
-39.4671 245.635 126
-0 260 126
-0 260 126
-0 260 126
-72.2803 236.515 126
-71.5288 237.447 126
-0 260 126
-0 260 126
-0 260 126
-0 260 126
-0 260 126
-0 260 126
-0 260 126
-0 260 126
-0 260 126
-0 260 126
-0 260 126
-0 260 126
-0 260 126
-0 260 126
-0 260 126
-0 260 126
-694.345 150.027 126
-694.289 156.238 126
-696.158 162.161 126
-695.994 168.371 126
-696.767 174.448 126
-696.494 180.645 126
-696.165 186.83 126
-698.768 192.716 126
-698.332 198.904 126
-698.839 205 126
-699.292 211.101 126
-700.691 217.144 126
-699.041 223.365 126
-699.334 229.467 126
-698.574 235.605 126
-699.76 241.676 126
-699.893 247.783 126
-699.973 253.892 126
-700 260 126
-698.973 266.1 126
-699.893 272.217 126
-698.76 278.298 126
-698.574 284.395 126
-696.337 290.403 126
-698.042 296.583 126
-697.696 302.673 126
-696.3 308.69 126
-695.848 314.765 126
-694.348 320.748 126
-693.791 326.805 126
-691.193 332.647 126
-691.526 338.79 126
-690.812 344.821 126
-689.054 350.716 126
-687.246 356.586 126
-687.366 362.728 126
-685.456 368.566 126
-684.482 374.543 126
-683.457 380.512 126
-680.412 386.107 126
-679.286 392.04 126
-676.148 397.564 126
-675.9 403.667 126
-674.621 409.56 126
-672.315 415.216 126
-669.963 420.844 126
-668.534 426.684 126
-667.054 432.512 126
-662.625 437.55 126
-661.05 443.326 126
-660.387 449.363 126
-657.75 454.835 126
-656.025 460.567 126
-652.342 465.683 126
-649.572 471.059 126
-647.705 476.719 126
-643.898 481.712 126
-641.939 487.323 126
-638.991 492.574 126
-637.874 498.491 126
-634.835 503.69 126
-631.753 508.854 126
-628.631 513.983 126
-625.466 519.077 126
-622.261 524.134 126
-617.181 528.358 126
-613.903 533.327 126
-611.494 538.674 126
-609.039 544 126
-605.635 548.873 126
-601.293 553.27 126
-597.816 558.06 126
-596.083 563.72 126
-592.523 568.448 126
-588.043 572.668 126
-587.05 578.742 126
-581.622 582.398 126
-578.786 587.462 126
-575.041 592 126
-571.26 596.498 126
-567.445 600.955 126
-563.595 605.372 126
-559.712 609.747 126
-554.952 613.543 126
-551.845 618.373 126
-547.029 622.071 126
-543.849 626.831 126
-539.803 630.996 126
-534.087 633.972 126
-531.617 639.199 126
-527.479 643.236 126
-523.311 647.23 126
-518.314 650.578 126
-514.886 655.086 126
-511.419 659.564 126
-506.347 662.767 126
-501.259 665.912 126
-496.926 669.634 126
-493.333 673.955 126
-487.42 676.296 126
-483.769 680.534 126
-477.834 682.752 126
-474.126 686.905 126
-469.646 690.351 126
-464.41 693.069 126
-461.338 697.794 126
-455.342 699.719 126
-450.774 702.975 126
-445.477 705.477 126
-440.872 708.635 126
-436.245 711.745 126
-431.598 714.81 126
-426.931 717.827 126
-422.244 720.798 126
-417.537 723.722 126
-412.812 726.599 126
-406.757 727.92 126
-402.658 731.452 126
-397.885 734.182 126
-393.096 736.864 126
-387.661 738.722 126
-382.224 740.521 126
-378.016 743.839 126
-371.953 744.739 126
-367.709 747.966 126
-361.652 748.745 126
-356.786 751.073 126
-351.906 753.354 126
-346.44 754.768 126
-341.543 756.948 126
-337.193 759.91 126
-332.266 761.999 126
-326.783 763.202 126
-320.768 763.505 126
-315.832 765.437 126
-310.887 767.321 126
-305.933 769.157 126
-299.955 769.223 126
-295.5 771.821 126
-289.545 771.769 126
-278.765 762.906 126
-263.869 745.986 126
-258.679 746.504 126
-253.038 746.082 126
-250.149 750.945 126
-257.902 777.272 126
-253.378 779.503 126
-249.266 782.597 126
-243.428 782.033 126
-238.449 783.228 126
-233.06 783.462 126
-227.686 783.641 126
-223.107 785.608 126
-217.747 785.687 126
-212.402 785.713 126
-207.806 787.547 126
-202.119 786.539 126
-197.167 787.346 126
-192.215 788.107 126
-186.932 787.879 126
-181.993 788.545 126
-176.739 788.216 126
-171.813 788.787 126
-166.591 788.359 126
-161.974 789.793 126
-156.492 788.31 126
-151.6 788.694 126
-146.714 789.033 126
-141.574 788.361 126
-136.707 788.609 126
-131.605 787.841 126
-126.761 787.997 126
-121.698 787.134 126
-117.094 788.176 126
-112.064 787.222 126
-107.26 787.2 126
-102.274 786.152 126
-97.496 786.041 126
-92.7281 785.887 126
-87.8053 784.704 126
-83.0667 784.463 126
-78.1911 783.189 126
-73.6225 783.852 126
-68.7873 782.491 126
-64.1032 782.079 126
-59.4316 781.625 126
-54.7729 781.129 126
-50.0314 779.597 126
-45.4081 779.017 126
-40.7202 777.4 126
-36.1338 776.738 126
-31.501 775.038 126
-26.953 774.294 126
-22.4639 774.51 126
-17.9034 772.687 126
-13.3764 770.825 126
-8.91814 770.922 126
-4.44177 768.981 126
3.82774e-05 767 126
4.41566 765.981 126
8.79605 763.923 126
13.1932 763.827 126
17.5196 761.694 126
21.8533 760.523 126
26.0633 757.318 126
30.4022 757.071 126
34.669 755.789 126
38.9157 754.471 126
43.1421 753.116 126
47.3478 751.726 126
51.5326 750.299 126
55.696 748.837 126
59.716 746.348 126
63.9579 745.808 126
67.9165 743.251 126
71.8354 740.662 126
75.5579 737.053 126
80.0481 738.349 126
83.8721 735.662 126
88.0198 734.912 126
91.2067 729.218 126
95.6966 730.364 126
99.1739 726.576 126
103.025 724.717 126
107.077 723.8 126
110.653 720.903 126
114.671 719.92 126
118.43 717.934 126
121.904 714.951 126
125.869 713.87 126
128.723 708.909 126
132.635 707.769 126
136.245 705.638 126
140.129 704.432 126
143.075 700.339 126
146.912 699.074 126
150.087 695.884 126
153.885 694.558 126
157.329 692.259 126
161.095 690.869 126
164.133 687.58 126
167.491 685.201 126
170.071 680.941 126
174.121 680.365 126
177.392 677.909 126
181.032 676.345 126
183.845 672.923 126
187.027 670.393 126
190.178 667.838 126
193.3 665.261 126
196.39 662.66 126
199.45 660.036 126
202.48 657.389 126
205.478 654.72 126
207.506 650.263 126
211.381 649.316 126
213.801 645.707 126
216.666 642.956 126
219.5 640.185 126
222.809 638.255 126
226.102 636.296 126
228.854 633.456 126
231.575 630.597 126
234.8 628.562 126
237.463 625.66 126
238.989 621.073 126
241.012 617.315 126
244.688 616.023 126
246.064 611.416 126
248.541 608.441 126
252.16 607.068 126
255.179 604.855 126
257.577 601.816 126
259.332 597.969 126
261.656 594.905 126
263.946 591.826 126
266.832 589.51 126
269.061 586.397 126
271.899 584.037 126
274.717 581.652 126
276.857 578.487 126
278.963 575.31 126
280.366 571.378 126
281.721 567.445 126
284.393 564.974 126
287.044 562.481 126
290.367 560.684 126
292.279 557.425 126
294.156 554.156 126
295.286 550.176 126
297.807 547.589 126
298.854 543.602 126
302.049 541.665 126
303.758 538.343 126
304.689 534.344 126
306.323 531.012 126
309.431 528.984 126
310.246 524.975 126
312.546 522.257 126
314.823 519.52 126
315.521 515.504 126
318.522 513.363 126
319.932 509.959 126
322.101 507.157 126
325.045 504.939 126
325.562 500.903 126
326.843 497.465 126
328.903 494.604 126
330.937 491.725 126
331.299 487.695 126
334.102 485.355 126
336.89 482.983 126
337.146 478.945 126
339.043 475.994 126
340.915 473.028 126
341.909 469.522 126
342.867 466.015 126
345.513 463.523 126
344.678 459 126
346.402 455.985 126
349.848 453.924 126
349.769 449.909 126
351.413 446.85 126
353.03 443.776 126
353.73 440.234 126
354.394 436.694 126
358.619 434.91 126
356.521 430.052 126
359.804 427.779 126
360.345 424.219 126
362.678 421.474 126
361.322 417.107 126
362.679 413.948 126
363.085 410.395 126
365.31 407.595 126
366.585 404.401 126
369.698 401.914 126
369.986 398.332 126
369.299 394.414 126
370.458 391.186 126
372.534 388.274 126
371.743 384.383 126
372.814 381.135 126
372.903 377.576 126
375.828 374.902 126
377.775 371.902 126
377.776 368.325 126
376.78 364.49 126
378.643 361.457 126
379.514 358.149 126
378.415 354.35 126
379.224 351.044 126
381.953 348.181 126
381.732 344.628 126
380.499 340.878 126
384.13 338.152 126
383.816 334.606 126
384.453 331.254 126
385.06 327.896 126
384.651 324.369 126
385.198 321.009 126
387.694 317.941 126
385.214 314.138 126
386.663 310.905 126
386.1 307.407 126
388.487 304.262 126
385.874 300.557 126
387.209 297.284 126
389.512 294.078 126
389.795 290.678 126
390.048 287.275 126
389.273 283.809 126
391.463 280.516 126
389.629 277.012 126
390.762 273.646 126
388.867 270.183 126
390.94 266.824 126
387.985 263.386 126
390 260 126
389.985 256.597 126
389.941 253.194 126
390.866 249.765 126
389.762 246.389 126
390.628 242.945 126
390.464 239.537 126
391.269 236.069 126
392.043 232.586 126
391.789 229.166 126
391.505 225.748 126
391.191 222.333 126
389.853 219.025 126
388.487 215.738 126
390.071 212.105 126
389.638 208.703 126
390.166 205.166 126
389.672 201.763 126
387.174 198.678 126
388.597 194.971 126
388.999 191.409 126
385.436 188.564 126
385.779 185.012 126
387.07 181.25 126
386.368 177.875 126
383.684 174.939 126
0 260 126
0 260 126
0 260 126
0 260 126
0 260 126
0 260 126
0 260 126
0 260 126
71.7229 238.072 126
70.5751 237.748 126
0 260 126
0 260 126
0 260 126
40.5336 245.646 126
38.5274 245.977 126
36.5302 246.342 126
35.4761 246.382 126
37.2167 245.34 126
36.1602 245.39 126
36.0313 245.075 126
34.9792 245.152 126
33.9312 245.246 126
33.8012 244.951 126
32.7586 245.071 126
32.6271 244.786 126
33.3957 244.071 126
33.2554 243.78 126
34.0075 243.044 126
32.0762 243.656 126
31.0454 243.839 126
30.9032 243.568 126
29.8798 243.777 126
29.7371 243.516 126
28.7217 243.75 126
28.5788 243.5 126
28.4338 243.251 126
30.0009 241.974 126
28.9898 242.235 126
29.6817 241.453 126
27.8319 242.269 126
28.5148 241.482 126
28.3521 241.234 126
27.3582 241.547 126
27.1962 241.309 126
26.2129 241.646 126
26.0517 241.418 126
26.6976 240.603 126
24.9196 241.56 126
24.7577 241.344 126
35.7009 232.606 126
41.7646 227.37 126
32.8695 233.854 126
26.423 238.603 126
27.0069 237.737 126
23.7474 240.074 126
0 260 126
0 260 126
0 260 126
0 260 126
0 260 126
0 260 126
0 260 126
0 260 126
0 260 126
0 260 126
0 260 126
