-0 260 15
-0 260 15
-0 260 15
-0 260 15
-0 260 15
-0 260 15
-0 260 15
-0 260 15
-16.6036 245.567 15
-22.8122 240.517 15
-26.0455 238.145 15
-27.0069 237.737 15
-34.1944 232.31 15
-43.8261 225.139 15
-40.1886 228.601 15
-27.7674 238.693 15
-26.355 240.14 15
-26.5273 240.371 15
-27.5066 240.015 15
-26.8658 240.837 15
-26.2129 241.646 15
-26.372 241.875 15
-25.7002 242.665 15
-27.5182 241.786 15
-27.6761 242.027 15
-27.8319 242.269 15
-27.1375 243.043 15
-28.1371 242.758 15
-28.2865 243.004 15
-29.2954 242.744 15
-27.7128 244 15
-27.8514 244.242 15
-28.8625 244.001 15
-29.001 244.254 15
-30.9032 243.569 15
-29.2714 244.762 15
-30.2942 244.564 15
-31.3227 244.383 15
-30.559 245.095 15
-31.5905 244.932 15
-32.6271 244.786 15
-31.8486 245.486 15
-32.8876 245.357 15
-33.9312 245.246 15
-34.0587 245.543 15
-35.1074 245.458 15
-35.233 245.765 15
-35.3559 246.073 15
-36.4096 246.024 15
-37.4669 245.992 15
-38.5274 245.977 15
-0 260 15
-0 260 15
-0 260 15
-71.3292 236.824 15
-72.4825 237.146 15
-0 260 15
-70.9527 238.983 15
-0 260 15
-0 260 15
-0 260 15
-0 260 15
-0 260 15
-0 260 15
-0 260 15
-0 260 15
-0 260 15
-0 260 15
-0 260 15
-0 260 15
-0 260 15
-0 260 15
-863.24 123.276 15
-859.455 131.554 15
-868.465 137.945 15
-867.514 145.79 15
-875.426 152.511 15
-893.221 158.23 15
-869.212 168.642 15
-866.99 176.518 15
-885.617 182.519 15
-880.278 190.721 15
-859.9 199.87 15
-849.413 208.048 15
-851.831 215.358 15
-830.209 223.752 15
-825.497 231.173 15
-844.71 237.881 15
-806.877 245.916 15
-802.969 252.993 15
-814 260 15
-813.969 267.104 15
-835.873 274.59 15
-884.697 283.167 15
-943.425 292.945 15
-934.11 300.784 15
-947.699 309.667 15
-942.239 317.63 15
-866.883 320.619 15
-1075.67 344.658 15
-1117.73 357.789 15
-1133.76 369.168 15
-1143.7 380.208 15
-1169.43 393.24 15
-831.754 362.127 15
-1159.99 412.716 15
-1161.58 423.25 15
-1174.95 435.598 15
-1186.21 447.878 15
-1140.15 450.795 15
-1194.57 470.635 15
-1186.79 479.958 15
-1181.88 489.734 15
-1159.25 495.852 15
-1153.24 505.128 15
-1145.2 513.884 15
-1149.76 525.442 15
-1135.73 532.664 15
-1117.78 538.694 15
-1107.56 546.435 15
-1150.42 568.254 15
-1179.24 677.593 15
-1199.65 720.503 15
-1167.32 731.63 15
-1165.01 742.564 15
-0 260 15
-0 260 15
-0 260 15
-0 260 15
-0 260 15
-0 260 15
-0 260 15
-0 260 15
-0 260 15
-0 260 15
-0 260 15
-0 260 15
-0 260 15
-0 260 15
-0 260 15
-0 260 15
-0 260 15
-0 260 15
-0 260 15
-0 260 15
-0 260 15
-0 260 15
-0 260 15
-0 260 15
-0 260 15
-0 260 15
-0 260 15
-0 260 15
-0 260 15
-0 260 15
-0 260 15
-0 260 15
-0 260 15
-0 260 15
-0 260 15
-0 260 15
-0 260 15
-0 260 15
-0 260 15
-0 260 15
-0 260 15
-0 260 15
-0 260 15
-0 260 15
-0 260 15
-0 260 15
-0 260 15
-0 260 15
-0 260 15
-0 260 15
-0 260 15
-0 260 15
-0 260 15
-0 260 15
-0 260 15
-0 260 15
-0 260 15
-0 260 15
-0 260 15
-0 260 15
-0 260 15
-0 260 15
-0 260 15
-0 260 15
-0 260 15
-0 260 15
-0 260 15
-0 260 15
-0 260 15
-0 260 15
-0 260 15
-0 260 15
-0 260 15
-0 260 15
-0 260 15
-0 260 15
-0 260 15
-0 260 15
-0 260 15
-0 260 15
-0 260 15
-0 260 15
-0 260 15
-0 260 15
-0 260 15
-0 260 15
-0 260 15
-0 260 15
-0 260 15
-0 260 15
-0 260 15
-0 260 15
-0 260 15
-0 260 15
-0 260 15
-0 260 15
-0 260 15
-0 260 15
-0 260 15
-0 260 15
-0 260 15
-0 260 15
-0 260 15
-0 260 15
-0 260 15
-0 260 15
-0 260 15
-0 260 15
-0 260 15
-0 260 15
-0 260 15
-0 260 15
-0 260 15
-0 260 15
-0 260 15
-0 260 15
-0 260 15
-0 260 15
-0 260 15
0 260 15
0 260 15
0 260 15
0 260 15
0 260 15
0 260 15
0 260 15
0 260 15
0 260 15
0 260 15
0 260 15
0 260 15
0 260 15
0 260 15
0 260 15
0 260 15
0 260 15
0 260 15
0 260 15
0 260 15
0 260 15
0 260 15
0 260 15
0 260 15
0 260 15
0 260 15
0 260 15
0 260 15
0 260 15
0 260 15
0 260 15
0 260 15
0 260 15
0 260 15
0 260 15
0 260 15
0 260 15
0 260 15
0 260 15
0 260 15
0 260 15
0 260 15
0 260 15
0 260 15
0 260 15
0 260 15
0 260 15
0 260 15
0 260 15
0 260 15
0 260 15
0 260 15
0 260 15
0 260 15
0 260 15
0 260 15
0 260 15
0 260 15
0 260 15
0 260 15
0 260 15
0 260 15
0 260 15
0 260 15
0 260 15
0 260 15
0 260 15
0 260 15
0 260 15
0 260 15
0 260 15
0 260 15
0 260 15
0 260 15
0 260 15
0 260 15
0 260 15
0 260 15
0 260 15
0 260 15
0 260 15
0 260 15
0 260 15
0 260 15
0 260 15
0 260 15
0 260 15
0 260 15
0 260 15
0 260 15
0 260 15
0 260 15
0 260 15
0 260 15
0 260 15
0 260 15
0 260 15
0 260 15
0 260 15
0 260 15
0 260 15
0 260 15
0 260 15
0 260 15
0 260 15
0 260 15
0 260 15
0 260 15
0 260 15
0 260 15
0 260 15
0 260 15
0 260 15
0 260 15
0 260 15
0 260 15
0 260 15
0 260 15
0 260 15
0 260 15
0 260 15
0 260 15
0 260 15
0 260 15
0 260 15
0 260 15
0 260 15
0 260 15
0 260 15
0 260 15
0 260 15
0 260 15
0 260 15
0 260 15
0 260 15
0 260 15
0 260 15
0 260 15
0 260 15
0 260 15
0 260 15
0 260 15
0 260 15
0 260 15
0 260 15
0 260 15
0 260 15
0 260 15
0 260 15
0 260 15
0 260 15
0 260 15
0 260 15
0 260 15
0 260 15
0 260 15
0 260 15
0 260 15
0 260 15
0 260 15
0 260 15
0 260 15
0 260 15
0 260 15
0 260 15
0 260 15
0 260 15
0 260 15
0 260 15
0 260 15
0 260 15
0 260 15
0 260 15
0 260 15
0 260 15
0 260 15
0 260 15
0 260 15
0 260 15
0 260 15
0 260 15
0 260 15
0 260 15
0 260 15
0 260 15
0 260 15
0 260 15
0 260 15
0 260 15
1156.31 45.691 15
1089.61 48.202 15
1022.06 52.0593 15
1009.45 45.4351 15
1002.66 37.7165 15
0 260 15
0 260 15
0 260 15
0 260 15
0 260 15
0 260 15
0 260 15
0 260 15
72.6792 237.78 15
73.4362 236.846 15
73.2314 236.206 15
0 260 15
0 260 15
40.5336 245.646 15
37.5877 246.319 15
36.5302 246.342 15
36.4096 246.024 15
36.2863 245.706 15
36.1602 245.39 15
34.1835 245.841 15
34.9792 245.152 15
33.9312 245.246 15
33.8012 244.951 15
32.7586 245.071 15
32.6271 244.786 15
34.2982 243.641 15
33.2554 243.78 15
33.1126 243.491 15
32.0762 243.656 15
31.0454 243.839 15
30.9032 243.568 15
29.001 244.254 15
29.7371 243.516 15
29.5921 243.258 15
27.7128 244 15
27.5721 243.759 15
29.1437 242.489 15
29.8424 241.713 15
28.8336 241.983 15
28.6753 241.732 15
26.8375 242.572 15
28.3521 241.234 15
27.3582 241.547 15
26.372 241.875 15
27.032 241.072 15
26.8658 240.837 15
25.8885 241.191 15
24.9196 241.56 15
25.5563 240.742 15
35.7009 232.606 15
40.9766 227.986 15
32.0869 234.477 15
26.423 238.603 15
27.0069 237.737 15
23.7474 240.074 15
0 260 15
0 260 15
0 260 15
0 260 15
0 260 15
0 260 15
0 260 15
0 260 15
0 260 15
0 260 15
0 260 15
