-0 260 129
-0 260 129
-0 260 129
-0 260 129
-0 260 129
-0 260 129
-0 260 129
-0 260 129
-15.8489 246.223 129
-22.8122 240.517 129
-26.0455 238.145 129
-27.7785 237.101 129
-32.6401 233.569 129
-40.6956 227.629 129
-40.1886 228.601 129
-26.974 239.302 129
-26.355 240.14 129
-27.3311 239.776 129
-27.5066 240.015 129
-27.6799 240.256 129
-27.032 241.072 129
-26.372 241.875 129
-26.5292 242.106 129
-27.5182 241.786 129
-26.8375 242.572 129
-27.8319 242.269 129
-27.1375 243.043 129
-28.1371 242.758 129
-28.2865 243.004 129
-28.4338 243.251 129
-29.4449 243 129
-27.8514 244.242 129
-27.9878 244.486 129
-29.001 244.254 129
-30.9032 243.569 129
-31.0454 243.839 129
-29.4032 245.018 129
-30.4278 244.829 129
-30.559 245.095 129
-31.5905 244.932 129
-30.8145 245.631 129
-31.8486 245.486 129
-33.8012 244.951 129
-33.9312 245.246 129
-34.9792 245.152 129
-35.1074 245.458 129
-35.233 245.765 129
-35.3559 246.073 129
-36.4096 246.024 129
-37.4669 245.992 129
-40.4068 245.293 129
-0 260 129
-0 260 129
-0 260 129
-71.3292 236.824 129
-71.5288 237.447 129
-0 260 129
-0 260 129
-0 260 129
-0 260 129
-0 260 129
-0 260 129
-0 260 129
-0 260 129
-0 260 129
-0 260 129
-0 260 129
-0 260 129
-0 260 129
-0 260 129
-0 260 129
-0 260 129
-702.246 148.775 129
-703.19 154.908 129
-704.081 161.048 129
-702.934 167.457 129
-704.708 173.473 129
-705.436 179.626 129
-706.111 185.785 129
-705.736 192.045 129
-706.302 198.207 129
-707.811 204.294 129
-707.273 210.543 129
-706.679 216.778 129
-707.03 222.946 129
-707.326 229.118 129
-706.569 235.326 129
-707.757 241.467 129
-706.892 247.661 129
-706.973 253.83 129
-707 260 129
-706.973 266.17 129
-705.892 272.322 129
-706.758 278.507 129
-705.57 284.639 129
-705.328 290.795 129
-705.032 296.949 129
-703.685 303.039 129
-703.283 309.178 129
-702.827 315.314 129
-701.321 321.358 129
-699.764 327.38 129
-701.138 333.693 129
-698.481 339.582 129
-697.76 345.674 129
-696.986 351.76 129
-695.168 357.7 129
-693.3 363.614 129
-692.37 369.661 129
-691.386 375.698 129
-688.381 381.38 129
-688.278 387.565 129
-686.157 393.376 129
-683.987 399.159 129
-682.747 405.122 129
-680.478 410.859 129
-680.11 417.016 129
-677.742 422.712 129
-673.385 427.894 129
-672.863 434.014 129
-670.352 439.621 129
-667.796 445.196 129
-665.193 450.741 129
-663.503 456.539 129
-660.807 462.029 129
-658.065 467.487 129
-655.278 472.913 129
-653.395 478.623 129
-650.517 483.991 129
-646.652 488.992 129
-643.689 494.284 129
-642.557 500.242 129
-639.503 505.482 129
-636.406 510.687 129
-633.267 515.856 129
-630.086 520.99 129
-626.864 526.088 129
-622.684 530.751 129
-620.297 536.174 129
-616.954 541.162 129
-612.664 545.69 129
-610.148 551.026 129
-607.585 556.339 129
-604.081 561.184 129
-600.538 565.99 129
-595.184 569.833 129
-592.458 575.015 129
-589.686 580.174 129
-585.995 584.823 129
-582.268 589.431 129
-578.505 594 129
-575.568 599.036 129
-570.016 602.5 129
-566.153 606.939 129
-561.408 610.807 129
-557.482 615.155 129
-555.2 620.551 129
-552.032 625.382 129
-547.165 629.067 129
-543.099 633.262 129
-538.183 636.84 129
-533.246 640.361 129
-530.715 645.587 129
-524.918 648.419 129
-521.509 652.985 129
-517.266 656.913 129
-512.207 660.18 129
-507.913 664.012 129
-504.368 668.429 129
-499.241 671.543 129
-493.333 673.955 129
-490.462 678.894 129
-484.524 681.19 129
-481.578 686.065 129
-475.613 688.244 129
-471.857 692.378 129
-467.335 695.797 129
-462.789 699.17 129
-457.5 701.803 129
-451.487 703.676 129
-446.891 706.892 129
-441.573 709.348 129
-437.635 713.184 129
-433.663 716.986 129
-428.977 720.022 129
-423.595 722.273 129
-418.876 725.209 129
-414.137 728.097 129
-408.069 729.429 129
-403.307 732.212 129
-397.885 734.182 129
-393.096 736.864 129
-388.92 740.276 129
-384.091 742.869 129
-378.632 744.627 129
-372.562 745.532 129
-367.709 747.966 129
-363.437 751.157 129
-357.373 751.882 129
-351.325 752.54 129
-346.44 754.768 129
-341.543 756.948 129
-337.193 759.91 129
-332.266 761.999 129
-326.239 762.364 129
-321.305 764.348 129
-315.832 765.437 129
-310.887 767.321 129
-305.418 768.3 129
-300.463 770.084 129
-295 770.955 129
-283.636 761.325 129
-268.584 744.539 129
-262.914 744.228 129
-257.74 744.738 129
-255.347 750.517 129
-262.86 775.893 129
-259.241 779.957 129
-252.94 778.604 129
-247.974 779.889 129
-243.005 781.127 129
-237.619 781.408 129
-232.247 781.634 129
-227.686 783.641 129
-222.717 784.688 129
-217.364 784.764 129
-211.653 783.859 129
-207.073 785.686 129
-201.761 785.606 129
-196.816 786.41 129
-191.531 786.228 129
-186.598 786.937 129
-181.341 786.654 129
-176.104 786.32 129
-171.195 786.885 129
-165.689 785.498 129
-161.097 786.924 129
-156.208 787.351 129
-151.049 786.771 129
-146.447 788.07 129
-141.056 786.43 129
-135.956 785.704 129
-130.88 784.93 129
-126.06 785.08 129
-121.249 785.185 129
-116.228 784.271 129
-111.441 784.287 129
-106.462 783.28 129
-101.701 783.207 129
-96.9493 783.092 129
-92.2071 782.933 129
-87.3101 781.745 129
-82.7538 782.487 129
-77.8955 781.211 129
-73.0658 779.891 129
-68.3957 779.517 129
-63.7376 779.102 129
-59.092 778.645 129
-54.3548 777.151 129
-49.7439 776.611 129
-45.1466 776.029 129
-40.4849 774.409 129
-35.9245 773.745 129
-31.2568 771.045 129
-26.7436 770.3 129
-22.2458 769.515 129
-17.7638 768.69 129
-13.2979 767.826 129
-8.84833 766.923 129
-4.40686 764.981 129
3.79754e-05 763 129
4.38076 761.981 129
8.74369 760.924 129
13.0623 758.829 129
17.4149 758.696 129
21.6789 756.527 129
25.9587 755.32 129
30.158 753.079 129
34.39 751.799 129
38.6019 750.483 129
42.7063 748.135 129
46.9645 747.744 129
51.1145 746.321 129
55.2432 744.863 129
59.2285 742.377 129
63.3052 740.851 129
67.2206 738.299 129
70.9485 734.728 129
74.9321 733.103 129
79.2229 733.417 129
83.1775 731.723 129
87.1086 729.996 129
90.2527 724.31 129
94.6998 725.464 129
98.5502 723.642 129
102.376 721.788 129
105.502 716.98 129
109.486 716.041 129
113.461 715.069 129
117.178 713.093 129
120.869 711.087 129
124.266 708.088 129
127.62 705.064 129
131.783 704.892 129
134.491 699.9 129
138.024 697.756 129
142.148 697.486 129
145.326 694.332 129
149.11 693.047 129
152.55 690.787 129
155.961 688.5 129
158.644 684.312 129
162.699 683.846 129
165.659 680.549 129
168.573 677.233 129
172.208 675.746 129
175.048 672.386 129
178.64 670.843 129
182.218 669.268 129
184.124 664.023 129
187.22 661.494 129
190.286 658.943 129
193.322 656.368 129
196.773 654.666 129
199.756 652.043 129
202.708 649.398 129
205.159 645.848 129
208.996 644.922 129
211.862 642.209 129
214.204 638.605 129
216.5 634.989 129
220.272 633.947 129
223.012 631.153 129
225.719 628.341 129
228.395 625.509 129
231.576 623.502 129
233.65 619.79 129
236.229 616.903 129
238.216 613.17 129
241.289 611.078 129
244.344 608.959 129
246.218 605.185 129
249.809 603.832 129
251.61 600.031 129
253.966 597.024 129
255.68 593.208 129
258.578 590.965 129
262.079 589.478 129
263.056 584.847 129
266.517 583.311 129
268.685 580.207 129
270.17 576.329 129
271.608 572.45 129
274.987 570.817 129
277.689 568.405 129
279.019 564.496 129
280.983 561.318 129
283.602 558.854 129
285.505 555.649 129
288.775 553.859 129
290.621 550.621 129
291.719 546.672 129
293.491 543.421 129
294.502 539.472 129
296.93 536.891 129
299.335 534.29 129
301.717 531.667 129
302.578 527.698 129
304.903 525.048 129
306.444 521.728 129
308.716 519.043 129
310.193 515.703 129
313.19 513.616 129
313.826 509.628 129
316.78 507.496 129
316.548 502.896 129
321.051 501.93 129
321.543 497.929 129
322.798 494.526 129
324.018 491.12 129
326.023 488.283 129
328.826 485.996 129
329.128 482 129
330.219 478.567 129
332.114 475.677 129
332.296 471.696 129
334.979 469.318 129
336.793 466.387 129
337.724 462.925 129
339.482 459.97 129
341.214 457 129
342.92 454.015 129
342.851 450.045 129
345.375 447.523 129
346.115 444.033 129
346.821 440.544 129
350.166 438.418 129
351.709 435.356 129
350.53 430.965 129
352.008 427.899 129
354.366 425.244 129
354.885 421.73 129
355.369 418.221 129
356.736 415.113 129
357.156 411.604 129
359.389 408.864 129
359.747 405.347 129
361.002 402.202 129
362.229 399.047 129
363.429 395.88 129
363.661 392.362 129
365.745 389.517 129
365.916 385.995 129
366.053 382.48 129
368.059 379.59 129
368.135 376.072 129
370.09 373.148 129
371.063 369.914 129
371.047 366.396 129
371.961 363.154 129
371.881 359.645 129
372.737 356.396 129
373.564 353.14 129
372.418 349.41 129
373.184 346.156 129
373.921 342.896 129
377.565 340.254 129
376.291 336.557 129
376.945 333.271 129
377.57 329.978 129
377.181 326.507 129
377.747 323.213 129
379.272 320.071 129
379.782 316.759 129
380.263 313.442 129
379.723 309.992 129
380.145 306.676 129
381.532 303.47 129
381.896 300.139 129
380.241 296.613 129
382.539 293.468 129
383.813 290.207 129
384.062 286.856 129
383.284 283.443 129
384.472 280.149 129
384.634 276.793 129
383.766 273.401 129
382.869 270.026 129
383.942 266.702 129
384.985 263.36 129
386 260 129
384.985 256.64 129
383.942 253.298 129
384.868 249.922 129
383.766 246.599 129
382.635 243.294 129
384.472 239.851 129
383.284 236.557 129
385.06 233.074 129
382.816 229.872 129
383.535 226.445 129
384.223 223.004 129
384.88 219.547 129
381.532 216.53 129
382.13 213.08 129
382.698 209.617 129
383.234 206.14 129
382.749 202.798 129
381.248 199.616 129
379.72 196.457 129
380.136 192.972 129
380.52 189.475 129
379.89 186.157 129
379.231 182.845 129
376.587 179.954 129
376.85 176.454 129
0 260 129
0 260 129
0 260 129
0 260 129
0 260 129
0 260 129
0 260 129
0 260 129
71.7229 238.072 129
70.5751 237.748 129
0 260 129
0 260 129
0 260 129
39.5909 245.98 129
38.5274 245.977 129
36.5302 246.342 129
36.4096 246.024 129
36.2863 245.706 129
35.233 245.765 129
36.0313 245.075 129
35.8997 244.761 129
33.9312 245.246 129
32.8876 245.357 129
32.7586 245.071 129
32.6271 244.786 129
34.2982 243.641 129
32.3566 244.219 129
34.0075 243.044 129
32.0762 243.656 129
31.0454 243.839 129
30.9032 243.568 129
29.001 244.254 129
30.6117 243.032 129
29.5921 243.258 129
29.4449 243 129
28.4338 243.251 129
29.1437 242.489 129
30.695 241.19 129
29.6817 241.453 129
27.8319 242.269 129
27.6761 242.027 129
27.5182 241.786 129
27.3582 241.547 129
26.372 241.875 129
26.2129 241.646 129
26.0517 241.418 129
25.8885 241.191 129
24.9196 241.56 129
24.7577 241.344 129
35.7009 232.606 129
41.7646 227.37 129
35.2174 231.987 129
25.6458 239.232 129
27.7785 237.101 129
24.5134 239.431 129
0 260 129
0 260 129
0 260 129
0 260 129
0 260 129
0 260 129
0 260 129
0 260 129
0 260 129
0 260 129
0 260 129
