-0 260 14
-0 260 14
-0 260 14
-0 260 14
-0 260 14
-0 260 14
-0 260 14
-0 260 14
-15.8489 246.223 14
-23.5726 239.867 14
-26.8116 237.502 14
-27.0069 237.737 14
-34.1944 232.31 14
-43.0435 225.762 14
-40.1886 228.601 14
-27.7674 238.693 14
-25.5563 240.742 14
-26.5273 240.371 14
-27.5066 240.015 14
-26.8658 240.837 14
-25.3937 242.219 14
-26.372 241.875 14
-26.5292 242.106 14
-27.5182 241.786 14
-26.8375 242.572 14
-27.8319 242.269 14
-27.9856 242.513 14
-28.1371 242.758 14
-28.2865 243.004 14
-28.4338 243.251 14
-28.5788 243.5 14
-28.7217 243.75 14
-27.9878 244.486 14
-29.001 244.254 14
-29.1373 244.507 14
-30.1584 244.301 14
-30.2942 244.564 14
-29.5328 245.275 14
-32.3566 244.219 14
-32.4931 244.502 14
-31.7208 245.208 14
-31.8486 245.486 14
-31.9741 245.764 14
-33.9312 245.246 14
-34.9792 245.152 14
-35.1074 245.458 14
-34.3058 246.14 14
-35.3559 246.073 14
-35.4761 246.382 14
-37.4669 245.992 14
-38.5274 245.977 14
-0 260 14
-0 260 14
-0 260 14
-71.3292 236.824 14
-69.6213 238.048 14
-0 260 14
-72.8703 238.415 14
-0 260 14
-0 260 14
-0 260 14
-0 260 14
-0 260 14
-0 260 14
-0 260 14
-0 260 14
-0 260 14
-0 260 14
-0 260 14
-0 260 14
-0 260 14
-0 260 14
-866.203 122.807 14
-864.4 130.815 14
-831.825 143.095 14
-845.702 148.661 14
-845.649 156.167 14
-841.555 164.117 14
-839.376 171.778 14
-841.11 179.01 14
-849.754 185.656 14
-854.358 192.761 14
-851.92 200.428 14
-854.403 207.743 14
-840.846 215.933 14
-824.215 224.014 14
-852.48 230.231 14
-838.712 238.038 14
-833.873 245.445 14
-805.969 252.967 14
-785 260 14
-777.97 266.789 14
-769.883 273.438 14
-780.732 280.444 14
-759.537 286.524 14
-753.282 292.889 14
-753.965 299.514 14
-766.568 306.885 14
-772.115 313.992 14
-778.592 321.277 14
-797.952 329.812 14
-778.4 334.951 14
-783.683 342.369 14
-795.851 350.676 14
-780.141 355.789 14
-803.07 365.726 14
-818.952 375.096 14
-810.004 381.056 14
-806.941 387.807 14
-792.974 392.698 14
-796.709 400.481 14
-778.738 404.331 14
-828.493 421.043 14
-920.149 447.207 14
-916.524 454.813 14
-911.86 462.155 14
-908.113 469.655 14
-903.332 476.871 14
-0 260 14
-0 260 14
-0 260 14
-0 260 14
-0 260 14
-0 260 14
-0 260 14
-0 260 14
-0 260 14
-0 260 14
-0 260 14
-0 260 14
-0 260 14
-0 260 14
-0 260 14
-0 260 14
-0 260 14
-0 260 14
-0 260 14
-0 260 14
-0 260 14
-0 260 14
-0 260 14
-0 260 14
-0 260 14
-0 260 14
-0 260 14
-0 260 14
-0 260 14
-0 260 14
-0 260 14
-0 260 14
-0 260 14
-0 260 14
-0 260 14
-0 260 14
-0 260 14
-0 260 14
-0 260 14
-0 260 14
-0 260 14
-0 260 14
-0 260 14
-0 260 14
-0 260 14
-0 260 14
-0 260 14
-0 260 14
-0 260 14
-0 260 14
-0 260 14
-0 260 14
-0 260 14
-0 260 14
-0 260 14
-0 260 14
-0 260 14
-0 260 14
-0 260 14
-0 260 14
-0 260 14
-0 260 14
-0 260 14
-0 260 14
-0 260 14
-0 260 14
-0 260 14
-0 260 14
-0 260 14
-0 260 14
-0 260 14
-0 260 14
-0 260 14
-0 260 14
-0 260 14
-0 260 14
-0 260 14
-0 260 14
-0 260 14
-0 260 14
-0 260 14
-0 260 14
-0 260 14
-0 260 14
-0 260 14
-0 260 14
-0 260 14
-0 260 14
-0 260 14
-0 260 14
-0 260 14
-0 260 14
-0 260 14
-0 260 14
-0 260 14
-0 260 14
-0 260 14
-0 260 14
-0 260 14
-0 260 14
-0 260 14
-0 260 14
-0 260 14
-0 260 14
-0 260 14
-0 260 14
-0 260 14
-0 260 14
-0 260 14
-0 260 14
-0 260 14
-0 260 14
-0 260 14
-0 260 14
-0 260 14
-0 260 14
-0 260 14
-0 260 14
-0 260 14
-0 260 14
-0 260 14
-0 260 14
-0 260 14
0 260 14
0 260 14
0 260 14
0 260 14
0 260 14
0 260 14
0 260 14
0 260 14
0 260 14
0 260 14
0 260 14
0 260 14
0 260 14
0 260 14
0 260 14
0 260 14
0 260 14
0 260 14
0 260 14
0 260 14
0 260 14
0 260 14
0 260 14
0 260 14
0 260 14
0 260 14
0 260 14
0 260 14
0 260 14
0 260 14
0 260 14
0 260 14
0 260 14
0 260 14
0 260 14
0 260 14
0 260 14
0 260 14
0 260 14
0 260 14
0 260 14
0 260 14
0 260 14
0 260 14
0 260 14
0 260 14
0 260 14
0 260 14
0 260 14
0 260 14
0 260 14
0 260 14
0 260 14
0 260 14
0 260 14
0 260 14
0 260 14
0 260 14
0 260 14
0 260 14
0 260 14
0 260 14
0 260 14
0 260 14
0 260 14
0 260 14
0 260 14
0 260 14
0 260 14
0 260 14
0 260 14
0 260 14
0 260 14
0 260 14
0 260 14
0 260 14
0 260 14
0 260 14
0 260 14
0 260 14
0 260 14
0 260 14
0 260 14
0 260 14
0 260 14
0 260 14
0 260 14
0 260 14
0 260 14
0 260 14
0 260 14
0 260 14
0 260 14
0 260 14
0 260 14
0 260 14
0 260 14
0 260 14
0 260 14
0 260 14
0 260 14
0 260 14
0 260 14
0 260 14
0 260 14
0 260 14
0 260 14
0 260 14
0 260 14
0 260 14
0 260 14
0 260 14
0 260 14
0 260 14
0 260 14
0 260 14
0 260 14
0 260 14
0 260 14
0 260 14
0 260 14
0 260 14
0 260 14
0 260 14
0 260 14
0 260 14
0 260 14
0 260 14
0 260 14
0 260 14
0 260 14
0 260 14
0 260 14
0 260 14
0 260 14
0 260 14
0 260 14
0 260 14
0 260 14
0 260 14
0 260 14
0 260 14
0 260 14
0 260 14
0 260 14
0 260 14
0 260 14
0 260 14
0 260 14
0 260 14
0 260 14
0 260 14
0 260 14
0 260 14
0 260 14
0 260 14
0 260 14
0 260 14
0 260 14
0 260 14
0 260 14
0 260 14
0 260 14
0 260 14
0 260 14
0 260 14
0 260 14
0 260 14
514.168 314.041 14
501.68 308.306 14
500.09 303.752 14
503.443 299.622 14
482.821 293.762 14
477.108 289.181 14
483.337 285.331 14
476.546 280.806 14
470.713 276.438 14
471.838 272.356 14
459.93 268.028 14
462.982 264.04 14
465 260 14
459.982 255.986 14
461.93 251.937 14
471.838 247.644 14
478.708 243.283 14
516.508 237.449 14
503.309 233.623 14
474.114 231.002 14
464.865 227.493 14
448.613 224.693 14
445.299 221.041 14
446.933 216.965 14
437.59 214.007 14
423.262 211.775 14
406.944 210.034 14
404.51 206.745 14
404.029 203.217 14
400.551 200.137 14
1195.56 49.1911 14
1145.49 47.6956 14
1116.11 43.0502 14
1086.74 38.901 14
1029.99 41.069 14
1051.47 26.8945 14
0 260 14
0 260 14
0 260 14
0 260 14
0 260 14
0 260 14
0 260 14
0 260 14
70.7666 238.364 14
72.4825 237.146 14
73.2314 236.206 14
0 260 14
0 260 14
39.5909 245.98 14
38.5274 245.977 14
35.5935 246.692 14
35.4761 246.382 14
36.2863 245.706 14
36.1602 245.39 14
35.1074 245.458 14
34.9792 245.152 14
33.9312 245.246 14
33.8012 244.951 14
32.7586 245.071 14
31.7208 245.208 14
33.3957 244.071 14
33.2554 243.78 14
33.1126 243.491 14
32.0762 243.656 14
31.9324 243.377 14
30.9032 243.568 14
29.001 244.254 14
29.7371 243.516 14
29.5921 243.258 14
29.4449 243 14
28.4338 243.251 14
29.1437 242.489 14
29.8424 241.713 14
28.8336 241.983 14
27.8319 242.269 14
28.5148 241.482 14
27.5182 241.786 14
27.3582 241.547 14
28.0203 240.742 14
26.2129 241.646 14
26.0517 241.418 14
25.0795 241.779 14
24.1157 242.155 14
24.7577 241.344 14
34.9075 233.214 14
39.4005 229.217 14
35.2174 231.987 14
27.2001 237.974 14
26.2352 238.373 14
24.5134 239.431 14
0 260 14
0 260 14
0 260 14
0 260 14
0 260 14
0 260 14
0 260 14
0 260 14
0 260 14
0 260 14
0 260 14
