-0 260 34
-0 260 34
-0 260 34
-0 260 34
-0 260 34
-0 260 34
-0 260 34
-0 260 34
-16.6036 245.567 34
-22.0518 241.166 34
-26.8116 237.502 34
-27.7785 237.101 34
-34.1944 232.31 34
-43.0435 225.762 34
-40.9766 227.986 34
-27.7674 238.693 34
-26.355 240.14 34
-28.135 239.181 34
-27.5066 240.015 34
-26.8658 240.837 34
-25.3937 242.219 34
-26.372 241.875 34
-27.3582 241.547 34
-27.5182 241.786 34
-26.8375 242.572 34
-27.8319 242.269 34
-27.9856 242.513 34
-28.9898 242.235 34
-27.4294 243.519 34
-27.5721 243.759 34
-28.5788 243.5 34
-27.8514 244.242 34
-27.9878 244.486 34
-29.001 244.254 34
-30.0202 244.038 34
-31.0454 243.839 34
-30.2942 244.564 34
-30.4278 244.829 34
-30.559 245.095 34
-31.5905 244.932 34
-32.6271 244.786 34
-31.8486 245.486 34
-33.8012 244.951 34
-33.9312 245.246 34
-34.9792 245.152 34
-35.1074 245.458 34
-35.233 245.765 34
-35.3559 246.073 34
-36.4096 246.024 34
-37.4669 245.992 34
-40.4068 245.293 34
-0 260 34
-0 260 34
-0 260 34
-73.2314 236.206 34
-69.6213 238.048 34
-0 260 34
-0 260 34
-0 260 34
-0 260 34
-0 260 34
-0 260 34
-0 260 34
-0 260 34
-0 260 34
-0 260 34
-0 260 34
-0 260 34
-0 260 34
-0 260 34
-0 260 34
-611.497 157.671 34
-610.391 163.324 34
-816.927 137.91 34
-850.64 140.45 34
-862.557 146.442 34
-857.56 154.705 34
-858.446 162.193 34
-861.256 169.478 34
-852.059 177.956 34
-844.773 186.092 34
-845.386 193.467 34
-844.937 200.916 34
-843.424 208.414 34
-841.845 215.881 34
-839.201 223.36 34
-840.488 230.65 34
-842.711 237.933 34
-841.872 245.305 34
-835.968 252.705 34
-844 260 34
-849.968 267.418 34
-857.869 274.974 34
-873.7 282.879 34
-902.45 291.514 34
-940.104 301.046 34
-972.665 310.975 34
-996.139 320.927 34
-993.574 329.478 34
-1014.86 339.872 34
-986.233 346.284 34
-971.507 353.546 34
-966.675 361.602 34
-935.945 366.638 34
-1091.8 394.056 34
-1077.7 401.882 34
-1074.44 411.003 34
-1039.46 415.348 34
-1080.53 431.139 34
-1028.7 432.145 34
-1020.26 439.9 34
-1080.6 460.277 34
-1092.55 472.371 34
-1147.49 493.46 34
-1140.52 502.425 34
-1155.93 516.265 34
-1140.01 523.193 34
-1117.25 528.229 34
-1118.75 538.936 34
-848.097 479.333 34
-830.696 482.584 34
-817.159 486.618 34
-804.576 490.709 34
-806.367 498.857 34
-808.077 507.054 34
-1033.83 585.965 34
-866.412 541.515 34
-1009.96 597.93 34
-853.803 553.988 34
-878.613 579.789 34
-892.649 593.748 34
-884.101 599.375 34
-980.66 646.292 34
-968.907 651.464 34
-957.139 656.46 34
-915.902 648.778 34
-907.889 654.762 34
-868.782 646.807 34
-845.354 645.25 34
-831.99 647.964 34
-859.261 669.847 34
-850.259 674.699 34
-933.416 725.384 34
-995.254 767.108 34
-789.44 670.956 34
-1041 813.507 34
-776.874 681.808 34
-984.822 805.896 34
-980.891 814.961 34
-968.216 819 34
-965.025 828.443 34
-952.313 832.207 34
-948.988 841.541 34
-935.397 844.501 34
-931.104 853.179 34
-0 260 34
-0 260 34
-0 260 34
-0 260 34
-0 260 34
-0 260 34
-0 260 34
-0 260 34
-0 260 34
-0 260 34
-0 260 34
-0 260 34
-0 260 34
-0 260 34
-0 260 34
-0 260 34
-0 260 34
-0 260 34
-0 260 34
-0 260 34
-0 260 34
-0 260 34
-0 260 34
-0 260 34
-0 260 34
-0 260 34
-0 260 34
-0 260 34
-0 260 34
-0 260 34
-0 260 34
-0 260 34
-0 260 34
-0 260 34
-0 260 34
-0 260 34
-0 260 34
-0 260 34
-0 260 34
-0 260 34
-0 260 34
-0 260 34
-0 260 34
-0 260 34
-0 260 34
-0 260 34
-0 260 34
-0 260 34
-0 260 34
-0 260 34
-0 260 34
-0 260 34
-0 260 34
-0 260 34
-0 260 34
-0 260 34
-0 260 34
-0 260 34
-0 260 34
-0 260 34
-0 260 34
-0 260 34
-0 260 34
-0 260 34
-0 260 34
-0 260 34
-0 260 34
-0 260 34
-0 260 34
-0 260 34
-0 260 34
-0 260 34
-0 260 34
-0 260 34
-0 260 34
-0 260 34
-0 260 34
-0 260 34
-0 260 34
-0 260 34
-0 260 34
-0 260 34
-0 260 34
-0 260 34
-0 260 34
-0 260 34
-0 260 34
-0 260 34
-0 260 34
-0 260 34
-0 260 34
-0 260 34
-0 260 34
-0 260 34
-0 260 34
-0 260 34
-0 260 34
-0 260 34
-0 260 34
-0 260 34
-0 260 34
-0 260 34
-0 260 34
-0 260 34
-0 260 34
-0 260 34
-0 260 34
-0 260 34
0 260 34
0 260 34
0 260 34
0 260 34
0 260 34
0 260 34
0 260 34
0 260 34
0 260 34
0 260 34
0 260 34
0 260 34
0 260 34
0 260 34
0 260 34
0 260 34
0 260 34
0 260 34
0 260 34
0 260 34
0 260 34
0 260 34
0 260 34
0 260 34
0 260 34
0 260 34
0 260 34
0 260 34
0 260 34
0 260 34
0 260 34
0 260 34
0 260 34
0 260 34
0 260 34
0 260 34
0 260 34
0 260 34
0 260 34
0 260 34
0 260 34
0 260 34
0 260 34
0 260 34
0 260 34
0 260 34
0 260 34
0 260 34
0 260 34
0 260 34
0 260 34
0 260 34
0 260 34
0 260 34
0 260 34
0 260 34
0 260 34
0 260 34
0 260 34
0 260 34
0 260 34
0 260 34
0 260 34
0 260 34
0 260 34
0 260 34
0 260 34
0 260 34
0 260 34
0 260 34
0 260 34
0 260 34
0 260 34
0 260 34
0 260 34
0 260 34
0 260 34
0 260 34
0 260 34
0 260 34
0 260 34
0 260 34
0 260 34
0 260 34
0 260 34
0 260 34
0 260 34
0 260 34
0 260 34
0 260 34
0 260 34
0 260 34
0 260 34
0 260 34
0 260 34
0 260 34
0 260 34
0 260 34
0 260 34
0 260 34
0 260 34
0 260 34
0 260 34
0 260 34
0 260 34
0 260 34
0 260 34
0 260 34
0 260 34
0 260 34
0 260 34
0 260 34
0 260 34
0 260 34
0 260 34
0 260 34
0 260 34
0 260 34
0 260 34
0 260 34
0 260 34
0 260 34
0 260 34
0 260 34
0 260 34
0 260 34
0 260 34
0 260 34
0 260 34
0 260 34
0 260 34
0 260 34
0 260 34
0 260 34
0 260 34
0 260 34
0 260 34
0 260 34
0 260 34
0 260 34
0 260 34
0 260 34
0 260 34
0 260 34
735.167 498.87 34
735.316 491.844 34
737.311 485.419 34
741.168 479.544 34
0 260 34
0 260 34
0 260 34
0 260 34
0 260 34
0 260 34
0 260 34
0 260 34
0 260 34
0 260 34
0 260 34
0 260 34
0 260 34
0 260 34
770.397 382.019 34
842.642 385.934 34
1109.1 415.874 34
1124.3 408.017 34
767.238 354.205 34
803.8 351.581 34
754.842 339.337 34
710.713 328.434 34
715.268 322.578 34
728.747 317.354 34
717.249 310.155 34
710.672 303.467 34
712.023 297.316 34
662.369 288.92 34
593.638 280.73 34
697.761 278.272 34
574.912 270.035 34
602.977 265.262 34
601 260 34
600.977 254.755 34
620.905 249.162 34
582.8 244.739 34
578.647 239.793 34
582.445 234.57 34
564.226 230.43 34
565.942 225.385 34
550.655 221.494 34
543.32 217.24 34
557.869 211.193 34
558.417 206.231 34
562.899 200.837 34
555.407 196.719 34
548.878 192.606 34
539.346 188.994 34
549.599 182.759 34
602.311 169.984 34
532.364 175.682 34
669.688 147.933 34
663.76 142.961 34
678.446 134.257 34
683.213 127.197 34
682.028 121.24 34
679.813 115.501 34
671.692 111.09 34
0 260 34
0 260 34
0 260 34
0 260 34
0 260 34
0 260 34
0 260 34
0 260 34
72.6792 237.78 34
71.5288 237.447 34
0 260 34
0 260 34
0 260 34
39.5909 245.98 34
38.5274 245.977 34
36.5302 246.342 34
35.4761 246.382 34
36.2863 245.706 34
36.1602 245.39 34
35.1074 245.458 34
34.0587 245.543 34
33.9312 245.246 34
32.8876 245.357 34
33.6686 244.656 34
33.5334 244.363 34
33.3957 244.071 34
33.2554 243.78 34
34.0075 243.044 34
31.1852 244.11 34
31.0454 243.839 34
30.0202 244.038 34
29.8798 243.777 34
30.6117 243.032 34
29.5921 243.258 34
27.7128 244 34
29.2954 242.744 34
28.2865 243.004 34
28.9898 242.235 34
28.8336 241.983 34
28.6753 241.732 34
28.5148 241.482 34
29.186 240.682 34
28.1873 240.987 34
26.372 241.875 34
27.032 241.072 34
26.8658 240.837 34
25.8885 241.191 34
24.9196 241.56 34
24.7577 241.344 34
35.7009 232.606 34
40.1885 228.601 34
33.6522 233.232 34
25.6458 239.232 34
26.2352 238.373 34
23.7474 240.074 34
0 260 34
0 260 34
0 260 34
0 260 34
0 260 34
0 260 34
0 260 34
0 260 34
0 260 34
0 260 34
0 260 34
