-0 260 51
-0 260 51
-0 260 51
-0 260 51
-0 260 51
-0 260 51
-0 260 51
-0 260 51
-15.8489 246.223 51
-22.8122 240.517 51
-26.0455 238.145 51
-26.2352 238.373 51
-32.6401 233.569 51
-44.6087 224.517 51
-40.1886 228.601 51
-26.974 239.302 51
-26.355 240.14 51
-26.5273 240.371 51
-25.8885 241.191 51
-26.8658 240.837 51
-25.3937 242.219 51
-26.372 241.875 51
-24.8711 243.224 51
-26.6843 242.338 51
-25.9988 243.116 51
-27.8319 242.269 51
-27.1375 243.043 51
-27.2845 243.28 51
-28.2865 243.004 51
-27.5721 243.759 51
-27.7128 244 51
-27.8514 244.242 51
-27.1132 244.971 51
-28.1222 244.731 51
-30.0202 244.038 51
-30.1584 244.301 51
-30.2942 244.564 51
-29.5328 245.275 51
-30.559 245.095 51
-32.4931 244.502 51
-31.7208 245.208 51
-31.8486 245.486 51
-33.8012 244.951 51
-33.0142 245.645 51
-34.0587 245.543 51
-34.1835 245.841 51
-34.3058 246.14 51
-34.4255 246.439 51
-35.4761 246.382 51
-36.5302 246.342 51
-39.4671 245.635 51
-0 260 51
-0 260 51
-0 260 51
-71.3292 236.824 51
-71.5288 237.447 51
-0 260 51
-0 260 51
-0 260 51
-0 260 51
-0 260 51
-0 260 51
-0 260 51
-0 260 51
-0 260 51
-0 260 51
-0 260 51
-0 260 51
-0 260 51
-0 260 51
-0 260 51
-0 260 51
-711.136 147.367 51
-712.091 153.577 51
-712.003 159.935 51
-712.849 166.152 51
-713.641 172.376 51
-712.391 178.833 51
-714.067 184.949 51
-712.704 191.375 51
-712.279 197.684 51
-713.793 203.823 51
-714.256 210.054 51
-714.665 216.289 51
-713.021 222.632 51
-713.32 228.856 51
-712.566 235.117 51
-712.756 241.336 51
-711.892 247.574 51
-710.973 253.796 51
-711 260 51
-710.973 266.205 51
-709.892 272.391 51
-709.757 278.586 51
-709.567 284.779 51
-710.323 291.013 51
-710.026 297.211 51
-709.674 303.406 51
-710.266 309.667 51
-706.814 315.628 51
-705.306 321.706 51
-700.759 327.476 51
-702.132 333.797 51
-700.468 339.808 51
-697.76 345.674 51
-696.986 351.76 51
-695.168 357.7 51
-693.3 363.614 51
-692.37 369.661 51
-691.386 375.698 51
-687.396 381.207 51
-686.312 387.2 51
-684.194 392.994 51
-683.007 398.96 51
-680.791 404.707 51
-678.526 410.426 51
-676.213 416.116 51
-673.852 421.778 51
-672.415 427.652 51
-668.99 433.013 51
-666.489 438.585 51
-664.905 444.395 51
-662.309 449.914 51
-658.709 455.119 51
-656.981 460.859 51
-654.25 466.284 51
-650.523 471.368 51
-647.705 476.719 51
-642.953 481.386 51
-640.996 486.989 51
-638.991 492.574 51
-636 497.791 51
-632.967 502.974 51
-629.893 508.121 51
-625.849 512.86 51
-622.695 517.929 51
-619.5 522.962 51
-616.264 527.959 51
-612.989 532.92 51
-607.854 537.015 51
-604.507 541.886 51
-602.927 547.581 51
-599.496 552.394 51
-594.236 556.275 51
-592.519 561.904 51
-587.201 565.678 51
-584.511 570.79 51
-581.777 575.879 51
-577.249 579.974 51
-573.564 584.507 51
-568.979 588.5 51
-566.09 593.453 51
-562.302 597.865 51
-555.069 600.147 51
-538.51 596.499 51
-532.18 599.036 51
-524.169 600.399 51
-519.511 603.857 51
-514.003 606.7 51
-525.792 621.367 51
-529.991 631.104 51
-525.919 635.134 51
-521.816 639.122 51
-516.076 641.876 51
-492.758 631.32 51
-472.045 622.213 51
-469.654 626.934 51
-475.043 637.866 51
-495.042 660.877 51
-491.525 665.182 51
-485.672 667.527 51
-482.097 671.75 51
-477.731 675.285 51
-473.34 678.776 51
-468.924 682.221 51
-463.747 684.946 51
-459.29 688.295 51
-454.81 691.598 51
-448.868 693.467 51
-444.355 696.667 51
-439.82 699.82 51
-435.265 702.929 51
-429.299 704.552 51
-425.403 708.281 51
-421.475 711.977 51
-416.164 714.163 51
-411.515 717.034 51
-406.849 719.859 51
-400.852 721.128 51
-396.813 724.608 51
-390.815 725.755 51
-386.736 729.148 51
-381.368 730.95 51
-377.244 734.261 51
-371.859 735.959 51
-367.083 738.392 51
-361.691 739.98 51
-355.704 740.706 51
-350.908 742.983 51
-346.099 745.213 51
-340.704 746.576 51
-336.445 749.531 51
-331.601 751.619 51
-326.195 752.827 51
-321.337 754.816 51
-315.395 755.071 51
-310.003 756.108 51
-305.139 757.942 51
-300.267 759.729 51
-295.387 761.468 51
-289.5 761.429 51
-284.621 763.066 51
-280.705 766.405 51
-274.843 766.199 51
-269.946 767.695 51
-264.12 767.37 51
-259.229 768.765 51
-254.333 770.113 51
-249.872 772.313 51
-244.1 771.766 51
-239.625 773.877 51
-234.302 774.128 51
-228.993 774.326 51
-224.097 775.388 51
-218.419 774.562 51
-213.92 776.449 51
-208.656 776.441 51
-204.141 778.243 51
-198.894 778.137 51
-193.314 777.043 51
-188.795 778.71 51
-183.594 778.453 51
-178.737 779.09 51
-173.883 779.681 51
-168.414 778.326 51
-163.885 779.776 51
-159.05 780.23 51
-153.936 779.68 51
-148.844 779.081 51
-144.041 779.397 51
-138.986 778.702 51
-134.454 779.895 51
-129.67 780.079 51
-124.66 779.246 51
-119.449 777.391 51
-114.713 777.437 51
-109.985 777.44 51
-105.266 777.4 51
-100.556 777.318 51
-95.8558 777.192 51
-90.9916 776.039 51
-86.3199 775.827 51
-81.6587 775.573 51
-76.713 773.299 51
-72.2308 773.949 51
-67.482 772.577 51
-62.8845 772.154 51
-58.2996 771.69 51
-53.7276 771.184 51
-49.073 769.643 51
-44.5365 769.055 51
-40.0141 768.428 51
-35.4362 766.763 51
-30.8905 765.056 51
-26.4296 764.308 51
-21.9841 763.52 51
-17.5544 762.694 51
-13.1408 761.828 51
-8.74362 760.924 51
-4.3545 758.981 51
3.7598e-05 758 51
4.31095 753.981 51
8.63898 754.925 51
12.9314 753.831 51
17.2055 752.7 51
21.4608 751.532 51
25.5923 748.33 51
29.8528 748.088 51
34.0412 746.811 51
38.0527 743.505 51
42.3577 744.151 51
46.3894 741.772 51
50.4873 740.354 51
54.564 738.902 51
58.4973 736.422 51
62.6526 735.894 51
66.5248 733.348 51
70.3573 730.772 51
73.9935 727.177 51
78.0675 726.513 51
82.3093 726.799 51
86.0152 724.096 51
89.4894 720.383 51
93.5036 719.585 51
97.3027 717.773 51
101.077 715.93 51
104.827 714.056 51
107.852 709.235 51
112.01 709.247 51
115.676 707.284 51
119.316 705.292 51
122.395 701.343 51
126.242 700.258 51
129.795 698.181 51
128.644 680.774 51
122.688 649.117 51
126.388 648.982 51
130.095 648.813 51
133.809 648.608 51
137.528 648.368 51
143.306 653.731 51
156.543 678.692 51
160.549 678.244 51
163.826 675.897 51
166.325 671.67 51
170.677 672.05 51
173.485 668.704 51
176.247 665.341 51
180.591 665.614 51
182.88 661.293 51
186.375 659.682 51
188.564 655.332 51
191.568 652.773 51
194.096 649.296 51
197.94 648.479 51
201.322 646.737 51
203.751 643.199 51
207.087 641.407 51
208.953 636.961 51
212.235 635.123 51
215.5 633.257 51
218.242 630.501 51
220.436 626.868 51
224.674 626.635 51
226.805 622.965 51
229.427 620.128 51
232.016 617.274 51
233.469 612.734 51
235.979 609.854 51
239.023 607.781 51
241.476 604.863 51
243.315 601.114 51
246.87 599.787 51
249.826 597.62 51
252.762 595.427 51
253.854 590.828 51
256.115 587.812 51
258.966 585.565 51
260.539 581.738 51
263.972 580.224 51
266.114 577.142 51
268.222 574.048 51
271.608 572.45 51
272.999 568.57 51
275.682 566.176 51
276.992 562.284 51
278.937 559.124 51
280.849 555.953 51
284.115 554.21 51
285.971 551.006 51
287.792 547.792 51
288.866 543.868 51
292.052 542.031 51
293.051 538.095 51
295.467 535.527 51
297.86 532.938 51
299.487 529.66 51
301.08 526.373 51
303.393 523.736 51
304.162 519.779 51
305.652 516.472 51
307.878 513.795 51
309.304 510.47 51
311.478 507.761 51
313.628 505.033 51
315.755 502.287 51
315.461 497.717 51
319.935 496.739 51
321.18 493.351 51
322.39 489.958 51
322.746 485.989 51
325.53 483.73 51
324.983 479.204 51
327.717 476.911 51
329.598 474.043 51
331.453 471.159 51
334.131 468.788 51
334.235 464.819 51
335.152 461.38 51
336.897 458.447 51
339.482 456 51
340.309 452.538 51
341.976 449.561 51
342.739 446.092 51
344.35 443.094 51
343.273 438.697 51
345.711 436.148 51
348.129 433.571 51
347.833 429.65 51
349.301 426.608 51
350.741 423.553 51
351.245 420.072 51
350.801 416.187 51
353.985 413.917 51
354.394 410.431 51
355.694 407.333 51
356.039 403.849 51
356.35 400.37 51
358.495 397.613 51
361.555 395.18 51
360.842 391.336 51
361.974 388.182 51
363.079 385.018 51
364.156 381.845 51
364.255 378.354 51
363.366 374.569 51
365.308 371.686 51
367.228 368.778 51
368.163 365.569 51
370.034 362.62 51
368.018 358.61 51
368.864 355.395 51
368.712 351.93 51
371.445 349.176 51
370.261 345.481 51
370.992 342.247 51
372.674 339.214 51
374.331 336.159 51
373.018 332.507 51
373.637 329.249 51
374.227 325.986 51
375.775 322.883 51
373.346 319.132 51
377.804 316.463 51
376.302 312.886 51
377.74 309.73 51
377.168 306.31 51
377.557 303.017 51
377.918 299.721 51
378.251 296.421 51
377.558 293.032 51
379.826 289.893 51
380.072 286.577 51
380.289 283.259 51
380.478 279.94 51
379.638 276.575 51
378.769 273.227 51
380.869 269.973 51
379.942 266.632 51
380.985 263.325 51
379 260 51
380.985 256.675 51
379.942 253.368 51
380.869 250.027 51
379.769 246.738 51
379.638 243.425 51
380.478 240.06 51
379.291 236.802 51
380.072 233.423 51
379.826 230.107 51
379.55 226.794 51
381.237 223.291 51
380.902 219.966 51
378.551 216.87 51
379.153 213.446 51
377.74 210.27 51
380.263 206.558 51
379.782 203.241 51
376.309 200.398 51
377.747 196.787 51
377.181 193.493 51
377.57 190.022 51
375.963 186.92 51
375.311 183.642 51
376.587 179.954 51
373.921 177.104 51
0 260 51
0 260 51
0 260 51
0 260 51
0 260 51
0 260 51
0 260 51
0 260 51
71.7229 238.072 51
71.5288 237.447 51
72.2803 236.515 51
0 260 51
0 260 51
38.6483 246.314 51
37.5877 246.319 51
36.5302 246.342 51
35.4761 246.382 51
36.2863 245.706 51
36.1602 245.39 51
34.1835 245.841 51
34.0587 245.543 51
33.9312 245.246 51
31.9741 245.764 51
32.7586 245.071 51
31.7208 245.208 51
32.4931 244.502 51
33.2554 243.78 51
32.2176 243.937 51
31.1852 244.11 51
30.1584 244.301 51
30.0202 244.038 51
29.8798 243.777 51
29.7371 243.516 51
28.7217 243.75 51
28.5788 243.5 51
28.4338 243.251 51
27.4294 243.519 51
28.1371 242.758 51
28.8336 241.983 51
28.6753 241.732 51
27.6761 242.027 51
26.6843 242.338 51
26.5292 242.106 51
26.372 241.875 51
24.5746 242.793 51
25.2376 241.998 51
25.0795 241.779 51
23.3118 242.75 51
23.9591 241.946 51
34.9075 233.214 51
40.9766 227.986 51
31.3043 235.099 51
25.6458 239.232 51
25.4636 239.009 51
22.9813 240.716 51
0 260 51
0 260 51
0 260 51
0 260 51
0 260 51
0 260 51
0 260 51
0 260 51
0 260 51
0 260 51
0 260 51
