-0 260 19
-0 260 19
-0 260 19
-0 260 19
-0 260 19
-0 260 19
-0 260 19
-0 260 19
-17.3583 244.911 19
-23.5726 239.867 19
-26.0455 238.145 19
-26.2352 238.373 19
-35.7487 231.051 19
-43.0435 225.762 19
-40.9766 227.986 19
-26.1807 239.911 19
-25.5563 240.742 19
-26.5273 240.371 19
-26.6976 240.603 19
-26.8658 240.837 19
-26.2129 241.646 19
-26.372 241.875 19
-26.5292 242.106 19
-26.6843 242.338 19
-25.9988 243.116 19
-26.9885 242.806 19
-25.4414 244.102 19
-27.2845 243.28 19
-28.2865 243.004 19
-28.4338 243.251 19
-27.7128 244 19
-27.8514 244.242 19
-27.9878 244.486 19
-28.1222 244.731 19
-30.0202 244.038 19
-31.0454 243.839 19
-31.1852 244.11 19
-30.4278 244.829 19
-31.4578 244.657 19
-31.5905 244.932 19
-30.8145 245.631 19
-31.8486 245.486 19
-31.9741 245.764 19
-33.9312 245.246 19
-34.9792 245.152 19
-34.1835 245.841 19
-33.3786 246.514 19
-35.3559 246.073 19
-34.5425 246.74 19
-36.5302 246.342 19
-39.4671 245.635 19
-0 260 19
-0 260 19
-0 260 19
-71.3292 236.824 19
-71.5288 237.447 19
-0 260 19
-70.9527 238.983 19
-0 260 19
-0 260 19
-0 260 19
-0 260 19
-0 260 19
-0 260 19
-0 260 19
-0 260 19
-0 260 19
-0 260 19
-0 260 19
-0 260 19
-0 260 19
-0 260 19
-671.628 153.625 19
-671.542 159.638 19
-875.397 136.971 19
-875.446 144.746 19
-864.508 153.852 19
-877.324 160.042 19
-874.185 168.12 19
-864.004 176.806 19
-884.621 182.606 19
-878.284 190.878 19
-875.861 198.754 19
-871.372 206.705 19
-870.805 214.363 19
-836.203 223.491 19
-793.516 232.29 19
-799.726 239.059 19
-788.88 246.23 19
-806.969 252.958 19
-798 260 19
-787.97 266.877 19
-782.881 273.665 19
-778.733 280.392 19
-776.527 287.117 19
-780.257 294.067 19
-782.926 301.032 19
-783.536 307.923 19
-786.08 314.968 19
-776.599 321.12 19
-776.036 327.894 19
-766.455 333.801 19
-759.815 339.86 19
-762.07 346.827 19
-763.268 353.718 19
-761.43 360.244 19
-764.487 367.442 19
-762.531 373.961 19
-757.557 379.985 19
-761.412 387.417 19
-767.165 395.272 19
-761.039 401.05 19
-762.724 408.259 19
-768.261 416.305 19
-762.955 422.171 19
-759.558 428.39 19
-755.137 434.337 19
-757.476 441.854 19
-765.563 450.876 19
-760.964 456.799 19
-757.286 462.914 19
-751.632 468.446 19
-766.126 479.683 19
-754.591 483.52 19
-747.83 488.635 19
-748.668 496.054 19
-753.237 504.742 19
-753.917 512.257 19
-752.633 519.152 19
-748.457 525.043 19
-758.332 536.01 19
-759.641 544.018 19
-770.204 555.654 19
-753.638 556.866 19
-754.728 564.93 19
-768.668 578.393 19
-756.655 581.181 19
-760.243 590.563 19
-749.107 593.524 19
-754.358 603.781 19
-745.891 607.815 19
-740.12 613.019 19
-1089.34 791.306 19
-1107.93 812.393 19
-1137.82 839.746 19
-776.134 664.03 19
-731.081 648.723 19
-719.751 650.793 19
-734.681 667.24 19
-684.97 647.537 19
-685.026 655.5 19
-691.027 667.046 19
-735.449 701.903 19
-757.144 723.979 19
-684.375 687.645 19
-780.137 757.002 19
-767.384 758.345 19
-775.514 773.301 19
-759.02 781.66 19
-702.571 779.875 19
-675.646 769.136 19
-0 260 19
-0 260 19
-0 260 19
-0 260 19
-0 260 19
-0 260 19
-0 260 19
-0 260 19
-0 260 19
-0 260 19
-0 260 19
-0 260 19
-0 260 19
-0 260 19
-0 260 19
-0 260 19
-0 260 19
-0 260 19
-0 260 19
-0 260 19
-0 260 19
-0 260 19
-0 260 19
-0 260 19
-0 260 19
-0 260 19
-0 260 19
-0 260 19
-0 260 19
-0 260 19
-0 260 19
-0 260 19
-0 260 19
-0 260 19
-0 260 19
-0 260 19
-0 260 19
-0 260 19
-0 260 19
-0 260 19
-0 260 19
-0 260 19
-0 260 19
-0 260 19
-0 260 19
-0 260 19
-0 260 19
-0 260 19
-0 260 19
-0 260 19
-0 260 19
-0 260 19
-0 260 19
-0 260 19
-0 260 19
-0 260 19
-0 260 19
-0 260 19
-0 260 19
-0 260 19
-0 260 19
-0 260 19
-0 260 19
-0 260 19
-0 260 19
-0 260 19
-0 260 19
-0 260 19
-0 260 19
-0 260 19
-0 260 19
-0 260 19
-0 260 19
-0 260 19
-0 260 19
-0 260 19
-0 260 19
-0 260 19
-0 260 19
-0 260 19
-0 260 19
-0 260 19
-0 260 19
-0 260 19
-0 260 19
-0 260 19
-0 260 19
-0 260 19
-0 260 19
-0 260 19
-0 260 19
0 260 19
0 260 19
0 260 19
0 260 19
0 260 19
0 260 19
0 260 19
0 260 19
0 260 19
0 260 19
0 260 19
0 260 19
0 260 19
0 260 19
0 260 19
0 260 19
0 260 19
0 260 19
0 260 19
0 260 19
0 260 19
0 260 19
0 260 19
0 260 19
0 260 19
0 260 19
0 260 19
0 260 19
0 260 19
0 260 19
0 260 19
0 260 19
0 260 19
0 260 19
0 260 19
0 260 19
0 260 19
0 260 19
0 260 19
0 260 19
0 260 19
0 260 19
0 260 19
0 260 19
0 260 19
0 260 19
0 260 19
0 260 19
0 260 19
0 260 19
0 260 19
0 260 19
0 260 19
0 260 19
0 260 19
0 260 19
0 260 19
0 260 19
0 260 19
0 260 19
0 260 19
0 260 19
0 260 19
0 260 19
0 260 19
0 260 19
0 260 19
0 260 19
0 260 19
0 260 19
0 260 19
0 260 19
0 260 19
0 260 19
0 260 19
0 260 19
0 260 19
0 260 19
0 260 19
0 260 19
0 260 19
0 260 19
0 260 19
0 260 19
0 260 19
0 260 19
0 260 19
0 260 19
0 260 19
0 260 19
0 260 19
0 260 19
0 260 19
0 260 19
0 260 19
0 260 19
0 260 19
0 260 19
0 260 19
0 260 19
0 260 19
0 260 19
0 260 19
0 260 19
0 260 19
0 260 19
0 260 19
0 260 19
0 260 19
0 260 19
0 260 19
0 260 19
0 260 19
0 260 19
0 260 19
0 260 19
0 260 19
0 260 19
0 260 19
0 260 19
0 260 19
0 260 19
0 260 19
0 260 19
0 260 19
0 260 19
0 260 19
0 260 19
0 260 19
0 260 19
0 260 19
0 260 19
0 260 19
0 260 19
0 260 19
0 260 19
0 260 19
0 260 19
0 260 19
0 260 19
0 260 19
0 260 19
0 260 19
0 260 19
0 260 19
0 260 19
0 260 19
0 260 19
0 260 19
0 260 19
0 260 19
0 260 19
0 260 19
0 260 19
0 260 19
0 260 19
0 260 19
0 260 19
0 260 19
0 260 19
0 260 19
0 260 19
0 260 19
0 260 19
0 260 19
0 260 19
0 260 19
0 260 19
0 260 19
0 260 19
0 260 19
0 260 19
0 260 19
0 260 19
0 260 19
0 260 19
0 260 19
651.777 277.067 19
648.901 271.327 19
643.975 265.62 19
640 260 19
644.975 254.371 19
659.899 248.481 19
653.776 242.88 19
669.592 236.617 19
672.359 230.644 19
667.085 225.04 19
698.694 217.266 19
697.297 211.24 19
695.848 205.236 19
0 260 19
1159.99 107.284 19
1152.67 98.0025 19
1138.36 89.8714 19
1129.92 81.039 19
1105.63 74.9816 19
1090.18 67.7715 19
1115.01 53.3449 19
1114.15 43.4318 19
1061.26 44.0845 19
1047.6 37.3266 19
1028.04 32.0891 19
0 260 19
0 260 19
0 260 19
0 260 19
0 260 19
0 260 19
0 260 19
71.9115 238.699 19
70.7666 238.364 19
71.5288 237.447 19
0 260 19
0 260 19
0 260 19
38.6483 246.314 19
38.5274 245.977 19
37.4669 245.992 19
36.4096 246.024 19
35.3559 246.073 19
36.1602 245.39 19
35.1074 245.458 19
34.9792 245.152 19
33.9312 245.246 19
32.8876 245.357 19
32.7586 245.071 19
32.6271 244.786 19
33.3957 244.071 19
33.2554 243.78 19
33.1126 243.491 19
31.1852 244.11 19
31.9324 243.377 19
30.0202 244.038 19
29.001 244.254 19
29.7371 243.516 19
29.5921 243.258 19
29.4449 243 19
28.4338 243.251 19
29.1437 242.489 19
29.8424 241.713 19
28.8336 241.983 19
27.8319 242.269 19
28.5148 241.482 19
27.5182 241.786 19
26.5292 242.106 19
26.372 241.875 19
27.032 241.072 19
26.8658 240.837 19
25.8885 241.191 19
24.1157 242.155 19
24.7577 241.344 19
34.9075 233.214 19
40.9766 227.986 19
31.3043 235.099 19
25.6458 239.232 19
26.2352 238.373 19
23.7474 240.074 19
0 260 19
0 260 19
0 260 19
0 260 19
0 260 19
0 260 19
0 260 19
0 260 19
0 260 19
0 260 19
0 260 19
