-0 260 164
-0 260 164
-0 260 164
-0 260 164
-0 260 164
-0 260 164
-0 260 164
-0 260 164
-15.8489 246.223 164
-22.8122 240.517 164
-26.0455 238.145 164
-26.2352 238.373 164
-31.863 234.198 164
-43.0435 225.762 164
-39.4005 229.217 164
-27.7674 238.693 164
-26.355 240.14 164
-26.5273 240.371 164
-26.6976 240.603 164
-26.8658 240.837 164
-26.2129 241.646 164
-25.5479 242.441 164
-26.5292 242.106 164
-27.5182 241.786 164
-26.8375 242.572 164
-26.9885 242.806 164
-27.1375 243.043 164
-27.2845 243.28 164
-27.4294 243.519 164
-27.5721 243.759 164
-26.8468 244.5 164
-26.981 244.735 164
-27.1132 244.971 164
-29.001 244.254 164
-29.1373 244.507 164
-30.1584 244.301 164
-31.1852 244.11 164
-29.5328 245.275 164
-31.4578 244.657 164
-30.6879 245.363 164
-31.7208 245.208 164
-32.7586 245.071 164
-31.9741 245.764 164
-33.0142 245.645 164
-34.0587 245.543 164
-34.1835 245.841 164
-33.3786 246.514 164
-34.4255 246.439 164
-35.4761 246.382 164
-37.4669 245.992 164
-39.4671 245.635 164
-0 260 164
-0 260 164
-0 260 164
-71.3292 236.824 164
-71.5288 237.447 164
-0 260 164
-71.9115 238.699 164
-0 260 164
-0 260 164
-0 260 164
-0 260 164
-0 260 164
-0 260 164
-0 260 164
-0 260 164
-0 260 164
-0 260 164
-0 260 164
-0 260 164
-0 260 164
-0 260 164
-712.123 147.211 164
-712.091 153.577 164
-712.993 159.795 164
-712.849 166.152 164
-712.648 172.498 164
-712.391 178.833 164
-714.067 184.949 164
-715.69 191.087 164
-711.283 197.771 164
-711.799 203.98 164
-713.258 210.124 164
-712.668 216.411 164
-712.023 222.685 164
-711.322 228.943 164
-712.566 235.117 164
-711.756 241.362 164
-712.891 247.557 164
-711.973 253.787 164
-710 260 164
-710.973 266.205 164
-711.892 272.426 164
-711.756 278.638 164
-711.566 284.849 164
-710.323 291.013 164
-711.024 297.263 164
-710.672 303.467 164
-708.27 309.527 164
-707.811 315.706 164
-706.302 321.794 164
-705.736 327.955 164
-705.116 334.111 164
-703.449 340.148 164
-702.723 346.284 164
-700.952 352.282 164
-699.129 358.256 164
-699.234 364.501 164
-696.32 370.286 164
-694.345 376.194 164
-693.305 382.248 164
-691.228 388.112 164
-691.066 394.33 164
-687.907 399.956 164
-685.681 405.746 164
-683.407 411.508 164
-681.085 417.241 164
-680.659 423.412 164
-677.266 428.862 164
-674.799 434.515 164
-673.25 440.397 164
-669.723 445.731 164
-668.077 451.568 164
-665.421 457.107 164
-661.763 462.321 164
-660.926 468.389 164
-658.131 473.84 164
-654.343 478.94 164
-651.462 484.317 164
-648.537 489.659 164
-645.569 494.968 164
-643.494 500.593 164
-640.436 505.84 164
-636.406 510.687 164
-634.194 516.231 164
-631.01 521.373 164
-626.864 526.088 164
-622.684 530.751 164
-620.297 536.174 164
-616.954 541.162 164
-613.57 546.113 164
-610.148 551.026 164
-605.787 555.462 164
-602.291 560.291 164
-597.865 564.628 164
-595.184 569.833 164
-592.458 575.015 164
-587.929 579.219 164
-584.246 583.853 164
-580.527 588.447 164
-575.041 592 164
-572.983 597.513 164
-569.159 601.985 164
-563.595 605.372 164
-560.56 610.277 164
-557.482 615.155 164
-551.845 618.373 164
-549.531 623.727 164
-545.507 627.949 164
-540.627 631.563 164
-535.725 635.119 164
-531.617 639.199 164
-526.67 642.648 164
-522.507 646.635 164
-519.912 651.782 164
-515.68 655.695 164
-509.843 658.333 164
-507.13 663.39 164
-500.482 665.282 164
-496.926 669.634 164
-491.8 672.67 164
-486.66 675.647 164
-483.014 679.878 164
-477.834 682.752 164
-474.869 687.575 164
-470.383 691.027 164
-465.141 693.751 164
-460.613 697.105 164
-454.623 699.024 164
-450.774 702.975 164
-445.477 705.477 164
-440.872 708.635 164
-435.551 711.026 164
-430.91 714.084 164
-424.885 715.633 164
-420.217 718.587 164
-415.53 721.493 164
-411.487 725.102 164
-406.1 727.165 164
-401.359 729.931 164
-395.957 731.883 164
-391.188 734.549 164
-385.773 736.391 164
-380.356 738.174 164
-376.169 741.475 164
-370.127 742.359 164
-365.302 744.772 164
-359.868 746.333 164
-354.434 747.837 164
-349.583 750.098 164
-345.293 753.13 164
-340.41 755.3 164
-334.956 756.594 164
-328.954 756.996 164
-323.516 758.17 164
-319.156 760.975 164
-314.772 763.741 164
-308.274 763.058 164
-303.357 764.872 164
-295.895 762.33 164
-278.5 742.376 164
-269.848 736.955 164
-264.221 736.668 164
-260.051 738.955 164
-269.477 766.812 164
-266.891 772.692 164
-261.952 774.111 164
-257.01 775.482 164
-251.625 775.908 164
-246.683 777.181 164
-241.315 777.502 164
-235.96 777.768 164
-230.62 777.98 164
-226.091 779.973 164
-220.372 779.165 164
-215.068 779.22 164
-210.529 781.077 164
-205.607 781.964 164
-200.328 781.871 164
-194.715 780.79 164
-189.821 781.529 164
-184.929 782.223 164
-180.039 782.872 164
-174.518 781.578 164
-169.959 783.081 164
-164.787 782.637 164
-160.22 784.055 164
-154.788 782.557 164
-149.671 781.965 164
-144.843 782.288 164
-140.021 782.566 164
-134.955 781.832 164
-129.912 781.049 164
-125.127 781.19 164
-120.574 782.262 164
-115.362 780.366 164
-110.817 781.353 164
-105.864 780.34 164
-101.129 780.262 164
-96.2203 779.159 164
-91.3389 778.009 164
-86.6499 777.8 164
-81.9716 777.549 164
-77.0087 775.277 164
-72.5091 775.93 164
-68.0041 776.543 164
-63.1283 774.139 164
-58.526 773.677 164
-53.9366 773.173 164
-49.2647 771.634 164
-44.5365 769.055 164
-40.0141 768.428 164
-35.5758 768.758 164
-31.0126 767.052 164
-26.5343 766.305 164
-22.0278 764.519 164
-17.5893 763.693 164
-13.167 762.828 164
-8.74362 760.924 164
-4.34578 757.981 164
3.7598e-05 758 164
4.3284 755.981 164
8.65643 755.924 164
12.9576 754.83 164
17.1706 751.7 164
21.4172 750.533 164
25.6447 749.328 164
29.8528 748.088 164
33.9714 745.814 164
38.2096 745.499 164
42.2706 743.154 164
46.3894 741.772 164
50.3828 739.36 164
54.564 738.902 164
58.4973 736.422 164
62.5221 734.902 164
66.3856 732.358 164
70.0617 728.794 164
74.15 728.164 164
78.2326 727.499 164
81.962 724.829 164
85.6507 722.13 164
89.6803 721.365 164
93.3042 718.605 164
97.3027 717.773 164
100.428 713.001 164
104.377 712.108 164
108.319 711.18 164
112.01 709.247 164
115.676 707.284 164
119.057 704.326 164
122.662 702.306 164
126.242 700.258 164
129.795 698.181 164
132.737 694.162 164
136.821 693.941 164
140.294 691.78 164
143.739 689.591 164
146.18 684.538 164
150.547 685.131 164
153.567 681.922 164
156.543 678.692 164
160.549 678.244 164
163.46 674.966 164
166.7 672.597 164
169.911 670.203 164
173.094 667.784 164
176.247 665.341 164
179.371 662.874 164
182.05 659.473 164
184.684 656.056 164
188.564 655.332 164
191.13 651.874 164
193.65 648.402 164
197.486 647.588 164
200.399 644.963 164
203.281 642.316 164
205.655 638.77 164
208.953 636.961 164
210.757 632.512 164
214 630.659 164
217.226 628.777 164
220.436 626.868 164
223.107 624.077 164
224.156 618.724 164
227.815 617.598 164
229.838 613.919 164
232.365 611.066 164
235.979 609.854 164
238.457 606.957 164
240.329 603.225 164
242.734 600.3 164
246.282 598.978 164
248.041 595.208 164
250.355 592.232 164
252.027 588.448 164
256.115 587.812 164
257.721 584 164
259.909 580.961 164
263.336 579.453 164
264.829 575.61 164
267.573 573.287 164
270.296 570.94 164
272.337 567.821 164
273.005 563.203 164
274.965 560.072 164
277.573 557.661 164
281.537 556.678 164
281.337 551.333 164
284.569 549.58 164
285.671 545.671 164
288.153 543.167 164
290.613 540.642 164
291.601 536.719 164
292.541 532.799 164
295.648 530.912 164
297.258 527.652 164
299.582 525.048 164
301.129 521.768 164
301.881 517.831 164
304.12 515.187 164
305.563 511.887 164
309.304 510.47 164
309.13 505.893 164
312.052 503.802 164
313.375 500.461 164
316.26 498.319 164
316.72 494.36 164
317.944 491 164
319.133 487.636 164
320.288 484.268 164
323.057 482.031 164
325.812 479.763 164
326.883 476.359 164
327.92 472.954 164
328.923 469.547 164
329.891 466.139 164
330.824 462.729 164
332.581 459.835 164
333.45 456.417 164
336.018 454 164
337.698 451.06 164
339.352 448.106 164
339.223 444.183 164
340.818 441.216 164
342.386 438.235 164
342.147 434.332 164
343.655 431.34 164
345.137 428.335 164
346.593 425.316 164
348.929 422.708 164
348.515 418.828 164
349.888 415.78 164
351.234 412.721 164
352.553 409.65 164
352.922 406.185 164
354.184 403.1 164
355.42 400.003 164
357.561 397.255 164
356.872 393.429 164
356.144 389.626 164
359.146 387.18 164
361.188 384.367 164
359.415 380.258 164
361.401 377.426 164
362.412 374.268 164
363.396 371.101 164
363.393 367.642 164
363.357 364.191 164
364.252 361.016 164
365.12 357.834 164
366.928 354.894 164
367.742 351.688 164
366.583 348.009 164
368.312 345.031 164
370.016 342.031 164
367.783 338.175 164
370.412 335.361 164
370.073 331.935 164
371.67 328.885 164
369.303 325.118 164
371.83 322.223 164
373.346 319.132 164
374.837 316.02 164
372.341 312.329 164
372.783 309.078 164
374.19 305.945 164
373.583 302.564 164
372.946 299.198 164
375.264 296.134 164
375.565 292.858 164
376.835 289.658 164
376.082 286.298 164
375.299 282.954 164
376.483 279.731 164
377.64 276.488 164
374.772 273.087 164
376.871 269.869 164
376.943 266.58 164
378.986 263.307 164
377 260 164
375.986 256.719 164
377.942 253.403 164
377.87 250.105 164
377.77 246.808 164
376.641 243.555 164
376.483 240.269 164
377.295 236.924 164
378.077 233.562 164
377.832 230.264 164
378.554 226.881 164
376.26 223.77 164
374.935 220.593 164
375.57 217.209 164
375.182 213.933 164
375.758 210.531 164
377.292 206.975 164
375.826 203.832 164
375.322 200.555 164
374.789 197.282 164
373.242 194.187 164
372.654 190.933 164
372.037 187.683 164
371.391 184.44 164
369.74 181.409 164
368.064 178.402 164
0 260 164
0 260 164
0 260 164
0 260 164
0 260 164
0 260 164
0 260 164
0 260 164
69.8102 238.657 164
71.5288 237.447 164
0 260 164
0 260 164
0 260 164
39.5909 245.98 164
36.648 246.661 164
36.5302 246.342 164
35.4761 246.382 164
35.3559 246.073 164
35.233 245.765 164
35.1074 245.458 164
34.0587 245.543 164
33.0142 245.645 164
33.8012 244.951 164
31.8486 245.486 164
31.7208 245.208 164
33.3957 244.071 164
33.2554 243.78 164
33.1126 243.491 164
31.1852 244.11 164
31.0454 243.839 164
30.0202 244.038 164
29.8798 243.777 164
28.8625 244.001 164
28.7217 243.75 164
28.5788 243.5 164
28.4338 243.251 164
29.1437 242.489 164
28.9898 242.235 164
28.8336 241.983 164
27.8319 242.269 164
28.5148 241.482 164
27.5182 241.786 164
27.3582 241.547 164
27.1962 241.309 164
26.2129 241.646 164
25.2376 241.998 164
25.8885 241.191 164
24.1157 242.155 164
24.7577 241.344 164
35.7009 232.606 164
40.9766 227.986 164
32.8695 233.854 164
26.423 238.603 164
26.2352 238.373 164
22.9813 240.716 164
0 260 164
0 260 164
0 260 164
0 260 164
0 260 164
0 260 164
0 260 164
0 260 164
0 260 164
0 260 164
0 260 164
