-0 260 236
-0 260 236
-0 260 236
-0 260 236
-0 260 236
-0 260 236
-0 260 236
-0 260 236
-15.8489 246.223 236
-23.5726 239.867 236
-25.2795 238.788 236
-27.7785 237.101 236
-33.4173 232.939 236
-43.0435 225.762 236
-41.7646 227.37 236
-27.7674 238.693 236
-26.355 240.14 236
-26.5273 240.371 236
-26.6976 240.603 236
-26.8658 240.837 236
-26.2129 241.646 236
-26.372 241.875 236
-27.3582 241.547 236
-26.6843 242.338 236
-25.9988 243.116 236
-27.8319 242.269 236
-27.9856 242.513 236
-28.1371 242.758 236
-28.2865 243.004 236
-28.4338 243.251 236
-28.5788 243.5 236
-26.981 244.735 236
-27.9878 244.486 236
-29.001 244.254 236
-30.0202 244.038 236
-31.0454 243.839 236
-31.1852 244.11 236
-30.4278 244.829 236
-31.4578 244.657 236
-32.4931 244.502 236
-31.7208 245.208 236
-31.8486 245.486 236
-32.8876 245.357 236
-33.9312 245.246 236
-34.0587 245.543 236
-34.1835 245.841 236
-34.3058 246.14 236
-36.2863 245.706 236
-36.4096 246.024 236
-37.4669 245.992 236
-40.4068 245.293 236
-42.4189 244.979 236
-0 260 236
-0 260 236
-72.2803 236.515 236
-71.5288 237.447 236
-0 260 236
-0 260 236
-0 260 236
-0 260 236
-0 260 236
-0 260 236
-0 260 236
-0 260 236
-0 260 236
-0 260 236
-0 260 236
-0 260 236
-0 260 236
-0 260 236
-0 260 236
-0 260 236
-697.308 149.557 236
-697.256 155.794 236
-698.139 161.883 236
-698.969 167.979 236
-698.753 174.204 236
-699.475 180.305 236
-699.149 186.517 236
-700.759 192.525 236
-700.325 198.73 236
-699.836 204.922 236
-701.288 210.961 236
-700.691 217.144 236
-701.038 223.26 236
-700.333 229.423 236
-700.573 235.536 236
-700.76 241.65 236
-700.893 247.766 236
-699.973 253.892 236
-699 260 236
-698.973 266.1 236
-697.894 272.182 236
-698.76 278.298 236
-697.575 284.36 236
-697.336 290.446 236
-696.045 296.478 236
-695.7 302.551 236
-694.305 308.551 236
-692.858 314.529 236
-693.352 320.66 236
-691.8 326.613 236
-690.198 332.543 236
-689.539 338.563 236
-687.834 344.456 236
-687.071 350.455 236
-685.265 356.308 236
-683.41 362.136 236
-682.493 368.096 236
-681.523 374.048 236
-678.533 379.644 236
-678.446 385.743 236
-676.341 391.467 236
-674.188 397.165 236
-671.987 402.835 236
-670.715 408.694 236
-667.443 414.092 236
-666.073 419.91 236
-663.682 425.475 236
-661.245 431.01 236
-658.761 436.515 236
-656.232 441.989 236
-653.658 447.433 236
-651.997 453.131 236
-649.331 458.52 236
-647.574 464.179 236
-642.914 468.896 236
-642.015 474.815 236
-638.225 479.759 236
-636.283 485.32 236
-632.413 490.18 236
-630.38 495.69 236
-626.432 500.465 236
-623.38 505.556 236
-619.359 510.237 236
-617.151 515.633 236
-614.897 521.008 236
-610.762 525.567 236
-607.508 530.48 236
-605.124 535.771 236
-601.788 540.619 236
-597.511 544.998 236
-594.103 549.763 236
-590.657 554.491 236
-587.173 559.18 236
-584.54 564.292 236
-580.097 568.443 236
-575.625 572.539 236
-573.75 578.035 236
-570.083 582.538 236
-566.381 587 236
-562.644 591.423 236
-558.873 595.805 236
-555.069 600.147 236
-551.231 604.448 236
-547.361 608.708 236
-544.297 613.471 236
-539.524 617.103 236
-534.729 620.679 236
-531.561 625.332 236
-526.715 628.81 236
-523.476 633.392 236
-519.389 637.358 236
-516.076 641.876 236
-511.127 645.162 236
-506.953 648.999 236
-502.751 652.792 236
-496.956 655.297 236
-492.71 658.989 236
-489.21 663.274 236
-484.906 666.885 236
-479.816 669.802 236
-476.976 674.629 236
-471.842 677.451 236
-467.438 680.883 236
-463.01 684.271 236
-457.096 686.249 236
-454.084 690.91 236
-448.149 692.772 236
-444.355 696.667 236
-439.113 699.113 236
-435.265 702.929 236
-429.993 705.271 236
-426.091 709.007 236
-420.793 711.245 236
-415.488 713.426 236
-411.515 717.034 236
-404.861 717.612 236
-400.852 721.128 236
-396.163 723.848 236
-392.1 727.287 236
-386.099 728.376 236
-381.997 731.728 236
-376.621 733.478 236
-371.859 735.959 236
-367.083 738.392 236
-361.089 739.181 236
-356.299 741.51 236
-352.083 744.601 236
-347.26 746.841 236
-341.852 748.215 236
-337.012 750.355 236
-331.042 750.79 236
-326.195 752.827 236
-321.337 754.816 236
-315.932 755.914 236
-311.063 757.804 236
-306.184 759.647 236
-301.812 762.3 236
-296.402 763.191 236
-291 764.027 236
-286.098 765.677 236
-279.25 763.781 236
-262.914 744.228 236
-254.454 738.558 236
-249.344 738.986 236
-245.155 741.144 236
-251.656 764.743 236
-250.31 773.211 236
-245.822 775.376 236
-240.047 774.783 236
-235.546 776.858 236
-229.806 776.153 236
-224.496 776.305 236
-219.591 777.324 236
-215.068 779.22 236
-209.78 779.223 236
-204.874 780.103 236
-199.611 780.004 236
-194.715 780.79 236
-189.821 781.529 236
-184.929 782.223 236
-179.388 780.981 236
-174.835 782.526 236
-169.65 782.13 236
-164.486 781.683 236
-159.635 782.142 236
-154.788 782.557 236
-149.947 782.926 236
-144.843 782.288 236
-140.021 782.566 236
-134.704 780.863 236
-130.396 782.989 236
-125.36 782.163 236
-120.574 782.262 236
-115.579 781.342 236
-110.817 781.353 236
-106.064 781.32 236
-101.129 780.262 236
-96.4025 780.142 236
-91.5125 778.994 236
-86.98 779.773 236
-82.1281 778.536 236
-77.4521 778.244 236
-72.7875 777.91 236
-68.0041 776.543 236
-63.4939 777.117 236
-58.8656 776.657 236
-54.2502 776.157 236
-49.5522 774.62 236
-44.9723 774.036 236
-40.3279 772.416 236
-35.785 771.75 236
-31.3179 772.043 236
-26.796 771.298 236
-22.2458 769.515 236
-17.7638 768.69 236
-13.2717 766.826 236
-8.83088 765.923 236
-4.39814 763.981 236
3.80509e-05 764 236
4.38076 761.981 236
8.76115 761.924 236
13.1147 760.828 236
17.4149 758.696 236
21.7225 757.526 236
25.9063 754.322 236
30.2801 755.075 236
34.4597 752.797 236
38.6804 751.48 236
42.8807 750.128 236
46.9645 747.744 236
51.219 747.316 236
55.3564 745.857 236
59.4723 744.363 236
63.3052 740.851 236
67.6382 741.27 236
71.5398 738.684 236
75.7143 738.041 236
79.553 735.39 236
83.5248 733.693 236
87.1086 729.996 236
91.3975 730.199 236
95.0985 727.424 236
99.1739 726.576 236
103.025 724.717 236
106.627 721.851 236
110.42 719.931 236
114.187 717.98 236
117.679 715.029 236
121.645 713.985 236
125.068 710.979 236
128.998 709.87 236
132.351 706.81 236
136.245 705.638 236
139.828 703.478 236
143.384 701.29 236
146.277 697.177 236
150.413 696.83 236
153.885 694.558 236
156.645 690.379 236
160.745 689.933 236
164.133 687.58 236
167.491 685.201 236
170.821 682.796 236
174.504 681.289 236
176.61 676.068 236
180.235 674.511 236
183.032 671.095 236
187.441 671.302 236
189.756 666.932 236
193.3 665.261 236
196.829 663.559 236
200.343 661.826 236
202.934 658.28 236
205.94 655.607 236
207.976 651.146 236
211.381 649.316 236
215.255 648.331 236
218.144 645.568 236
220.5 641.917 236
223.824 639.978 236
227.132 638.011 236
229.377 634.309 236
231.575 630.597 236
234.8 628.562 236
235.829 623.144 236
240.093 622.74 236
242.69 619.802 236
245.82 617.671 236
247.785 613.874 236
251.444 612.512 236
252.748 607.877 236
255.774 605.658 236
258.179 602.615 236
260.55 599.555 236
263.503 597.269 236
266.436 594.956 236
268.72 591.841 236
270.969 588.712 236
273.185 585.569 236
276.015 583.173 236
277.513 579.242 236
280.951 577.557 236
281.704 572.864 236
284.423 570.394 236
286.439 567.169 236
289.797 565.383 236
291.062 561.403 236
292.98 558.139 236
294.864 554.864 236
296.712 551.578 236
299.965 549.673 236
301.756 546.355 236
302.78 542.347 236
305.233 539.694 236
306.919 536.351 236
308.57 532.999 236
310.186 529.64 236
312.527 526.923 236
314.844 524.186 236
316.366 520.792 236
318.63 518.021 236
321.652 515.854 236
322.296 511.806 236
323.688 508.375 236
326.642 506.142 236
327.17 502.093 236
328.461 498.641 236
328.903 494.604 236
333.395 493.446 236
334.595 489.961 236
334.931 485.914 236
338.558 484.086 236
338.823 480.034 236
339.887 476.532 236
340.067 472.498 236
341.056 468.999 236
344.581 467.045 236
345.513 463.523 236
347.276 460.5 236
347.272 456.477 236
348.973 453.439 236
350.648 450.386 236
352.296 447.319 236
352.143 443.314 236
354.621 440.688 236
357.079 438.033 236
358.619 434.91 236
358.326 430.913 236
358.898 427.357 236
360.345 424.219 236
360.85 420.661 236
361.322 417.107 236
363.599 414.339 236
364.932 411.16 236
367.165 408.344 236
367.515 404.768 236
368.764 401.555 236
369.049 397.982 236
371.179 395.098 236
368.573 390.518 236
370.643 387.623 236
372.691 384.701 236
374.716 381.753 236
372.903 377.576 236
373.915 374.317 236
375.857 371.334 236
375.853 367.774 236
375.816 364.223 236
376.711 360.939 236
377.578 357.648 236
379.386 354.591 236
378.252 350.81 236
380.979 347.956 236
380.755 344.411 236
381.478 341.086 236
381.191 337.554 236
381.853 334.225 236
382.486 330.89 236
384.075 327.723 236
385.638 324.534 236
385.198 321.009 236
383.738 317.35 236
384.224 313.999 236
385.672 310.775 236
384.115 307.163 236
385.506 303.923 236
383.885 300.348 236
387.209 297.284 236
385.527 293.729 236
387.801 290.521 236
387.055 287.066 236
387.276 283.687 236
386.47 280.254 236
386.632 276.881 236
387.764 273.541 236
387.867 270.157 236
389.941 266.806 236
388.985 263.395 236
388 260 236
388.985 256.605 236
386.941 253.246 236
386.867 249.87 236
387.764 246.459 236
388.63 243.032 236
389.466 239.589 236
387.276 236.313 236
387.055 232.934 236
386.804 229.558 236
387.52 226.096 236
385.218 222.908 236
386.869 219.338 236
386.499 215.964 236
388.086 212.349 236
384.681 209.356 236
385.214 205.862 236
384.727 202.502 236
385.198 198.991 236
383.665 195.796 236
384.075 192.277 236
382.486 189.11 236
382.835 185.584 236
381.191 182.446 236
379.521 179.33 236
379.779 175.805 236
0 260 236
0 260 236
0 260 236
0 260 236
0 260 236
0 260 236
0 260 236
0 260 236
71.7229 238.072 236
72.4825 237.146 236
0 260 236
0 260 236
0 260 236
40.5336 245.646 236
37.5877 246.319 236
37.4669 245.992 236
35.4761 246.382 236
36.2863 245.706 236
36.1602 245.39 236
36.0313 245.075 236
34.0587 245.543 236
33.9312 245.246 236
33.8012 244.951 236
32.7586 245.071 236
32.6271 244.786 236
33.3957 244.071 236
33.2554 243.78 236
34.9024 242.598 236
32.0762 243.656 236
31.9324 243.377 236
30.0202 244.038 236
30.7586 243.299 236
29.7371 243.516 236
28.7217 243.75 236
29.4449 243 236
28.4338 243.251 236
29.1437 242.489 236
28.9898 242.235 236
28.8336 241.983 236
28.6753 241.732 236
28.5148 241.482 236
28.3521 241.234 236
27.3582 241.547 236
27.1962 241.309 236
26.2129 241.646 236
26.8658 240.837 236
25.8885 241.191 236
25.7234 240.966 236
23.9591 241.946 236
32.5275 235.041 236
39.4005 229.217 236
32.0869 234.477 236
27.2001 237.974 236
26.2352 238.373 236
23.7474 240.074 236
0 260 236
0 260 236
0 260 236
0 260 236
0 260 236
0 260 236
0 260 236
0 260 236
0 260 236
0 260 236
0 260 236
