-0 260 214
-0 260 214
-0 260 214
-0 260 214
-0 260 214
-0 260 214
-0 260 214
-0 260 214
-15.8489 246.223 214
-22.8122 240.517 214
-26.0455 238.145 214
-27.0069 237.737 214
-33.4173 232.939 214
-40.6956 227.629 214
-41.7646 227.37 214
-27.7674 238.693 214
-25.5563 240.742 214
-25.7234 240.966 214
-25.8885 241.191 214
-26.8658 240.837 214
-26.2129 241.646 214
-26.372 241.875 214
-25.7002 242.665 214
-25.8505 242.89 214
-27.6761 242.027 214
-26.1451 243.344 214
-27.1375 243.043 214
-27.2845 243.28 214
-27.4294 243.519 214
-27.5721 243.759 214
-27.7128 244 214
-26.981 244.735 214
-27.1132 244.971 214
-28.1222 244.731 214
-30.0202 244.038 214
-29.2714 244.762 214
-30.2942 244.564 214
-30.4278 244.829 214
-29.6602 245.534 214
-31.5905 244.932 214
-30.8145 245.631 214
-31.8486 245.486 214
-32.8876 245.357 214
-32.0971 246.044 214
-33.1382 245.934 214
-35.1074 245.458 214
-34.3058 246.14 214
-34.4255 246.439 214
-35.4761 246.382 214
-37.4669 245.992 214
-39.4671 245.635 214
-0 260 214
-0 260 214
-0 260 214
-73.2314 236.206 214
-71.5288 237.447 214
-0 260 214
-0 260 214
-0 260 214
-0 260 214
-0 260 214
-0 260 214
-0 260 214
-0 260 214
-0 260 214
-0 260 214
-0 260 214
-0 260 214
-0 260 214
-0 260 214
-0 260 214
-0 260 214
-725.951 145.021 214
-724.949 151.656 214
-725.867 157.986 214
-727.721 164.194 214
-726.544 170.792 214
-728.288 177.022 214
-727.99 183.485 214
-727.635 189.937 214
-729.215 196.202 214
-729.743 202.568 214
-729.219 209.008 214
-728.638 215.435 214
-729.998 221.743 214
-729.305 228.158 214
-730.555 234.489 214
-729.75 240.891 214
-728.889 247.277 214
-729.972 253.63 214
-730 260 214
-727.972 266.353 214
-727.889 272.705 214
-728.75 279.083 214
-727.557 285.407 214
-727.307 291.755 214
-726.004 298.048 214
-725.644 304.382 214
-724.231 310.643 214
-723.762 316.961 214
-722.241 323.188 214
-720.667 329.392 214
-721.028 335.783 214
-718.352 341.846 214
-718.603 348.234 214
-715.823 354.24 214
-714.974 360.483 214
-714.069 366.718 214
-712.123 372.789 214
-710.126 378.834 214
-709.062 385.027 214
-705.977 390.845 214
-705.79 397.192 214
-703.586 403.146 214
-701.332 409.073 214
-700.004 415.187 214
-696.675 420.84 214
-695.244 426.914 214
-692.791 432.732 214
-690.289 438.521 214
-688.705 444.538 214
-686.105 450.274 214
-683.457 455.978 214
-679.803 461.367 214
-678.02 467.292 214
-675.232 472.9 214
-671.446 478.166 214
-669.516 484.017 214
-666.591 489.526 214
-663.62 495 214
-659.664 500.098 214
-657.544 505.846 214
-654.44 511.216 214
-650.362 516.184 214
-648.101 521.85 214
-644.868 527.113 214
-640.671 531.949 214
-638.274 537.529 214
-634.914 542.682 214
-630.603 547.382 214
-627.165 552.452 214
-624.589 557.914 214
-620.168 562.476 214
-617.505 567.877 214
-613.012 572.346 214
-609.376 577.221 214
-603.936 581.119 214
-601.99 586.854 214
-596.491 590.64 214
-593.583 595.833 214
-589.763 600.5 214
-585.908 605.126 214
-582.017 609.711 214
-578.09 614.254 214
-573.28 618.225 214
-568.446 622.14 214
-565.264 627.087 214
-561.205 631.454 214
-556.284 635.219 214
-551.34 638.926 214
-548.013 643.723 214
-543.015 647.329 214
-537.996 650.877 214
-534.565 655.557 214
-528.697 658.402 214
-524.407 662.391 214
-519.299 665.721 214
-514.956 669.615 214
-510.585 673.464 214
-506.186 677.267 214
-500.993 680.383 214
-497.305 684.739 214
-492.071 687.751 214
-486.821 690.703 214
-482.301 694.266 214
-476.281 696.431 214
-472.454 700.571 214
-466.416 702.612 214
-461.816 705.971 214
-456.48 708.582 214
-452.548 712.548 214
-445.778 713.627 214
-441.803 717.5 214
-435.728 719.162 214
-431.023 722.216 214
-425.622 724.485 214
-420.883 727.438 214
-416.125 730.344 214
-410.693 732.448 214
-405.905 735.254 214
-400.457 737.246 214
-395.005 739.179 214
-389.549 741.053 214
-384.091 742.869 214
-378.632 744.627 214
-374.388 747.912 214
-368.913 749.564 214
-363.437 751.157 214
-358.549 753.5 214
-352.487 754.168 214
-348.161 757.225 214
-342.676 758.596 214
-336.634 759.081 214
-331.162 760.332 214
-326.239 762.364 214
-320.768 763.505 214
-315.832 765.437 214
-298.869 747.71 214
-286.876 737.442 214
-281.176 737.343 214
-275 736.314 214
-280.189 755.232 214
-283.614 771.653 214
-277.706 771.472 214
-272.763 772.993 214
-268.276 775.353 214
-262.406 775.002 214
-257.01 775.482 214
-252.063 776.807 214
-246.252 776.279 214
-241.315 777.502 214
-235.96 777.768 214
-230.213 777.067 214
-225.692 779.056 214
-220.763 780.085 214
-215.451 780.144 214
-209.78 779.223 214
-204.508 779.173 214
-199.611 780.004 214
-194.715 780.79 214
-189.137 779.65 214
-183.928 779.395 214
-178.737 779.09 214
-173.883 779.681 214
-169.032 780.228 214
-163.885 779.776 214
-158.758 779.273 214
-153.936 779.68 214
-148.844 779.081 214
-144.041 779.397 214
-138.986 778.702 214
-134.204 778.927 214
-129.186 778.138 214
-124.193 777.301 214
-119.449 777.391 214
-114.497 776.461 214
-109.777 776.462 214
-104.867 775.44 214
-99.9839 774.373 214
-95.1269 773.259 214
-90.4707 773.085 214
-85.6597 771.882 214
-81.033 771.623 214
-76.4174 771.321 214
-71.5349 768.998 214
-66.8294 767.62 214
-62.3971 768.184 214
-57.6204 765.728 214
-53.2049 766.212 214
-48.4979 763.67 214
-44.0136 763.078 214
-39.5433 762.446 214
-35.0177 760.777 214
-30.5242 759.067 214
-26.0633 757.318 214
-21.7224 757.526 214
-17.3101 755.698 214
-12.9052 752.831 214
-8.604 752.925 214
-4.28469 750.981 214
3.70695e-05 751 214
4.24113 745.981 214
8.49936 746.926 214
12.7482 746.833 214
16.8914 743.705 214
20.981 740.542 214
25.226 741.339 214
29.2423 738.107 214
33.4134 737.833 214
37.425 735.53 214
41.4862 734.189 214
45.5268 732.813 214
49.442 730.409 214
53.3187 727.972 214
57.4005 727.489 214
61.2168 724.988 214
64.9939 722.455 214
68.8792 720.881 214
72.7421 719.275 214
76.4171 716.65 214
80.2255 714.981 214
84.0106 713.281 214
87.7722 711.548 214
90.9118 706.846 214
95.0157 707.013 214
98.6965 705.191 214
102.128 702.364 214
105.751 700.484 214
108.623 695.663 214
111.92 692.762 214
115.433 690.803 214
118.921 688.816 214
122.383 686.8 214
126.103 685.716 214
129.813 684.599 214
132.611 680.589 214
135.968 678.465 214
138.979 675.366 214
142.273 673.192 214
145.54 670.992 214
148.779 668.766 214
151.29 664.642 214
155.532 665.174 214
158.695 662.871 214
161.83 660.543 214
163.406 654.497 214
167.624 654.897 214
169.468 649.751 214
173.27 649.17 214
175.83 645.824 214
179.19 644.274 214
182.537 642.696 214
184.554 638.392 214
187.849 636.767 214
190.676 634.223 214
192.549 629.884 214
195.77 628.189 214
198.021 624.709 214
201.196 622.967 214
203.371 619.457 214
206.5 617.668 214
208.598 614.13 214
211.166 611.439 214
213.179 607.877 214
216.737 606.852 214
218.681 603.26 214
220.579 599.662 214
224.086 598.558 214
226.473 595.76 214
228.828 592.947 214
231.725 590.937 214
234.023 588.089 214
236.29 585.225 214
238.524 582.347 214
239.522 577.857 214
242.287 575.755 214
245.033 573.628 214
247.761 571.478 214
249.84 568.527 214
251.887 565.563 214
254.544 563.354 214
256.532 560.36 214
259.143 558.11 214
259.084 552.842 214
262.299 551.313 214
264.156 548.275 214
266.661 545.959 214
267.77 542.171 214
269.527 539.104 214
271.252 536.028 214
273.65 533.65 214
276.028 531.252 214
276.226 526.749 214
278.544 524.328 214
280.108 521.205 214
281.64 518.075 214
283.881 515.608 214
285.352 512.458 214
286.79 509.302 214
288.954 506.79 214
291.097 504.259 214
291.674 500.438 214
294.538 498.512 214
295.826 495.311 214
297.868 492.72 214
300.681 490.721 214
300.287 486.282 214
301.446 483.059 214
303.381 480.419 214
303.665 476.602 214
306.363 474.518 214
308.223 471.836 214
310.889 469.697 214
311.039 465.872 214
311.147 462.061 214
313.742 459.875 214
314.626 456.6 214
315.477 453.324 214
318.009 451.079 214
317.941 447.282 214
320.429 445 214
321.161 441.704 214
321.86 438.41 214
324.284 436.072 214
323.159 431.827 214
324.646 429 214
326.108 426.161 214
326.651 422.862 214
329.857 420.882 214
330.346 417.567 214
330.802 414.256 214
333.046 411.778 214
334.358 408.866 214
333.81 405.145 214
334.143 401.835 214
336.292 399.297 214
338.422 396.731 214
339.602 393.773 214
339.823 390.446 214
340.012 387.125 214
341.108 384.153 214
343.122 381.506 214
343.223 378.181 214
343.293 374.864 214
344.282 371.864 214
343.338 368.254 214
347.139 366.131 214
346.134 362.53 214
347.015 359.505 214
348.834 356.74 214
347.733 353.175 214
348.533 350.137 214
350.277 347.334 214
350.053 344.04 214
352.722 341.432 214
350.49 337.702 214
352.133 334.848 214
352.773 331.772 214
351.423 328.31 214
352.005 325.24 214
353.546 322.34 214
355.063 319.417 214
356.555 316.473 214
355.057 313.064 214
356.497 310.102 214
355.929 306.859 214
357.317 303.873 214
357.686 300.753 214
357.033 297.526 214
358.343 294.504 214
359.626 291.463 214
358.89 288.245 214
358.125 285.043 214
359.329 281.977 214
359.507 278.841 214
359.657 275.703 214
357.782 272.494 214
359.877 269.424 214
358.945 266.265 214
360.986 263.15 214
358 260 214
359.986 256.858 214
358.945 253.735 214
360.876 250.55 214
357.782 247.506 214
358.658 244.341 214
360.505 241.107 214
361.325 237.9 214
360.121 234.818 214
359.887 231.676 214
360.622 228.45 214
360.333 225.304 214
361.011 222.056 214
358.679 219.134 214
360.294 215.761 214
359.894 212.619 214
360.458 209.341 214
358.024 206.493 214
358.531 203.214 214
358.022 200.088 214
356.5 197.139 214
355.938 194.031 214
357.312 190.546 214
356.693 187.43 214
354.089 184.736 214
352.443 181.865 214
0 260 214
0 260 214
0 260 214
0 260 214
0 260 214
0 260 214
0 260 214
0 260 214
71.7229 238.072 214
71.5288 237.447 214
0 260 214
0 260 214
0 260 214
38.6483 246.314 214
37.5877 246.319 214
35.5935 246.692 214
34.5425 246.74 214
36.2863 245.706 214
35.233 245.765 214
34.1835 245.841 214
34.0587 245.543 214
33.9312 245.246 214
32.8876 245.357 214
31.8486 245.486 214
31.7208 245.208 214
33.3957 244.071 214
33.2554 243.78 214
34.0075 243.044 214
31.1852 244.11 214
31.0454 243.839 214
30.9032 243.568 214
29.8798 243.777 214
28.8625 244.001 214
28.7217 243.75 214
28.5788 243.5 214
28.4338 243.251 214
28.2865 243.004 214
29.8424 241.713 214
28.8336 241.983 214
27.8319 242.269 214
27.6761 242.027 214
27.5182 241.786 214
26.5292 242.106 214
26.372 241.875 214
25.3937 242.219 214
26.0517 241.418 214
25.0795 241.779 214
24.1157 242.155 214
23.9591 241.946 214
32.5275 235.041 214
39.4005 229.217 214
33.6522 233.232 214
26.423 238.603 214
27.0069 237.737 214
23.7474 240.074 214
0 260 214
0 260 214
0 260 214
0 260 214
0 260 214
0 260 214
0 260 214
0 260 214
0 260 214
0 260 214
0 260 214
