-0 260 278
-0 260 278
-0 260 278
-0 260 278
-0 260 278
-0 260 278
-0 260 278
-0 260 278
-15.0942 246.879 278
-22.8122 240.517 278
-26.8116 237.502 278
-25.4636 239.009 278
-34.1944 232.31 278
-43.8261 225.139 278
-40.9766 227.986 278
-27.7674 238.693 278
-27.1536 239.538 278
-25.7234 240.966 278
-26.6976 240.603 278
-26.0517 241.418 278
-25.3937 242.219 278
-26.372 241.875 278
-26.5292 242.106 278
-25.8505 242.89 278
-26.8375 242.572 278
-26.9885 242.806 278
-27.1375 243.043 278
-27.2845 243.28 278
-27.4294 243.519 278
-27.5721 243.759 278
-28.5788 243.5 278
-26.981 244.735 278
-27.1132 244.971 278
-28.1222 244.731 278
-30.0202 244.038 278
-29.2714 244.762 278
-30.2942 244.564 278
-31.3227 244.383 278
-30.559 245.095 278
-30.6879 245.363 278
-29.9082 246.054 278
-31.8486 245.486 278
-31.9741 245.764 278
-33.9312 245.246 278
-33.1382 245.934 278
-35.1074 245.458 278
-34.3058 246.14 278
-35.3559 246.073 278
-34.5425 246.74 278
-36.5302 246.342 278
-39.4671 245.635 278
-42.4189 244.979 278
-0 260 278
-0 260 278
-72.2803 236.515 278
-70.5751 237.748 278
-0 260 278
-0 260 278
-0 260 278
-0 260 278
-0 260 278
-0 260 278
-0 260 278
-0 260 278
-0 260 278
-0 260 278
-0 260 278
-0 260 278
-0 260 278
-0 260 278
-0 260 278
-0 260 278
-888.92 119.209 278
-922.752 122.094 278
-917.979 130.987 278
-909.155 140.308 278
-927.038 146.174 278
-967.739 149.74 278
-976.621 157.353 278
-987.433 164.921 278
-976.271 174.588 278
-956.044 184.758 278
-941.7 194.15 278
-929.264 203.164 278
-927.727 211.38 278
-926.118 219.565 278
-926.435 227.648 278
-952.673 235.054 278
-971.852 243.036 278
-990.962 251.352 278
-1027 260 278
-1031.96 269.006 278
-1135.83 279.826 278
-1195.59 291.308 278
-1016.02 402.792 278
-1026.6 413.426 278
-1055.71 446.151 278
-1047.6 482.674 278
-1180.17 565.213 278
-1177.46 575.501 278
-1186.23 588.971 278
-1187.16 600.412 278
-1182.22 610.191 278
-0 260 278
-0 260 278
-0 260 278
-0 260 278
-0 260 278
-0 260 278
-0 260 278
-0 260 278
-0 260 278
-0 260 278
-0 260 278
-0 260 278
-0 260 278
-0 260 278
-0 260 278
-0 260 278
-0 260 278
-0 260 278
-0 260 278
-0 260 278
-0 260 278
-0 260 278
-0 260 278
-0 260 278
-0 260 278
-0 260 278
-0 260 278
-0 260 278
-0 260 278
-0 260 278
-0 260 278
-0 260 278
-0 260 278
-0 260 278
-0 260 278
-0 260 278
-0 260 278
-0 260 278
-0 260 278
-0 260 278
-0 260 278
-0 260 278
-0 260 278
-0 260 278
-0 260 278
-0 260 278
-0 260 278
-0 260 278
-0 260 278
-0 260 278
-0 260 278
-0 260 278
-0 260 278
-0 260 278
-0 260 278
-0 260 278
-0 260 278
-0 260 278
-0 260 278
-0 260 278
-0 260 278
-0 260 278
-0 260 278
-0 260 278
-0 260 278
-0 260 278
-0 260 278
-0 260 278
-0 260 278
-0 260 278
-0 260 278
-0 260 278
-0 260 278
-0 260 278
-0 260 278
-0 260 278
-0 260 278
-0 260 278
-0 260 278
-0 260 278
-0 260 278
-0 260 278
-0 260 278
-0 260 278
-0 260 278
-0 260 278
-0 260 278
-0 260 278
-0 260 278
-0 260 278
-0 260 278
-0 260 278
-0 260 278
-0 260 278
-0 260 278
-0 260 278
-0 260 278
-0 260 278
-0 260 278
-0 260 278
-0 260 278
-0 260 278
-0 260 278
-0 260 278
-0 260 278
-0 260 278
-0 260 278
-0 260 278
-0 260 278
-0 260 278
-0 260 278
-0 260 278
-0 260 278
-0 260 278
-0 260 278
-0 260 278
-0 260 278
-0 260 278
-0 260 278
-0 260 278
-0 260 278
-0 260 278
-0 260 278
-0 260 278
-0 260 278
-0 260 278
-0 260 278
-0 260 278
-0 260 278
-0 260 278
-0 260 278
-0 260 278
-0 260 278
-0 260 278
-0 260 278
-0 260 278
0 260 278
0 260 278
0 260 278
0 260 278
0 260 278
0 260 278
0 260 278
0 260 278
0 260 278
0 260 278
0 260 278
0 260 278
0 260 278
0 260 278
0 260 278
0 260 278
0 260 278
0 260 278
0 260 278
0 260 278
0 260 278
0 260 278
0 260 278
0 260 278
0 260 278
0 260 278
0 260 278
0 260 278
0 260 278
0 260 278
0 260 278
0 260 278
0 260 278
0 260 278
0 260 278
0 260 278
0 260 278
0 260 278
0 260 278
0 260 278
0 260 278
0 260 278
0 260 278
0 260 278
0 260 278
0 260 278
0 260 278
0 260 278
0 260 278
0 260 278
0 260 278
0 260 278
0 260 278
0 260 278
0 260 278
0 260 278
0 260 278
0 260 278
0 260 278
0 260 278
0 260 278
0 260 278
0 260 278
0 260 278
0 260 278
0 260 278
0 260 278
0 260 278
0 260 278
0 260 278
0 260 278
0 260 278
0 260 278
0 260 278
0 260 278
0 260 278
0 260 278
0 260 278
0 260 278
0 260 278
0 260 278
0 260 278
0 260 278
0 260 278
0 260 278
0 260 278
0 260 278
0 260 278
0 260 278
0 260 278
0 260 278
0 260 278
0 260 278
0 260 278
0 260 278
0 260 278
0 260 278
0 260 278
0 260 278
0 260 278
0 260 278
0 260 278
0 260 278
0 260 278
0 260 278
0 260 278
0 260 278
0 260 278
0 260 278
0 260 278
0 260 278
0 260 278
0 260 278
0 260 278
0 260 278
0 260 278
0 260 278
0 260 278
0 260 278
0 260 278
0 260 278
0 260 278
0 260 278
0 260 278
0 260 278
0 260 278
0 260 278
0 260 278
0 260 278
0 260 278
0 260 278
0 260 278
0 260 278
0 260 278
0 260 278
0 260 278
0 260 278
0 260 278
0 260 278
0 260 278
0 260 278
0 260 278
0 260 278
0 260 278
0 260 278
0 260 278
0 260 278
0 260 278
0 260 278
0 260 278
0 260 278
0 260 278
0 260 278
0 260 278
0 260 278
0 260 278
0 260 278
0 260 278
0 260 278
0 260 278
0 260 278
0 260 278
0 260 278
0 260 278
0 260 278
0 260 278
0 260 278
0 260 278
980.599 363.065 278
903.82 347.028 278
901.556 338.876 278
908.192 331.476 278
908.781 323.548 278
824.459 310.426 278
907.754 307.573 278
907.136 299.606 278
819.5 288.618 278
779.733 280.418 278
778.881 273.595 278
906.965 267.915 278
487 260 278
488.981 255.733 278
485.926 251.518 278
481.835 247.383 278
905.448 228.381 278
905.138 220.481 278
468.357 235.454 278
458.144 231.979 278
442.918 229.028 278
439.641 225.4 278
442.31 221.303 278
447.928 216.869 278
461.458 211.499 278
907.131 156.645 278
488.333 200.04 278
478.868 196.956 278
469.387 194.032 278
903.961 124.902 278
904.723 116.706 278
458.623 183.253 278
905.038 100.417 278
904.595 92.3433 278
866.777 91.5157 278
872.133 82.5625 278
800.125 89.9282 278
800.563 82.5195 278
0 260 278
0 260 278
0 260 278
0 260 278
0 260 278
0 260 278
0 260 278
0 260 278
72.6792 237.78 278
72.4825 237.146 278
72.2803 236.515 278
0 260 278
0 260 278
39.5909 245.98 278
38.5274 245.977 278
37.4669 245.992 278
36.4096 246.024 278
36.2863 245.706 278
35.233 245.765 278
35.1074 245.458 278
33.1382 245.934 278
33.0142 245.645 278
33.8012 244.951 278
31.8486 245.486 278
32.6271 244.786 278
33.3957 244.071 278
33.2554 243.78 278
33.1126 243.491 278
32.0762 243.656 278
31.0454 243.839 278
30.9032 243.568 278
29.8798 243.777 278
28.8625 244.001 278
28.7217 243.75 278
28.5788 243.5 278
28.4338 243.251 278
29.1437 242.489 278
28.9898 242.235 278
28.8336 241.983 278
27.8319 242.269 278
27.6761 242.027 278
28.3521 241.234 278
27.3582 241.547 278
27.1962 241.309 278
26.2129 241.646 278
26.0517 241.418 278
25.0795 241.779 278
23.3118 242.75 278
23.1604 242.547 278
35.7009 232.606 278
39.4005 229.217 278
34.4348 232.609 278
26.423 238.603 278
27.0069 237.737 278
23.7474 240.074 278
0 260 278
0 260 278
0 260 278
0 260 278
0 260 278
0 260 278
0 260 278
0 260 278
0 260 278
0 260 278
0 260 278
