-0 260 3
-0 260 3
-0 260 3
-0 260 3
-0 260 3
-0 260 3
-0 260 3
-0 260 3
-15.8489 246.223 3
-22.8122 240.517 3
-27.5776 236.86 3
-26.2352 238.373 3
-33.4173 232.939 3
-42.2608 226.384 3
-41.7646 227.37 3
-26.1807 239.911 3
-26.355 240.14 3
-27.3311 239.776 3
-25.8885 241.191 3
-26.0517 241.418 3
-26.2129 241.646 3
-26.372 241.875 3
-26.5292 242.106 3
-27.5182 241.786 3
-26.8375 242.572 3
-27.8319 242.269 3
-27.1375 243.043 3
-28.1371 242.758 3
-27.4294 243.519 3
-27.5721 243.759 3
-28.5788 243.5 3
-27.8514 244.242 3
-27.1132 244.971 3
-29.001 244.254 3
-30.0202 244.038 3
-31.0454 243.839 3
-30.2942 244.564 3
-30.4278 244.829 3
-31.4578 244.657 3
-30.6879 245.363 3
-31.7208 245.208 3
-31.8486 245.486 3
-33.8012 244.951 3
-32.0971 246.044 3
-34.0587 245.543 3
-35.1074 245.458 3
-34.3058 246.14 3
-34.4255 246.439 3
-36.4096 246.024 3
-37.4669 245.992 3
-39.4671 245.635 3
-0 260 3
-0 260 3
-0 260 3
-72.2803 236.515 3
-72.4825 237.146 3
-0 260 3
-0 260 3
-0 260 3
-0 260 3
-0 260 3
-0 260 3
-0 260 3
-0 260 3
-0 260 3
-0 260 3
-0 260 3
-0 260 3
-0 260 3
-0 260 3
-0 260 3
-0 260 3
-913.612 115.298 3
-919.785 122.537 3
-944.716 127.229 3
-928.984 137.697 3
-943.911 144.102 3
-942.9 152.57 3
-928.883 162.371 3
-940.649 169.426 3
-935.427 178.161 3
-918.161 187.739 3
-924.742 195.336 3
-909.301 204.385 3
-890.778 213.316 3
-890.152 221.135 3
-898.452 228.625 3
-901.691 236.389 3
-903.862 244.223 3
-909.965 252.059 3
-886 260 3
-882.966 267.706 3
-879.866 275.358 3
-889.695 283.298 3
-890.457 291.096 3
-892.15 298.952 3
-891.776 306.736 3
-893.331 314.639 3
-891.822 322.362 3
-925.139 332.81 3
-929.45 341.316 3
-937.663 350.287 3
-955.736 360.452 3
-809.761 352.261 3
-850.612 364.442 3
-824.882 368.598 3
-830.835 376.766 3
-825.828 383.421 3
-810.892 388.433 3
-789.028 392.038 3
-812.466 403.26 3
-832.817 414.354 3
-766.651 409.022 3
-756.502 413.912 3
-815.775 433.398 3
-845.472 447.437 3
-830.163 451.658 3
-721.498 433.217 3
-735.484 443.377 3
-807.435 468.817 3
-802.684 475.079 3
-799.813 481.808 3
-774.777 482.164 3
-776.644 490.053 3
-742.092 486.881 3
-756.298 498.46 3
-750.384 503.815 3
-734.951 505.911 3
-752.633 519.152 3
-777.679 535.391 3
-773.367 541.483 3
-773.691 549.271 3
-826.219 577.156 3
-825.28 585.087 3
-804.796 585.159 3
-809.318 595.231 3
-816.488 606.579 3
-805.179 610.102 3
-801.179 616.708 3
-0 260 3
-0 260 3
-0 260 3
-0 260 3
-0 260 3
-0 260 3
-0 260 3
-0 260 3
-0 260 3
-0 260 3
-0 260 3
-0 260 3
-0 260 3
-0 260 3
-0 260 3
-0 260 3
-0 260 3
-0 260 3
-0 260 3
-0 260 3
-0 260 3
-0 260 3
-0 260 3
-0 260 3
-0 260 3
-0 260 3
-0 260 3
-0 260 3
-0 260 3
-0 260 3
-0 260 3
-0 260 3
-0 260 3
-0 260 3
-0 260 3
-0 260 3
-0 260 3
-0 260 3
-0 260 3
-0 260 3
-0 260 3
-0 260 3
-0 260 3
-0 260 3
-0 260 3
-0 260 3
-0 260 3
-0 260 3
-0 260 3
-0 260 3
-0 260 3
-0 260 3
-0 260 3
-0 260 3
-0 260 3
-0 260 3
-0 260 3
-0 260 3
-0 260 3
-0 260 3
-0 260 3
-0 260 3
-0 260 3
-0 260 3
-0 260 3
-0 260 3
-0 260 3
-0 260 3
-0 260 3
-0 260 3
-0 260 3
-0 260 3
-0 260 3
-0 260 3
-0 260 3
-0 260 3
-0 260 3
-0 260 3
-0 260 3
-0 260 3
-0 260 3
-0 260 3
-0 260 3
-0 260 3
-0 260 3
-0 260 3
-0 260 3
-0 260 3
-0 260 3
-0 260 3
-0 260 3
-0 260 3
-0 260 3
-0 260 3
-0 260 3
-0 260 3
-0 260 3
-0 260 3
-0 260 3
-0 260 3
-0 260 3
-0 260 3
-0 260 3
-0 260 3
-0 260 3
-0 260 3
-0 260 3
-0 260 3
-0 260 3
-0 260 3
-0 260 3
-0 260 3
-0 260 3
-0 260 3
-0 260 3
-0 260 3
-0 260 3
-0 260 3
-0 260 3
-0 260 3
-0 260 3
-0 260 3
-0 260 3
-0 260 3
-0 260 3
-0 260 3
-0 260 3
-0 260 3
-0 260 3
-0 260 3
-0 260 3
0 260 3
0 260 3
0 260 3
0 260 3
0 260 3
0 260 3
0 260 3
0 260 3
0 260 3
0 260 3
0 260 3
0 260 3
0 260 3
0 260 3
0 260 3
0 260 3
0 260 3
0 260 3
0 260 3
0 260 3
0 260 3
0 260 3
0 260 3
0 260 3
0 260 3
0 260 3
0 260 3
0 260 3
0 260 3
0 260 3
0 260 3
0 260 3
0 260 3
0 260 3
0 260 3
0 260 3
0 260 3
0 260 3
0 260 3
0 260 3
0 260 3
0 260 3
0 260 3
0 260 3
0 260 3
0 260 3
0 260 3
0 260 3
0 260 3
0 260 3
0 260 3
0 260 3
0 260 3
0 260 3
0 260 3
0 260 3
0 260 3
0 260 3
0 260 3
0 260 3
0 260 3
0 260 3
0 260 3
0 260 3
0 260 3
0 260 3
0 260 3
0 260 3
0 260 3
0 260 3
0 260 3
0 260 3
0 260 3
0 260 3
0 260 3
0 260 3
0 260 3
0 260 3
0 260 3
0 260 3
0 260 3
0 260 3
0 260 3
0 260 3
0 260 3
0 260 3
0 260 3
0 260 3
0 260 3
0 260 3
0 260 3
0 260 3
0 260 3
0 260 3
0 260 3
0 260 3
0 260 3
0 260 3
0 260 3
0 260 3
0 260 3
0 260 3
0 260 3
0 260 3
0 260 3
0 260 3
0 260 3
0 260 3
0 260 3
0 260 3
0 260 3
0 260 3
0 260 3
0 260 3
0 260 3
0 260 3
0 260 3
0 260 3
0 260 3
0 260 3
0 260 3
0 260 3
0 260 3
0 260 3
0 260 3
0 260 3
0 260 3
0 260 3
0 260 3
0 260 3
0 260 3
0 260 3
0 260 3
0 260 3
0 260 3
0 260 3
0 260 3
0 260 3
0 260 3
0 260 3
0 260 3
0 260 3
0 260 3
0 260 3
0 260 3
0 260 3
0 260 3
0 260 3
0 260 3
0 260 3
0 260 3
0 260 3
0 260 3
0 260 3
0 260 3
0 260 3
0 260 3
0 260 3
0 260 3
0 260 3
0 260 3
0 260 3
0 260 3
0 260 3
0 260 3
0 260 3
0 260 3
0 260 3
0 260 3
0 260 3
0 260 3
0 260 3
0 260 3
0 260 3
0 260 3
0 260 3
0 260 3
0 260 3
0 260 3
0 260 3
0 260 3
545.979 255.235 3
545.917 250.471 3
560.808 245.315 3
557.66 240.526 3
550.476 235.966 3
545.252 231.425 3
544.982 226.667 3
546.665 221.773 3
539.332 217.554 3
543.922 212.413 3
540.5 207.956 3
551.96 201.987 3
562.362 195.927 3
554.833 191.875 3
540.337 188.863 3
540.686 184.011 3
1155.18 56.3107 3
1123.86 51.7048 3
1094.51 47.248 3
1057.34 44.882 3
1019.23 43.356 3
988.988 40.7467 3
0 260 3
0 260 3
0 260 3
0 260 3
0 260 3
0 260 3
0 260 3
0 260 3
71.7229 238.072 3
70.5751 237.748 3
0 260 3
0 260 3
0 260 3
40.5336 245.646 3
38.5274 245.977 3
36.5302 246.342 3
35.4761 246.382 3
36.2863 245.706 3
35.233 245.765 3
35.1074 245.458 3
34.9792 245.152 3
33.9312 245.246 3
33.8012 244.951 3
32.7586 245.071 3
32.6271 244.786 3
34.2982 243.641 3
33.2554 243.78 3
34.0075 243.044 3
32.0762 243.656 3
31.0454 243.839 3
30.9032 243.568 3
29.8798 243.777 3
28.8625 244.001 3
28.7217 243.75 3
28.5788 243.5 3
28.4338 243.251 3
29.1437 242.489 3
29.8424 241.713 3
29.6817 241.453 3
28.6753 241.732 3
28.5148 241.482 3
27.5182 241.786 3
26.5292 242.106 3
26.372 241.875 3
26.2129 241.646 3
26.0517 241.418 3
24.2705 242.366 3
24.9196 241.56 3
23.1604 242.547 3
31.7341 235.65 3
39.4005 229.217 3
34.4348 232.609 3
25.6458 239.232 3
26.2352 238.373 3
23.7474 240.074 3
0 260 3
0 260 3
0 260 3
0 260 3
0 260 3
0 260 3
0 260 3
0 260 3
0 260 3
0 260 3
0 260 3
