-0 260 173
-0 260 173
-0 260 173
-0 260 173
-0 260 173
-0 260 173
-0 260 173
-0 260 173
-15.8489 246.223 173
-23.5726 239.867 173
-26.8116 237.502 173
-27.7785 237.101 173
-34.1944 232.31 173
-42.2608 226.384 173
-40.1886 228.601 173
-26.1807 239.911 173
-26.355 240.14 173
-26.5273 240.371 173
-27.5066 240.015 173
-26.8658 240.837 173
-25.3937 242.219 173
-25.5479 242.441 173
-26.5292 242.106 173
-26.6843 242.338 173
-27.6761 242.027 173
-27.8319 242.269 173
-27.1375 243.043 173
-28.1371 242.758 173
-28.2865 243.004 173
-28.4338 243.251 173
-28.5788 243.5 173
-26.981 244.735 173
-27.9878 244.486 173
-29.001 244.254 173
-30.0202 244.038 173
-30.1584 244.301 173
-30.2942 244.564 173
-30.4278 244.829 173
-31.4578 244.657 173
-30.6879 245.363 173
-32.6271 244.786 173
-30.9387 245.9 173
-32.8876 245.357 173
-34.8483 244.848 173
-34.9792 245.152 173
-35.1074 245.458 173
-35.233 245.765 173
-35.3559 246.073 173
-36.4096 246.024 173
-37.4669 245.992 173
-39.4671 245.635 173
-0 260 173
-0 260 173
-0 260 173
-70.3782 237.133 173
-71.5288 237.447 173
-0 260 173
-72.8703 238.415 173
-0 260 173
-0 260 173
-0 260 173
-0 260 173
-0 260 173
-0 260 173
-0 260 173
-0 260 173
-0 260 173
-0 260 173
-0 260 173
-0 260 173
-0 260 173
-0 260 173
-717.062 146.429 173
-719.015 152.543 173
-719.925 158.821 173
-718.798 165.369 173
-719.596 171.645 173
-721.333 177.815 173
-720.034 184.322 173
-721.662 190.512 173
-721.245 196.899 173
-721.768 203.196 173
-721.239 209.566 173
-721.651 215.862 173
-722.009 222.161 173
-722.312 228.463 173
-722.56 234.768 173
-721.753 241.1 173
-721.89 247.399 173
-720.973 253.708 173
-721 260 173
-719.973 266.283 173
-720.89 272.583 173
-718.754 278.821 173
-719.561 285.128 173
-718.316 291.362 173
-718.015 297.63 173
-717.659 303.894 173
-717.249 310.155 173
-715.787 316.334 173
-714.272 322.491 173
-713.699 328.722 173
-713.072 334.947 173
-712.391 341.167 173
-709.67 347.137 173
-707.892 353.196 173
-708.042 359.509 173
-707.146 365.684 173
-705.209 371.694 173
-702.235 377.514 173
-701.183 383.638 173
-699.094 389.57 173
-698.919 395.856 173
-695.747 401.551 173
-693.507 407.409 173
-692.194 413.456 173
-689.854 419.265 173
-687.466 425.046 173
-685.029 430.797 173
-682.544 436.518 173
-680.978 442.468 173
-678.396 448.136 173
-675.767 453.773 173
-673.091 459.379 173
-671.326 465.245 173
-667.602 470.494 173
-664.788 476.003 173
-660.982 481.161 173
-659.026 486.921 173
-657.021 492.663 173
-652.147 497.362 173
-650.05 503.044 173
-647.905 508.707 173
-644.779 513.985 173
-641.611 519.228 173
-635.629 523.286 173
-635.148 529.605 173
-631.854 534.738 173
-628.519 539.835 173
-623.323 544.065 173
-620.821 549.494 173
-617.368 554.47 173
-613.876 559.408 173
-611.24 564.753 173
-607.666 569.622 173
-604.054 574.451 173
-599.521 578.771 173
-595.838 583.514 173
-591.243 587.731 173
-587.49 592.386 173
-581.969 596 173
-580.738 602.081 173
-576.016 606.106 173
-572.122 610.597 173
-568.192 615.046 173
-564.229 619.454 173
-560.232 623.819 173
-554.534 627.038 173
-551.31 631.863 173
-546.396 635.527 173
-543.098 640.281 173
-536.502 642.683 173
-534.76 648.526 173
-529.742 651.988 173
-525.502 655.994 173
-520.44 659.348 173
-516.147 663.258 173
-511.043 666.502 173
-506.699 670.317 173
-503.099 674.723 173
-497.929 677.812 173
-492.743 680.842 173
-488.297 684.47 173
-483.825 688.053 173
-477.842 690.251 173
-474.069 694.405 173
-467.335 695.797 173
-464.24 700.547 173
-459.658 703.887 173
-455.054 707.18 173
-449.72 709.72 173
-444.376 712.201 173
-439.719 715.342 173
-433.663 716.986 173
-428.977 720.022 173
-423.595 722.273 173
-418.876 725.209 173
-413.475 727.348 173
-410.037 731.694 173
-404.606 733.733 173
-399.171 735.714 173
-393.732 737.636 173
-388.291 739.499 173
-384.091 742.869 173
-378.632 744.627 173
-371.953 744.739 173
-367.709 747.966 173
-362.247 749.549 173
-356.786 751.073 173
-351.906 753.354 173
-347.014 755.587 173
-341.543 756.948 173
-336.075 758.252 173
-331.162 760.332 173
-325.694 761.525 173
-321.305 764.348 173
-314.772 763.741 173
-310.887 767.321 173
-305.418 768.3 173
-298.433 766.638 173
-281.5 747.572 173
-270.833 738.696 173
-265.676 739.292 173
-260.051 738.955 173
-268.538 765.046 173
-267.352 773.579 173
-263.314 776.784 173
-257.902 777.272 173
-252.502 777.705 173
-247.113 778.084 173
-241.315 777.502 173
-236.79 779.588 173
-231.433 779.807 173
-226.091 779.973 173
-220.763 780.085 173
-215.833 781.068 173
-210.903 782.005 173
-204.874 780.103 173
-200.328 781.871 173
-195.065 781.726 173
-190.163 782.469 173
-184.929 782.223 173
-180.039 782.872 173
-175.152 783.475 173
-169.959 783.081 173
-164.787 782.637 173
-159.635 782.142 173
-154.788 782.557 173
-149.671 781.965 173
-144.843 782.288 173
-139.762 781.6 173
-134.955 781.832 173
-129.912 781.049 173
-124.893 780.218 173
-120.124 780.314 173
-115.362 780.366 173
-110.401 779.396 173
-105.665 779.36 173
-100.747 778.299 173
-96.0381 778.175 173
-91.3389 778.009 173
-86.4849 776.814 173
-81.8152 776.561 173
-77.0087 775.277 173
-72.2308 773.949 173
-67.6125 773.568 173
-62.8845 772.154 173
-58.2996 771.69 173
-53.6231 770.19 173
-49.073 769.643 173
-44.5365 769.055 173
-39.8572 766.434 173
-35.3665 765.765 173
-30.8905 765.056 173
-26.2203 760.313 173
-21.9405 762.521 173
-17.5195 761.694 173
-13.0623 758.829 173
-8.67381 756.924 173
-4.32832 755.981 173
3.73715e-05 755 173
4.31095 753.981 173
8.60407 752.925 173
12.8529 750.832 173
17.1008 749.702 173
21.3299 748.535 173
25.4876 746.333 173
29.6696 745.094 173
33.7622 742.821 173
37.8958 741.511 173
41.8348 738.173 173
46.006 737.79 173
49.9646 735.381 173
53.6584 730.953 173
58.0098 732.452 173
62 730.936 173
65.9681 729.387 173
69.6183 725.826 173
73.3678 723.226 173
77.2423 721.582 173
81.2674 720.89 173
84.9218 718.197 173
88.7262 716.457 173
92.5068 714.685 173
95.8473 710.926 173
99.3458 708.12 173
103.702 709.185 173
107.385 707.29 173
110.8 704.395 173
114.424 702.443 173
118.022 700.462 173
121.326 697.488 173
124.312 693.529 173
127.523 690.51 173
130.983 688.425 173
135.017 688.219 173
138.44 686.073 173
142.153 684.849 173
145.203 681.701 173
148.21 678.533 173
151.857 677.224 173
154.792 674.009 173
158.04 671.709 173
161.261 669.384 173
164.452 667.034 173
167.998 665.583 173
170.359 661.34 173
173.855 659.838 173
176.93 657.392 173
179.562 654.013 173
182.571 651.525 173
184.689 647.209 173
188.5 646.481 173
190.973 643.032 173
194.308 641.351 173
195.781 636.093 173
199.995 636.136 173
201.838 631.74 173
205.074 629.964 173
207.31 626.42 173
210 623.731 173
213.166 621.884 173
215.801 619.153 173
218.404 616.404 173
221.506 614.484 173
222.979 610.007 173
226.57 608.887 173
229.054 606.063 173
231.506 603.222 173
233.359 599.54 173
236.314 597.491 173
239.25 595.416 173
240.992 591.697 173
242.688 587.974 173
245.541 585.843 173
248.375 583.688 173
249.959 579.932 173
252.118 576.956 173
254.245 573.967 173
256.976 571.736 173
260.329 570.248 173
262.377 567.204 173
263.736 563.393 173
266.373 561.08 173
268.321 558.001 173
269.561 554.174 173
272.117 551.81 173
273.277 547.974 173
276.474 546.297 173
278.261 543.16 173
280.014 540.014 173
281.021 536.158 173
282.701 533.001 173
285.072 530.523 173
285.959 526.661 173
287.538 523.48 173
290.57 521.63 173
292.093 518.422 173
293.582 515.207 173
296.558 513.285 173
297.225 509.402 173
299.39 506.798 173
300.755 503.547 173
302.087 500.291 173
304.96 498.261 173
307.028 495.591 173
308.273 492.301 173
309.485 489.007 173
310.663 485.71 173
311.806 482.409 173
313.735 479.68 173
316.464 477.5 173
315.863 473.052 173
317.711 470.288 173
319.533 467.507 173
322.176 465.248 173
321.41 460.839 173
324.003 458.549 173
325.724 455.714 173
325.696 451.849 173
326.492 448.5 173
329.865 446.629 173
330.606 443.258 173
332.193 440.366 173
331.988 436.521 173
334.403 434.079 173
335.909 431.154 173
335.6 427.324 173
336.149 423.951 173
337.567 421.011 173
338.053 417.637 173
341.235 415.51 173
342.58 412.526 173
342.063 408.733 173
342.428 405.352 173
344.607 402.741 173
346.767 400.103 173
347.046 396.705 173
348.226 393.671 173
347.505 389.927 173
350.505 387.574 173
349.72 383.842 173
348.896 380.135 173
351.828 377.72 173
351.891 374.336 173
350.968 370.66 173
351.92 367.593 173
354.763 365.086 173
353.744 361.435 173
354.616 358.344 173
354.495 354.987 173
357.246 352.39 173
357.069 349.027 173
357.832 345.908 173
356.619 342.332 173
359.277 339.65 173
358.98 336.304 173
361.592 333.567 173
360.257 330.027 173
358.888 326.516 173
361.424 323.729 173
361.967 320.572 173
363.469 317.568 173
361.98 314.098 173
364.419 311.216 173
364.852 308.034 173
364.264 304.726 173
365.634 301.659 173
363.995 298.257 173
365.31 295.175 173
363.611 291.812 173
364.872 288.716 173
366.106 285.601 173
366.315 282.405 173
366.497 279.207 173
366.651 276.008 173
366.776 272.808 173
366.874 269.607 173
365.944 266.388 173
365.986 263.194 173
367 260 173
367.986 256.789 173
367.944 253.578 173
365.875 250.419 173
366.776 247.192 173
367.65 243.948 173
366.497 240.793 173
368.312 237.473 173
366.106 234.399 173
367.862 231.049 173
367.596 227.84 173
367.301 224.633 173
367.973 221.324 173
366.628 218.228 173
367.242 214.908 173
363.86 212.097 173
365.409 208.645 173
364.947 205.458 173
365.445 202.119 173
365.912 198.767 173
364.379 195.75 173
362.821 192.755 173
362.22 189.591 173
360.612 186.633 173
360.936 183.281 173
359.277 180.35 173
0 260 173
0 260 173
0 260 173
0 260 173
0 260 173
0 260 173
0 260 173
0 260 173
72.6792 237.78 173
71.5288 237.447 173
73.2314 236.206 173
0 260 173
0 260 173
39.5909 245.98 173
37.5877 246.319 173
36.5302 246.342 173
36.4096 246.024 173
36.2863 245.706 173
36.1602 245.39 173
35.1074 245.458 173
34.0587 245.543 173
33.0142 245.645 173
33.8012 244.951 173
32.7586 245.071 173
33.5334 244.363 173
33.3957 244.071 173
33.2554 243.78 173
33.1126 243.491 173
32.0762 243.656 173
31.0454 243.839 173
30.0202 244.038 173
30.7586 243.299 173
28.8625 244.001 173
28.7217 243.75 173
29.4449 243 173
28.4338 243.251 173
30.0009 241.974 173
28.9898 242.235 173
27.9856 242.513 173
28.6753 241.732 173
28.5148 241.482 173
27.5182 241.786 173
27.3582 241.547 173
27.1962 241.309 173
26.2129 241.646 173
26.0517 241.418 173
25.0795 241.779 173
24.1157 242.155 173
23.9591 241.946 173
35.7009 232.606 173
41.7646 227.37 173
34.4348 232.609 173
26.423 238.603 173
26.2352 238.373 173
22.9813 240.716 173
0 260 173
0 260 173
0 260 173
0 260 173
0 260 173
0 260 173
0 260 173
0 260 173
0 260 173
0 260 173
0 260 173
