-0 260 108
-0 260 108
-0 260 108
-0 260 108
-0 260 108
-0 260 108
-0 260 108
-0 260 108
-15.8489 246.223 108
-22.8122 240.517 108
-26.8116 237.502 108
-27.0069 237.737 108
-34.1944 232.31 108
-43.0435 225.762 108
-40.1886 228.601 108
-26.1807 239.911 108
-26.355 240.14 108
-27.3311 239.776 108
-25.8885 241.191 108
-26.8658 240.837 108
-26.2129 241.646 108
-26.372 241.875 108
-26.5292 242.106 108
-27.5182 241.786 108
-25.9988 243.116 108
-26.1451 243.344 108
-27.9856 242.513 108
-28.1371 242.758 108
-28.2865 243.004 108
-27.5721 243.759 108
-27.7128 244 108
-26.981 244.735 108
-27.9878 244.486 108
-28.1222 244.731 108
-29.1373 244.507 108
-29.2714 244.762 108
-31.1852 244.11 108
-30.4278 244.829 108
-31.4578 244.657 108
-30.6879 245.363 108
-31.7208 245.208 108
-32.7586 245.071 108
-32.8876 245.357 108
-33.9312 245.246 108
-33.1382 245.934 108
-34.1835 245.841 108
-34.3058 246.14 108
-35.3559 246.073 108
-35.4761 246.382 108
-38.4036 245.642 108
-39.4671 245.635 108
-0 260 108
-0 260 108
-0 260 108
-71.3292 236.824 108
-71.5288 237.447 108
-0 260 108
-0 260 108
-0 260 108
-0 260 108
-0 260 108
-0 260 108
-0 260 108
-0 260 108
-0 260 108
-0 260 108
-0 260 108
-0 260 108
-0 260 108
-0 260 108
-0 260 108
-0 260 108
-700.271 149.088 108
-699.234 155.499 108
-700.12 161.605 108
-700.952 167.718 108
-701.73 173.838 108
-701.462 180.079 108
-702.132 186.203 108
-701.754 192.429 108
-702.317 198.555 108
-702.827 204.686 108
-702.285 210.892 108
-703.685 216.961 108
-703.035 223.156 108
-703.33 229.292 108
-703.571 235.431 108
-703.759 241.572 108
-703.893 247.714 108
-703.973 253.857 108
-703 260 108
-701.973 266.126 108
-702.893 272.269 108
-702.759 278.402 108
-701.572 284.5 108
-700.333 290.577 108
-701.038 296.74 108
-699.692 302.795 108
-699.292 308.899 108
-697.842 314.921 108
-697.336 321.009 108
-696.777 327.092 108
-694.176 332.961 108
-693.513 339.016 108
-691.805 344.943 108
-691.037 350.977 108
-691.207 357.143 108
-689.344 363.023 108
-687.431 368.878 108
-685.468 374.708 108
-684.441 380.686 108
-680.412 386.107 108
-682.231 392.612 108
-678.108 397.963 108
-677.856 404.083 108
-675.597 409.776 108
-672.315 415.216 108
-670.935 421.077 108
-669.504 426.926 108
-668.022 432.762 108
-662.625 437.55 108
-662.978 443.86 108
-660.387 449.363 108
-658.709 455.119 108
-656.025 460.567 108
-652.342 465.683 108
-649.572 471.059 108
-648.653 477.036 108
-643.898 481.712 108
-641.939 487.323 108
-638.991 492.574 108
-636 497.791 108
-633.901 503.332 108
-630.823 508.488 108
-627.703 513.609 108
-624.543 518.694 108
-621.341 523.744 108
-618.098 528.757 108
-613.903 533.327 108
-611.494 538.674 108
-609.039 544 108
-605.635 548.873 108
-600.394 552.832 108
-598.711 558.506 108
-593.41 562.358 108
-590.749 567.525 108
-587.16 572.199 108
-584.413 577.311 108
-580.747 581.914 108
-577.046 586.477 108
-573.309 591 108
-569.537 595.483 108
-565.73 599.925 108
-562.742 604.849 108
-558.016 608.687 108
-554.108 613.006 108
-549.329 616.739 108
-546.195 621.519 108
-542.191 625.712 108
-538.978 630.43 108
-534.087 633.972 108
-529.989 638.038 108
-526.67 642.648 108
-521.703 646.04 108
-517.516 649.976 108
-512.506 653.26 108
-509.055 657.717 108
-504.782 661.522 108
-500.482 665.282 108
-496.155 668.998 108
-491.8 672.67 108
-487.42 676.296 108
-482.259 679.222 108
-477.085 682.089 108
-471.897 684.898 108
-468.908 689.675 108
-464.41 693.069 108
-458.437 695.04 108
-454.623 699.024 108
-449.348 701.573 108
-444.77 704.77 108
-438.769 706.495 108
-434.856 710.307 108
-429.533 712.634 108
-426.249 717.096 108
-420.893 719.324 108
-416.199 722.236 108
-410.824 724.353 108
-406.1 727.165 108
-401.359 729.931 108
-395.957 731.883 108
-390.552 733.778 108
-385.144 735.613 108
-380.979 738.956 108
-376.169 741.475 108
-370.736 743.152 108
-365.903 745.57 108
-361.057 747.941 108
-355.022 748.646 108
-350.745 751.726 108
-345.293 753.13 108
-339.277 753.652 108
-334.956 756.594 108
-330.61 759.498 108
-325.694 761.525 108
-319.693 761.818 108
-314.772 763.741 108
-309.319 764.763 108
-304.387 766.586 108
-299.448 768.361 108
-289.5 761.429 108
-273.787 743.918 108
-268.1 743.665 108
-261.96 742.471 108
-256.801 742.972 108
-265.044 769.144 108
-262.86 775.893 108
-257.902 777.272 108
-252.063 776.807 108
-246.683 777.181 108
-242.583 780.221 108
-237.204 780.498 108
-232.247 781.634 108
-226.888 781.807 108
-221.545 781.926 108
-216.599 782.916 108
-211.278 782.932 108
-206.34 783.825 108
-201.044 783.739 108
-196.116 784.536 108
-191.189 785.288 108
-185.93 785.051 108
-180.69 784.763 108
-175.787 785.371 108
-170.886 785.934 108
-165.99 786.452 108
-161.097 786.924 108
-156.208 787.351 108
-151.049 786.771 108
-145.912 786.142 108
-141.056 786.43 108
-136.207 786.672 108
-130.88 784.93 108
-126.294 786.052 108
-121.249 785.185 108
-116.444 785.247 108
-111.649 785.265 108
-106.861 785.24 108
-101.892 784.189 108
-97.1315 784.075 108
-92.2071 782.933 108
-87.3101 781.745 108
-82.7538 782.487 108
-78.0433 782.2 108
-73.0658 779.891 108
-68.5262 780.509 108
-63.8595 780.094 108
-59.2052 779.638 108
-54.4593 778.146 108
-49.7439 776.611 108
-45.1466 776.029 108
-40.4849 774.409 108
-35.9245 773.745 108
-31.3179 772.043 108
-26.8483 772.297 108
-22.3331 771.513 108
-17.7987 769.689 108
-13.324 768.826 108
-8.86578 767.923 108
-4.41559 765.981 108
3.82019e-05 766 108
4.39821 763.981 108
8.74369 760.924 108
13.1147 760.828 108
17.4847 760.695 108
21.8097 759.524 108
26.0633 757.318 108
30.3412 756.073 108
34.5295 753.794 108
38.8373 753.474 108
42.7935 749.132 108
47.0603 748.74 108
51.3235 748.31 108
55.3564 745.857 108
59.5941 745.355 108
63.5663 742.834 108
67.6382 741.27 108
71.6876 739.673 108
75.7143 738.041 108
79.553 735.39 108
83.5248 733.693 108
87.6553 732.946 108
91.2067 729.218 108
95.2979 728.404 108
99.1739 726.576 108
102.809 723.741 108
106.627 721.851 108
110.186 718.959 108
113.945 717.009 108
117.679 715.029 108
121.386 713.019 108
125.335 711.943 108
128.723 708.909 108
131.783 704.892 108
136.245 705.638 108
139.227 701.571 108
143.075 700.339 108
146.595 698.126 108
150.087 695.884 108
153.217 692.672 108
156.987 691.319 108
160.395 688.996 108
163.774 686.646 108
166.392 682.41 108
169.322 679.087 108
172.973 677.594 108
177.001 676.989 108
179.836 673.594 108
183.032 671.095 108
185.783 667.663 108
189.756 666.932 108
192.438 663.456 108
195.075 659.963 108
198.112 657.351 108
202.026 656.498 108
204.555 652.946 108
207.506 650.263 108
210.904 648.437 108
213.801 645.707 108
215.682 641.216 108
218.5 638.453 108
222.302 637.394 108
224.557 633.725 108
227.809 631.751 108
231.045 629.749 108
233.188 626.032 108
236.373 623.983 108
238.989 621.073 108
241.012 617.315 108
244.688 616.023 108
246.064 611.416 108
249.122 609.256 108
250.984 605.45 108
254.584 604.051 108
256.975 601.017 108
258.115 596.382 108
261.656 594.905 108
263.324 591.043 108
266.832 589.51 108
267.789 584.854 108
270.614 582.505 108
272.768 579.37 108
275.545 576.978 108
276.975 573.063 108
281.704 572.864 108
283.072 568.919 108
283.711 564.243 108
287.732 563.206 108
289.673 559.965 108
291.578 556.712 108
294.156 554.156 108
295.999 550.877 108
297.087 546.894 108
298.854 543.602 108
300.586 540.301 108
304.496 539.019 108
303.203 533.005 108
306.323 531.012 108
308.676 528.328 108
311.006 525.624 108
311.014 520.972 108
314.051 518.884 108
315.521 515.504 108
317.739 512.741 108
318.356 508.727 108
321.308 506.548 108
324.246 504.337 108
323.954 499.714 108
326.843 497.465 108
328.089 494.023 108
329.299 490.578 108
331.299 487.695 108
332.444 484.236 108
334.388 481.327 108
337.146 478.945 108
336.513 474.383 108
340.067 472.498 108
341.909 469.522 108
342.867 466.015 108
342.928 462 108
344.678 459 108
347.272 456.477 108
348.099 452.954 108
348.89 449.432 108
350.53 446.38 108
352.143 443.314 108
352.839 439.78 108
353.499 436.248 108
354.125 432.718 108
354.716 429.191 108
357.085 426.512 108
358.525 423.389 108
359.937 420.254 108
359.488 416.31 108
360.838 413.167 108
362.161 410.012 108
365.31 407.595 108
363.793 403.302 108
366.897 400.839 108
366.239 396.931 108
366.48 393.388 108
367.63 390.185 108
368.752 386.972 108
371.743 384.383 108
371.863 380.826 108
372.903 377.576 108
372.959 374.025 108
372.981 370.482 108
373.931 367.223 108
376.78 364.49 108
375.745 360.681 108
376.609 357.398 108
378.415 354.35 108
378.252 350.81 108
379.03 347.506 108
379.779 344.195 108
380.499 340.878 108
381.191 337.554 108
380.871 334.034 108
380.52 330.525 108
382.105 327.375 108
382.679 324.038 108
382.235 320.54 108
385.716 317.646 108
385.214 314.138 108
383.689 310.514 108
386.1 307.407 108
386.499 304.036 108
385.874 300.557 108
384.223 296.996 108
385.527 293.729 108
386.804 290.442 108
388.052 287.135 108
388.274 283.748 108
387.468 280.306 108
387.631 276.924 108
388.763 273.576 108
386.867 270.13 108
388.941 266.789 108
386.985 263.377 108
388 260 108
388.985 256.605 108
388.941 253.211 108
388.867 249.817 108
387.764 246.459 108
389.629 242.988 108
387.468 239.694 108
387.276 236.313 108
389.05 232.795 108
387.801 229.479 108
388.516 226.009 108
388.205 222.62 108
388.858 219.129 108
387.493 215.851 108
386.1 212.593 108
386.663 209.095 108
388.185 205.444 108
387.694 202.059 108
385.198 198.991 108
387.61 195.136 108
384.075 192.277 108
383.469 188.928 108
384.798 185.203 108
383.151 182.047 108
382.456 178.707 108
381.732 175.372 108
0 260 108
0 260 108
0 260 108
0 260 108
0 260 108
0 260 108
0 260 108
0 260 108
71.7229 238.072 108
73.4362 236.846 108
0 260 108
0 260 108
0 260 108
39.5909 245.98 108
37.5877 246.319 108
36.5302 246.342 108
36.4096 246.024 108
36.2863 245.706 108
36.1602 245.39 108
35.1074 245.458 108
34.0587 245.543 108
32.0971 246.044 108
33.8012 244.951 108
32.7586 245.071 108
32.6271 244.786 108
33.3957 244.071 108
33.2554 243.78 108
32.2176 243.937 108
32.0762 243.656 108
31.0454 243.839 108
30.9032 243.568 108
29.001 244.254 108
29.7371 243.516 108
28.7217 243.75 108
28.5788 243.5 108
29.2954 242.744 108
29.1437 242.489 108
28.9898 242.235 108
29.6817 241.453 108
27.8319 242.269 108
27.6761 242.027 108
27.5182 241.786 108
26.5292 242.106 108
28.0203 240.742 108
26.2129 241.646 108
26.0517 241.418 108
25.0795 241.779 108
24.9196 241.56 108
23.9591 241.946 108
35.7009 232.606 108
40.9766 227.986 108
33.6522 233.232 108
26.423 238.603 108
26.2352 238.373 108
22.2153 241.359 108
0 260 108
0 260 108
0 260 108
0 260 108
0 260 108
0 260 108
0 260 108
0 260 108
0 260 108
0 260 108
0 260 108
