-0 260 136
-0 260 136
-0 260 136
-0 260 136
-0 260 136
-0 260 136
-0 260 136
-0 260 136
-15.8489 246.223 136
-22.8122 240.517 136
-25.2795 238.788 136
-27.0069 237.737 136
-33.4173 232.939 136
-43.0435 225.762 136
-40.9766 227.986 136
-27.7674 238.693 136
-25.5563 240.742 136
-26.5273 240.371 136
-27.5066 240.015 136
-26.8658 240.837 136
-26.2129 241.646 136
-26.372 241.875 136
-26.5292 242.106 136
-26.6843 242.338 136
-27.6761 242.027 136
-26.1451 243.344 136
-27.1375 243.043 136
-28.1371 242.758 136
-28.2865 243.004 136
-27.5721 243.759 136
-28.5788 243.5 136
-26.981 244.735 136
-27.1132 244.971 136
-29.001 244.254 136
-29.1373 244.507 136
-30.1584 244.301 136
-30.2942 244.564 136
-31.3227 244.383 136
-31.4578 244.657 136
-32.4931 244.502 136
-31.7208 245.208 136
-31.8486 245.486 136
-32.8876 245.357 136
-33.0142 245.645 136
-34.0587 245.543 136
-36.0313 245.075 136
-34.3058 246.14 136
-35.3559 246.073 136
-37.3432 245.665 136
-36.5302 246.342 136
-39.4671 245.635 136
-0 260 136
-0 260 136
-0 260 136
-72.2803 236.515 136
-73.4362 236.846 136
-0 260 136
-71.9115 238.699 136
-0 260 136
-0 260 136
-0 260 136
-0 260 136
-0 260 136
-0 260 136
-0 260 136
-0 260 136
-0 260 136
-0 260 136
-0 260 136
-0 260 136
-0 260 136
-0 260 136
-723.976 145.334 136
-724.949 151.656 136
-723.886 158.265 136
-725.738 164.455 136
-726.544 170.792 136
-727.295 177.135 136
-726.996 183.59 136
-727.635 189.937 136
-728.218 196.289 136
-727.75 202.725 136
-728.222 209.078 136
-728.638 215.435 136
-729 221.795 136
-729.305 228.158 136
-729.555 234.523 136
-728.75 240.917 136
-728.889 247.277 136
-728.972 253.638 136
-728 260 136
-728.972 266.362 136
-728.889 272.723 136
-728.75 279.083 136
-727.557 285.407 136
-728.306 291.799 136
-727.002 298.101 136
-725.644 304.382 136
-724.231 310.643 136
-724.759 317.04 136
-722.241 323.188 136
-721.662 329.488 136
-720.034 335.679 136
-720.34 342.072 136
-719.596 348.355 136
-718.798 354.632 136
-716.954 360.761 136
-714.069 366.718 136
-714.099 373.102 136
-713.084 379.33 136
-710.046 385.2 136
-708.927 391.392 136
-706.772 397.383 136
-705.546 403.545 136
-702.31 409.281 136
-700.981 415.404 136
-698.623 421.29 136
-697.189 427.38 136
-695.702 433.458 136
-691.257 438.771 136
-690.637 445.056 136
-688.996 451.076 136
-686.341 456.805 136
-683.638 462.503 136
-680.889 468.169 136
-678.093 473.802 136
-676.201 479.711 136
-673.31 485.286 136
-669.427 490.502 136
-667.39 496.335 136
-664.363 501.808 136
-660.354 506.896 136
-657.241 512.291 136
-655.014 518.017 136
-650.883 522.974 136
-648.563 528.644 136
-644.353 533.512 136
-641.025 538.726 136
-637.655 543.902 136
-632.423 548.212 136
-629.884 553.72 136
-628.199 559.636 136
-623.763 564.23 136
-620.189 569.215 136
-615.685 573.708 136
-612.924 579.068 136
-608.351 583.466 136
-605.505 588.762 136
-600.864 593.064 136
-597.064 597.803 136
-593.227 602.5 136
-589.354 607.156 136
-585.445 611.771 136
-581.501 616.344 136
-577.521 620.875 136
-572.663 624.827 136
-567.78 628.721 136
-563.707 633.109 136
-559.6 637.455 136
-556.285 642.324 136
-551.289 646.017 136
-547.086 650.232 136
-542.85 654.404 136
-538.584 658.531 136
-532.69 661.411 136
-528.373 665.435 136
-524.027 669.415 136
-518.869 672.727 136
-515.248 677.239 136
-510.044 680.448 136
-504.823 683.597 136
-499.587 686.687 136
-495.844 691.031 136
-491.315 694.679 136
-485.274 696.942 136
-480.705 700.485 136
-476.111 703.981 136
-470.043 706.054 136
-466.851 710.833 136
-461.473 713.488 136
-456.791 716.791 136
-451.386 719.333 136
-446.665 722.536 136
-440.547 724.24 136
-435.115 726.604 136
-429.675 728.908 136
-424.229 731.154 136
-420.101 734.838 136
-415.285 737.731 136
-410.451 740.577 136
-404.313 741.842 136
-399.457 744.58 136
-393.325 745.716 136
-389.072 749.13 136
-382.941 750.143 136
-378.041 752.672 136
-373.125 755.154 136
-367.006 755.98 136
-362.663 759.164 136
-357.713 761.495 136
-352.176 762.959 136
-346.074 763.541 136
-341.108 765.713 136
-335.578 767.003 136
-330.051 768.234 136
-324.529 769.408 136
-319.541 771.373 136
-314.544 773.289 136
-299.237 758.014 136
-286.759 746.821 136
-279.5 744.108 136
-274.28 744.788 136
-278.281 762.032 136
-282.001 779.381 136
-276.988 780.939 136
-271.508 781.562 136
-266.038 782.13 136
-260.579 782.642 136
-255.57 783.997 136
-249.696 783.499 136
-244.696 784.752 136
-238.863 784.138 136
-234.687 787.116 136
-228.882 786.393 136
-223.889 787.449 136
-218.13 786.611 136
-212.776 786.64 136
-207.44 786.616 136
-202.478 787.473 136
-197.517 788.283 136
-192.557 789.047 136
-186.932 787.879 136
-181.993 788.545 136
-177.056 789.165 136
-171.504 787.836 136
-166.591 788.359 136
-161.389 787.88 136
-156.208 787.351 136
-151.049 786.771 136
-146.179 787.106 136
-141.056 786.43 136
-135.956 785.704 136
-130.88 784.93 136
-126.06 785.08 136
-121.249 785.185 136
-116.228 784.271 136
-111.233 783.309 136
-106.462 783.28 136
-101.51 782.226 136
-96.767 782.108 136
-91.6862 779.979 136
-86.815 778.786 136
-82.1281 778.536 136
-77.4521 778.244 136
-72.5091 775.93 136
-68.0041 776.543 136
-63.2501 775.131 136
-58.526 773.677 136
-53.9366 773.173 136
-49.1688 770.638 136
-44.7109 771.048 136
-40.0141 768.428 136
-35.5758 768.758 136
-31.0126 767.052 136
-26.5343 766.305 136
-22.0278 764.519 136
-17.5544 762.694 136
-13.1146 760.828 136
-8.70871 758.924 136
-4.34578 757.981 136
3.75225e-05 757 136
4.31967 754.981 136
8.60407 752.925 136
12.8791 751.831 136
17.1357 750.701 136
21.3299 748.535 136
25.4876 746.333 136
29.6696 745.094 136
33.7622 742.821 136
37.8958 741.511 136
41.9219 739.17 136
46.006 737.79 136
50.0692 736.376 136
53.8848 732.94 136
57.7661 730.467 136
62 730.936 136
65.8289 728.397 136
69.7661 726.815 136
73.5242 724.214 136
77.4074 722.568 136
80.9201 718.92 136
84.7395 717.214 136
88.3446 714.493 136
91.9086 711.745 136
96.0552 711.904 136
99.3458 708.12 136
103.028 706.261 136
106.918 705.345 136
110.558 703.425 136
113.923 700.507 136
116.986 696.598 136
120.792 695.561 136
123.761 691.606 136
127.523 690.51 136
130.983 688.425 136
134.416 686.311 136
137.822 684.171 136
141.201 682.004 136
143.901 677.919 136
146.875 674.762 136
150.489 673.465 136
153.741 671.199 136
156.607 667.975 136
159.428 664.732 136
162.954 663.325 136
166.085 660.964 136
168.796 657.658 136
171.861 655.253 136
174.897 652.825 136
177.903 650.373 136
180.881 647.9 136
183.828 645.404 136
186.746 642.886 136
189.634 640.347 136
192.038 636.896 136
194.858 634.319 136
197.178 630.838 136
200.407 629.103 136
202.166 624.716 136
205.833 623.809 136
208.5 621.133 136
211.136 618.438 136
213.741 615.724 136
215.792 612.14 136
217.797 608.548 136
220.83 606.634 136
222.757 603.016 136
225.742 601.059 136
227.592 597.418 136
231.094 596.243 136
233.446 593.395 136
234.604 588.903 136
237.465 586.843 136
240.903 585.562 136
241.93 581.051 136
244.113 578.135 136
247.496 576.78 136
249.628 573.826 136
252.357 571.636 136
254.431 568.65 136
255.187 564.12 136
258.48 562.642 136
259.799 558.865 136
262.398 556.586 136
264.976 554.285 136
265.507 549.75 136
268.707 548.153 136
269.835 544.347 136
270.917 540.543 136
273.355 538.168 136
275.772 535.772 136
278.168 533.355 136
280.543 530.917 136
281.445 527.082 136
282.303 523.251 136
285.326 521.453 136
286.854 518.284 136
287.599 514.446 136
289.054 511.271 136
291.235 508.739 136
291.863 504.902 136
295.532 503.618 136
296.87 500.4 136
298.174 497.178 136
299.444 493.951 136
300.681 490.721 136
302.683 488.088 136
304.662 485.438 136
305.808 482.183 136
306.107 478.344 136
307.182 475.091 136
310.696 473.535 136
312.547 470.816 136
312.707 466.976 136
315.34 464.784 136
316.272 461.487 136
317.17 458.19 136
318.035 454.892 136
319.723 452.109 136
320.526 448.804 136
323.027 446.5 136
323.772 443.182 136
324.484 439.864 136
326.041 437.026 136
326.691 433.704 136
327.307 430.385 136
329.672 427.976 136
328.441 423.755 136
331.655 421.759 136
333.054 418.859 136
333.521 415.524 136
335.776 413.022 136
335.271 409.272 136
335.644 405.942 136
335.984 402.617 136
338.14 400.062 136
339.349 397.106 136
341.463 394.506 136
341.69 391.163 136
340.949 387.475 136
342.988 384.837 136
343.122 381.506 136
343.223 378.181 136
343.293 374.864 136
346.185 372.482 136
348.107 369.758 136
346.182 365.839 136
347.093 362.814 136
348.938 360.056 136
350.761 357.275 136
348.699 353.434 136
350.469 350.638 136
352.217 347.818 136
351.998 344.507 136
353.696 341.657 136
354.395 338.568 136
353.111 335.056 136
354.733 332.171 136
354.367 328.882 136
353.972 325.605 136
355.516 322.687 136
357.035 319.747 136
357.543 316.629 136
357.035 313.359 136
358.477 310.381 136
357.912 307.12 136
357.317 303.873 136
357.686 300.753 136
360.017 297.839 136
359.338 294.6 136
359.626 291.463 136
359.887 288.324 136
359.123 285.112 136
360.327 282.039 136
360.505 278.893 136
361.655 275.79 136
360.78 272.599 136
360.876 269.45 136
360.945 266.3 136
361.986 263.159 136
361 260 136
360.986 256.85 136
360.945 253.7 136
360.876 250.55 136
360.78 247.401 136
361.655 244.21 136
361.504 241.054 136
361.325 237.9 136
361.118 234.748 136
360.884 231.598 136
361.619 228.362 136
361.329 225.208 136
360.017 222.161 136
360.667 218.907 136
361.287 215.64 136
361.877 212.358 136
360.458 209.341 136
361.98 205.902 136
359.519 203.058 136
359.994 199.758 136
360.44 196.445 136
357.905 193.666 136
358.294 190.355 136
358.652 187.031 136
357.024 184.112 136
354.395 181.432 136
0 260 136
0 260 136
0 260 136
0 260 136
0 260 136
0 260 136
0 260 136
0 260 136
71.7229 238.072 136
72.4825 237.146 136
0 260 136
0 260 136
0 260 136
38.6483 246.314 136
37.5877 246.319 136
36.5302 246.342 136
36.4096 246.024 136
36.2863 245.706 136
35.233 245.765 136
35.1074 245.458 136
34.9792 245.152 136
33.9312 245.246 136
33.8012 244.951 136
32.7586 245.071 136
32.6271 244.786 136
33.3957 244.071 136
34.1542 243.342 136
33.1126 243.491 136
32.0762 243.656 136
31.9324 243.377 136
30.0202 244.038 136
30.7586 243.299 136
29.7371 243.516 136
29.5921 243.258 136
29.4449 243 136
29.2954 242.744 136
29.1437 242.489 136
28.9898 242.235 136
28.8336 241.983 136
28.6753 241.732 136
28.5148 241.482 136
28.3521 241.234 136
27.3582 241.547 136
26.372 241.875 136
26.2129 241.646 136
26.0517 241.418 136
25.8885 241.191 136
24.9196 241.56 136
24.7577 241.344 136
34.1142 233.823 136
39.4005 229.217 136
34.4348 232.609 136
26.423 238.603 136
27.0069 237.737 136
23.7474 240.074 136
0 260 136
0 260 136
0 260 136
0 260 136
0 260 136
0 260 136
0 260 136
0 260 136
0 260 136
0 260 136
0 260 136
