-0 260 135
-0 260 135
-0 260 135
-0 260 135
-0 260 135
-0 260 135
-0 260 135
-0 260 135
-15.8489 246.223 135
-23.5726 239.867 135
-26.0455 238.145 135
-27.7785 237.101 135
-32.6401 233.569 135
-43.8261 225.139 135
-41.7646 227.37 135
-27.7674 238.693 135
-26.355 240.14 135
-27.3311 239.776 135
-26.6976 240.603 135
-26.8658 240.837 135
-27.032 241.072 135
-26.372 241.875 135
-26.5292 242.106 135
-26.6843 242.338 135
-27.6761 242.027 135
-26.9885 242.806 135
-27.1375 243.043 135
-27.2845 243.28 135
-28.2865 243.004 135
-28.4338 243.251 135
-28.5788 243.5 135
-28.7217 243.75 135
-28.8625 244.001 135
-29.001 244.254 135
-30.0202 244.038 135
-30.1584 244.301 135
-30.2942 244.564 135
-30.4278 244.829 135
-30.559 245.095 135
-30.6879 245.363 135
-31.7208 245.208 135
-31.8486 245.486 135
-33.8012 244.951 135
-32.0971 246.044 135
-34.0587 245.543 135
-34.1835 245.841 135
-34.3058 246.14 135
-34.4255 246.439 135
-35.4761 246.382 135
-37.4669 245.992 135
-39.4671 245.635 135
-0 260 135
-0 260 135
-0 260 135
-71.3292 236.824 135
-70.5751 237.748 135
-70.7666 238.365 135
-0 260 135
-0 260 135
-0 260 135
-0 260 135
-0 260 135
-0 260 135
-0 260 135
-0 260 135
-0 260 135
-0 260 135
-0 260 135
-0 260 135
-0 260 135
-0 260 135
-0 260 135
-722 145.647 135
-720.993 152.247 135
-721.905 158.543 135
-722.763 164.847 135
-723.566 171.157 135
-724.314 177.475 135
-724.012 183.903 135
-725.644 190.129 135
-724.234 196.638 135
-726.753 202.803 135
-726.227 209.217 135
-726.642 215.557 135
-727.002 221.9 135
-727.307 228.245 135
-727.557 234.593 135
-726.751 240.969 135
-726.889 247.312 135
-727.972 253.647 135
-726 260 135
-726.972 266.344 135
-726.889 272.688 135
-726.751 279.031 135
-725.558 285.337 135
-725.309 291.668 135
-725.005 297.996 135
-724.646 304.321 135
-723.234 310.574 135
-721.768 316.804 135
-722.241 323.188 135
-719.671 329.297 135
-720.034 335.679 135
-718.352 341.846 135
-716.618 347.99 135
-715.823 354.24 135
-714.974 360.483 135
-714.069 366.718 135
-711.136 372.633 135
-710.126 378.834 135
-708.077 384.853 135
-706.96 391.027 135
-704.808 397.001 135
-702.606 402.947 135
-701.332 409.073 135
-699.028 414.971 135
-697.649 421.065 135
-695.244 426.914 135
-692.791 432.732 135
-690.289 438.521 135
-688.705 444.538 135
-685.141 450.007 135
-683.457 455.978 135
-680.762 461.651 135
-679.933 467.876 135
-676.185 473.201 135
-672.397 478.475 135
-671.413 484.652 135
-667.536 489.851 135
-665.505 495.668 135
-662.483 501.124 135
-659.417 506.546 135
-656.307 511.933 135
-652.223 516.917 135
-648.101 521.85 135
-645.792 527.496 135
-642.512 532.73 135
-640.108 538.327 135
-635.828 543.089 135
-633.333 548.627 135
-628.978 553.297 135
-625.492 558.344 135
-621.965 563.353 135
-617.505 567.877 135
-614.794 573.254 135
-611.15 578.145 135
-607.468 582.997 135
-603.747 587.808 135
-599.989 592.579 135
-596.194 597.31 135
-592.361 602 135
-588.493 606.649 135
-584.588 611.256 135
-579.795 615.299 135
-574.977 619.285 135
-571.819 624.289 135
-567.78 628.721 135
-562.873 632.558 135
-558.771 636.896 135
-554.637 641.191 135
-550.47 645.443 135
-545.457 649.071 135
-541.232 653.228 135
-537.78 657.937 135
-531.891 660.809 135
-527.58 664.826 135
-523.239 668.799 135
-519.652 673.35 135
-512.916 675.352 135
-509.272 679.812 135
-505.589 684.24 135
-498.826 686.038 135
-495.089 690.375 135
-489.817 693.354 135
-485.274 696.942 135
-480.705 700.485 135
-476.111 703.981 135
-470.768 706.742 135
-465.413 709.444 135
-459.333 711.386 135
-455.377 715.377 135
-450.685 718.62 135
-445.971 721.816 135
-440.547 724.24 135
-435.797 727.335 135
-430.351 729.646 135
-424.898 731.897 135
-418.776 733.34 135
-414.629 736.977 135
-408.503 738.295 135
-403.671 741.076 135
-399.457 744.58 135
-393.955 746.493 135
-389.072 749.13 135
-382.941 750.143 135
-377.432 751.879 135
-372.523 754.355 135
-367.006 755.98 135
-357.961 752.691 135
-342.615 740.328 135
-337.263 741.661 135
-331.914 742.938 135
-328.246 746.645 135
-322.883 747.823 135
-317.525 748.945 135
-316.469 756.758 135
-317.422 767.981 135
-310.887 767.321 135
-305.418 768.3 135
-289.804 751.99 135
-279 743.242 135
-274.28 744.788 135
-268.584 744.539 135
-276.752 769.714 135
-276.049 779.173 135
-271.046 780.675 135
-266.038 782.13 135
-261.026 783.537 135
-255.57 783.997 135
-250.127 784.402 135
-244.696 784.752 135
-239.278 785.048 135
-234.28 786.202 135
-228.882 786.393 135
-223.498 786.529 135
-218.512 787.535 135
-212.776 786.64 135
-207.806 787.547 135
-202.478 787.473 135
-197.517 788.283 135
-192.215 788.107 135
-187.266 788.822 135
-181.667 787.599 135
-176.739 788.216 135
-171.195 786.885 135
-166.591 788.359 135
-161.974 789.793 135
-156.208 787.351 135
-151.325 787.733 135
-146.179 787.106 135
-141.056 786.43 135
-136.207 786.672 135
-131.122 785.9 135
-126.06 785.08 135
-121.249 785.185 135
-116.012 783.295 135
-111.441 784.287 135
-106.462 783.28 135
-101.51 782.226 135
-96.767 782.108 135
-92.0335 781.948 135
-87.1451 780.759 135
-82.2845 779.524 135
-77.4521 778.244 135
-72.7875 777.91 135
-68.1346 777.534 135
-63.372 776.124 135
-58.6392 774.67 135
-53.9366 773.173 135
-49.3605 772.629 135
-44.798 772.044 135
-40.171 770.422 135
-35.5758 768.758 135
-31.0126 767.052 135
-26.5343 766.305 135
-22.0714 765.518 135
-17.5893 763.693 135
-13.1408 761.828 135
-8.76107 761.924 135
-4.36323 759.981 135
3.7598e-05 758 135
4.3284 755.981 135
8.63898 754.925 135
12.9053 752.831 135
17.2055 752.7 135
21.4172 750.533 135
25.54 747.331 135
29.8528 748.088 135
33.8319 743.819 135
37.9742 742.508 135
42.0963 741.162 135
46.2935 740.776 135
50.1737 737.371 135
54.2244 735.921 135
58.2536 734.437 135
62.1305 731.928 135
65.9681 729.387 135
69.7661 726.815 135
73.8371 726.189 135
77.5724 723.554 135
81.2674 720.89 135
85.2863 720.163 135
89.1078 718.42 135
92.7061 715.665 135
96.4711 713.86 135
99.9951 711.049 135
103.478 708.21 135
106.685 704.373 135
110.8 704.395 135
114.173 701.475 135
118.022 700.462 135
121.326 697.488 135
124.588 694.49 135
127.807 691.469 135
131.567 690.337 135
134.716 687.265 135
138.44 686.073 135
141.518 682.952 135
145.203 681.701 135
148.544 679.475 135
151.515 676.284 135
154.091 672.136 135
157.682 670.775 135
160.528 667.523 135
163.703 665.179 135
167.233 663.735 135
169.577 659.499 135
173.456 658.921 135
176.117 655.565 135
179.562 654.013 135
181.303 648.806 135
184.689 647.209 135
188.061 645.583 135
190.526 642.137 135
192.946 638.678 135
195.781 636.093 135
199.525 635.253 135
201.838 631.74 135
203.62 627.34 135
206.325 624.679 135
209 621.999 135
212.659 621.023 135
214.771 617.439 135
217.882 615.551 135
220.446 612.788 135
222.979 610.007 135
224.391 605.532 135
227.398 603.561 135
229.828 600.734 135
231.094 596.243 135
234.593 595.033 135
236.346 591.345 135
239.229 589.27 135
241.498 586.366 135
244.337 584.246 135
245.94 580.515 135
249.343 579.144 135
250.251 574.608 135
253.616 573.19 135
255.703 570.193 135
258.401 567.95 135
260.429 564.923 135
261.112 560.374 135
264.385 558.833 135
264.976 554.285 135
267.534 551.962 135
268.707 548.153 135
271.9 546.523 135
273.001 542.701 135
275.457 540.307 135
277.186 537.186 135
278.881 534.056 135
279.823 530.222 135
281.445 527.082 135
283.034 523.933 135
285.326 521.453 135
286.854 518.284 135
289.097 515.771 135
290.563 512.583 135
293.517 510.687 135
294.927 507.473 135
296.304 504.254 135
298.424 501.659 135
298.174 497.178 135
301.02 495.183 135
302.268 491.938 135
305.079 489.893 135
306.269 486.627 135
306.617 482.771 135
307.736 479.506 135
309.639 476.812 135
311.52 474.102 135
311.718 470.257 135
315.209 468.632 135
317.017 465.874 135
317.115 462.025 135
318.866 459.25 135
319.74 455.937 135
321.438 453.139 135
322.249 449.819 135
326.492 448.5 135
326.383 444.659 135
326.233 440.834 135
328.678 438.457 135
328.457 434.643 135
329.081 431.309 135
330.563 428.43 135
332.916 425.986 135
333.453 422.636 135
333.957 419.289 135
336.24 416.791 135
337.596 413.851 135
338.925 410.899 135
339.312 407.537 135
339.666 404.18 135
341.835 401.593 135
342.131 398.23 135
340.533 394.139 135
344.491 392.238 135
344.695 388.876 135
345.807 385.863 135
344.064 381.839 135
346.06 379.158 135
347.086 376.133 135
348.087 373.1 135
348.107 369.758 135
350.964 367.3 135
351.887 364.234 135
352.783 361.159 135
351.725 357.542 135
352.563 354.469 135
354.342 351.639 135
354.158 348.301 135
353.943 344.974 135
355.645 342.107 135
355.372 338.784 135
358.002 336.096 135
356.693 332.57 135
356.331 329.264 135
358.888 326.516 135
358.47 323.208 135
358.022 319.912 135
358.531 316.786 135
360.991 313.95 135
361.448 310.798 135
361.877 307.642 135
363.272 304.604 135
361.66 301.206 135
363.995 298.257 135
361.329 294.792 135
362.615 291.725 135
364.872 288.716 135
365.108 285.531 135
365.317 282.344 135
362.503 278.998 135
363.654 275.877 135
364.778 272.738 135
365.875 269.581 135
363.945 266.353 135
365.986 263.194 135
364 260 135
365.986 256.806 135
364.944 253.63 135
363.875 250.472 135
365.777 247.227 135
363.654 244.123 135
363.501 240.95 135
365.317 237.656 135
366.106 234.399 135
365.869 231.206 135
365.603 228.014 135
364.315 224.92 135
364.99 221.638 135
365.634 218.341 135
362.279 215.518 135
363.86 212.097 135
364.419 208.784 135
365.936 205.311 135
363.469 202.432 135
362.953 199.262 135
362.409 196.097 135
360.855 193.12 135
362.22 189.591 135
359.632 186.832 135
358.98 183.696 135
358.301 180.567 135
0 260 135
0 260 135
0 260 135
0 260 135
0 260 135
0 260 135
0 260 135
0 260 135
72.6792 237.78 135
72.4825 237.146 135
74.1824 235.897 135
0 260 135
0 260 135
39.5909 245.98 135
38.5274 245.977 135
36.5302 246.342 135
36.4096 246.024 135
36.2863 245.706 135
35.233 245.765 135
36.0313 245.075 135
34.0587 245.543 135
33.9312 245.246 135
34.7147 244.544 135
32.7586 245.071 135
31.7208 245.208 135
33.3957 244.071 135
32.3566 244.219 135
33.1126 243.491 135
32.0762 243.656 135
31.9324 243.377 135
30.9032 243.568 135
29.8798 243.777 135
29.7371 243.516 135
29.5921 243.258 135
28.5788 243.5 135
28.4338 243.251 135
29.1437 242.489 135
29.8424 241.713 135
29.6817 241.453 135
28.6753 241.732 135
28.5148 241.482 135
28.3521 241.234 135
27.3582 241.547 135
26.372 241.875 135
27.032 241.072 135
26.8658 240.837 135
25.8885 241.191 135
24.9196 241.56 135
24.7577 241.344 135
36.4943 231.997 135
40.9766 227.986 135
31.3043 235.099 135
26.423 238.603 135
26.2352 238.373 135
23.7474 240.074 135
0 260 135
0 260 135
0 260 135
0 260 135
0 260 135
0 260 135
0 260 135
0 260 135
0 260 135
0 260 135
0 260 135
