-0 260 32
-0 260 32
-0 260 32
-0 260 32
-0 260 32
-0 260 32
-0 260 32
-0 260 32
-15.8489 246.223 32
-22.0518 241.166 32
-26.8116 237.502 32
-27.0069 237.737 32
-33.4173 232.939 32
-43.8261 225.139 32
-40.9766 227.986 32
-27.7674 238.693 32
-25.5563 240.742 32
-27.3311 239.776 32
-26.6976 240.603 32
-27.6799 240.256 32
-25.3937 242.219 32
-25.5479 242.441 32
-26.5292 242.106 32
-27.5182 241.786 32
-27.6761 242.027 32
-27.8319 242.269 32
-26.2895 243.573 32
-28.1371 242.758 32
-27.4294 243.519 32
-27.5721 243.759 32
-28.5788 243.5 32
-27.8514 244.242 32
-27.9878 244.486 32
-29.001 244.254 32
-30.0202 244.038 32
-31.0454 243.839 32
-31.1852 244.11 32
-30.4278 244.829 32
-31.4578 244.657 32
-31.5905 244.932 32
-32.6271 244.786 32
-31.8486 245.486 32
-32.8876 245.357 32
-33.9312 245.246 32
-34.0587 245.543 32
-35.1074 245.458 32
-35.233 245.765 32
-34.4255 246.439 32
-35.4761 246.382 32
-36.5302 246.342 32
-38.5274 245.977 32
-0 260 32
-0 260 32
-0 260 32
-72.2803 236.515 32
-71.5288 237.447 32
-70.7666 238.365 32
-0 260 32
-0 260 32
-0 260 32
-0 260 32
-0 260 32
-0 260 32
-0 260 32
-0 260 32
-0 260 32
-0 260 32
-0 260 32
-0 260 32
-0 260 32
-0 260 32
-850.178 117.729 32
-843.486 126.405 32
-845.609 133.623 32
-845.689 141.146 32
-847.685 148.4 32
-845.649 156.167 32
-841.555 164.117 32
-837.387 171.987 32
-841.11 179.01 32
-840.788 186.441 32
-837.411 194.094 32
-831.968 201.823 32
-826.456 209.452 32
-831.858 216.404 32
-840.2 223.316 32
-824.497 231.208 32
-816.72 238.614 32
-817.875 245.724 32
-813.969 252.897 32
-817 260 32
-827.968 267.226 32
-828.874 274.468 32
-828.716 281.701 32
-832.493 289.071 32
-857.183 297.426 32
-865.812 305.375 32
-881.353 313.906 32
-887.832 322.083 32
-894.235 330.378 32
-896.575 338.44 32
-900.834 346.741 32
-904.02 355.017 32
-913.093 364.034 32
-925.053 373.582 32
-930.967 382.564 32
-1039.78 406.132 32
-1049.35 416.826 32
-957.07 411.585 32
-932.04 415.97 32
-962.157 429.654 32
-956.707 437.315 32
-1047.4 463.593 32
-977.965 458.969 32
-911.634 453.774 32
-939.197 468.215 32
-914.933 471.229 32
-876.105 470.334 32
-874.236 477.972 32
-887.791 489.599 32
-916.664 505.619 32
-898.104 509.066 32
-922.811 524.612 32
-887.867 522.998 32
-883.626 530.152 32
-886.957 539.657 32
-894.944 550.785 32
-874.354 552.555 32
-883.114 564.081 32
-874.771 569.773 32
-884.251 581.841 32
-881.408 589.545 32
-891.569 602.242 32
-886.688 609.276 32
-894.732 621.495 32
-899.859 632.734 32
-903.015 643.307 32
-918.894 659.547 32
-708.911 575.628 32
-702.49 580.143 32
-693.325 583.303 32
-680.549 584.605 32
-692.071 597.546 32
-708.788 613.389 32
-696.767 615.021 32
-708.722 628.937 32
-682.518 622.902 32
-1089.73 851.677 32
-1068.79 852.437 32
-1097.52 880.946 32
-1104.18 897.5 32
-0 260 32
-0 260 32
-0 260 32
-0 260 32
-0 260 32
-0 260 32
-0 260 32
-0 260 32
-0 260 32
-0 260 32
-0 260 32
-0 260 32
-0 260 32
-0 260 32
-0 260 32
-0 260 32
-0 260 32
-0 260 32
-0 260 32
-0 260 32
-0 260 32
-0 260 32
-0 260 32
-0 260 32
-0 260 32
-0 260 32
-0 260 32
-0 260 32
-0 260 32
-0 260 32
-0 260 32
-0 260 32
-0 260 32
-0 260 32
-0 260 32
-0 260 32
-0 260 32
-0 260 32
-0 260 32
-0 260 32
-0 260 32
-0 260 32
-0 260 32
-0 260 32
-0 260 32
-0 260 32
-0 260 32
-0 260 32
-0 260 32
-0 260 32
-0 260 32
-0 260 32
-0 260 32
-0 260 32
-0 260 32
-0 260 32
-0 260 32
-0 260 32
-0 260 32
-0 260 32
-0 260 32
-0 260 32
-0 260 32
-0 260 32
-0 260 32
-0 260 32
-0 260 32
-0 260 32
-0 260 32
-0 260 32
-0 260 32
-0 260 32
-0 260 32
-0 260 32
-0 260 32
-0 260 32
-0 260 32
-0 260 32
-0 260 32
-0 260 32
-0 260 32
-0 260 32
-0 260 32
-0 260 32
-0 260 32
-0 260 32
-0 260 32
-0 260 32
-0 260 32
-0 260 32
-0 260 32
-0 260 32
-0 260 32
-0 260 32
-0 260 32
-0 260 32
-0 260 32
-0 260 32
-0 260 32
-0 260 32
-0 260 32
-0 260 32
-0 260 32
-0 260 32
-0 260 32
-0 260 32
-0 260 32
-0 260 32
-0 260 32
-0 260 32
-0 260 32
-0 260 32
-0 260 32
-0 260 32
-0 260 32
-0 260 32
-0 260 32
0 260 32
0 260 32
0 260 32
0 260 32
0 260 32
0 260 32
0 260 32
0 260 32
0 260 32
0 260 32
0 260 32
0 260 32
0 260 32
0 260 32
0 260 32
0 260 32
0 260 32
0 260 32
0 260 32
0 260 32
0 260 32
0 260 32
0 260 32
0 260 32
0 260 32
0 260 32
0 260 32
0 260 32
0 260 32
0 260 32
0 260 32
0 260 32
0 260 32
0 260 32
0 260 32
0 260 32
0 260 32
0 260 32
0 260 32
0 260 32
0 260 32
0 260 32
0 260 32
0 260 32
0 260 32
0 260 32
0 260 32
0 260 32
0 260 32
0 260 32
0 260 32
0 260 32
0 260 32
0 260 32
0 260 32
0 260 32
0 260 32
0 260 32
0 260 32
0 260 32
0 260 32
0 260 32
0 260 32
0 260 32
0 260 32
0 260 32
0 260 32
0 260 32
0 260 32
0 260 32
0 260 32
0 260 32
0 260 32
0 260 32
0 260 32
0 260 32
0 260 32
0 260 32
0 260 32
0 260 32
0 260 32
0 260 32
0 260 32
0 260 32
0 260 32
0 260 32
0 260 32
0 260 32
0 260 32
0 260 32
0 260 32
0 260 32
0 260 32
0 260 32
0 260 32
0 260 32
0 260 32
0 260 32
0 260 32
0 260 32
0 260 32
0 260 32
0 260 32
0 260 32
0 260 32
0 260 32
0 260 32
0 260 32
0 260 32
0 260 32
0 260 32
0 260 32
0 260 32
0 260 32
0 260 32
0 260 32
0 260 32
0 260 32
0 260 32
0 260 32
0 260 32
0 260 32
0 260 32
0 260 32
0 260 32
0 260 32
0 260 32
0 260 32
0 260 32
0 260 32
0 260 32
0 260 32
0 260 32
0 260 32
0 260 32
0 260 32
0 260 32
0 260 32
0 260 32
0 260 32
0 260 32
0 260 32
0 260 32
0 260 32
0 260 32
0 260 32
0 260 32
0 260 32
0 260 32
0 260 32
0 260 32
0 260 32
0 260 32
0 260 32
0 260 32
0 260 32
0 260 32
0 260 32
0 260 32
0 260 32
0 260 32
0 260 32
0 260 32
0 260 32
0 260 32
0 260 32
0 260 32
0 260 32
0 260 32
0 260 32
0 260 32
0 260 32
0 260 32
0 260 32
0 260 32
0 260 32
0 260 32
0 260 32
588.91 270.279 32
602.977 265.262 32
582 260 32
570.978 255.017 32
573.913 249.982 32
571.804 245.027 32
565.655 240.247 32
568.458 235.181 32
561.23 230.587 32
578.918 224.592 32
581.58 219.332 32
561.264 215.828 32
560.858 210.931 32
578.325 204.314 32
1096.54 115.638 32
1092.27 106.492 32
1087.92 97.4097 32
1090.41 87.2964 32
1088.86 77.7875 32
1091.17 67.5978 32
1099.28 56.2607 32
1017.95 62.1311 32
984.824 59.6352 32
976.191 52.5041 32
947.007 50.0536 32
0 260 32
0 260 32
0 260 32
0 260 32
0 260 32
0 260 32
0 260 32
0 260 32
71.7229 238.072 32
72.4825 237.146 32
0 260 32
0 260 32
0 260 32
40.5336 245.646 32
38.5274 245.977 32
36.5302 246.342 32
36.4096 246.024 32
36.2863 245.706 32
35.233 245.765 32
36.0313 245.075 32
34.9792 245.152 32
33.9312 245.246 32
33.8012 244.951 32
32.7586 245.071 32
32.6271 244.786 32
34.2982 243.641 32
33.2554 243.78 32
32.2176 243.937 32
32.0762 243.656 32
31.9324 243.377 32
29.1373 244.507 32
29.8798 243.777 32
30.6117 243.032 32
29.5921 243.258 32
29.4449 243 32
28.4338 243.251 32
29.1437 242.489 32
28.9898 242.235 32
27.9856 242.513 32
28.6753 241.732 32
27.6761 242.027 32
29.186 240.682 32
26.5292 242.106 32
27.1962 241.309 32
26.2129 241.646 32
25.2376 241.998 32
25.0795 241.779 32
24.9196 241.56 32
25.5563 240.742 32
35.7009 232.606 32
40.9766 227.986 32
32.8695 233.854 32
26.423 238.603 32
26.2352 238.373 32
23.7474 240.074 32
0 260 32
0 260 32
0 260 32
0 260 32
0 260 32
0 260 32
0 260 32
0 260 32
0 260 32
0 260 32
0 260 32
