-0 260 284
-0 260 284
-0 260 284
-0 260 284
-0 260 284
-0 260 284
-0 260 284
-0 260 284
-15.8489 246.223 284
-22.8122 240.517 284
-26.8116 237.502 284
-25.4636 239.009 284
-34.1944 232.31 284
-42.2608 226.384 284
-40.9766 227.986 284
-27.7674 238.693 284
-25.5563 240.742 284
-26.5273 240.371 284
-26.6976 240.603 284
-26.8658 240.837 284
-26.2129 241.646 284
-25.5479 242.441 284
-25.7002 242.665 284
-26.6843 242.338 284
-26.8375 242.572 284
-26.9885 242.806 284
-27.9856 242.513 284
-28.1371 242.758 284
-28.2865 243.004 284
-27.5721 243.759 284
-28.5788 243.5 284
-27.8514 244.242 284
-27.9878 244.486 284
-28.1222 244.731 284
-30.0202 244.038 284
-30.1584 244.301 284
-30.2942 244.564 284
-31.3227 244.383 284
-30.559 245.095 284
-31.5905 244.932 284
-30.8145 245.631 284
-32.7586 245.071 284
-31.9741 245.764 284
-33.0142 245.645 284
-34.9792 245.152 284
-35.1074 245.458 284
-34.3058 246.14 284
-35.3559 246.073 284
-35.4761 246.382 284
-36.5302 246.342 284
-40.4068 245.293 284
-0 260 284
-0 260 284
-0 260 284
-72.2803 236.515 284
-72.4825 237.146 284
-0 260 284
-0 260 284
-0 260 284
-0 260 284
-0 260 284
-0 260 284
-0 260 284
-0 260 284
-0 260 284
-0 260 284
-0 260 284
-0 260 284
-0 260 284
-0 260 284
-0 260 284
-0 260 284
-895.07 165.925 284
-1033.07 323.185 284
-1037.47 332.547 284
-1034.8 341.441 284
-998.187 347.33 284
-1000.37 356.325 284
-1010.43 366.201 284
-989.598 372.751 284
-965.747 378.579 284
-970.625 387.785 284
-989.278 399.034 284
-986.049 407.366 284
-964.971 412.837 284
-955.711 419.931 284
-0 260 284
-0 260 284
-0 260 284
-0 260 284
-0 260 284
-0 260 284
-0 260 284
-0 260 284
-0 260 284
-0 260 284
-0 260 284
-0 260 284
-0 260 284
-0 260 284
-0 260 284
-0 260 284
-0 260 284
-0 260 284
-0 260 284
-0 260 284
-0 260 284
-0 260 284
-0 260 284
-0 260 284
-0 260 284
-0 260 284
-0 260 284
-0 260 284
-0 260 284
-0 260 284
-0 260 284
-0 260 284
-0 260 284
-0 260 284
-0 260 284
-0 260 284
-0 260 284
-0 260 284
-0 260 284
-0 260 284
-0 260 284
-0 260 284
-0 260 284
-0 260 284
-0 260 284
-0 260 284
-0 260 284
-0 260 284
-0 260 284
-0 260 284
-0 260 284
-0 260 284
-0 260 284
-0 260 284
-0 260 284
-0 260 284
-0 260 284
-0 260 284
-0 260 284
-0 260 284
-0 260 284
-0 260 284
-0 260 284
-0 260 284
-0 260 284
-0 260 284
-0 260 284
-0 260 284
-0 260 284
-0 260 284
-0 260 284
-0 260 284
-0 260 284
-0 260 284
-0 260 284
-0 260 284
-0 260 284
-0 260 284
-0 260 284
-0 260 284
-0 260 284
-0 260 284
-0 260 284
-0 260 284
-0 260 284
-0 260 284
-0 260 284
-0 260 284
-0 260 284
-0 260 284
-0 260 284
-0 260 284
-0 260 284
-0 260 284
-0 260 284
-0 260 284
-0 260 284
-0 260 284
-0 260 284
-0 260 284
-0 260 284
-0 260 284
-0 260 284
-0 260 284
-0 260 284
-0 260 284
-0 260 284
-0 260 284
-0 260 284
-0 260 284
-0 260 284
-0 260 284
-0 260 284
-0 260 284
-0 260 284
-0 260 284
-0 260 284
-0 260 284
-0 260 284
-0 260 284
-0 260 284
-0 260 284
-0 260 284
-0 260 284
-0 260 284
-0 260 284
-0 260 284
-0 260 284
-0 260 284
-0 260 284
-0 260 284
-0 260 284
-0 260 284
-0 260 284
-0 260 284
-0 260 284
-0 260 284
-0 260 284
-0 260 284
-0 260 284
-0 260 284
-0 260 284
-0 260 284
-0 260 284
-0 260 284
-0 260 284
-0 260 284
0 260 284
0 260 284
0 260 284
0 260 284
0 260 284
0 260 284
0 260 284
0 260 284
0 260 284
0 260 284
0 260 284
0 260 284
0 260 284
0 260 284
0 260 284
0 260 284
0 260 284
0 260 284
0 260 284
0 260 284
0 260 284
0 260 284
0 260 284
0 260 284
0 260 284
0 260 284
0 260 284
0 260 284
0 260 284
0 260 284
0 260 284
0 260 284
0 260 284
0 260 284
0 260 284
0 260 284
0 260 284
0 260 284
0 260 284
0 260 284
0 260 284
0 260 284
0 260 284
0 260 284
0 260 284
0 260 284
0 260 284
0 260 284
0 260 284
0 260 284
0 260 284
0 260 284
0 260 284
0 260 284
0 260 284
0 260 284
0 260 284
0 260 284
0 260 284
0 260 284
0 260 284
0 260 284
0 260 284
0 260 284
0 260 284
0 260 284
0 260 284
0 260 284
0 260 284
0 260 284
0 260 284
0 260 284
0 260 284
0 260 284
0 260 284
0 260 284
0 260 284
0 260 284
0 260 284
0 260 284
0 260 284
0 260 284
0 260 284
0 260 284
0 260 284
0 260 284
0 260 284
0 260 284
0 260 284
0 260 284
0 260 284
0 260 284
0 260 284
0 260 284
0 260 284
0 260 284
0 260 284
0 260 284
0 260 284
0 260 284
0 260 284
0 260 284
0 260 284
0 260 284
0 260 284
0 260 284
0 260 284
0 260 284
0 260 284
0 260 284
0 260 284
0 260 284
0 260 284
0 260 284
0 260 284
0 260 284
0 260 284
0 260 284
0 260 284
0 260 284
0 260 284
0 260 284
0 260 284
0 260 284
0 260 284
0 260 284
0 260 284
0 260 284
0 260 284
0 260 284
0 260 284
0 260 284
0 260 284
0 260 284
0 260 284
0 260 284
0 260 284
0 260 284
0 260 284
0 260 284
0 260 284
0 260 284
0 260 284
0 260 284
0 260 284
0 260 284
0 260 284
0 260 284
0 260 284
0 260 284
0 260 284
0 260 284
0 260 284
0 260 284
0 260 284
0 260 284
0 260 284
0 260 284
0 260 284
0 260 284
0 260 284
0 260 284
0 260 284
0 260 284
0 260 284
0 260 284
0 260 284
0 260 284
0 260 284
0 260 284
505.071 304.188 284
521.388 301.034 284
514.743 295.994 284
510.047 291.196 284
509.301 286.691 284
507.516 282.159 284
508.69 277.764 284
495.83 272.984 284
492.925 268.604 284
500.981 264.372 284
525 260 284
519.98 255.462 284
508.922 251.117 284
518.822 246.414 284
811.505 231.662 284
546.479 236.14 284
544.253 231.477 284
525.019 227.888 284
814.012 203.079 284
497.462 220.849 284
491.124 217.032 284
821.202 180.927 284
817.497 174.078 284
818.617 123.01 284
843.98 111.184 284
834.783 105.282 284
816.714 101.247 284
813.338 94.5246 284
812.841 87.2254 284
811.302 80.1387 284
0 260 284
0 260 284
0 260 284
0 260 284
0 260 284
0 260 284
0 260 284
0 260 284
71.7229 238.072 284
70.5751 237.748 284
0 260 284
0 260 284
0 260 284
39.5909 245.98 284
38.5274 245.977 284
37.4669 245.992 284
35.4761 246.382 284
37.2167 245.34 284
35.233 245.765 284
34.1835 245.841 284
34.0587 245.543 284
33.0142 245.645 284
33.8012 244.951 284
31.8486 245.486 284
31.7208 245.208 284
33.3957 244.071 284
33.2554 243.78 284
33.1126 243.491 284
31.1852 244.11 284
31.9324 243.377 284
30.0202 244.038 284
29.001 244.254 284
28.8625 244.001 284
28.7217 243.75 284
28.5788 243.5 284
29.2954 242.744 284
29.1437 242.489 284
28.9898 242.235 284
27.9856 242.513 284
27.8319 242.269 284
28.5148 241.482 284
28.3521 241.234 284
27.3582 241.547 284
27.1962 241.309 284
27.032 241.072 284
25.2376 241.998 284
25.0795 241.779 284
24.1157 242.155 284
23.9591 241.946 284
34.9075 233.214 284
40.1885 228.601 284
34.4348 232.609 284
27.2001 237.974 284
26.2352 238.373 284
23.7474 240.074 284
0 260 284
0 260 284
0 260 284
0 260 284
0 260 284
0 260 284
0 260 284
0 260 284
0 260 284
0 260 284
0 260 284
