-0 260 118
-0 260 118
-0 260 118
-0 260 118
-0 260 118
-0 260 118
-0 260 118
-0 260 118
-16.6036 245.567 118
-22.8122 240.517 118
-26.8116 237.502 118
-27.7785 237.101 118
-34.9716 231.681 118
-43.8261 225.139 118
-41.7646 227.37 118
-28.5607 238.085 118
-25.5563 240.742 118
-26.5273 240.371 118
-26.6976 240.603 118
-27.6799 240.256 118
-26.2129 241.646 118
-26.372 241.875 118
-27.3582 241.547 118
-26.6843 242.338 118
-27.6761 242.027 118
-27.8319 242.269 118
-27.1375 243.043 118
-28.1371 242.758 118
-29.1437 242.489 118
-28.4338 243.251 118
-28.5788 243.5 118
-27.8514 244.242 118
-27.9878 244.486 118
-29.001 244.254 118
-30.9032 243.569 118
-31.0454 243.839 118
-30.2942 244.564 118
-31.3227 244.383 118
-31.4578 244.657 118
-32.4931 244.502 118
-32.6271 244.786 118
-31.8486 245.486 118
-32.8876 245.357 118
-33.9312 245.246 118
-34.9792 245.152 118
-34.1835 245.841 118
-35.233 245.765 118
-35.3559 246.073 118
-36.4096 246.024 118
-37.4669 245.992 118
-39.4671 245.635 118
-0 260 118
-0 260 118
-0 260 118
-73.2314 236.206 118
-71.5288 237.447 118
-0 260 118
-0 260 118
-0 260 118
-0 260 118
-0 260 118
-0 260 118
-0 260 118
-0 260 118
-0 260 118
-0 260 118
-0 260 118
-0 260 118
-0 260 118
-0 260 118
-0 260 118
-0 260 118
-692.37 150.34 118
-693.3 156.386 118
-694.178 162.44 118
-694.011 168.632 118
-694.782 174.692 118
-694.507 180.871 118
-696.165 186.83 118
-695.782 193.004 118
-696.34 199.078 118
-696.845 205.157 118
-696.3 211.31 118
-696.698 217.388 118
-697.043 223.47 118
-697.336 229.554 118
-697.575 235.64 118
-695.762 241.781 118
-696.894 247.836 118
-696.973 253.918 118
-697 260 118
-695.973 266.074 118
-696.894 272.164 118
-695.761 278.219 118
-694.577 284.255 118
-696.337 290.403 118
-693.049 296.321 118
-693.704 302.429 118
-692.309 308.411 118
-692.858 314.529 118
-691.359 320.486 118
-690.805 326.517 118
-690.198 332.543 118
-688.545 338.45 118
-687.834 344.456 118
-685.088 350.194 118
-684.275 356.169 118
-684.399 362.284 118
-681.505 367.94 118
-681.523 374.048 118
-679.517 379.817 118
-677.463 385.56 118
-676.341 391.467 118
-675.168 397.365 118
-672.966 403.043 118
-670.715 408.694 118
-669.392 414.541 118
-667.046 420.144 118
-664.653 425.717 118
-663.181 431.51 118
-660.693 437.032 118
-659.123 442.791 118
-656.542 448.26 118
-651.997 453.131 118
-651.244 459.105 118
-648.527 464.48 118
-647.669 470.441 118
-643.912 475.45 118
-640.116 480.41 118
-638.168 485.987 118
-636.172 491.548 118
-633.19 496.74 118
-630.167 501.898 118
-628.032 507.388 118
-623.995 512.11 118
-620.847 517.163 118
-618.579 522.571 118
-615.347 527.561 118
-612.989 532.92 118
-609.674 537.845 118
-605.414 542.309 118
-602.024 547.151 118
-598.597 551.955 118
-595.131 556.722 118
-592.519 561.904 118
-588.975 566.601 118
-584.511 570.79 118
-581.777 575.879 118
-578.124 580.459 118
-573.564 584.507 118
-570.711 589.5 118
-566.952 593.96 118
-564.016 598.895 118
-561.037 603.804 118
-557.168 608.157 118
-551.578 611.394 118
-546.813 615.105 118
-545.361 620.967 118
-540.532 624.594 118
-537.33 629.297 118
-532.449 632.825 118
-528.361 636.876 118
-523.434 640.297 118
-520.095 644.85 118
-516.717 649.374 118
-510.126 651.434 118
-506.691 655.87 118
-502.434 659.654 118
-498.928 664.024 118
-493.84 667.09 118
-488.736 670.099 118
-485.139 674.348 118
-479.995 677.254 118
-476.336 681.426 118
-470.411 683.56 118
-467.434 688.324 118
-462.215 691.023 118
-456.26 692.975 118
-453.184 697.635 118
-447.921 700.171 118
-444.063 704.063 118
-439.47 707.208 118
-434.856 710.307 118
-428.845 711.908 118
-425.567 716.365 118
-420.217 718.587 118
-414.861 720.75 118
-410.162 723.604 118
-405.444 726.411 118
-400.06 728.41 118
-395.957 731.883 118
-391.188 734.549 118
-385.144 735.613 118
-380.979 738.956 118
-374.938 739.899 118
-370.736 743.152 118
-365.903 745.57 118
-361.057 747.941 118
-356.198 750.264 118
-351.325 752.54 118
-345.293 753.13 118
-340.41 755.3 118
-336.075 758.252 118
-330.61 759.498 118
-325.694 761.525 118
-320.768 763.505 118
-314.242 762.893 118
-310.364 766.468 118
-304.902 767.443 118
-299.448 768.361 118
-294.5 770.089 118
-290.037 772.64 118
-283.129 770.778 118
-266.732 751.259 118
-258.679 746.504 118
-253.038 746.082 118
-248.333 747.381 118
-253.44 768.323 118
-252.94 778.604 118
-248.835 781.694 118
-243.005 781.127 118
-238.449 783.228 118
-233.06 783.462 118
-228.084 784.558 118
-222.717 784.688 118
-217.747 785.687 118
-212.776 786.64 118
-207.44 786.616 118
-202.478 787.473 118
-197.167 787.346 118
-191.873 787.168 118
-186.932 787.879 118
-181.667 787.599 118
-176.739 788.216 118
-171.813 788.787 118
-166.892 789.313 118
-161.974 789.793 118
-156.776 789.269 118
-151.876 789.655 118
-146.981 789.997 118
-141.833 789.327 118
-136.707 788.609 118
-132.089 789.781 118
-126.994 788.969 118
-121.923 788.109 118
-117.31 789.152 118
-112.064 787.222 118
-107.459 788.179 118
-102.464 787.134 118
-97.8604 788.008 118
-92.9017 786.872 118
-87.9703 785.69 118
-83.0667 784.463 118
-78.4868 785.167 118
-73.4834 782.862 118
-68.9178 783.483 118
-64.347 784.064 118
-59.4316 781.625 118
-54.8774 782.124 118
-50.1273 780.592 118
-45.4953 780.014 118
-40.8771 779.394 118
-36.2036 777.736 118
-31.6231 777.034 118
-27.0576 776.291 118
-22.4639 774.51 118
-17.9732 774.686 118
-13.4026 771.825 118
-8.93559 771.922 118
-4.45049 769.981 118
3.84284e-05 769 118
4.43312 767.981 118
8.84841 766.923 118
13.1932 763.827 118
17.5894 763.693 118
21.9406 762.521 118
26.2204 760.313 118
30.5243 759.067 118
34.8783 758.782 118
39.0727 756.465 118
43.3164 755.109 118
47.5395 753.717 118
51.7416 752.288 118
55.8092 749.831 118
60.0816 749.325 118
64.0884 746.799 118
68.0557 744.241 118
72.2788 743.629 118
76.3401 741.992 118
80.3782 740.321 118
84.2194 737.632 118
88.202 735.895 118
92.1608 734.126 118
95.896 731.344 118
99.7976 729.511 118
103.675 727.646 118
107.527 725.749 118
111.353 723.82 118
114.913 720.89 118
118.68 718.902 118
121.904 714.951 118
125.602 712.906 118
129.825 712.754 118
133.487 710.645 118
137.122 708.507 118
140.73 706.34 118
143.384 701.29 118
148.181 702.867 118
151.064 698.721 118
155.22 698.328 118
158.697 696.017 118
161.796 692.743 118
165.208 690.381 118
168.591 687.992 118
171.195 683.723 118
175.269 683.137 118
178.173 679.75 118
181.83 678.179 118
183.845 672.923 118
188.271 673.122 118
191.446 670.557 118
194.161 667.066 118
197.267 664.457 118
201.235 663.615 118
203.842 660.062 118
206.402 656.494 118
209.384 653.795 118
213.29 652.831 118
216.225 650.08 118
219.129 647.308 118
221.5 643.649 118
224.84 641.702 118
228.162 639.725 118
230.422 636.014 118
233.694 633.989 118
236.949 631.936 118
238.007 626.499 118
240.093 622.74 118
243.808 621.46 118
245.82 617.671 118
250.079 617.15 118
252.025 613.326 118
254.511 610.304 118
256.369 606.462 118
260.586 605.809 118
262.376 601.935 118
264.734 598.845 118
267.681 596.521 118
270.608 594.173 118
271.605 589.484 118
273.828 586.335 118
276.015 583.173 118
278.825 580.752 118
281.614 578.306 118
283.711 575.093 118
287.126 573.343 118
289.167 570.094 118
291.174 566.833 118
292.451 562.842 118
295.784 560.992 118
295.571 555.571 118
298.852 553.681 118
300.684 550.367 118
303.932 548.421 118
305.706 545.075 118
308.182 542.397 118
308.405 537.689 118
310.068 534.325 118
312.45 531.608 118
313.287 527.573 118
317.142 526.114 118
319.453 523.336 118
320.184 519.28 118
323.217 517.099 118
323.872 513.037 118
326.862 510.81 118
328.239 507.346 118
328.777 503.283 118
332.506 501.58 118
334.601 498.669 118
335.033 494.593 118
337.068 491.66 118
338.247 488.151 118
340.225 485.19 118
341.339 481.668 118
342.417 478.144 118
344.308 475.147 118
346.172 472.134 118
348.867 469.62 118
350.683 466.568 118
351.606 463 118
352.494 459.432 118
354.221 456.348 118
355.042 452.772 118
356.711 449.667 118
357.465 446.085 118
358.185 442.504 118
360.659 439.818 118
362.214 436.664 118
363.742 433.496 118
364.336 429.893 118
364.894 426.292 118
365.418 422.695 118
367.741 419.898 118
369.122 416.683 118
371.4 413.839 118
371.801 410.217 118
372.167 406.6 118
373.432 403.347 118
373.732 399.733 118
373.998 396.124 118
377.057 393.523 118
377.262 389.902 118
380.278 387.239 118
377.569 382.68 118
379.579 379.681 118
379.653 376.072 118
383.528 373.606 118
381.621 369.428 118
381.598 365.826 118
382.507 362.492 118
383.386 359.15 118
386.178 356.285 118
387.003 352.911 118
385.851 349.081 118
387.59 345.927 118
386.368 342.125 118
389.03 339.149 118
388.724 335.56 118
391.335 332.53 118
389.984 328.765 118
392.542 325.689 118
391.125 321.948 118
392.639 318.68 118
392.146 315.113 118
392.612 311.688 118
393.048 308.26 118
394.448 304.942 118
394.825 301.498 118
395.172 298.051 118
397.482 294.775 118
393.782 290.991 118
395.035 287.624 118
395.261 284.175 118
395.457 280.725 118
396.622 277.317 118
396.758 273.855 118
397.864 270.418 118
396.94 266.929 118
397.985 263.473 118
398 260 118
397.985 256.527 118
395.94 253.089 118
397.864 249.582 118
396.758 246.145 118
398.62 242.596 118
396.456 239.223 118
397.258 235.703 118
397.03 232.237 118
397.77 228.695 118
396.485 225.312 118
398.158 221.662 118
397.809 218.189 118
398.422 214.606 118
398.011 211.13 118
396.578 207.79 118
396.107 204.331 118
397.584 200.581 118
394.088 197.583 118
395.501 193.816 118
393.923 190.541 118
395.268 186.741 118
394.614 183.295 118
392.95 180.053 118
391.259 176.835 118
391.495 173.208 118
0 260 118
0 260 118
0 260 118
0 260 118
0 260 118
0 260 118
0 260 118
0 260 118
72.6792 237.78 118
71.5288 237.447 118
0 260 118
0 260 118
0 260 118
40.5336 245.646 118
37.5877 246.319 118
35.5935 246.692 118
37.3432 245.665 118
36.2863 245.706 118
36.1602 245.39 118
35.1074 245.458 118
34.0587 245.543 118
33.9312 245.246 118
33.8012 244.951 118
33.6686 244.656 118
33.5334 244.363 118
34.2982 243.641 118
33.2554 243.78 118
34.0075 243.044 118
32.0762 243.656 118
31.9324 243.377 118
30.9032 243.568 118
29.8798 243.777 118
29.7371 243.516 118
29.5921 243.258 118
30.3109 242.5 118
29.2954 242.744 118
28.2865 243.004 118
28.9898 242.235 118
28.8336 241.983 118
29.5187 241.195 118
28.5148 241.482 118
28.3521 241.234 118
28.1873 240.987 118
28.0203 240.742 118
27.032 241.072 118
26.8658 240.837 118
25.8885 241.191 118
24.9196 241.56 118
24.7577 241.344 118
35.7009 232.606 118
40.9766 227.986 118
35.2174 231.987 118
27.2001 237.974 118
27.0069 237.737 118
24.5134 239.431 118
0 260 118
0 260 118
0 260 118
0 260 118
0 260 118
0 260 118
0 260 118
0 260 118
0 260 118
0 260 118
0 260 118
