-0 260 110
-0 260 110
-0 260 110
-0 260 110
-0 260 110
-0 260 110
-0 260 110
-0 260 110
-15.8489 246.223 110
-22.8122 240.517 110
-26.8116 237.502 110
-27.7785 237.101 110
-34.1944 232.31 110
-41.4782 227.007 110
-41.7646 227.37 110
-26.974 239.302 110
-26.355 240.14 110
-26.5273 240.371 110
-27.5066 240.015 110
-27.6799 240.256 110
-26.2129 241.646 110
-26.372 241.875 110
-26.5292 242.106 110
-26.6843 242.338 110
-26.8375 242.572 110
-26.9885 242.806 110
-27.1375 243.043 110
-28.1371 242.758 110
-28.2865 243.004 110
-27.5721 243.759 110
-28.5788 243.5 110
-28.7217 243.75 110
-27.1132 244.971 110
-29.8798 243.777 110
-29.1373 244.507 110
-30.1584 244.301 110
-31.1852 244.11 110
-31.3227 244.383 110
-31.4578 244.657 110
-32.4931 244.502 110
-32.6271 244.786 110
-31.8486 245.486 110
-33.8012 244.951 110
-33.0142 245.645 110
-34.9792 245.152 110
-34.1835 245.841 110
-34.3058 246.14 110
-35.3559 246.073 110
-36.4096 246.024 110
-36.5302 246.342 110
-38.5274 245.977 110
-0 260 110
-0 260 110
-0 260 110
-73.2314 236.206 110
-71.5288 237.447 110
-0 260 110
-0 260 110
-0 260 110
-0 260 110
-0 260 110
-0 260 110
-0 260 110
-0 260 110
-0 260 110
-0 260 110
-0 260 110
-0 260 110
-0 260 110
-0 260 110
-0 260 110
-0 260 110
-696.32 149.714 110
-698.245 155.647 110
-698.139 161.883 110
-698.969 167.979 110
-698.753 174.204 110
-700.468 180.192 110
-699.149 186.517 110
-700.759 192.525 110
-701.321 198.642 110
-701.83 204.765 110
-701.288 210.961 110
-701.689 217.083 110
-701.038 223.26 110
-701.332 229.379 110
-701.572 235.501 110
-700.76 241.65 110
-700.893 247.766 110
-700.973 253.883 110
-701 260 110
-701.973 266.126 110
-699.893 272.217 110
-699.76 278.324 110
-699.574 284.43 110
-698.335 290.49 110
-698.042 296.583 110
-697.696 302.673 110
-696.3 308.69 110
-695.848 314.765 110
-695.344 320.835 110
-693.791 326.805 110
-693.182 332.856 110
-692.52 338.903 110
-690.812 344.821 110
-689.054 350.716 110
-688.236 356.725 110
-687.366 362.728 110
-685.456 368.566 110
-683.496 374.378 110
-682.472 380.338 110
-680.412 386.107 110
-678.304 391.849 110
-675.168 397.365 110
-675.9 403.667 110
-674.621 409.56 110
-671.341 414.991 110
-669.963 420.844 110
-667.563 426.442 110
-666.086 432.262 110
-662.625 437.55 110
-662.014 443.593 110
-658.464 448.812 110
-655.833 454.267 110
-654.112 459.982 110
-652.342 465.683 110
-648.621 470.75 110
-646.757 476.402 110
-643.898 481.712 110
-640.054 486.655 110
-638.051 492.232 110
-635.064 497.441 110
-632.034 502.615 110
-629.893 508.121 110
-626.776 513.234 110
-623.619 518.311 110
-620.42 523.353 110
-618.098 528.757 110
-613.903 533.327 110
-610.584 538.259 110
-606.32 542.732 110
-603.83 548.012 110
-600.394 552.832 110
-597.816 558.06 110
-594.301 562.812 110
-589.862 567.063 110
-586.277 571.729 110
-582.656 576.356 110
-578.998 580.944 110
-575.305 585.492 110
-572.443 590.5 110
-567.814 594.468 110
-564.873 599.41 110
-561.89 604.327 110
-555.471 607.097 110
-552.421 611.931 110
-549.329 616.739 110
-545.361 620.967 110
-540.532 624.594 110
-537.33 629.297 110
-533.268 633.398 110
-529.175 637.457 110
-523.434 640.297 110
-520.899 645.445 110
-515.918 648.773 110
-510.92 652.042 110
-507.479 656.486 110
-503.217 660.277 110
-498.928 664.024 110
-494.611 667.726 110
-490.268 671.384 110
-485.899 674.997 110
-481.505 678.566 110
-476.336 681.426 110
-471.154 684.229 110
-466.697 687.649 110
-462.215 691.023 110
-457.711 694.352 110
-452.465 696.94 110
-449.348 701.573 110
-444.063 704.063 110
-439.47 707.208 110
-434.161 709.587 110
-430.222 713.359 110
-425.567 716.365 110
-419.541 717.849 110
-415.53 721.493 110
-410.824 724.353 110
-406.1 727.165 110
-400.709 729.171 110
-396.6 732.649 110
-389.916 733.006 110
-385.773 736.391 110
-381.601 739.739 110
-375.553 740.687 110
-370.127 742.359 110
-365.302 744.772 110
-361.057 747.941 110
-356.198 750.264 110
-349.583 750.098 110
-345.293 753.13 110
-339.844 754.476 110
-334.397 755.765 110
-329.506 757.83 110
-325.149 760.686 110
-320.231 762.661 110
-315.302 764.589 110
-310.364 766.468 110
-303.872 765.729 110
-298.94 767.5 110
-294.5 770.089 110
-282.651 759.584 110
-268.584 744.539 110
-261.96 742.471 110
-256.801 742.972 110
-254.885 749.63 110
-262.406 775.002 110
-258.348 778.167 110
-252.502 777.705 110
-247.974 779.889 110
-242.583 780.221 110
-238.034 782.318 110
-232.653 782.548 110
-227.287 782.724 110
-222.326 783.767 110
-217.364 784.764 110
-212.027 784.786 110
-207.073 785.686 110
-202.119 786.539 110
-196.816 786.41 110
-191.873 787.168 110
-186.598 786.937 110
-181.993 788.545 110
-176.739 788.216 110
-171.504 787.836 110
-166.591 788.359 110
-161.389 787.88 110
-156.208 787.351 110
-151.325 787.733 110
-146.447 788.07 110
-141.574 788.361 110
-136.207 786.672 110
-131.605 787.841 110
-126.761 787.997 110
-121.698 787.134 110
-116.877 787.2 110
-111.856 786.243 110
-107.061 786.22 110
-102.274 786.152 110
-97.3137 785.058 110
-92.5544 784.903 110
-87.6402 783.718 110
-82.9102 783.475 110
-78.1911 783.189 110
-73.6225 783.852 110
-68.6567 781.5 110
-63.9814 781.087 110
-59.2052 779.638 110
-54.6683 780.135 110
-49.9356 778.601 110
-45.3209 778.021 110
-40.7202 777.4 110
-36.1338 776.738 110
-31.501 775.038 110
-26.9006 773.296 110
-22.3767 772.512 110
-17.8336 770.689 110
-13.3502 769.825 110
-8.88324 768.922 110
-4.44177 768.981 110
3.82019e-05 766 110
4.41566 765.981 110
8.8135 764.923 110
13.167 762.828 110
17.4847 760.695 110
21.8533 760.523 110
26.1157 758.316 110
30.4022 757.071 110
34.669 755.789 110
38.7588 752.477 110
43.055 752.12 110
47.1561 749.735 110
51.219 747.316 110
55.4696 746.85 110
59.5941 745.355 110
63.6968 743.825 110
67.7773 742.261 110
71.8354 740.662 110
75.5579 737.053 110
79.718 736.376 110
83.5248 733.693 110
87.4731 731.962 110
91.5883 731.181 110
95.4973 729.384 110
99.3818 727.555 110
103.242 725.693 110
107.302 724.775 110
110.653 720.903 110
114.429 718.95 110
117.679 715.029 110
121.904 714.951 110
125.602 712.906 110
129.274 710.832 110
132.635 707.769 110
136.538 706.594 110
139.828 703.478 110
142.766 699.388 110
146.595 698.126 110
149.436 693.993 110
153.551 693.615 110
156.987 691.319 110
160.395 688.996 110
163.774 686.646 110
167.125 684.27 110
170.821 682.796 110
174.121 680.365 110
176.61 676.068 110
180.633 675.428 110
183.845 672.923 110
187.027 670.393 110
190.601 668.745 110
193.3 665.261 110
196.829 663.559 110
199.45 660.036 110
202.934 658.28 110
204.555 652.946 110
207.976 651.146 110
211.381 649.316 110
214.771 647.457 110
217.159 643.827 110
220 641.051 110
223.317 639.117 110
225.072 634.582 110
228.854 633.456 110
231.575 630.597 110
233.725 626.875 110
236.373 623.983 110
238.437 620.239 110
241.571 618.144 110
245.254 616.847 110
246.638 612.235 110
249.122 609.256 110
252.748 607.877 110
255.179 604.855 110
257.577 601.816 110
259.941 598.762 110
262.887 596.481 110
265.191 593.391 110
266.203 588.733 110
269.061 586.397 110
271.256 583.271 110
274.067 580.891 110
275.545 576.978 110
278.963 575.31 110
282.373 573.607 110
284.423 570.394 110
285.075 565.706 110
289.109 564.657 110
289.673 559.965 110
291.578 556.712 110
294.156 554.156 110
296.712 551.578 110
298.526 548.283 110
299.58 544.29 110
301.318 540.983 110
304.496 539.019 110
306.176 535.682 110
307.821 532.337 110
310.186 529.64 110
311.006 525.624 110
314.078 523.543 110
314.823 519.52 110
318.63 518.021 110
318.522 513.363 110
320.72 510.574 110
322.101 507.157 110
323.447 503.735 110
325.562 500.903 110
328.461 498.641 110
331.345 496.346 110
331.757 492.298 110
332.947 488.828 110
334.102 485.355 110
336.89 482.983 110
337.146 478.945 110
338.2 475.457 110
340.067 472.498 110
344.467 471.089 110
343.724 466.53 110
344.652 463.015 110
347.276 460.5 110
348.142 456.969 110
348.973 453.439 110
350.648 450.386 110
353.179 447.789 110
353.917 444.238 110
356.403 441.596 110
356.184 437.587 110
358.619 434.91 110
360.132 431.774 110
359.804 427.779 110
360.345 424.219 110
361.764 421.068 110
364.073 418.303 110
364.52 414.73 110
364.932 411.16 110
365.31 407.595 110
366.585 404.401 110
367.831 401.197 110
370.922 398.682 110
372.118 395.44 110
372.343 391.854 110
374.425 388.925 110
374.588 385.335 110
374.716 381.753 110
376.718 378.779 110
376.784 375.194 110
375.857 371.334 110
378.737 368.601 110
379.67 365.292 110
379.609 361.716 110
381.45 358.65 110
380.356 354.833 110
382.141 351.744 110
382.927 348.406 110
383.684 345.061 110
382.456 341.293 110
385.11 338.352 110
386.761 335.179 110
386.419 331.619 110
387.029 328.244 110
386.624 324.699 110
386.186 321.166 110
388.683 318.089 110
387.195 314.417 110
388.646 311.166 110
389.078 307.773 110
391.467 304.602 110
389.853 300.975 110
390.195 297.572 110
390.508 294.165 110
389.795 290.678 110
391.045 287.345 110
392.267 283.992 110
392.461 280.568 110
392.626 277.142 110
393.76 273.75 110
391.866 270.261 110
392.94 266.859 110
391.985 263.421 110
391 260 110
391.985 256.579 110
393.94 253.124 110
392.865 249.712 110
393.76 246.25 110
394.624 242.77 110
393.46 239.38 110
394.263 235.886 110
391.045 232.655 110
391.789 229.166 110
392.501 225.661 110
394.177 222.045 110
392.836 218.711 110
391.467 215.398 110
392.056 211.862 110
391.621 208.442 110
390.166 205.166 110
392.639 201.32 110
389.149 198.365 110
390.569 194.641 110
390.969 191.062 110
389.369 187.835 110
389.706 184.249 110
387.07 181.25 110
386.368 177.875 110
385.637 174.506 110
0 260 110
0 260 110
0 260 110
0 260 110
0 260 110
0 260 110
0 260 110
0 260 110
71.7229 238.072 110
72.4825 237.146 110
0 260 110
0 260 110
0 260 110
39.5909 245.98 110
38.5274 245.977 110
36.5302 246.342 110
37.3432 245.665 110
36.2863 245.706 110
36.1602 245.39 110
36.0313 245.075 110
34.9792 245.152 110
33.9312 245.246 110
32.8876 245.357 110
33.6686 244.656 110
33.5334 244.363 110
34.2982 243.641 110
34.1542 243.342 110
33.1126 243.491 110
32.0762 243.656 110
31.9324 243.377 110
30.0202 244.038 110
29.8798 243.777 110
30.6117 243.032 110
28.7217 243.75 110
29.4449 243 110
29.2954 242.744 110
29.1437 242.489 110
29.8424 241.713 110
27.9856 242.513 110
26.9885 242.806 110
28.5148 241.482 110
28.3521 241.234 110
27.3582 241.547 110
28.0203 240.742 110
26.2129 241.646 110
26.8658 240.837 110
25.0795 241.779 110
23.3118 242.75 110
24.7577 241.344 110
34.9075 233.214 110
41.7646 227.37 110
34.4348 232.609 110
25.6458 239.232 110
27.0069 237.737 110
22.9813 240.716 110
0 260 110
0 260 110
0 260 110
0 260 110
0 260 110
0 260 110
0 260 110
0 260 110
0 260 110
0 260 110
0 260 110
