-0 260 195
-0 260 195
-0 260 195
-0 260 195
-0 260 195
-0 260 195
-0 260 195
-0 260 195
-15.8489 246.223 195
-22.8122 240.517 195
-26.8116 237.502 195
-25.4636 239.009 195
-32.6401 233.569 195
-42.2608 226.384 195
-40.1886 228.601 195
-26.974 239.302 195
-25.5563 240.742 195
-27.3311 239.776 195
-26.6976 240.603 195
-26.0517 241.418 195
-25.3937 242.219 195
-24.7238 243.008 195
-26.5292 242.106 195
-26.6843 242.338 195
-26.8375 242.572 195
-26.1451 243.344 195
-27.1375 243.043 195
-27.2845 243.28 195
-28.2865 243.004 195
-27.5721 243.759 195
-27.7128 244 195
-26.981 244.735 195
-27.9878 244.486 195
-29.001 244.254 195
-30.0202 244.038 195
-30.1584 244.301 195
-30.2942 244.564 195
-29.5328 245.275 195
-30.559 245.095 195
-30.6879 245.363 195
-31.7208 245.208 195
-32.7586 245.071 195
-32.8876 245.357 195
-32.0971 246.044 195
-34.0587 245.543 195
-34.1835 245.841 195
-34.3058 246.14 195
-33.495 246.806 195
-35.4761 246.382 195
-37.4669 245.992 195
-39.4671 245.635 195
-0 260 195
-0 260 195
-0 260 195
-71.3292 236.824 195
-71.5288 237.447 195
-0 260 195
-0 260 195
-0 260 195
-0 260 195
-0 260 195
-0 260 195
-0 260 195
-0 260 195
-0 260 195
-0 260 195
-0 260 195
-0 260 195
-0 260 195
-0 260 195
-0 260 195
-0 260 195
-725.951 145.021 195
-724.949 151.656 195
-726.857 157.847 195
-725.738 164.455 195
-727.536 170.67 195
-728.288 177.022 195
-728.985 183.381 195
-728.63 189.841 195
-729.215 196.202 195
-729.743 202.568 195
-729.219 209.008 195
-730.635 215.313 195
-729.998 221.743 195
-730.304 228.114 195
-730.555 234.489 195
-731.749 240.839 195
-729.889 247.26 195
-729.972 253.63 195
-731 260 195
-729.972 266.37 195
-728.889 272.723 195
-728.75 279.083 195
-729.555 285.477 195
-727.307 291.755 195
-727.002 298.101 195
-726.642 304.443 195
-726.227 310.783 195
-725.756 317.118 195
-723.237 323.275 195
-722.658 329.584 195
-722.023 335.888 195
-722.327 342.299 195
-720.588 348.477 195
-717.806 354.501 195
-717.944 360.901 195
-716.047 367.014 195
-715.086 373.259 195
-713.084 379.33 195
-712.016 385.548 195
-708.927 391.392 195
-706.772 397.383 195
-705.546 403.545 195
-703.288 409.489 195
-702.933 415.837 195
-699.598 421.515 195
-696.217 427.147 195
-694.732 433.216 195
-693.194 439.272 195
-690.637 445.056 195
-688.032 450.808 195
-685.38 456.53 195
-683.638 462.503 195
-679.933 467.876 195
-678.093 473.802 195
-675.25 479.402 195
-671.413 484.652 195
-669.427 490.502 195
-666.448 496.002 195
-663.423 501.466 195
-659.417 506.546 195
-657.241 512.291 195
-654.084 517.65 195
-649.956 522.599 195
-647.64 528.261 195
-643.433 533.121 195
-641.025 538.726 195
-637.655 543.902 195
-634.243 549.041 195
-629.884 553.72 195
-627.297 559.205 195
-623.763 564.23 195
-621.084 569.661 195
-615.685 573.708 195
-612.037 578.607 195
-608.351 583.466 195
-603.747 587.808 195
-599.989 592.579 195
-597.064 597.803 195
-592.361 602 195
-588.493 606.649 195
-582.874 610.226 195
-579.795 615.299 195
-576.673 620.345 195
-571.819 624.289 195
-567.78 628.721 195
-562.873 632.558 195
-558.771 636.896 195
-554.637 641.191 195
-550.47 645.443 195
-545.457 649.071 195
-541.232 653.228 195
-536.172 656.747 195
-531.891 660.809 195
-526.787 664.218 195
-522.451 668.184 195
-517.304 671.482 195
-512.916 675.352 195
-507.729 678.54 195
-502.525 681.669 195
-498.066 685.389 195
-494.335 689.719 195
-488.319 692.028 195
-484.53 696.273 195
-478.493 698.458 195
-473.917 701.935 195
-468.592 704.677 195
-463.255 707.36 195
-457.907 709.984 195
-453.255 713.255 195
-448.582 716.48 195
-443.192 718.939 195
-438.482 722.064 195
-433.751 725.141 195
-427.649 726.697 195
-422.221 728.924 195
-417.451 731.842 195
-412.005 733.958 195
-407.204 736.775 195
-401.742 738.778 195
-396.913 741.494 195
-392.067 744.162 195
-385.959 745.217 195
-381.094 747.779 195
-376.215 750.292 195
-369.514 750.362 195
-364.626 752.764 195
-358.549 753.5 195
-354.229 756.611 195
-349.308 758.864 195
-343.242 759.421 195
-338.312 761.568 195
-332.818 762.833 195
-326.783 763.202 195
-321.842 765.192 195
-316.362 766.285 195
-311.409 768.174 195
-303.872 765.729 195
-287.267 747.682 195
-278.5 742.376 195
-273.295 743.047 195
-266.645 741.041 195
-275.798 767.956 195
-273.702 774.758 195
-268.276 775.353 195
-263.768 777.675 195
-257.902 777.272 195
-252.94 778.604 195
-247.113 778.084 195
-241.738 778.408 195
-235.96 777.768 195
-231.026 778.894 195
-226.091 779.973 195
-220.763 780.085 195
-215.451 780.144 195
-210.154 780.15 195
-205.241 781.034 195
-199.969 780.938 195
-195.065 781.726 195
-189.821 781.529 195
-184.595 781.281 195
-179.714 781.926 195
-174.2 780.63 195
-169.032 780.228 195
-164.185 780.729 195
-159.05 780.23 195
-154.22 780.639 195
-149.12 780.043 195
-144.041 779.397 195
-139.245 779.668 195
-134.204 778.927 195
-129.428 779.108 195
-124.193 777.301 195
-119.449 777.391 195
-114.497 776.461 195
-109.777 776.462 195
-104.867 775.44 195
-100.175 775.354 195
-95.3091 774.242 195
-90.6443 774.07 195
-85.8247 772.869 195
-81.033 771.623 195
-76.2696 770.332 195
-71.5349 768.998 195
-66.9599 768.611 195
-62.3971 768.184 195
-57.7336 766.722 195
-53.2049 766.212 195
-48.6896 765.661 195
-43.9265 762.082 195
-39.4649 761.449 195
-34.948 759.78 195
-30.5242 759.067 195
-26.0633 757.318 195
-21.7224 757.526 195
-17.2752 754.698 195
-12.9052 752.831 195
-8.62145 753.925 195
-4.28469 750.981 195
3.70695e-05 751 195
4.25859 747.981 195
8.48191 745.926 195
12.6959 744.834 195
16.9263 744.705 195
20.981 740.542 195
25.1736 740.341 195
29.2423 738.107 195
33.1344 733.843 195
37.3466 734.533 195
41.3119 732.196 195
45.4309 731.818 195
49.3375 729.414 195
53.2055 726.979 195
57.1568 725.504 195
61.0863 723.996 195
64.8547 721.465 195
68.288 716.925 195
72.1163 715.324 195
76.087 714.678 195
80.0518 713.996 195
83.6461 711.314 195
87.3905 709.585 195
90.5131 704.886 195
94.5998 705.057 195
98.2636 703.238 195
101.678 700.415 195
105.284 698.539 195
108.623 695.663 195
111.419 690.826 195
115.951 692.735 195
118.387 686.888 195
122.659 687.761 195
125.251 682.839 195
128.936 681.73 195
131.709 677.728 195
135.658 677.514 195
138.662 674.417 195
141.622 671.301 195
145.54 670.992 195
148.437 667.827 195
151.29 664.642 195
154.098 661.44 195
157.596 660.08 195
159.957 655.907 195
163.789 655.42 195
167.233 653.976 195
169.867 650.668 195
172.863 648.257 195
175.83 645.824 195
178.345 642.462 195
182.106 641.794 195
184.116 637.493 195
186.957 634.977 195
189.768 632.441 195
193.011 630.771 195
194.361 625.54 195
197.544 623.83 195
200.226 621.218 195
202.879 618.587 195
205 615.07 195
207.583 612.406 195
211.166 611.439 195
213.179 607.877 195
216.207 606.004 195
218.681 603.26 195
220.579 599.662 195
222.983 596.89 195
224.796 593.273 195
228.262 592.123 195
230.578 589.299 195
232.862 586.46 195
235.702 584.416 195
237.929 581.543 195
239.522 577.857 195
242.287 575.755 195
243.802 572.052 195
244.648 567.565 195
248.582 566.973 195
250.615 564.02 195
253.258 561.821 195
255.233 558.84 195
256.519 555.091 195
257.759 551.344 195
260.961 549.826 195
262.129 546.064 195
264.615 543.765 195
265.705 539.994 195
267.443 536.946 195
269.85 534.601 195
270.822 530.822 195
272.462 527.747 195
274.788 525.359 195
277.093 522.951 195
277.914 519.159 195
279.428 516.049 195
282.395 514.27 195
283.854 511.133 195
286.79 509.302 195
285.913 504.192 195
288.033 501.688 195
290.131 499.165 195
293.761 497.883 195
294.261 494.065 195
297.08 492.104 195
296.714 487.677 195
300.287 486.282 195
300.642 482.464 195
302.572 479.832 195
304.479 477.183 195
306.363 474.518 195
307.399 471.27 195
308.402 468.02 195
310.206 465.321 195
311.147 462.061 195
314.585 460.413 195
313.778 456.07 195
316.33 453.847 195
317.152 450.564 195
318.803 447.789 195
319.563 444.5 195
322.032 442.197 195
323.609 439.38 195
322.526 435.117 195
324.925 432.766 195
326.42 429.923 195
327.89 427.068 195
327.546 423.308 195
328.959 420.444 195
331.249 417.998 195
332.615 415.101 195
333.046 411.778 195
333.444 408.459 195
334.727 405.543 195
336.905 403.008 195
336.292 399.297 195
339.349 397.106 195
338.672 393.406 195
338.89 390.088 195
341.885 387.826 195
339.229 383.469 195
341.236 380.838 195
341.332 377.53 195
344.241 375.182 195
342.38 371.246 195
345.246 368.855 195
346.182 365.839 195
347.093 362.814 195
347.977 359.781 195
346.907 356.206 195
348.699 353.434 195
349.501 350.387 195
349.306 347.092 195
350.053 344.04 195
351.748 341.207 195
352.443 338.135 195
353.111 335.056 195
352.773 331.772 195
353.386 328.691 195
353.972 325.605 195
355.516 322.687 195
354.077 319.252 195
355.568 316.316 195
357.035 313.359 195
357.487 310.241 195
356.92 306.989 195
356.324 303.751 195
359.673 300.98 195
357.033 297.526 195
357.347 294.409 195
360.622 291.55 195
358.89 288.245 195
362.116 285.322 195
359.329 281.977 195
359.507 278.841 195
361.655 275.79 195
361.779 272.634 195
358.877 269.398 195
360.945 266.3 195
361.986 263.159 195
363 260 195
360.986 256.85 195
359.945 253.717 195
360.876 250.55 195
361.779 247.366 195
360.656 244.253 195
361.504 241.054 195
363.321 237.778 195
363.113 234.609 195
359.887 231.676 195
360.622 228.45 195
361.329 225.208 195
363 221.847 195
360.667 218.907 195
362.279 215.518 195
359.894 212.619 195
362.438 209.063 195
359.013 206.345 195
360.506 202.901 195
359.994 199.758 195
360.44 196.445 195
358.888 193.484 195
357.312 190.546 195
357.673 187.231 195
356.046 184.32 195
356.348 181 195
0 260 195
0 260 195
0 260 195
0 260 195
0 260 195
0 260 195
0 260 195
0 260 195
72.6792 237.78 195
69.6213 238.048 195
73.2314 236.206 195
0 260 195
0 260 195
38.6483 246.314 195
37.5877 246.319 195
35.5935 246.692 195
36.4096 246.024 195
35.3559 246.073 195
36.1602 245.39 195
36.0313 245.075 195
34.9792 245.152 195
33.0142 245.645 195
32.8876 245.357 195
32.7586 245.071 195
32.6271 244.786 195
33.3957 244.071 195
33.2554 243.78 195
33.1126 243.491 195
32.9672 243.202 195
31.0454 243.839 195
30.0202 244.038 195
29.8798 243.777 195
28.8625 244.001 195
27.8514 244.242 195
27.7128 244 195
28.4338 243.251 195
28.2865 243.004 195
28.9898 242.235 195
28.8336 241.983 195
27.8319 242.269 195
28.5148 241.482 195
27.5182 241.786 195
26.5292 242.106 195
27.1962 241.309 195
26.2129 241.646 195
25.2376 241.998 195
25.0795 241.779 195
24.1157 242.155 195
23.9591 241.946 195
34.9075 233.214 195
39.4005 229.217 195
32.8695 233.854 195
25.6458 239.232 195
26.2352 238.373 195
22.9813 240.716 195
0 260 195
0 260 195
0 260 195
0 260 195
0 260 195
0 260 195
0 260 195
0 260 195
0 260 195
0 260 195
0 260 195
