-0 260 209
-0 260 209
-0 260 209
-0 260 209
-0 260 209
-0 260 209
-0 260 209
-0 260 209
-15.0942 246.879 209
-22.8122 240.517 209
-26.8116 237.502 209
-27.0069 237.737 209
-32.6401 233.569 209
-41.4782 227.007 209
-40.9766 227.986 209
-26.974 239.302 209
-25.5563 240.742 209
-26.5273 240.371 209
-25.8885 241.191 209
-26.0517 241.418 209
-26.2129 241.646 209
-25.5479 242.441 209
-25.7002 242.665 209
-26.6843 242.338 209
-26.8375 242.572 209
-26.9885 242.806 209
-26.2895 243.573 209
-27.2845 243.28 209
-28.2865 243.004 209
-28.4338 243.251 209
-27.7128 244 209
-26.1107 245.227 209
-27.9878 244.486 209
-28.1222 244.731 209
-30.0202 244.038 209
-29.2714 244.762 209
-30.2942 244.564 209
-30.4278 244.829 209
-30.559 245.095 209
-30.6879 245.363 209
-30.8145 245.631 209
-31.8486 245.486 209
-31.9741 245.764 209
-33.0142 245.645 209
-34.0587 245.543 209
-33.2597 246.223 209
-34.3058 246.14 209
-34.4255 246.439 209
-36.4096 246.024 209
-36.5302 246.342 209
-39.4671 245.635 209
-42.4189 244.979 209
-0 260 209
-0 260 209
-70.3782 237.133 209
-71.5288 237.447 209
-0 260 209
-0 260 209
-0 260 209
-0 260 209
-0 260 209
-0 260 209
-0 260 209
-0 260 209
-0 260 209
-0 260 209
-0 260 209
-0 260 209
-0 260 209
-0 260 209
-0 260 209
-0 260 209
-731.877 144.082 209
-731.872 150.621 209
-731.808 157.151 209
-734.661 163.28 209
-733.492 169.939 209
-735.243 176.23 209
-733.957 182.858 209
-735.598 189.17 209
-735.192 195.679 209
-736.722 202.019 209
-736.202 208.52 209
-736.623 214.946 209
-735.99 221.429 209
-736.299 227.853 209
-736.551 234.279 209
-735.748 240.734 209
-735.888 247.155 209
-735.972 253.577 209
-735 260 209
-734.972 266.414 209
-734.888 272.828 209
-733.748 279.214 209
-734.552 285.651 209
-732.302 291.973 209
-731.995 298.362 209
-732.631 304.81 209
-731.214 311.132 209
-729.743 317.432 209
-729.215 323.798 209
-727.635 330.063 209
-726.001 336.306 209
-725.307 342.638 209
-723.566 348.843 209
-721.772 355.023 209
-720.915 361.318 209
-719.015 367.458 209
-718.049 373.728 209
-716.043 379.825 209
-714.97 386.069 209
-712.86 392.121 209
-710.698 398.146 209
-708.486 404.143 209
-706.223 410.112 209
-704.886 416.27 209
-702.521 422.19 209
-701.079 428.314 209
-697.643 433.942 209
-696.098 440.023 209
-693.535 445.832 209
-690.923 451.61 209
-688.263 457.356 209
-684.597 462.787 209
-683.758 469.046 209
-680 474.403 209
-676.201 479.711 209
-673.31 485.286 209
-671.318 491.153 209
-668.333 496.669 209
-665.302 502.15 209
-662.227 507.597 209
-657.241 512.291 209
-654.084 517.65 209
-651.81 523.349 209
-647.64 528.261 209
-644.353 533.512 209
-641.025 538.726 209
-637.655 543.902 209
-635.153 549.456 209
-629.884 553.72 209
-627.297 559.205 209
-623.763 564.23 209
-619.295 568.769 209
-615.685 573.708 209
-612.037 578.607 209
-609.234 583.935 209
-605.505 588.762 209
-601.738 593.549 209
-597.064 597.803 209
-593.227 602.5 209
-589.354 607.156 209
-584.588 611.256 209
-580.648 615.822 209
-576.673 620.345 209
-571.819 624.289 209
-567.78 628.721 209
-564.541 633.661 209
-558.771 636.896 209
-554.637 641.191 209
-550.47 645.443 209
-544.643 648.49 209
-541.232 653.228 209
-536.976 657.342 209
-531.891 660.809 209
-527.58 664.826 209
-523.239 668.799 209
-517.304 671.482 209
-513.693 675.981 209
-508.501 679.176 209
-504.057 682.954 209
-497.305 684.739 209
-494.335 689.719 209
-489.817 693.354 209
-484.53 696.273 209
-479.967 699.809 209
-473.917 701.935 209
-469.317 705.365 209
-463.255 707.36 209
-459.333 711.386 209
-453.963 713.963 209
-447.881 715.767 209
-443.887 719.658 209
-437.793 721.338 209
-434.433 725.872 209
-428.324 727.434 209
-422.221 728.924 209
-416.788 731.093 209
-412.661 734.712 209
-406.554 736.014 209
-401.742 738.778 209
-396.277 740.722 209
-390.808 742.608 209
-386.582 746 209
-379.863 746.203 209
-375.606 749.499 209
-370.116 751.161 209
-364.626 752.764 209
-359.137 754.309 209
-354.229 756.611 209
-349.308 758.864 209
-344.375 761.069 209
-337.752 760.739 209
-332.266 761.999 209
-327.328 764.041 209
-321.305 764.348 209
-303.644 745.932 209
-292.077 736.626 209
-286.876 737.442 209
-282.191 739.066 209
-290 762.295 209
-289.053 770.899 209
-283.614 771.653 209
-278.661 773.229 209
-273.702 774.758 209
-268.276 775.353 209
-262.406 775.002 209
-258.348 778.167 209
-252.94 778.604 209
-247.544 778.987 209
-241.738 778.408 209
-236.375 778.678 209
-231.84 780.721 209
-226.091 779.973 209
-221.154 781.006 209
-215.833 781.068 209
-210.529 781.077 209
-205.241 781.034 209
-200.328 781.871 209
-195.065 781.726 209
-190.163 782.469 209
-184.261 780.338 209
-179.062 780.035 209
-174.518 781.578 209
-169.032 780.228 209
-164.185 780.729 209
-159.05 780.23 209
-153.936 779.68 209
-149.12 780.043 209
-144.309 780.36 209
-138.986 778.702 209
-134.204 778.927 209
-129.186 778.138 209
-124.193 777.301 209
-119.449 777.391 209
-114.28 775.484 209
-109.777 776.462 209
-104.867 775.44 209
-100.175 775.354 209
-95.3091 774.242 209
-90.4707 773.085 209
-85.8247 772.869 209
-81.1894 772.61 209
-76.4174 771.321 209
-71.6741 769.988 209
-66.9599 768.611 209
-62.3971 768.184 209
-57.8468 767.715 209
-53.1004 765.217 209
-48.5938 764.666 209
-44.1008 764.075 209
-39.5433 762.446 209
-34.948 759.78 209
-30.5853 760.066 209
-26.1156 758.316 209
-21.7224 757.526 209
-17.3101 755.698 209
-12.9314 753.831 209
-8.604 752.925 209
-4.28469 750.981 209
3.67675e-05 747 209
4.25859 747.981 209
8.49936 746.926 209
12.722 745.833 209
16.8216 741.706 209
21.0682 742.54 209
25.1736 740.341 209
29.3033 739.105 209
33.3436 736.836 209
37.2681 733.536 209
41.3119 732.196 209
45.4309 731.818 209
49.442 730.409 209
53.3187 727.972 209
57.2786 726.497 209
60.9558 723.005 209
64.8547 721.465 209
68.5836 718.903 209
72.4292 717.3 209
76.4171 716.65 209
79.8782 713.012 209
83.4639 710.331 209
87.3905 709.585 209
91.1112 707.826 209
94.5998 705.057 209
98.2636 703.238 209
101.228 698.467 209
105.284 698.539 209
108.865 696.633 209
112.421 694.698 209
115.692 691.769 209
119.456 690.743 209
122.383 686.8 209
125.535 683.798 209
128.644 680.774 209
131.709 677.728 209
135.658 677.514 209
138.979 675.366 209
141.948 672.246 209
144.538 668.164 209
147.753 665.947 209
151.29 664.642 209
154.815 663.307 209
157.229 659.149 209
160.706 657.762 209
163.789 655.42 209
167.233 653.976 209
169.468 649.751 209
172.863 648.257 209
175.415 644.914 209
177.922 641.556 209
181.245 639.988 209
183.678 636.595 209
186.065 633.188 209
189.768 632.441 209
192.549 629.884 209
194.361 625.54 209
198.021 624.709 209
200.226 621.218 209
201.894 616.846 209
205 615.07 209
208.598 614.13 209
210.136 609.724 209
213.179 607.877 209
215.677 605.156 209
218.144 602.417 209
219.49 597.984 209
222.431 596.056 209
225.355 594.102 209
226.563 589.65 209
230.004 588.48 209
232.281 585.646 209
235.114 583.607 209
237.334 580.739 209
238.921 577.058 209
241.678 574.961 209
243.802 572.052 209
247.138 570.695 209
247.323 565.418 209
249.979 563.248 209
252.616 561.055 209
255.233 558.84 209
256.519 555.091 209
259.084 552.842 209
260.292 549.083 209
262.129 546.064 209
263.251 542.303 209
265.705 539.994 209
268.138 537.665 209
269.85 534.601 209
270.822 530.822 209
272.462 527.747 209
275.507 526.054 209
276.368 522.263 209
277.183 518.477 209
279.428 516.049 209
282.395 514.27 209
282.356 509.808 209
284.526 507.334 209
286.673 504.842 209
288.033 501.688 209
290.131 499.165 209
290.653 495.366 209
291.13 491.575 209
295.504 490.873 209
295.921 487.068 209
298.69 485.079 209
298.231 480.679 209
300.145 478.068 209
302.037 475.441 209
303.086 472.223 209
304.927 469.57 209
305.915 466.342 209
308.538 464.217 209
308.631 460.427 209
311.211 458.264 209
312.93 455.54 209
312.919 451.757 209
314.58 449.019 209
316.218 446.267 209
316.965 443 209
317.68 439.735 209
320.111 437.44 209
319.011 433.209 209
320.51 430.418 209
321.985 427.615 209
323.435 424.799 209
323.071 421.077 209
325.363 418.69 209
326.736 415.845 209
328.99 413.41 209
329.406 410.119 209
329.79 406.832 209
331.059 403.948 209
332.302 401.054 209
332.597 397.766 209
332.859 394.484 209
334.02 391.574 209
334.222 388.296 209
336.265 385.724 209
336.41 382.443 209
337.466 379.503 209
337.55 376.228 209
339.5 373.595 209
337.625 369.701 209
339.523 367.051 209
340.444 364.084 209
341.34 361.109 209
341.248 357.851 209
344.016 355.404 209
343.87 352.14 209
344.661 349.135 209
344.455 345.882 209
344.219 342.64 209
344.927 339.633 209
346.585 336.836 209
346.264 333.601 209
345.913 330.377 209
346.514 327.356 209
348.072 324.511 209
347.637 321.298 209
349.145 318.427 209
347.666 315.065 209
349.123 312.177 209
350.555 309.267 209
348.989 305.945 209
349.376 302.898 209
351.724 300.074 209
351.066 296.899 209
351.375 293.834 209
351.657 290.766 209
352.909 287.775 209
351.143 284.554 209
351.343 281.489 209
352.516 278.475 209
353.663 275.441 209
353.784 272.354 209
350.88 269.188 209
350.947 266.126 209
352.987 263.08 209
355 260 209
353.987 256.911 209
351.946 253.857 209
353.879 250.733 209
353.784 247.646 209
352.664 244.602 209
353.515 241.473 209
353.34 238.389 209
353.138 235.306 209
352.909 232.225 209
352.653 229.147 209
353.366 225.975 209
353.055 222.892 209
350.731 220.039 209
352.354 216.736 209
352.954 213.533 209
353.526 210.315 209
350.112 207.675 209
351.617 204.309 209
352.104 201.078 209
350.592 198.181 209
349.055 195.306 209
350.441 191.881 209
349.833 188.826 209
347.242 186.191 209
345.609 183.38 209
0 260 209
0 260 209
0 260 209
0 260 209
0 260 209
0 260 209
0 260 209
0 260 209
69.8102 238.657 209
72.4825 237.146 209
0 260 209
0 260 209
0 260 209
38.6483 246.314 209
37.5877 246.319 209
36.5302 246.342 209
35.4761 246.382 209
35.3559 246.073 209
35.233 245.765 209
36.0313 245.075 209
34.0587 245.543 209
33.9312 245.246 209
32.8876 245.357 209
32.7586 245.071 209
32.6271 244.786 209
33.3957 244.071 209
32.3566 244.219 209
33.1126 243.491 209
31.1852 244.11 209
31.0454 243.839 209
30.9032 243.568 209
29.8798 243.777 209
28.8625 244.001 209
28.7217 243.75 209
27.7128 244 209
29.2954 242.744 209
30.0009 241.974 209
28.9898 242.235 209
28.8336 241.983 209
28.6753 241.732 209
27.6761 242.027 209
26.6843 242.338 209
26.5292 242.106 209
26.372 241.875 209
26.2129 241.646 209
26.0517 241.418 209
25.0795 241.779 209
24.1157 242.155 209
23.9591 241.946 209
34.9075 233.214 209
40.1885 228.601 209
33.6522 233.232 209
25.6458 239.232 209
26.2352 238.373 209
23.7474 240.074 209
0 260 209
0 260 209
0 260 209
0 260 209
0 260 209
0 260 209
0 260 209
0 260 209
0 260 209
0 260 209
0 260 209
