-0 260 50
-0 260 50
-0 260 50
-0 260 50
-0 260 50
-0 260 50
-0 260 50
-0 260 50
-16.6036 245.567 50
-22.8122 240.517 50
-26.8116 237.502 50
-26.2352 238.373 50
-34.1944 232.31 50
-42.2608 226.384 50
-40.1886 228.601 50
-26.974 239.302 50
-25.5563 240.742 50
-25.7234 240.966 50
-26.6976 240.603 50
-26.8658 240.837 50
-26.2129 241.646 50
-25.5479 242.441 50
-25.7002 242.665 50
-26.6843 242.338 50
-25.9988 243.116 50
-26.9885 242.806 50
-27.1375 243.043 50
-26.4318 243.803 50
-27.4294 243.519 50
-26.7105 244.266 50
-27.7128 244 50
-26.981 244.735 50
-27.1132 244.971 50
-28.1222 244.731 50
-29.1373 244.507 50
-30.1584 244.301 50
-29.4032 245.018 50
-30.4278 244.829 50
-30.559 245.095 50
-30.6879 245.363 50
-32.6271 244.786 50
-31.8486 245.486 50
-32.8876 245.357 50
-33.9312 245.246 50
-34.0587 245.543 50
-34.1835 245.841 50
-35.233 245.765 50
-33.495 246.806 50
-34.5425 246.74 50
-37.4669 245.992 50
-39.4671 245.635 50
-0 260 50
-0 260 50
-0 260 50
-71.3292 236.824 50
-71.5288 237.447 50
-0 260 50
-71.9115 238.699 50
-0 260 50
-0 260 50
-0 260 50
-0 260 50
-0 260 50
-0 260 50
-0 260 50
-0 260 50
-0 260 50
-0 260 50
-0 260 50
-0 260 50
-0 260 50
-0 260 50
-713.111 147.054 50
-713.08 153.43 50
-712.993 159.795 50
-712.849 166.152 50
-712.648 172.498 50
-714.378 178.607 50
-714.067 184.949 50
-715.69 191.087 50
-715.268 197.422 50
-715.787 203.666 50
-714.256 210.054 50
-715.663 216.228 50
-714.02 222.58 50
-715.319 228.769 50
-714.564 235.047 50
-713.755 241.31 50
-713.891 247.539 50
-713.973 253.769 50
-713 260 50
-711.973 266.213 50
-711.892 272.426 50
-711.756 278.638 50
-710.567 284.814 50
-710.323 291.013 50
-709.027 297.159 50
-709.674 303.406 50
-708.27 309.527 50
-705.817 315.549 50
-704.31 321.619 50
-703.745 327.763 50
-702.132 333.797 50
-701.462 339.922 50
-699.745 345.918 50
-697.977 351.891 50
-696.158 357.839 50
-696.267 364.058 50
-694.345 369.974 50
-691.386 375.698 50
-690.35 381.727 50
-688.278 387.565 50
-687.139 393.566 50
-684.967 399.358 50
-681.769 404.915 50
-679.502 410.642 50
-677.187 416.341 50
-674.825 422.011 50
-673.385 427.894 50
-670.926 433.513 50
-668.421 439.103 50
-665.869 444.662 50
-663.271 450.19 50
-660.627 455.687 50
-657.938 461.152 50
-656.157 466.886 50
-650.523 471.368 50
-648.653 477.036 50
-646.735 482.689 50
-643.824 487.99 50
-640.87 493.258 50
-636 497.791 50
-633.901 503.332 50
-630.823 508.488 50
-626.776 513.234 50
-622.695 517.929 50
-619.5 522.962 50
-617.181 528.358 50
-612.989 532.92 50
-609.674 537.845 50
-606.32 542.732 50
-603.83 548.012 50
-599.496 552.394 50
-597.816 558.06 50
-591.628 561.45 50
-589.862 567.063 50
-587.16 572.199 50
-583.535 576.833 50
-579.873 581.429 50
-576.175 585.984 50
-570.711 589.5 50
-566.952 593.96 50
-564.016 598.895 50
-558.479 602.237 50
-553.775 606.037 50
-544.831 607.096 50
-536.749 608.569 50
-533.687 613.24 50
-537.216 622.357 50
-534.858 627.598 50
-517.704 622.5 50
-510.45 624.101 50
-508.063 629.129 50
-505.626 634.144 50
-494.355 632.524 50
-476.805 625.866 50
-469.654 626.934 50
-469.565 633.509 50
-488.825 655.843 50
-491.525 665.182 50
-487.204 668.813 50
-483.618 673.049 50
-478.486 675.941 50
-474.089 679.439 50
-469.667 682.891 50
-465.222 686.297 50
-460.021 688.977 50
-454.084 690.91 50
-449.587 694.162 50
-445.781 698.068 50
-439.82 699.82 50
-435.966 703.642 50
-431.383 706.71 50
-426.091 709.007 50
-420.793 711.245 50
-416.839 714.9 50
-411.515 717.034 50
-406.186 719.11 50
-401.508 721.882 50
-396.163 723.848 50
-391.458 726.521 50
-387.372 729.919 50
-381.997 731.728 50
-377.244 734.261 50
-371.244 735.171 50
-365.866 736.805 50
-361.089 739.181 50
-356.894 742.314 50
-350.908 742.983 50
-346.099 745.213 50
-341.278 747.396 50
-337.012 750.355 50
-331.042 750.79 50
-325.643 751.993 50
-320.248 753.138 50
-314.858 754.227 50
-310.533 756.956 50
-305.139 757.942 50
-300.267 759.729 50
-295.387 761.468 50
-290 762.295 50
-285.113 763.936 50
-279.25 763.781 50
-273.889 764.441 50
-269.007 765.929 50
-264.582 768.257 50
-258.775 767.874 50
-254.333 770.113 50
-248.556 769.616 50
-243.669 770.863 50
-239.202 772.97 50
-233.472 772.308 50
-228.179 772.499 50
-223.299 773.554 50
-218.028 773.642 50
-213.155 774.601 50
-208.281 775.514 50
-203.408 776.382 50
-197.819 775.336 50
-192.964 776.106 50
-188.111 776.831 50
-183.26 777.51 50
-177.76 776.253 50
-172.931 776.836 50
-167.796 776.424 50
-163.283 777.868 50
-158.465 778.317 50
-153.368 777.763 50
-148.293 777.159 50
-143.507 777.47 50
-138.468 776.77 50
-133.703 776.991 50
-128.944 777.168 50
-123.959 776.328 50
-119.224 776.416 50
-114.064 774.508 50
-109.569 775.484 50
-104.867 775.44 50
-99.9839 774.373 50
-95.3091 774.242 50
-90.6443 774.07 50
-85.9898 773.855 50
-81.033 771.623 50
-76.4174 771.321 50
-71.8133 770.978 50
-67.2209 770.594 50
-62.6408 770.169 50
-58.0732 769.702 50
-53.5185 769.195 50
-48.8813 767.652 50
-44.3622 767.063 50
-39.7787 765.437 50
-35.2967 764.767 50
-30.8295 764.058 50
-26.3249 762.311 50
-21.8969 761.522 50
-17.4846 760.695 50
-13.0623 758.829 50
-8.70871 758.924 50
-4.33705 756.981 50
3.72205e-05 753 50
4.31967 754.981 50
8.58662 751.925 50
12.8791 751.831 50
17.1357 750.701 50
21.3299 748.535 50
25.54 747.331 50
29.7307 746.092 50
33.6924 741.823 50
37.9742 742.508 50
42.0963 741.162 50
46.2935 740.776 50
50.1737 737.371 50
54.3376 736.914 50
58.2536 734.437 50
62.3916 733.911 50
66.3856 732.358 50
69.7661 726.815 50
73.8371 726.189 50
78.0675 726.513 50
81.962 724.829 50
85.833 723.113 50
89.6803 721.365 50
93.3042 718.605 50
97.0948 716.795 50
100.861 714.954 50
103.927 710.159 50
108.085 710.207 50
111.768 708.277 50
115.425 706.316 50
119.057 704.326 50
122.662 702.306 50
126.242 700.258 50
129.227 696.263 50
127.766 677.905 50
122.989 650.07 50
127.006 650.884 50
130.412 649.761 50
134.134 649.554 50
138.196 650.254 50
143.648 654.671 50
156.193 677.756 50
159.832 676.377 50
162.727 673.105 50
166.7 672.597 50
169.911 670.203 50
173.094 667.784 50
175.848 664.423 50
179.371 662.874 50
182.05 659.473 50
185.107 656.963 50
188.133 654.43 50
179.732 628.506 50
182.495 626.028 50
186.136 625.313 50
190.24 625.448 50
193.422 623.774 50
196.112 621.194 50
199.742 620.343 50
202.386 617.716 50
206.5 617.668 50
212.151 620.161 50
219.921 626.01 50
222.584 623.225 50
226.276 622.117 50
228.352 618.441 50
230.927 615.596 50
233.469 612.734 50
235.979 609.854 50
239.59 608.605 50
241.476 604.863 50
243.315 601.114 50
246.87 599.787 50
249.231 596.816 50
252.161 594.628 50
254.462 591.622 50
256.115 587.812 50
258.344 584.782 50
261.168 582.516 50
263.336 579.453 50
266.757 577.908 50
268.222 574.048 50
270.952 571.695 50
271.012 566.323 50
275.682 566.176 50
276.316 561.546 50
279.619 559.855 50
282.225 557.403 50
284.115 554.21 50
285.971 551.006 50
288.5 548.5 50
288.866 543.868 50
291.333 541.337 50
294.502 539.472 50
296.198 536.209 50
297.123 532.263 50
298.744 528.99 50
301.08 526.373 50
303.393 523.736 50
304.923 520.429 50
304.886 515.829 50
307.878 513.795 50
309.304 510.47 50
312.261 508.383 50
313.628 505.033 50
313.375 500.461 50
317.857 499.522 50
317.523 494.955 50
319.562 492.175 50
321.576 489.378 50
321.927 485.416 50
323.057 482.031 50
326.641 480.322 50
326.883 476.359 50
330.436 474.588 50
331.453 471.159 50
331.587 467.198 50
333.382 464.297 50
335.152 461.38 50
335.174 457.432 50
338.616 455.5 50
340.309 452.538 50
342.851 450.045 50
344.496 447.046 50
344.35 443.094 50
345.934 440.082 50
344.82 435.694 50
346.34 432.679 50
350.53 430.965 50
348.398 426.177 50
350.741 423.553 50
353.065 420.901 50
351.715 416.594 50
353.068 413.518 50
355.315 410.822 50
355.694 407.333 50
356.039 403.849 50
357.28 400.736 50
359.428 397.972 50
361.555 395.18 50
362.721 392.02 50
361.032 387.848 50
362.134 384.693 50
364.156 381.845 50
363.304 378.044 50
363.366 374.569 50
365.308 371.686 50
365.31 368.21 50
368.163 365.569 50
366.18 361.551 50
368.018 358.61 50
369.832 355.645 50
371.623 352.656 50
368.528 348.476 50
370.261 345.481 50
372.945 342.68 50
372.674 339.214 50
372.371 335.76 50
373.018 332.507 50
374.62 329.432 50
374.227 325.986 50
373.802 322.553 50
375.322 319.445 50
376.815 316.315 50
377.292 313.025 50
376.749 309.6 50
377.168 306.31 50
378.551 303.13 50
377.918 299.721 50
377.255 296.326 50
378.554 293.119 50
379.826 289.893 50
379.074 286.507 50
380.289 283.259 50
379.479 279.888 50
379.638 276.575 50
380.768 273.297 50
381.869 270 50
378.942 266.614 50
381.985 263.334 50
381 260 50
380.985 256.675 50
381.942 253.333 50
379.87 250.053 50
380.768 246.703 50
380.637 243.381 50
379.479 240.112 50
380.289 236.741 50
381.069 233.353 50
381.819 229.95 50
379.55 226.794 50
379.246 223.483 50
379.907 220.07 50
379.544 216.756 50
379.153 213.446 50
380.715 209.878 50
379.273 206.697 50
380.771 203.093 50
380.26 199.773 50
377.747 196.787 50
377.181 193.493 50
375.603 190.386 50
376.945 186.729 50
376.291 183.443 50
375.609 180.162 50
374.898 176.887 50
0 260 50
0 260 50
0 260 50
0 260 50
0 260 50
0 260 50
0 260 50
0 260 50
69.8102 238.657 50
71.5288 237.447 50
72.2803 236.515 50
0 260 50
0 260 50
38.6483 246.314 50
37.5877 246.319 50
36.5302 246.342 50
35.4761 246.382 50
36.2863 245.706 50
35.233 245.765 50
35.1074 245.458 50
34.9792 245.152 50
33.0142 245.645 50
32.8876 245.357 50
32.7586 245.071 50
31.7208 245.208 50
33.3957 244.071 50
32.3566 244.219 50
31.3227 244.383 50
31.1852 244.11 50
31.0454 243.839 50
30.0202 244.038 50
29.8798 243.777 50
29.7371 243.516 50
29.5921 243.258 50
28.5788 243.5 50
27.5721 243.759 50
28.2865 243.004 50
28.9898 242.235 50
28.8336 241.983 50
27.8319 242.269 50
28.5148 241.482 50
26.6843 242.338 50
27.3582 241.547 50
26.372 241.875 50
25.3937 242.219 50
25.2376 241.998 50
25.0795 241.779 50
24.1157 242.155 50
24.7577 241.344 50
34.1142 233.823 50
40.1885 228.601 50
32.0869 234.477 50
25.6458 239.232 50
26.2352 238.373 50
22.9813 240.716 50
0 260 50
0 260 50
0 260 50
0 260 50
0 260 50
0 260 50
0 260 50
0 260 50
0 260 50
0 260 50
0 260 50
