-0 260 205
-0 260 205
-0 260 205
-0 260 205
-0 260 205
-0 260 205
-0 260 205
-0 260 205
-15.8489 246.223 205
-22.8122 240.517 205
-26.8116 237.502 205
-26.2352 238.373 205
-33.4173 232.939 205
-44.6087 224.517 205
-41.7646 227.37 205
-27.7674 238.693 205
-26.355 240.14 205
-26.5273 240.371 205
-26.6976 240.603 205
-25.2376 241.998 205
-26.2129 241.646 205
-26.372 241.875 205
-26.5292 242.106 205
-27.5182 241.786 205
-25.9988 243.116 205
-26.9885 242.806 205
-27.1375 243.043 205
-27.2845 243.28 205
-27.4294 243.519 205
-28.4338 243.251 205
-28.5788 243.5 205
-27.8514 244.242 205
-28.8625 244.001 205
-29.001 244.254 205
-30.9032 243.569 205
-30.1584 244.301 205
-30.2942 244.564 205
-30.4278 244.829 205
-30.559 245.095 205
-31.5905 244.932 205
-31.7208 245.208 205
-31.8486 245.486 205
-32.8876 245.357 205
-33.0142 245.645 205
-34.0587 245.543 205
-34.1835 245.841 205
-34.3058 246.14 205
-34.4255 246.439 205
-35.4761 246.382 205
-37.4669 245.992 205
-39.4671 245.635 205
-0 260 205
-0 260 205
-0 260 205
-72.2803 236.515 205
-69.6213 238.048 205
-0 260 205
-71.9115 238.699 205
-0 260 205
-0 260 205
-0 260 205
-0 260 205
-0 260 205
-0 260 205
-0 260 205
-0 260 205
-0 260 205
-0 260 205
-0 260 205
-0 260 205
-0 260 205
-0 260 205
-733.852 143.769 205
-733.85 150.326 205
-734.779 156.734 205
-734.661 163.28 205
-735.477 169.695 205
-735.243 176.23 205
-736.941 182.545 205
-736.593 189.074 205
-737.184 195.505 205
-736.722 202.019 205
-738.197 208.38 205
-738.62 214.824 205
-737.987 221.324 205
-738.297 227.765 205
-737.55 234.244 205
-738.747 240.655 205
-738.887 247.103 205
-738.972 253.551 205
-737 260 205
-736.972 266.432 205
-736.888 272.863 205
-737.747 279.319 205
-735.552 285.686 205
-736.299 292.148 205
-735.99 298.572 205
-733.629 304.871 205
-734.207 311.341 205
-732.734 317.668 205
-731.207 323.972 205
-730.621 330.351 205
-729.979 336.724 205
-728.288 342.978 205
-725.551 349.087 205
-725.738 355.545 205
-722.896 361.596 205
-722.971 368.049 205
-722 374.354 205
-719.002 380.32 205
-717.925 386.59 205
-716.793 392.85 205
-713.643 398.718 205
-712.405 404.941 205
-710.135 410.944 205
-707.815 416.919 205
-705.444 422.865 205
-703.023 428.781 205
-702.494 435.152 205
-699.003 440.774 205
-697.398 446.867 205
-694.778 452.679 205
-691.147 458.183 205
-689.391 464.207 205
-685.67 469.631 205
-683.815 475.606 205
-680.005 480.947 205
-678.051 486.873 205
-675.1 492.456 205
-671.161 497.671 205
-668.121 503.176 205
-665.974 508.998 205
-662.842 514.441 205
-658.736 519.483 205
-654.592 524.472 205
-652.259 530.175 205
-648.956 535.466 205
-645.61 540.719 205
-643.136 546.343 205
-638.793 551.115 205
-634.415 555.833 205
-631.81 561.358 205
-629.156 566.86 205
-624.664 571.446 205
-620.141 575.977 205
-616.472 580.915 205
-612.766 585.813 205
-609.02 590.671 205
-605.237 595.488 205
-601.416 600.265 205
-596.691 604.5 205
-593.662 609.694 205
-589.731 614.346 205
-584.058 617.912 205
-580.065 622.465 205
-576.036 626.976 205
-571.973 631.444 205
-567.042 635.317 205
-562.916 639.692 205
-557.933 643.457 205
-553.747 647.738 205
-548.714 651.394 205
-545.277 656.167 205
-540.192 659.721 205
-535.884 663.818 205
-529.96 666.653 205
-526.391 671.262 205
-521.217 674.595 205
-516.025 677.869 205
-510.815 681.084 205
-505.589 684.24 205
-501.107 687.986 205
-497.354 692.343 205
-492.064 695.341 205
-486.76 698.281 205
-482.179 701.836 205
-476.843 704.663 205
-470.768 706.742 205
-466.851 710.833 205
-461.473 713.488 205
-456.791 716.791 205
-449.984 717.907 205
-445.971 721.816 205
-439.859 723.514 205
-435.115 726.604 205
-430.351 729.646 205
-424.898 731.897 205
-420.101 734.838 205
-413.973 736.222 205
-408.503 738.295 205
-403.671 741.076 205
-398.185 743.037 205
-392.067 744.162 205
-387.827 747.565 205
-382.941 750.143 205
-376.215 750.292 205
-371.922 753.557 205
-365.816 754.372 205
-360.312 755.927 205
-355.39 758.239 205
-349.882 759.683 205
-344.941 761.893 205
-339.43 763.226 205
-334.474 765.335 205
-327.328 764.041 205
-322.38 766.035 205
-312.122 759.5 205
-296.257 743.447 205
-288.936 740.871 205
-283.714 741.651 205
-281.5 747.572 205
-288.068 769.158 205
-285.068 774.276 205
-279.615 774.987 205
-274.171 775.641 205
-268.738 776.24 205
-263.768 777.675 205
-257.902 777.272 205
-252.94 778.604 205
-247.544 778.987 205
-243.005 781.127 205
-236.79 779.588 205
-231.433 779.807 205
-226.489 780.89 205
-221.154 781.006 205
-215.833 781.068 205
-210.529 781.077 205
-205.607 781.964 205
-200.328 781.871 205
-195.416 782.663 205
-189.821 781.529 205
-184.595 781.281 205
-179.714 781.926 205
-174.2 780.63 205
-169.032 780.228 205
-164.185 780.729 205
-159.343 781.186 205
-154.22 780.639 205
-149.12 780.043 205
-144.041 779.397 205
-138.986 778.702 205
-133.953 777.959 205
-129.186 778.138 205
-124.193 777.301 205
-119.224 776.416 205
-114.713 777.437 205
-109.569 775.484 205
-104.867 775.44 205
-99.9839 774.373 205
-95.1269 773.259 205
-90.297 772.1 205
-85.4946 770.896 205
-80.8766 770.635 205
-76.2696 770.332 205
-71.2566 767.017 205
-66.8294 767.62 205
-62.1533 766.199 205
-57.5072 764.735 205
-52.8914 763.228 205
-48.4021 762.675 205
-43.9265 762.082 205
-39.3864 760.453 205
-34.948 759.78 205
-30.3411 756.073 205
-26.0109 756.319 205
-21.5916 754.529 205
-17.2752 754.698 205
-12.9052 752.831 205
-8.56909 750.925 205
-4.26724 748.981 205
3.6843e-05 748 205
4.24113 745.981 205
8.447 743.926 205
12.6173 741.835 205
16.7867 740.707 205
20.9373 739.543 205
25.0166 737.345 205
29.1202 736.11 205
33.0646 732.845 205
37.1112 731.542 205
41.2247 731.2 205
44.8558 725.845 205
48.9194 725.436 205
52.8659 723.998 205
56.7911 722.527 205
60.8252 722.013 205
64.5764 719.484 205
68.288 716.925 205
72.1163 715.324 205
75.5918 711.719 205
79.01 708.088 205
83.0994 708.364 205
86.8181 706.64 205
90.3137 703.906 205
93.7682 701.145 205
96.7485 696.404 205
100.778 696.518 205
104.35 694.649 205
107.655 691.782 205
110.668 687.921 205
114.657 687.905 205
117.852 684.961 205
121.556 683.916 205
124.967 681.881 205
128.059 678.861 205
130.807 674.867 205
134.422 673.71 205
137.71 671.572 205
140.645 668.464 205
143.871 666.278 205
147.069 664.068 205
150.239 661.832 205
153.382 659.572 205
156.496 657.288 205
159.208 654.053 205
162.258 651.725 205
164.889 648.453 205
168.272 646.999 205
170.829 643.689 205
173.756 641.274 205
175.809 637.024 205
179.523 636.378 205
181.486 632.101 205
184.28 629.608 205
187.044 627.095 205
190.24 625.448 205
193.422 623.774 205
195.158 619.436 205
198.287 617.719 205
200.909 615.105 205
202.5 610.74 205
205.046 608.098 205
207.56 605.438 205
210.044 602.761 205
212.498 600.067 205
215.457 598.2 205
217.856 595.468 205
220.223 592.72 205
222 589.128 205
224.863 587.178 205
227.136 584.384 205
229.958 582.39 205
231 577.944 205
234.36 576.72 205
235.912 573.065 205
238.026 570.201 205
240.108 567.324 205
242.158 564.435 205
244.176 561.533 205
247.434 560.162 205
248.759 556.459 205
251.986 555.038 205
253.239 551.318 205
255.771 549.097 205
257.615 546.111 205
258.751 542.377 205
260.523 539.377 205
262.951 537.093 205
263.97 533.349 205
264.944 529.609 205
267.286 527.286 205
269.609 524.944 205
271.91 522.581 205
273.466 519.51 205
274.258 515.749 205
277.216 514.022 205
279.422 511.593 205
279.36 507.157 205
280.752 504.054 205
284.392 502.894 205
284.969 499.117 205
287.044 496.621 205
287.544 492.849 205
289.565 490.33 205
290.776 487.179 205
293.541 485.242 205
293.099 480.866 205
295.819 478.895 205
296.1 475.129 205
299.595 473.699 205
300.629 470.503 205
300.806 466.738 205
302.599 464.105 205
304.368 461.457 205
305.276 458.249 205
306.994 455.577 205
308.69 452.891 205
308.656 449.144 205
312.009 447.474 205
311.91 443.729 205
313.501 441 205
315.069 438.257 205
315.738 435.016 205
315.495 431.3 205
316.978 428.54 205
319.324 426.229 205
320.762 423.437 205
321.281 420.185 205
321.768 416.937 205
322.223 413.692 205
323.552 410.875 205
323.946 407.631 205
327.049 405.612 205
327.39 402.353 205
328.62 399.491 205
329.825 396.618 205
330.077 393.36 205
330.298 390.108 205
331.421 387.221 205
332.519 384.324 205
332.651 381.075 205
333.695 378.168 205
335.659 375.577 205
335.707 372.326 205
334.772 368.774 205
335.708 365.848 205
338.532 363.5 205
338.463 360.257 205
338.364 357.024 205
338.234 353.801 205
340.006 351.104 205
339.82 347.883 205
341.544 345.157 205
342.274 342.173 205
341.03 338.733 205
343.656 336.187 205
343.33 332.977 205
343.954 329.978 205
344.551 326.974 205
346.106 324.147 205
347.637 321.298 205
347.173 318.097 205
345.691 314.752 205
347.145 311.881 205
348.574 308.989 205
348.989 305.945 205
348.384 302.776 205
348.744 299.734 205
350.072 296.794 205
350.379 293.738 205
347.672 290.417 205
348.921 287.461 205
351.143 284.554 205
350.345 281.428 205
351.518 278.422 205
349.667 275.267 205
350.786 272.25 205
349.88 269.162 205
352.946 266.161 205
349.987 263.054 205
352 260 205
350.987 256.937 205
350.947 253.874 205
351.879 250.786 205
351.786 247.715 205
352.664 244.602 205
350.519 241.63 205
351.343 238.511 205
352.14 235.376 205
351.912 232.304 205
350.661 229.321 205
351.375 226.166 205
351.066 223.101 205
350.731 220.039 205
351.361 216.858 205
350.971 213.794 205
350.555 210.733 205
351.101 207.528 205
349.642 204.622 205
350.131 201.408 205
349.607 198.355 205
349.055 195.306 205
349.459 192.072 205
346.893 189.424 205
347.242 186.191 205
344.632 183.597 205
0 260 205
0 260 205
0 260 205
0 260 205
0 260 205
0 260 205
72.0946 239.327 205
0 260 205
72.6792 237.78 205
71.5288 237.447 205
0 260 205
0 260 205
0 260 205
38.6483 246.314 205
39.4671 245.635 205
37.4669 245.992 205
36.4096 246.024 205
35.3559 246.073 205
36.1602 245.39 205
35.1074 245.458 205
34.0587 245.543 205
33.9312 245.246 205
32.8876 245.357 205
32.7586 245.071 205
32.6271 244.786 205
34.2982 243.641 205
33.2554 243.78 205
33.1126 243.491 205
32.0762 243.656 205
31.0454 243.839 205
30.9032 243.568 205
29.8798 243.777 205
28.8625 244.001 205
28.7217 243.75 205
28.5788 243.5 205
29.2954 242.744 205
29.1437 242.489 205
28.1371 242.758 205
28.8336 241.983 205
27.8319 242.269 205
29.3535 240.938 205
28.3521 241.234 205
27.3582 241.547 205
27.1962 241.309 205
26.2129 241.646 205
26.8658 240.837 205
25.0795 241.779 205
24.9196 241.56 205
23.9591 241.946 205
34.9075 233.214 205
40.1885 228.601 205
33.6522 233.232 205
27.2001 237.974 205
26.2352 238.373 205
23.7474 240.074 205
0 260 205
0 260 205
0 260 205
0 260 205
0 260 205
0 260 205
0 260 205
0 260 205
0 260 205
0 260 205
0 260 205
