-0 260 221
-0 260 221
-0 260 221
-0 260 221
-0 260 221
-0 260 221
-0 260 221
-0 260 221
-15.8489 246.223 221
-22.8122 240.517 221
-26.8116 237.502 221
-27.7785 237.101 221
-34.1944 232.31 221
-43.0435 225.762 221
-39.4005 229.217 221
-26.974 239.302 221
-25.5563 240.742 221
-27.3311 239.776 221
-26.6976 240.603 221
-26.0517 241.418 221
-26.2129 241.646 221
-25.5479 242.441 221
-26.5292 242.106 221
-25.8505 242.89 221
-26.8375 242.572 221
-26.9885 242.806 221
-27.1375 243.043 221
-27.2845 243.28 221
-28.2865 243.004 221
-28.4338 243.251 221
-27.7128 244 221
-26.981 244.735 221
-27.1132 244.971 221
-28.1222 244.731 221
-30.0202 244.038 221
-30.1584 244.301 221
-30.2942 244.564 221
-31.3227 244.383 221
-31.4578 244.657 221
-30.6879 245.363 221
-31.7208 245.208 221
-31.8486 245.486 221
-33.8012 244.951 221
-33.9312 245.246 221
-34.0587 245.543 221
-35.1074 245.458 221
-34.3058 246.14 221
-35.3559 246.073 221
-36.4096 246.024 221
-37.4669 245.992 221
-38.5274 245.977 221
-0 260 221
-0 260 221
-0 260 221
-71.3292 236.824 221
-72.4825 237.146 221
-0 260 221
-0 260 221
-0 260 221
-0 260 221
-0 260 221
-0 260 221
-0 260 221
-0 260 221
-0 260 221
-0 260 221
-0 260 221
-0 260 221
-0 260 221
-0 260 221
-0 260 221
-0 260 221
-717.062 146.429 221
-719.015 152.543 221
-719.925 158.821 221
-720.78 165.108 221
-720.589 171.523 221
-720.34 177.928 221
-721.028 184.217 221
-722.658 190.416 221
-723.237 196.725 221
-721.768 203.196 221
-722.236 209.496 221
-722.65 215.801 221
-723.008 222.109 221
-723.311 228.42 221
-723.559 234.733 221
-722.752 241.074 221
-721.89 247.399 221
-721.973 253.7 221
-721 260 221
-721.973 266.301 221
-721.89 272.601 221
-721.753 278.9 221
-720.561 285.163 221
-720.314 291.45 221
-720.012 297.734 221
-717.659 303.894 221
-717.249 310.155 221
-716.784 316.412 221
-716.264 322.665 221
-714.694 328.817 221
-715.061 335.156 221
-714.378 341.393 221
-711.656 347.38 221
-710.866 353.587 221
-709.032 359.648 221
-707.146 365.684 221
-706.197 371.851 221
-705.194 378.009 221
-703.153 383.985 221
-701.061 389.934 221
-699.9 396.047 221
-697.706 401.95 221
-695.463 407.825 221
-695.123 414.105 221
-691.803 419.715 221
-689.41 425.513 221
-686.969 431.281 221
-685.449 437.269 221
-681.944 442.726 221
-679.359 448.403 221
-677.689 454.324 221
-675.968 460.231 221
-673.239 465.83 221
-670.463 471.396 221
-667.642 476.93 221
-663.827 482.113 221
-661.863 487.898 221
-657.964 492.997 221
-656.845 499.072 221
-652.86 504.095 221
-649.772 509.424 221
-646.64 514.718 221
-643.466 519.977 221
-640.248 525.2 221
-636.989 530.386 221
-633.688 535.536 221
-628.519 539.835 221
-626.053 545.309 221
-623.54 550.761 221
-620.076 555.761 221
-615.674 560.284 221
-613.03 565.646 221
-609.448 570.53 221
-605.828 575.374 221
-602.17 580.18 221
-598.474 584.945 221
-594.741 589.671 221
-590.101 593.863 221
-586.299 598.5 221
-582.461 603.096 221
-578.588 607.651 221
-574.679 612.164 221
-569.888 616.106 221
-565.916 620.528 221
-560.232 623.819 221
-557.036 628.694 221
-553.797 633.541 221
-549.692 637.793 221
-544.736 641.428 221
-540.573 645.587 221
-536.378 649.702 221
-530.545 652.583 221
-527.099 657.198 221
-521.233 659.956 221
-517.723 664.49 221
-513.391 668.37 221
-508.253 671.576 221
-503.871 675.359 221
-499.461 679.098 221
-494.264 682.141 221
-489.806 685.782 221
-483.825 688.053 221
-479.328 691.589 221
-475.544 695.756 221
-469.529 697.843 221
-464.965 701.235 221
-459.658 703.887 221
-455.767 707.881 221
-450.427 710.427 221
-445.778 713.627 221
-439.719 715.342 221
-435.04 718.437 221
-428.977 720.022 221
-425.622 724.485 221
-420.883 727.438 221
-415.463 729.595 221
-410.037 731.694 221
-405.256 734.493 221
-399.171 735.714 221
-394.368 738.407 221
-388.92 740.276 221
-384.091 742.869 221
-379.247 745.415 221
-373.779 747.119 221
-367.709 747.966 221
-363.437 751.157 221
-358.549 753.5 221
-353.067 754.982 221
-347.014 755.587 221
-342.109 757.772 221
-336.075 758.252 221
-331.714 761.165 221
-326.239 762.364 221
-321.305 764.348 221
-315.832 765.437 221
-310.364 766.468 221
-302.842 764.014 221
-286.759 746.821 221
-278.5 742.376 221
-272.31 741.307 221
-268.1 743.665 221
-276.752 769.714 221
-273.702 774.758 221
-268.276 775.353 221
-262.86 775.893 221
-257.902 777.272 221
-252.502 777.705 221
-247.544 778.987 221
-243.005 781.127 221
-237.204 780.498 221
-231.84 780.721 221
-226.888 781.807 221
-221.154 781.006 221
-216.216 781.992 221
-210.529 781.077 221
-205.607 781.964 221
-200.328 781.871 221
-195.416 782.663 221
-190.163 782.469 221
-184.929 782.223 221
-180.039 782.872 221
-175.152 783.475 221
-169.65 782.13 221
-164.787 782.637 221
-159.343 781.186 221
-154.788 782.557 221
-149.395 781.004 221
-144.576 781.324 221
-139.762 781.6 221
-134.704 780.863 221
-129.67 780.079 221
-124.893 780.218 221
-119.899 779.339 221
-115.146 779.389 221
-110.193 778.418 221
-105.466 778.38 221
-100.556 777.318 221
-95.6736 776.209 221
-90.9916 776.039 221
-86.1548 774.841 221
-81.5023 774.586 221
-76.713 773.299 221
-71.9525 771.969 221
-67.3515 771.586 221
-62.7627 771.161 221
-58.0732 769.702 221
-53.5185 769.195 221
-48.8813 767.652 221
-44.2751 766.067 221
-39.7787 765.437 221
-35.2967 764.767 221
-30.8295 764.058 221
-26.2726 761.312 221
-21.8533 760.523 221
-17.4148 758.696 221
-13.0099 756.83 221
-8.65636 755.924 221
-4.31087 753.981 221
3.72205e-05 753 221
4.28477 750.981 221
8.55172 749.925 221
12.8006 748.832 221
16.9961 746.703 221
21.1554 744.538 221
25.3306 743.337 221
29.4865 742.099 221
33.5529 739.828 221
37.6604 738.52 221
41.6605 736.181 221
45.7185 734.804 221
49.5465 731.403 221
53.7716 731.947 221
57.4005 727.489 221
61.2168 724.988 221
65.4114 725.426 221
69.3226 723.848 221
73.2114 722.238 221
76.9122 719.609 221
80.7464 717.936 221
84.3751 715.247 221
88.3446 714.493 221
91.9086 711.745 221
95.4315 708.97 221
99.1294 707.144 221
102.578 704.313 221
106.451 703.401 221
110.074 701.485 221
113.673 699.539 221
116.727 695.633 221
120.257 693.634 221
123.761 691.606 221
127.239 689.551 221
130.69 687.468 221
134.115 685.358 221
137.513 683.22 221
140.883 681.056 221
143.576 676.974 221
146.875 674.762 221
150.489 673.465 221
153.391 670.262 221
156.607 667.975 221
160.161 666.592 221
162.954 663.325 221
166.467 661.888 221
169.187 658.579 221
172.26 656.17 221
174.897 652.825 221
177.489 649.463 221
181.303 648.806 221
184.259 646.306 221
186.746 642.886 221
189.188 639.452 221
192.492 637.787 221
194.858 634.319 221
198.117 632.604 221
200.407 629.103 221
203.62 627.34 221
206.325 624.679 221
209.5 622.865 221
212.151 620.161 221
213.741 615.724 221
216.314 612.993 221
218.857 610.244 221
221.905 608.321 221
223.847 604.694 221
227.95 604.395 221
229.828 600.734 221
232.227 597.892 221
234.593 595.033 221
236.346 591.345 221
238.641 588.461 221
241.498 586.366 221
243.133 582.649 221
246.548 581.308 221
248.112 577.568 221
250.251 574.608 221
253.616 573.19 221
255.067 569.421 221
257.115 566.418 221
259.13 563.402 221
260.455 559.62 221
263.06 557.335 221
265.645 555.028 221
268.209 552.699 221
270.753 550.347 221
271.212 545.797 221
273.001 542.701 221
275.457 540.307 221
277.186 537.186 221
280.307 535.457 221
281.262 531.611 221
283.621 529.147 221
285.228 525.979 221
286.801 522.805 221
289.083 520.292 221
289.846 516.434 221
291.318 513.239 221
292.756 510.037 221
296.459 508.759 221
297.847 505.526 221
298.424 501.659 221
301.304 499.668 221
301.808 495.798 221
303.854 493.156 221
305.877 490.495 221
306.269 486.627 221
307.426 483.358 221
310.178 481.248 221
312.097 478.533 221
313.992 475.801 221
315.034 472.493 221
316.043 469.184 221
317.856 466.418 221
318.802 463.099 221
319.714 459.78 221
322.298 457.504 221
324.009 454.684 221
325.696 451.849 221
326.492 448.5 221
328.994 446.136 221
328.857 442.288 221
329.556 438.935 221
330.222 435.582 221
333.516 433.617 221
335.018 430.7 221
336.495 427.77 221
337.048 424.389 221
337.567 421.011 221
339.865 418.482 221
340.326 415.095 221
338.925 410.899 221
341.146 408.335 221
343.348 405.743 221
344.607 402.741 221
345.84 399.728 221
345.185 395.972 221
346.358 392.955 221
347.505 389.927 221
348.626 386.889 221
346.892 382.841 221
348.896 380.135 221
350.88 377.403 221
352.842 374.645 221
351.922 370.96 221
353.833 368.178 221
353.804 364.802 221
353.744 361.435 221
353.652 358.076 221
354.495 354.987 221
357.246 352.39 221
356.099 348.785 221
358.805 346.141 221
357.594 342.557 221
358.301 339.433 221
359.958 336.511 221
359.632 333.168 221
360.257 330.027 221
361.838 327.063 221
362.409 323.903 221
363.939 320.903 221
362.482 317.411 221
362.969 314.246 221
364.419 311.216 221
363.86 307.903 221
363.272 304.604 221
364.641 301.546 221
365.984 298.466 221
367.301 295.367 221
365.603 291.986 221
366.866 288.873 221
367.104 285.67 221
367.314 282.466 221
365.498 279.155 221
365.652 275.965 221
367.776 272.843 221
365.875 269.581 221
368.944 266.44 221
366.986 263.203 221
368 260 221
368.986 256.78 221
366.944 253.595 221
366.874 250.393 221
368.775 247.122 221
369.648 243.861 221
369.493 240.636 221
368.312 237.473 221
368.101 234.26 221
368.859 230.97 221
368.592 227.752 221
367.301 224.633 221
367.973 221.324 221
368.615 218.002 221
370.22 214.543 221
367.826 211.575 221
368.38 208.228 221
367.914 205.015 221
367.42 201.806 221
365.912 198.767 221
365.364 195.577 221
365.771 192.208 221
365.165 189.019 221
365.512 185.636 221
363.871 182.657 221
362.206 179.701 221
0 260 221
0 260 221
0 260 221
0 260 221
0 260 221
0 260 221
0 260 221
0 260 221
72.6792 237.78 221
72.4825 237.146 221
0 260 221
0 260 221
42.5483 245.349 221
39.5909 245.98 221
38.5274 245.977 221
36.5302 246.342 221
36.4096 246.024 221
36.2863 245.706 221
36.1602 245.39 221
35.1074 245.458 221
34.9792 245.152 221
33.9312 245.246 221
33.8012 244.951 221
32.7586 245.071 221
31.7208 245.208 221
33.3957 244.071 221
33.2554 243.78 221
33.1126 243.491 221
32.0762 243.656 221
31.0454 243.839 221
30.9032 243.568 221
29.8798 243.777 221
28.8625 244.001 221
28.7217 243.75 221
29.4449 243 221
29.2954 242.744 221
29.1437 242.489 221
29.8424 241.713 221
28.8336 241.983 221
28.6753 241.732 221
28.5148 241.482 221
27.5182 241.786 221
27.3582 241.547 221
28.0203 240.742 221
26.2129 241.646 221
26.0517 241.418 221
25.8885 241.191 221
24.9196 241.56 221
23.1604 242.547 221
34.9075 233.214 221
39.4005 229.217 221
33.6522 233.232 221
27.2001 237.974 221
26.2352 238.373 221
23.7474 240.074 221
0 260 221
0 260 221
0 260 221
0 260 221
0 260 221
0 260 221
0 260 221
0 260 221
0 260 221
0 260 221
0 260 221
