-0 260 107
-0 260 107
-0 260 107
-0 260 107
-0 260 107
-0 260 107
-0 260 107
-0 260 107
-16.6036 245.567 107
-23.5726 239.867 107
-26.0455 238.145 107
-27.7785 237.101 107
-34.1944 232.31 107
-43.0435 225.762 107
-39.4005 229.217 107
-26.974 239.302 107
-26.355 240.14 107
-26.5273 240.371 107
-25.8885 241.191 107
-26.0517 241.418 107
-27.032 241.072 107
-26.372 241.875 107
-26.5292 242.106 107
-26.6843 242.338 107
-26.8375 242.572 107
-27.8319 242.269 107
-27.1375 243.043 107
-27.2845 243.28 107
-28.2865 243.004 107
-27.5721 243.759 107
-27.7128 244 107
-26.981 244.735 107
-27.1132 244.971 107
-29.001 244.254 107
-30.0202 244.038 107
-31.0454 243.839 107
-30.2942 244.564 107
-30.4278 244.829 107
-29.6602 245.534 107
-31.5905 244.932 107
-31.7208 245.208 107
-31.8486 245.486 107
-31.9741 245.764 107
-33.0142 245.645 107
-34.0587 245.543 107
-35.1074 245.458 107
-34.3058 246.14 107
-34.4255 246.439 107
-35.4761 246.382 107
-36.5302 246.342 107
-39.4671 245.635 107
-0 260 107
-0 260 107
-0 260 107
-72.2803 236.515 107
-71.5288 237.447 107
-0 260 107
-0 260 107
-0 260 107
-0 260 107
-0 260 107
-0 260 107
-0 260 107
-0 260 107
-0 260 107
-0 260 107
-0 260 107
-0 260 107
-0 260 107
-0 260 107
-0 260 107
-0 260 107
-701.259 148.932 107
-702.201 155.055 107
-701.11 161.466 107
-702.934 167.457 107
-702.723 173.717 107
-703.449 179.852 107
-704.122 185.994 107
-704.741 192.141 107
-704.31 198.381 107
-705.817 204.451 107
-705.278 210.682 107
-704.683 216.9 107
-705.032 223.051 107
-705.328 229.205 107
-705.57 235.361 107
-705.758 241.519 107
-704.893 247.696 107
-705.973 253.839 107
-704 260 107
-704.973 266.152 107
-703.893 272.287 107
-703.759 278.429 107
-703.571 284.569 107
-702.331 290.665 107
-702.037 296.792 107
-701.689 302.917 107
-700.29 308.969 107
-699.836 315.078 107
-700.325 321.271 107
-698.768 327.284 107
-697.16 333.275 107
-695.5 339.242 107
-695.775 345.431 107
-695.003 351.499 107
-693.188 357.421 107
-690.333 363.171 107
-689.406 369.191 107
-689.414 375.368 107
-686.411 381.033 107
-686.312 387.2 107
-683.213 392.803 107
-681.048 398.561 107
-679.813 404.499 107
-677.549 410.209 107
-676.213 416.116 107
-672.88 421.544 107
-672.415 427.652 107
-668.99 433.013 107
-666.489 438.585 107
-664.905 444.395 107
-662.309 449.914 107
-659.668 455.403 107
-657.938 461.152 107
-655.204 466.585 107
-652.425 471.986 107
-648.653 477.036 107
-646.735 482.689 107
-644.767 488.324 107
-641.81 493.6 107
-638.81 498.842 107
-636.702 504.407 107
-632.684 509.221 107
-629.558 514.358 107
-627.314 519.842 107
-623.182 524.525 107
-619.933 529.554 107
-616.643 534.547 107
-613.314 539.503 107
-609.945 544.422 107
-607.44 549.734 107
-603.091 554.147 107
-600.501 559.399 107
-596.083 563.72 107
-592.523 568.448 107
-588.926 573.138 107
-586.171 578.265 107
-581.622 582.398 107
-577.916 586.969 107
-574.175 591.5 107
-571.26 596.498 107
-566.588 600.44 107
-562.742 604.849 107
-558.864 609.217 107
-555.795 614.081 107
-551.845 618.373 107
-547.863 622.623 107
-543.849 626.831 107
-539.803 630.996 107
-534.906 634.545 107
-530.803 638.618 107
-526.67 642.648 107
-521.703 646.04 107
-519.113 651.18 107
-514.886 655.086 107
-509.843 658.333 107
-504.782 661.522 107
-502.036 666.541 107
-496.926 669.634 107
-491.034 672.027 107
-488.181 676.946 107
-481.505 678.566 107
-478.583 683.414 107
-474.126 686.905 107
-469.646 690.351 107
-463.678 692.387 107
-460.613 697.105 107
-453.903 698.329 107
-449.348 701.573 107
-445.477 705.477 107
-440.872 708.635 107
-436.245 711.745 107
-431.598 714.81 107
-426.249 717.096 107
-420.893 719.324 107
-416.868 722.979 107
-410.824 724.353 107
-406.757 727.92 107
-401.359 729.931 107
-395.314 731.117 107
-391.824 735.321 107
-387.032 737.945 107
-380.979 738.956 107
-375.553 740.687 107
-371.344 743.946 107
-365.903 745.57 107
-361.057 747.941 107
-356.786 751.073 107
-351.325 752.54 107
-345.867 753.949 107
-340.977 756.124 107
-334.956 756.594 107
-330.61 759.498 107
-325.694 761.525 107
-319.693 761.818 107
-314.772 763.741 107
-309.319 764.763 107
-304.387 766.586 107
-298.94 767.5 107
-287 757.099 107
-273.787 743.918 107
-267.13 741.915 107
-261.96 742.471 107
-259.618 748.27 107
-267.814 774.466 107
-262.86 775.893 107
-257.456 776.377 107
-252.502 777.705 107
-247.544 778.987 107
-242.583 780.221 107
-237.204 780.498 107
-232.247 781.634 107
-226.888 781.807 107
-221.935 782.847 107
-216.216 781.992 107
-211.278 782.932 107
-206.707 784.756 107
-201.761 785.606 107
-196.466 785.473 107
-191.189 785.288 107
-186.264 785.994 107
-181.016 785.708 107
-175.787 785.371 107
-170.886 785.934 107
-166.29 787.405 107
-161.097 786.924 107
-155.924 786.392 107
-150.774 785.81 107
-145.912 786.142 107
-140.798 785.464 107
-135.956 785.704 107
-131.122 785.9 107
-125.827 784.107 107
-121.249 785.185 107
-116.012 783.295 107
-111.233 783.309 107
-106.662 784.26 107
-101.701 783.207 107
-97.1315 784.075 107
-92.2071 782.933 107
-87.4752 782.731 107
-82.4409 780.512 107
-77.8955 781.211 107
-73.0658 779.891 107
-68.3957 779.517 107
-63.7376 779.102 107
-59.092 778.645 107
-54.4593 778.146 107
-49.8397 777.606 107
-45.1466 776.029 107
-40.4064 773.412 107
-35.9943 774.743 107
-31.3179 772.043 107
-26.8483 772.297 107
-22.2895 770.514 107
-17.7987 769.689 107
-13.324 768.826 107
-8.86578 767.923 107
-4.41559 765.981 107
3.81264e-05 765 107
4.39821 763.981 107
8.76115 761.924 107
13.1147 760.828 107
17.4498 759.695 107
21.7225 757.526 107
26.011 756.319 107
30.2801 755.075 107
34.39 751.799 107
38.6804 751.48 107
42.7063 748.135 107
47.1561 749.735 107
51.3235 748.31 107
55.3564 745.857 107
59.3504 743.37 107
63.5663 742.834 107
67.3598 739.29 107
71.2442 736.706 107
75.5579 737.053 107
79.553 735.39 107
83.3512 732.708 107
87.4731 731.962 107
91.2067 729.218 107
94.8992 726.444 107
98.966 725.598 107
102.16 720.812 107
106.177 719.903 107
110.186 718.959 107
113.945 717.009 107
117.679 715.029 107
120.869 711.087 107
124.8 710.015 107
128.447 707.948 107
132.067 705.851 107
135.66 703.725 107
139.227 701.571 107
142.766 699.388 107
146.277 697.177 107
149.761 694.939 107
152.216 689.845 107
155.961 688.5 107
160.045 688.059 107
163.057 684.779 107
166.392 682.41 107
169.697 680.014 107
172.973 677.594 107
175.829 674.227 107
179.836 673.594 107
182.625 670.182 107
185.368 666.753 107
188.065 663.307 107
192.008 662.553 107
195.075 659.963 107
197.666 656.456 107
200.664 653.825 107
203.169 650.285 107
206.098 647.614 107
209.95 646.68 107
212.831 643.958 107
214.697 639.475 107
218.5 638.453 107
221.794 636.532 107
223.527 632.011 107
226.764 630.046 107
229.985 628.053 107
233.188 626.032 107
234.195 620.628 107
237.885 619.405 107
239.894 615.657 107
242.988 613.55 107
245.491 610.597 107
247.379 606.813 107
251.572 606.259 107
253.395 602.443 107
255.771 599.42 107
258.115 596.382 107
259.809 592.541 107
263.324 591.043 107
266.203 588.733 107
269.061 586.397 107
271.256 583.271 107
274.067 580.891 107
274.233 575.469 107
276.975 573.063 107
278.358 569.148 107
282.397 568.182 107
284.393 564.974 107
287.044 562.481 107
288.283 558.526 107
290.877 555.999 107
292.742 552.742 107
294.572 549.476 107
295.649 545.505 107
296.678 541.537 107
299.855 539.619 107
302.284 536.992 107
304.689 534.344 107
305.574 530.349 107
307.922 527.672 107
308.725 523.676 107
311.014 520.972 107
312.508 517.612 107
314.744 514.875 107
315.391 510.873 107
319.144 509.343 107
321.308 506.548 107
321.85 502.531 107
323.954 499.714 107
325.225 496.29 107
325.646 492.281 107
327.661 489.431 107
330.475 487.129 107
330.786 483.118 107
333.554 480.775 107
333.791 476.766 107
337.357 474.92 107
337.523 470.908 107
339.351 467.954 107
341.153 464.985 107
342.067 461.493 107
342.946 458 107
344.661 455 107
347.224 452.469 107
347.133 448.478 107
348.764 445.441 107
349.482 441.929 107
351.057 438.872 107
350.814 434.91 107
351.428 431.403 107
354.716 429.191 107
357.085 426.512 107
356.705 422.56 107
358.11 419.441 107
358.57 415.911 107
358.997 412.385 107
359.389 408.864 107
362.529 406.471 107
363.793 403.302 107
365.03 400.122 107
365.302 396.581 107
366.48 393.388 107
367.63 390.185 107
366.861 386.32 107
366.053 382.48 107
369.961 380.208 107
370.996 376.975 107
372.959 374.025 107
371.063 369.914 107
372.97 366.947 107
372.925 363.421 107
374.779 360.422 107
374.673 356.897 107
375.504 353.624 107
375.335 350.11 107
376.107 346.831 107
377.827 343.762 107
378.543 340.462 107
377.271 336.757 107
378.908 333.652 107
377.57 329.978 107
380.136 327.028 107
379.72 323.543 107
382.235 320.54 107
382.749 317.202 107
381.253 313.582 107
382.698 310.383 107
383.123 307.042 107
381.532 303.47 107
382.891 300.243 107
384.223 296.996 107
384.531 293.642 107
385.807 290.364 107
384.062 286.856 107
385.28 283.565 107
385.471 280.202 107
384.634 276.793 107
385.765 273.471 107
384.868 270.078 107
384.941 266.719 107
386.985 263.377 107
385 260 107
385.985 256.632 107
385.941 253.263 107
384.868 249.922 107
384.765 246.564 107
386.632 243.119 107
386.47 239.746 107
387.276 236.313 107
385.06 233.074 107
385.807 229.636 107
384.531 226.358 107
384.223 223.004 107
384.88 219.547 107
384.512 216.19 107
385.108 212.715 107
385.672 209.225 107
385.214 205.862 107
383.738 202.65 107
383.223 199.303 107
382.679 195.962 107
383.09 192.451 107
381.503 189.293 107
381.853 185.775 107
379.231 182.845 107
379.521 179.33 107
377.827 176.238 107
0 260 107
0 260 107
0 260 107
0 260 107
0 260 107
0 260 107
0 260 107
0 260 107
72.6792 237.78 107
71.5288 237.447 107
73.2314 236.206 107
0 260 107
0 260 107
38.6483 246.314 107
37.5877 246.319 107
36.5302 246.342 107
37.3432 245.665 107
35.3559 246.073 107
36.1602 245.39 107
35.1074 245.458 107
34.0587 245.543 107
33.9312 245.246 107
32.8876 245.357 107
32.7586 245.071 107
31.7208 245.208 107
33.3957 244.071 107
33.2554 243.78 107
33.1126 243.491 107
31.1852 244.11 107
31.9324 243.377 107
30.9032 243.568 107
29.8798 243.777 107
28.8625 244.001 107
29.5921 243.258 107
29.4449 243 107
29.2954 242.744 107
28.2865 243.004 107
29.8424 241.713 107
28.8336 241.983 107
27.8319 242.269 107
27.6761 242.027 107
28.3521 241.234 107
27.3582 241.547 107
27.1962 241.309 107
27.032 241.072 107
26.8658 240.837 107
25.0795 241.779 107
24.9196 241.56 107
24.7577 241.344 107
34.1142 233.823 107
39.4005 229.217 107
32.0869 234.477 107
26.423 238.603 107
25.4636 239.009 107
23.7474 240.074 107
0 260 107
0 260 107
0 260 107
0 260 107
0 260 107
0 260 107
0 260 107
0 260 107
0 260 107
0 260 107
0 260 107
