-0 260 47
-0 260 47
-0 260 47
-0 260 47
-0 260 47
-0 260 47
-0 260 47
-0 260 47
-16.6036 245.567 47
-22.8122 240.517 47
-25.2795 238.788 47
-27.0069 237.737 47
-34.1944 232.31 47
-43.8261 225.139 47
-39.4005 229.217 47
-26.974 239.302 47
-25.5563 240.742 47
-27.3311 239.776 47
-26.6976 240.603 47
-26.8658 240.837 47
-25.3937 242.219 47
-25.5479 242.441 47
-26.5292 242.106 47
-25.0166 243.442 47
-25.9988 243.116 47
-26.9885 242.806 47
-27.1375 243.043 47
-27.2845 243.28 47
-28.2865 243.004 47
-27.5721 243.759 47
-28.5788 243.5 47
-26.1107 245.227 47
-27.1132 244.971 47
-28.1222 244.731 47
-30.0202 244.038 47
-30.1584 244.301 47
-30.2942 244.564 47
-29.5328 245.275 47
-30.559 245.095 47
-31.5905 244.932 47
-30.8145 245.631 47
-31.8486 245.486 47
-32.8876 245.357 47
-33.0142 245.645 47
-33.1382 245.934 47
-34.1835 245.841 47
-34.3058 246.14 47
-35.3559 246.073 47
-36.4096 246.024 47
-35.5935 246.692 47
-38.5274 245.977 47
-0 260 47
-0 260 47
-0 260 47
-71.3292 236.824 47
-71.5288 237.447 47
-0 260 47
-0 260 47
-0 260 47
-0 260 47
-0 260 47
-0 260 47
-0 260 47
-0 260 47
-0 260 47
-0 260 47
-0 260 47
-0 260 47
-0 260 47
-0 260 47
-0 260 47
-0 260 47
-709.16 147.68 47
-711.102 153.725 47
-711.012 160.074 47
-709.875 166.543 47
-711.656 172.62 47
-711.397 178.947 47
-712.078 185.158 47
-712.704 191.375 47
-712.279 197.684 47
-711.799 203.98 47
-712.261 210.194 47
-712.668 216.411 47
-714.02 222.58 47
-713.32 228.856 47
-712.566 235.117 47
-711.756 241.362 47
-711.892 247.574 47
-710.973 253.796 47
-710 260 47
-709.973 266.196 47
-710.892 272.409 47
-709.757 278.586 47
-708.568 284.744 47
-709.324 290.97 47
-707.03 297.054 47
-707.678 303.284 47
-705.278 309.318 47
-704.821 315.471 47
-704.31 321.619 47
-703.745 327.763 47
-702.132 333.797 47
-699.475 339.695 47
-698.752 345.796 47
-696.986 351.76 47
-695.168 357.7 47
-695.278 363.91 47
-692.37 369.661 47
-691.386 375.698 47
-689.365 381.554 47
-687.295 387.383 47
-685.176 393.185 47
-683.987 399.159 47
-681.769 404.915 47
-679.502 410.642 47
-677.187 416.341 47
-674.825 422.011 47
-673.385 427.894 47
-670.926 433.513 47
-668.421 439.103 47
-665.869 444.662 47
-663.271 450.19 47
-660.627 455.687 47
-657.938 461.152 47
-656.157 466.886 47
-652.425 471.986 47
-649.602 477.354 47
-647.68 483.014 47
-643.824 487.99 47
-639.931 492.916 47
-637.874 498.491 47
-634.835 503.69 47
-631.753 508.854 47
-628.631 513.983 47
-625.466 519.077 47
-621.341 523.744 47
-618.098 528.757 47
-612.989 532.92 47
-611.494 538.674 47
-607.226 543.154 47
-604.732 548.443 47
-601.293 553.27 47
-598.711 558.506 47
-594.301 562.812 47
-590.749 567.525 47
-586.277 571.729 47
-581.777 575.879 47
-579.873 581.429 47
-576.175 585.984 47
-572.443 590.5 47
-567.814 594.468 47
-564.016 598.895 47
-561.037 603.804 47
-555.471 607.097 47
-552.421 611.931 47
-548.491 616.194 47
-545.361 620.967 47
-541.361 625.153 47
-536.506 628.731 47
-531.63 632.251 47
-529.175 637.457 47
-522.625 639.709 47
-519.291 644.256 47
-511.925 645.763 47
-486.326 633.171 47
-472.806 629.397 47
-467.217 631.641 47
-476.39 645.773 47
-491.525 665.182 47
-488.736 670.099 47
-484.379 673.698 47
-478.486 675.941 47
-474.089 679.439 47
-469.667 682.891 47
-464.485 685.622 47
-460.021 688.977 47
-455.535 692.287 47
-451.745 696.246 47
-447.208 699.47 47
-441.235 701.235 47
-436.666 704.355 47
-432.077 707.429 47
-426.78 709.732 47
-422.157 712.708 47
-417.515 715.637 47
-412.854 718.52 47
-407.511 720.608 47
-403.476 724.146 47
-398.761 726.889 47
-392.743 728.053 47
-387.372 729.919 47
-382.627 732.505 47
-377.866 735.043 47
-372.475 736.747 47
-367.692 739.185 47
-363.496 742.376 47
-357.488 743.118 47
-353.259 746.219 47
-347.26 746.841 47
-342.425 749.034 47
-336.445 749.531 47
-332.161 752.448 47
-327.299 754.494 47
-322.426 756.493 47
-317.007 757.601 47
-312.652 760.348 47
-306.707 760.5 47
-301.297 761.443 47
-296.402 763.191 47
-290.5 763.161 47
-286.098 765.677 47
-280.705 766.405 47
-276.275 768.835 47
-271.355 770.344 47
-266.429 771.805 47
-260.137 770.547 47
-255.225 771.902 47
-250.31 773.211 47
-244.53 772.668 47
-240.47 775.689 47
-234.302 774.128 47
-230.213 777.067 47
-224.496 776.305 47
-219.591 777.324 47
-214.303 777.373 47
-209.405 778.296 47
-204.141 778.243 47
-199.253 779.071 47
-194.365 779.853 47
-189.137 779.65 47
-183.928 779.395 47
-179.062 780.035 47
-173.883 779.681 47
-169.032 780.228 47
-164.185 780.729 47
-159.05 780.23 47
-153.936 779.68 47
-149.395 781.004 47
-144.041 779.397 47
-139.245 779.668 47
-134.454 779.895 47
-129.428 779.108 47
-124.66 779.246 47
-119.674 778.365 47
-114.929 778.413 47
-109.777 776.462 47
-105.266 777.4 47
-100.556 777.318 47
-95.6736 776.209 47
-90.9916 776.039 47
-86.3199 775.827 47
-81.5023 774.586 47
-77.0087 775.277 47
-72.2308 773.949 47
-67.482 772.577 47
-63.0064 773.146 47
-58.1864 770.696 47
-53.7276 771.184 47
-49.073 769.643 47
-44.5365 769.055 47
-40.0141 768.428 47
-35.506 767.76 47
-30.8905 765.056 47
-26.482 765.307 47
-21.9405 762.521 47
-17.5544 762.694 47
-13.1408 761.828 47
-8.72617 759.924 47
-4.3545 758.981 47
3.7598e-05 758 47
4.3284 755.981 47
8.63898 754.925 47
12.9053 752.831 47
17.1357 750.701 47
21.3735 749.534 47
25.6447 749.328 47
29.8528 748.088 47
34.0412 746.811 47
38.2096 745.499 47
42.2706 743.154 47
46.2935 740.776 47
50.1737 737.371 47
54.4508 737.908 47
58.3754 735.43 47
62.3916 733.911 47
66.3856 732.358 47
70.3573 730.772 47
74.3064 729.152 47
78.2326 727.499 47
81.6147 722.86 47
85.6507 722.13 47
89.4894 720.383 47
93.5036 719.585 47
97.0948 716.795 47
100.861 714.954 47
104.377 712.108 47
108.319 711.18 47
112.01 709.247 47
115.425 706.316 47
119.057 704.326 47
122.93 703.27 47
126.518 701.219 47
130.079 699.139 47
133.614 697.031 47
137.122 694.895 47
137.513 683.22 47
129.778 647.864 47
132.506 644.826 47
136.861 646.483 47
140.57 646.214 47
144.285 645.909 47
149.081 648.369 47
160.528 667.523 47
167.449 674.451 47
170.294 671.126 47
172.703 666.863 47
175.848 664.423 47
179.778 663.787 47
182.88 661.293 47
185.952 658.775 47
188.564 655.332 47
192.445 654.571 47
195.435 651.981 47
198.394 649.37 47
199.937 644.076 47
203.751 643.199 47
207.087 641.407 47
209.438 637.836 47
213.219 636.864 47
215.5 633.257 47
218.242 630.501 47
220.951 627.725 47
224.152 625.783 47
225.216 620.42 47
228.352 618.441 47
231.472 616.435 47
234.573 614.401 47
237.098 611.512 47
239.023 607.781 47
241.476 604.863 47
243.895 601.929 47
246.282 598.978 47
250.42 598.424 47
250.957 593.031 47
254.462 591.622 47
257.962 590.176 47
259.589 586.348 47
261.168 582.516 47
263.972 580.224 47
265.471 576.376 47
268.222 574.048 47
270.296 570.94 47
273.662 569.319 47
275.682 566.176 47
276.316 561.546 47
280.301 560.586 47
282.225 557.403 47
283.421 553.491 47
284.569 549.58 47
287.792 547.792 47
290.293 545.27 47
291.333 541.337 47
294.502 539.472 47
294.736 534.845 47
297.123 532.263 47
300.231 530.329 47
301.829 527.036 47
301.884 522.424 47
305.683 521.078 47
307.95 518.401 47
309.421 515.067 47
311.636 512.357 47
311.478 507.761 47
312.84 504.418 47
314.961 501.678 47
318.656 500.124 47
319.131 496.145 47
321.989 493.939 47
323.204 490.539 47
325.203 487.71 47
325.53 483.73 47
328.299 481.44 47
328.551 477.463 47
330.436 474.588 47
332.296 471.696 47
334.131 468.788 47
336.793 466.387 47
337.724 462.925 47
336.897 458.447 47
338.616 455.5 47
342.05 453.522 47
341.102 449.076 47
344.496 447.046 47
344.35 443.094 47
346.821 440.544 47
347.493 437.056 47
349.919 434.463 47
348.732 430.088 47
349.301 426.608 47
351.647 423.976 47
352.155 420.486 47
354.456 417.814 47
355.819 414.715 47
356.235 411.213 47
358.465 408.481 47
357.893 404.598 47
358.211 401.103 47
360.362 398.33 47
361.555 395.18 47
362.721 392.02 47
364.802 389.183 47
364.97 385.669 47
367.001 382.797 47
367.108 379.281 47
367.181 375.772 47
368.177 372.563 47
367.228 368.778 47
369.124 365.845 47
370.034 362.62 47
370.916 359.387 47
370.801 355.896 47
373.564 353.14 47
372.418 349.41 47
374.158 346.381 47
374.898 343.113 47
373.652 339.422 47
374.331 336.159 47
375.963 333.08 47
377.57 329.978 47
376.197 326.334 47
376.761 323.048 47
378.285 319.914 47
378.793 316.611 47
378.282 313.164 47
379.723 309.992 47
381.138 306.798 47
381.532 303.47 47
382.891 300.243 47
381.237 296.709 47
381.543 293.381 47
382.816 290.128 47
381.069 286.647 47
383.284 283.443 47
381.476 279.992 47
384.634 276.793 47
383.766 273.401 47
383.868 270.052 47
383.942 266.702 47
384.985 263.36 47
383 260 47
384.985 256.64 47
383.942 253.298 47
385.868 249.896 47
386.764 246.494 47
383.635 243.25 47
383.474 239.903 47
384.282 236.496 47
385.06 233.074 47
383.813 229.793 47
383.535 226.445 47
384.223 223.004 47
384.88 219.547 47
384.512 216.19 47
385.108 212.715 47
383.689 209.486 47
383.234 206.14 47
382.749 202.798 47
382.235 199.46 47
382.679 195.962 47
381.121 192.798 47
382.486 189.11 47
380.871 185.966 47
380.211 182.645 47
377.565 179.746 47
377.827 176.238 47
0 260 47
0 260 47
0 260 47
0 260 47
0 260 47
0 260 47
0 260 47
0 260 47
71.7229 238.072 47
72.4825 237.146 47
0 260 47
0 260 47
42.5483 245.349 47
38.6483 246.314 47
37.5877 246.319 47
35.5935 246.692 47
36.4096 246.024 47
35.3559 246.073 47
35.233 245.765 47
35.1074 245.458 47
33.1382 245.934 47
33.9312 245.246 47
32.8876 245.357 47
32.7586 245.071 47
33.5334 244.363 47
33.3957 244.071 47
32.3566 244.219 47
33.1126 243.491 47
31.1852 244.11 47
31.0454 243.839 47
30.0202 244.038 47
29.001 244.254 47
28.8625 244.001 47
29.5921 243.258 47
28.5788 243.5 47
28.4338 243.251 47
28.2865 243.004 47
28.9898 242.235 47
28.8336 241.983 47
26.9885 242.806 47
27.6761 242.027 47
27.5182 241.786 47
27.3582 241.547 47
27.1962 241.309 47
26.2129 241.646 47
26.0517 241.418 47
25.0795 241.779 47
23.3118 242.75 47
24.7577 241.344 47
32.5275 235.041 47
40.1885 228.601 47
33.6522 233.232 47
26.423 238.603 47
27.0069 237.737 47
22.9813 240.716 47
0 260 47
0 260 47
0 260 47
0 260 47
0 260 47
0 260 47
0 260 47
0 260 47
0 260 47
0 260 47
0 260 47
