-0 260 245
-0 260 245
-0 260 245
-0 260 245
-0 260 245
-0 260 245
-0 260 245
-0 260 245
-16.6036 245.567 245
-23.5726 239.867 245
-26.8116 237.502 245
-27.0069 237.737 245
-34.1944 232.31 245
-41.4782 227.007 245
-40.9766 227.986 245
-27.7674 238.693 245
-26.355 240.14 245
-26.5273 240.371 245
-26.6976 240.603 245
-26.8658 240.837 245
-26.2129 241.646 245
-26.372 241.875 245
-26.5292 242.106 245
-26.6843 242.338 245
-26.8375 242.572 245
-26.9885 242.806 245
-27.1375 243.043 245
-26.4318 243.803 245
-29.1437 242.489 245
-27.5721 243.759 245
-27.7128 244 245
-27.8514 244.242 245
-27.1132 244.971 245
-29.001 244.254 245
-30.0202 244.038 245
-30.1584 244.301 245
-30.2942 244.564 245
-30.4278 244.829 245
-31.4578 244.657 245
-31.5905 244.932 245
-31.7208 245.208 245
-32.7586 245.071 245
-32.8876 245.357 245
-33.9312 245.246 245
-34.0587 245.543 245
-34.1835 245.841 245
-34.3058 246.14 245
-36.2863 245.706 245
-36.4096 246.024 245
-37.4669 245.992 245
-39.4671 245.635 245
-0 260 245
-0 260 245
-0 260 245
-72.2803 236.515 245
-71.5288 237.447 245
-0 260 245
-71.9115 238.699 245
-0 260 245
-0 260 245
-0 260 245
-0 260 245
-0 260 245
-0 260 245
-0 260 245
-0 260 245
-0 260 245
-0 260 245
-0 260 245
-0 260 245
-0 260 245
-0 260 245
-683.48 151.747 245
-684.399 157.716 245
-685.266 163.692 245
-685.088 169.807 245
-685.849 175.788 245
-687.552 181.663 245
-688.209 187.666 245
-688.814 193.675 245
-688.371 199.775 245
-687.873 205.863 245
-688.319 211.868 245
-688.713 217.877 245
-689.054 223.888 245
-689.343 229.903 245
-690.579 235.885 245
-689.764 241.938 245
-689.895 247.958 245
-688.974 253.988 245
-689 260 245
-689.974 266.021 245
-688.895 272.025 245
-688.764 278.036 245
-688.58 284.046 245
-687.345 290.01 245
-688.056 296.06 245
-685.719 301.94 245
-684.329 307.853 245
-684.882 313.901 245
-685.382 319.963 245
-682.842 325.75 245
-682.242 331.707 245
-681.59 337.658 245
-679.894 343.481 245
-679.14 349.411 245
-678.334 355.334 245
-676.487 361.102 245
-675.579 367.001 245
-673.633 372.728 245
-671.639 378.428 245
-670.58 384.285 245
-669.47 390.132 245
-667.329 395.77 245
-666.118 401.588 245
-664.858 407.395 245
-661.597 412.742 245
-660.239 418.509 245
-657.86 424.023 245
-656.404 429.758 245
-653.932 435.221 245
-652.378 440.92 245
-649.813 446.331 245
-648.162 451.994 245
-645.506 457.351 245
-642.805 462.676 245
-641.012 468.278 245
-638.222 473.546 245
-635.388 478.782 245
-633.455 484.318 245
-630.534 489.496 245
-627.57 494.639 245
-625.499 500.107 245
-622.449 505.189 245
-618.432 509.863 245
-617.151 515.633 245
-613.056 520.227 245
-609.845 525.168 245
-606.594 530.073 245
-604.214 535.356 245
-599.976 539.773 245
-597.511 544.998 245
-595.002 550.202 245
-590.657 554.491 245
-587.173 559.18 245
-583.653 563.831 245
-580.979 568.912 245
-576.504 573.016 245
-574.625 578.52 245
-570.083 582.538 245
-567.247 587.5 245
-562.644 591.423 245
-558.873 595.805 245
-555.069 600.147 245
-551.231 604.448 245
-546.518 608.17 245
-543.458 612.926 245
-540.358 617.655 245
-535.558 621.239 245
-532.385 625.898 245
-527.534 629.383 245
-524.29 633.973 245
-520.198 637.946 245
-515.272 641.281 245
-509.529 643.958 245
-506.953 648.999 245
-503.539 653.408 245
-499.304 657.164 245
-495.042 660.877 245
-489.21 663.274 245
-485.672 667.527 245
-481.337 671.101 245
-476.222 673.973 245
-471.842 677.451 245
-467.438 680.883 245
-463.01 684.271 245
-458.559 687.613 245
-454.084 690.91 245
-449.587 694.162 245
-443.642 695.966 245
-439.82 699.82 245
-434.564 702.215 245
-429.299 704.552 245
-426.091 709.007 245
-420.793 711.245 245
-416.839 714.9 245
-412.184 717.777 245
-406.186 719.11 245
-400.852 721.128 245
-396.163 723.848 245
-391.458 726.521 245
-386.736 729.148 245
-381.997 731.728 245
-376.621 733.478 245
-371.859 735.959 245
-367.692 739.185 245
-361.691 739.98 245
-356.894 742.314 245
-352.083 744.601 245
-347.26 746.841 245
-341.852 748.215 245
-337.012 750.355 245
-332.72 753.277 245
-326.747 753.66 245
-321.882 755.654 245
-315.932 755.914 245
-311.592 758.652 245
-307.229 761.352 245
-301.812 762.3 245
-296.402 763.191 245
-291.5 764.893 245
-286.098 765.677 245
-281.674 768.154 245
-276.752 769.714 245
-271.355 770.344 245
-260.426 760.274 245
-246.063 742.926 245
-240.947 743.265 245
-236.72 745.349 245
-231.184 744.688 245
-239.202 772.97 245
-235.96 777.768 245
-230.213 777.067 245
-225.293 778.139 245
-220.372 779.165 245
-215.068 779.22 245
-210.154 780.15 245
-205.241 781.034 245
-199.969 780.938 245
-195.416 782.663 245
-189.821 781.529 245
-184.929 782.223 245
-180.039 782.872 245
-174.835 782.526 245
-169.65 782.13 245
-164.787 782.637 245
-159.927 783.099 245
-155.072 783.516 245
-150.222 783.888 245
-145.378 784.215 245
-140.28 783.532 245
-135.205 782.8 245
-130.638 783.96 245
-125.594 783.135 245
-120.799 783.237 245
-115.795 782.318 245
-111.025 782.331 245
-106.263 782.3 245
-101.51 782.226 245
-96.767 782.108 245
-92.0335 781.948 245
-87.1451 780.759 245
-82.4409 780.512 245
-77.7477 780.222 245
-72.9267 778.9 245
-68.3957 779.517 245
-63.6158 778.109 245
-59.092 778.645 245
-54.2502 776.157 245
-49.7439 776.611 245
-45.1466 776.029 245
-40.4849 774.409 245
-35.9245 773.745 245
-31.3789 773.041 245
-26.8483 772.297 245
-22.2895 770.514 245
-17.7987 769.689 245
-13.2979 767.826 245
-8.86578 767.923 245
-4.42432 766.981 245
3.82019e-05 766 245
4.39821 763.981 245
8.76115 761.924 245
13.1409 761.828 245
17.4498 759.695 245
21.8097 759.524 245
26.0633 757.318 245
30.4022 757.071 245
34.5295 753.794 245
38.9157 754.471 245
42.9678 751.124 245
47.252 750.73 245
51.3235 748.31 245
55.3564 745.857 245
59.716 746.348 245
63.8273 744.817 245
67.7773 742.261 245
71.6876 739.673 245
75.8707 739.029 245
79.8831 737.362 245
83.6985 734.677 245
87.6553 732.946 245
91.5883 731.181 245
95.4973 729.384 245
99.5897 728.533 245
103.242 725.693 245
107.077 723.8 245
110.42 719.931 245
114.671 719.92 245
118.68 718.902 245
122.163 715.917 245
125.602 712.906 245
129.55 711.793 245
133.203 709.686 245
136.83 707.551 245
140.43 705.386 245
143.384 701.29 245
146.595 698.126 245
151.064 698.721 245
154.219 695.5 245
157.671 693.198 245
161.095 690.869 245
164.491 688.513 245
168.224 687.062 245
171.57 684.65 245
174.504 681.289 245
177.001 676.989 245
181.032 676.345 245
184.252 673.836 245
187.856 672.212 245
191.023 669.651 245
194.161 667.066 245
196.829 663.559 245
199.897 660.931 245
202.934 658.28 245
206.402 656.494 245
209.384 653.795 245
212.336 651.074 245
216.225 650.08 245
218.144 645.568 245
221 642.783 245
223.824 639.978 245
226.617 637.154 245
230.422 636.014 245
232.635 632.293 245
235.875 630.249 245
238.007 626.499 245
241.196 624.408 245
244.367 622.289 245
245.82 617.671 245
248.359 614.693 245
252.606 614.14 245
253.923 609.495 245
256.369 606.462 245
259.382 604.212 245
262.376 601.935 245
264.119 598.057 245
265.814 594.174 245
268.091 591.064 245
272.241 590.255 245
272.542 584.803 245
276.015 583.173 245
278.825 580.752 245
281.614 578.306 245
282.373 573.607 245
285.775 571.868 245
287.121 567.9 245
289.797 565.383 245
291.757 562.123 245
294.382 559.565 245
296.985 556.985 245
299.565 554.382 245
301.403 551.062 245
303.932 548.421 245
304.975 544.393 245
305.97 540.37 245
307.662 537.02 245
309.319 533.662 245
312.45 531.608 245
314.048 528.222 245
315.61 524.828 245
318.681 522.7 245
320.184 519.28 245
321.652 515.854 245
323.872 513.037 245
324.482 508.983 245
328.239 507.346 245
329.581 503.877 245
331.697 500.992 245
333.787 498.088 245
334.214 494.019 245
336.243 491.094 245
336.589 487.032 245
340.225 485.19 245
339.662 480.579 245
342.417 478.144 245
344.308 475.147 245
347.025 472.657 245
348.01 469.105 245
348.96 465.553 245
349.874 462 245
350.753 458.447 245
352.472 455.378 245
354.163 452.295 245
354.945 448.728 245
356.578 445.623 245
359.076 442.958 245
360.659 439.818 245
361.315 436.225 245
362.839 433.065 245
362.523 429.047 245
363.985 425.877 245
366.332 423.101 245
367.741 419.898 245
366.361 415.511 245
369.552 413.073 245
371.801 410.217 245
373.097 406.967 245
372.499 402.989 245
372.796 399.383 245
373.058 395.782 245
375.171 392.855 245
374.425 388.925 245
377.433 386.287 245
376.618 382.371 245
378.626 379.38 245
378.697 375.779 245
380.651 372.754 245
382.582 369.704 245
380.634 365.559 245
383.473 362.751 245
384.355 359.401 245
384.237 355.801 245
385.058 352.444 245
385.851 349.081 245
385.637 345.494 245
386.368 342.125 245
386.09 338.551 245
388.724 335.56 245
389.369 332.165 245
388.014 328.417 245
389.583 325.194 245
391.125 321.948 245
390.661 318.385 245
390.166 314.834 245
392.612 311.688 245
393.048 308.26 245
393.454 304.828 245
393.831 301.393 245
393.181 297.859 245
394.493 294.514 245
393.782 290.991 245
393.04 287.484 245
396.26 284.236 245
394.459 280.673 245
395.623 277.273 245
396.758 273.855 245
394.865 270.34 245
394.94 266.894 245
396.985 263.464 245
394 260 245
393.985 256.562 245
395.94 253.089 245
394.865 249.66 245
395.759 246.18 245
393.625 242.814 245
395.457 239.275 245
397.258 235.703 245
396.033 232.307 245
394.779 228.93 245
395.489 225.399 245
396.168 221.853 245
396.814 218.293 245
396.435 214.832 245
395.033 211.496 245
395.587 207.92 245
395.117 204.47 245
394.617 201.024 245
394.088 197.583 245
393.528 194.146 245
393.923 190.541 245
394.285 186.924 245
391.669 183.867 245
390.99 180.452 245
389.303 177.251 245
388.566 173.857 245
0 260 245
0 260 245
0 260 245
0 260 245
0 260 245
0 260 245
0 260 245
0 260 245
72.6792 237.78 245
72.4825 237.146 245
0 260 245
0 260 245
0 260 245
40.5336 245.646 245
37.5877 246.319 245
36.5302 246.342 245
36.4096 246.024 245
35.3559 246.073 245
36.1602 245.39 245
35.1074 245.458 245
33.1382 245.934 245
33.9312 245.246 245
32.8876 245.357 245
32.7586 245.071 245
33.5334 244.363 245
34.2982 243.641 245
33.2554 243.78 245
33.1126 243.491 245
32.0762 243.656 245
31.0454 243.839 245
30.9032 243.568 245
29.001 244.254 245
29.7371 243.516 245
29.5921 243.258 245
28.5788 243.5 245
28.4338 243.251 245
29.1437 242.489 245
29.8424 241.713 245
28.8336 241.983 245
27.8319 242.269 245
27.6761 242.027 245
27.5182 241.786 245
28.1873 240.987 245
27.1962 241.309 245
26.2129 241.646 245
26.0517 241.418 245
25.0795 241.779 245
24.9196 241.56 245
24.7577 241.344 245
35.7009 232.606 245
40.1885 228.601 245
33.6522 233.232 245
26.423 238.603 245
27.7785 237.101 245
23.7474 240.074 245
0 260 245
0 260 245
0 260 245
0 260 245
0 260 245
0 260 245
0 260 245
0 260 245
0 260 245
0 260 245
0 260 245
