-0 260 31
-0 260 31
-0 260 31
-0 260 31
-0 260 31
-0 260 31
-0 260 31
-0 260 31
-16.6036 245.567 31
-23.5726 239.867 31
-26.0455 238.145 31
-27.7785 237.101 31
-34.1944 232.31 31
-43.0435 225.762 31
-40.9766 227.986 31
-27.7674 238.693 31
-25.5563 240.742 31
-26.5273 240.371 31
-26.6976 240.603 31
-26.8658 240.837 31
-26.2129 241.646 31
-25.5479 242.441 31
-26.5292 242.106 31
-27.5182 241.786 31
-26.8375 242.572 31
-26.9885 242.806 31
-27.1375 243.043 31
-28.1371 242.758 31
-27.4294 243.519 31
-28.4338 243.251 31
-26.8468 244.5 31
-26.981 244.735 31
-27.9878 244.486 31
-29.8798 243.777 31
-30.0202 244.038 31
-31.0454 243.839 31
-31.1852 244.11 31
-31.3227 244.383 31
-31.4578 244.657 31
-30.6879 245.363 31
-32.6271 244.786 31
-31.8486 245.486 31
-33.8012 244.951 31
-33.0142 245.645 31
-34.0587 245.543 31
-35.1074 245.458 31
-34.3058 246.14 31
-36.2863 245.706 31
-35.4761 246.382 31
-37.4669 245.992 31
-39.4671 245.635 31
-0 260 31
-0 260 31
-0 260 31
-71.3292 236.824 31
-71.5288 237.447 31
-0 260 31
-0 260 31
-0 260 31
-0 260 31
-0 260 31
-0 260 31
-0 260 31
-0 260 31
-0 260 31
-0 260 31
-0 260 31
-0 260 31
-0 260 31
-0 260 31
-0 260 31
-0 260 31
-841.51 126.718 31
-842.642 134.067 31
-840.738 141.842 31
-847.685 148.4 31
-839.694 156.899 31
-848.51 163.325 31
-845.344 171.151 31
-841.11 179.01 31
-836.804 186.789 31
-835.417 194.251 31
-830.971 201.893 31
-827.454 209.391 31
-824.868 216.771 31
-821.218 224.145 31
-813.504 231.592 31
-811.722 238.744 31
-810.876 245.846 31
-810.969 252.923 31
-808 260 31
-807.969 267.051 31
-806.877 274.084 31
-800.726 280.968 31
-796.514 287.815 31
-742.293 292.409 31
-734.991 298.519 31
-755.588 306.214 31
-770.119 313.852 31
-786.568 321.904 31
-725.23 323.449 31
-723.653 329.68 31
-736.941 337.456 31
-745.179 344.903 31
-769.223 354.449 31
-767.378 361.027 31
-764.487 367.442 31
-741.762 370.857 31
-725.951 374.979 31
-737.742 383.456 31
-756.332 393.362 31
-718.759 393.214 31
-739.165 403.679 31
-717.305 405.937 31
-744.37 418.221 31
-761.511 428.823 31
-760.983 435.687 31
-761.366 442.788 31
-756.831 448.699 31
-756.123 455.547 31
-758.252 463.173 31
-770.904 473.791 31
-768.048 480.234 31
-772.809 488.916 31
-792.777 502.376 31
-829.734 521.614 31
-780.817 513.703 31
-767.194 516.7 31
-720.485 508.083 31
-706.981 510.355 31
-703.83 516.173 31
-842.068 574.837 31
-757.134 550.637 31
-716.421 542.206 31
-734.33 556.689 31
-756.657 573.418 31
-751.132 578.837 31
-746.487 584.582 31
-735.404 587.423 31
-740.708 597.56 31
-750.423 609.928 31
-738.315 612.158 31
-695.667 599.299 31
-706.998 612.496 31
-720.824 627.278 31
-712.27 630.784 31
-680.753 621.963 31
-656.476 616.438 31
-684.827 639.606 31
-751.117 684.962 31
-730.059 681.5 31
-703.951 674.659 31
-708.02 685.422 31
-733.27 709.349 31
-719.145 709.372 31
-687.364 697.899 31
-696.097 712.05 31
-700.464 723.627 31
-686.443 723.012 31
-694.738 737.481 31
-697.098 748.114 31
-712.351 768.115 31
-707.89 774.312 31
-0 260 31
-0 260 31
-0 260 31
-0 260 31
-0 260 31
-0 260 31
-0 260 31
-0 260 31
-0 260 31
-0 260 31
-0 260 31
-0 260 31
-0 260 31
-0 260 31
-0 260 31
-0 260 31
-0 260 31
-0 260 31
-0 260 31
-0 260 31
-0 260 31
-0 260 31
-0 260 31
-0 260 31
-0 260 31
-0 260 31
-0 260 31
-0 260 31
-0 260 31
-0 260 31
-0 260 31
-0 260 31
-0 260 31
-0 260 31
-0 260 31
-0 260 31
-0 260 31
-0 260 31
-0 260 31
-0 260 31
-0 260 31
-0 260 31
-0 260 31
-0 260 31
-0 260 31
-0 260 31
-0 260 31
-0 260 31
-0 260 31
-0 260 31
-0 260 31
-0 260 31
-0 260 31
-0 260 31
-0 260 31
-0 260 31
-0 260 31
-0 260 31
-0 260 31
-0 260 31
-0 260 31
-0 260 31
-0 260 31
-0 260 31
-0 260 31
-0 260 31
-0 260 31
-0 260 31
-0 260 31
-0 260 31
-0 260 31
-0 260 31
-0 260 31
-0 260 31
-0 260 31
-0 260 31
-0 260 31
-0 260 31
-0 260 31
-0 260 31
-0 260 31
-0 260 31
-0 260 31
-0 260 31
-0 260 31
-0 260 31
-0 260 31
-0 260 31
-0 260 31
-0 260 31
-0 260 31
-0 260 31
-0 260 31
-0 260 31
-0 260 31
-0 260 31
-0 260 31
-0 260 31
-0 260 31
-0 260 31
-0 260 31
-0 260 31
-0 260 31
-0 260 31
-0 260 31
-0 260 31
-0 260 31
0 260 31
0 260 31
0 260 31
0 260 31
0 260 31
0 260 31
0 260 31
0 260 31
0 260 31
0 260 31
0 260 31
0 260 31
0 260 31
0 260 31
0 260 31
0 260 31
0 260 31
0 260 31
0 260 31
0 260 31
0 260 31
0 260 31
0 260 31
0 260 31
0 260 31
0 260 31
0 260 31
0 260 31
0 260 31
0 260 31
0 260 31
0 260 31
0 260 31
0 260 31
0 260 31
0 260 31
0 260 31
0 260 31
0 260 31
0 260 31
0 260 31
0 260 31
0 260 31
0 260 31
0 260 31
0 260 31
0 260 31
0 260 31
0 260 31
0 260 31
0 260 31
0 260 31
0 260 31
0 260 31
0 260 31
0 260 31
0 260 31
0 260 31
0 260 31
0 260 31
0 260 31
0 260 31
0 260 31
0 260 31
0 260 31
0 260 31
0 260 31
0 260 31
0 260 31
0 260 31
0 260 31
0 260 31
0 260 31
0 260 31
0 260 31
0 260 31
0 260 31
0 260 31
0 260 31
0 260 31
0 260 31
0 260 31
0 260 31
0 260 31
0 260 31
0 260 31
0 260 31
0 260 31
0 260 31
0 260 31
0 260 31
0 260 31
0 260 31
0 260 31
0 260 31
0 260 31
0 260 31
0 260 31
0 260 31
0 260 31
0 260 31
0 260 31
0 260 31
0 260 31
0 260 31
0 260 31
0 260 31
0 260 31
0 260 31
0 260 31
0 260 31
0 260 31
0 260 31
0 260 31
0 260 31
0 260 31
0 260 31
0 260 31
0 260 31
0 260 31
0 260 31
0 260 31
0 260 31
0 260 31
0 260 31
0 260 31
0 260 31
0 260 31
0 260 31
0 260 31
0 260 31
0 260 31
0 260 31
0 260 31
0 260 31
0 260 31
0 260 31
0 260 31
0 260 31
0 260 31
0 260 31
0 260 31
0 260 31
0 260 31
0 260 31
0 260 31
0 260 31
0 260 31
0 260 31
0 260 31
0 260 31
0 260 31
0 260 31
0 260 31
0 260 31
0 260 31
0 260 31
0 260 31
0 260 31
0 260 31
0 260 31
0 260 31
0 260 31
0 260 31
0 260 31
0 260 31
0 260 31
0 260 31
0 260 31
0 260 31
0 260 31
0 260 31
0 260 31
0 260 31
449.383 283.551 31
451.57 279.716 31
0 260 31
0 260 31
0 260 31
783.97 266.842 31
793 260 31
791.97 253.089 31
791.879 246.178 31
778.733 239.608 31
0 260 31
610.418 233.349 31
430.409 237.443 31
435.187 233.383 31
440.923 229.168 31
441.634 225.243 31
805.954 132.349 31
813.686 123.836 31
831.178 113.441 31
840.683 104.189 31
832.42 98.194 31
829.016 91.3347 31
852.945 78.701 31
830.828 75.8099 31
0 260 31
0 260 31
0 260 31
0 260 31
0 260 31
0 260 31
0 260 31
71.9115 238.699 31
71.7229 238.072 31
71.5288 237.447 31
0 260 31
0 260 31
0 260 31
39.5909 245.98 31
38.5274 245.977 31
36.5302 246.342 31
37.3432 245.665 31
36.2863 245.706 31
36.1602 245.39 31
36.0313 245.075 31
34.9792 245.152 31
33.0142 245.645 31
32.8876 245.357 31
32.7586 245.071 31
33.5334 244.363 31
33.3957 244.071 31
33.2554 243.78 31
34.0075 243.044 31
32.0762 243.656 31
31.0454 243.839 31
30.0202 244.038 31
29.001 244.254 31
29.7371 243.516 31
29.5921 243.258 31
28.5788 243.5 31
28.4338 243.251 31
29.1437 242.489 31
28.9898 242.235 31
29.6817 241.453 31
28.6753 241.732 31
28.5148 241.482 31
27.5182 241.786 31
27.3582 241.547 31
27.1962 241.309 31
26.2129 241.646 31
26.0517 241.418 31
25.8885 241.191 31
24.1157 242.155 31
24.7577 241.344 31
35.7009 232.606 31
40.9766 227.986 31
35.2174 231.987 31
26.423 238.603 31
27.0069 237.737 31
23.7474 240.074 31
0 260 31
0 260 31
0 260 31
0 260 31
0 260 31
0 260 31
0 260 31
0 260 31
0 260 31
0 260 31
0 260 31
