-0 260 43
-0 260 43
-0 260 43
-0 260 43
-0 260 43
-0 260 43
-0 260 43
-0 260 43
-16.6036 245.567 43
-22.8122 240.517 43
-25.2795 238.788 43
-27.0069 237.737 43
-34.1944 232.31 43
-40.6956 227.629 43
-39.4005 229.217 43
-26.974 239.302 43
-26.355 240.14 43
-26.5273 240.371 43
-25.8885 241.191 43
-26.0517 241.418 43
-26.2129 241.646 43
-26.372 241.875 43
-26.5292 242.106 43
-25.8505 242.89 43
-26.8375 242.572 43
-26.1451 243.344 43
-27.1375 243.043 43
-26.4318 243.803 43
-28.2865 243.004 43
-27.5721 243.759 43
-26.8468 244.5 43
-26.981 244.735 43
-27.1132 244.971 43
-28.1222 244.731 43
-29.1373 244.507 43
-29.2714 244.762 43
-30.2942 244.564 43
-30.4278 244.829 43
-30.559 245.095 43
-30.6879 245.363 43
-31.7208 245.208 43
-32.7586 245.071 43
-31.9741 245.764 43
-32.0971 246.044 43
-34.0587 245.543 43
-35.1074 245.458 43
-33.3786 246.514 43
-34.4255 246.439 43
-34.5425 246.74 43
-37.4669 245.992 43
-39.4671 245.635 43
-0 260 43
-0 260 43
-0 260 43
-71.3292 236.824 43
-71.5288 237.447 43
-0 260 43
-0 260 43
-0 260 43
-0 260 43
-0 260 43
-0 260 43
-0 260 43
-0 260 43
-0 260 43
-0 260 43
-0 260 43
-0 260 43
-0 260 43
-0 260 43
-0 260 43
-0 260 43
-699.283 149.245 43
-698.245 155.647 43
-698.139 161.883 43
-698.969 167.979 43
-700.738 173.96 43
-700.468 180.192 43
-701.138 186.308 43
-701.754 192.429 43
-701.321 198.642 43
-702.827 204.686 43
-702.285 210.892 43
-701.689 217.083 43
-701.038 223.26 43
-701.332 229.379 43
-701.572 235.501 43
-701.759 241.624 43
-701.893 247.749 43
-701.973 253.874 43
-701 260 43
-700.973 266.117 43
-699.893 272.217 43
-699.76 278.324 43
-698.574 284.395 43
-698.335 290.49 43
-698.042 296.583 43
-695.7 302.551 43
-695.302 308.62 43
-694.851 314.686 43
-694.348 320.748 43
-691.8 326.613 43
-691.193 332.647 43
-690.532 338.676 43
-688.827 344.577 43
-688.063 350.585 43
-686.256 356.447 43
-685.388 362.432 43
-682.493 368.096 43
-681.523 374.048 43
-679.517 379.817 43
-677.463 385.56 43
-676.341 391.467 43
-675.168 397.365 43
-672.966 403.043 43
-670.715 408.694 43
-668.418 414.317 43
-667.046 420.144 43
-663.682 425.475 43
-661.245 431.01 43
-657.795 436.256 43
-657.196 442.257 43
-655.58 447.985 43
-652.956 453.415 43
-650.287 458.813 43
-647.574 464.179 43
-644.816 469.514 43
-642.015 474.815 43
-638.225 479.759 43
-637.226 485.654 43
-634.292 490.864 43
-631.317 496.04 43
-627.366 500.823 43
-624.31 505.922 43
-621.213 510.986 43
-617.151 515.633 43
-614.897 521.008 43
-611.679 525.966 43
-609.335 531.293 43
-604.214 535.356 43
-602.695 541.041 43
-598.414 545.429 43
-594.103 549.763 43
-591.552 554.937 43
-588.064 559.634 43
-583.653 563.831 43
-580.979 568.912 43
-577.383 573.493 43
-573.75 578.035 43
-570.953 583.03 43
-566.381 587 43
-561.782 590.915 43
-558.873 595.805 43
-555.921 600.669 43
-551.231 604.448 43
-546.518 608.17 43
-544.297 613.471 43
-540.358 617.655 43
-536.387 621.798 43
-531.561 625.332 43
-527.534 629.383 43
-524.29 633.973 43
-520.198 637.946 43
-515.272 641.281 43
-511.925 645.763 43
-499.813 643.52 43
-470.442 627.55 43
-462.521 627.906 43
-461.625 633.816 43
-476.092 652.46 43
-485.672 667.527 43
-479.816 669.802 43
-476.222 673.973 43
-472.591 678.113 43
-468.181 681.552 43
-463.747 684.946 43
-459.29 688.295 43
-453.359 690.222 43
-448.868 693.467 43
-444.355 696.667 43
-439.82 699.82 43
-435.265 702.929 43
-431.383 706.71 43
-426.78 709.732 43
-421.475 711.977 43
-416.839 714.9 43
-410.846 716.291 43
-406.186 719.11 43
-402.164 722.637 43
-396.813 724.608 43
-392.1 727.287 43
-386.736 729.148 43
-382.627 732.505 43
-377.866 735.043 43
-373.091 737.535 43
-367.083 738.392 43
-362.293 740.779 43
-356.894 742.314 43
-352.671 745.41 43
-347.26 746.841 43
-342.999 749.853 43
-337.578 751.179 43
-332.72 753.277 43
-327.299 754.494 43
-322.971 757.332 43
-317.544 758.444 43
-311.592 758.652 43
-307.229 761.352 43
-302.842 764.014 43
-297.925 765.776 43
-292 765.759 43
-287.083 767.417 43
-281.19 767.279 43
-276.752 769.714 43
-271.355 770.344 43
-266.891 772.692 43
-261.044 772.329 43
-255.671 772.797 43
-251.187 775.009 43
-245.822 775.376 43
-240.892 776.595 43
-235.96 777.768 43
-231.026 778.894 43
-225.293 778.139 43
-220.763 780.085 43
-215.833 781.068 43
-211.278 782.932 43
-205.607 781.964 43
-200.328 781.871 43
-195.416 782.663 43
-190.505 783.409 43
-185.597 784.109 43
-180.039 782.872 43
-175.787 785.371 43
-170.268 784.032 43
-165.087 783.591 43
-160.512 785.011 43
-155.356 784.474 43
-150.774 785.81 43
-145.645 785.179 43
-140.798 785.464 43
-135.706 784.736 43
-130.88 784.93 43
-125.827 784.107 43
-121.024 784.211 43
-116.228 784.271 43
-111.233 783.309 43
-106.662 784.26 43
-101.892 784.189 43
-96.9493 783.092 43
-92.2071 782.933 43
-87.4752 782.731 43
-82.5974 781.499 43
-77.7477 780.222 43
-73.0658 779.891 43
-68.5262 780.509 43
-63.7376 779.102 43
-59.092 778.645 43
-54.3548 777.151 43
-49.7439 776.611 43
-45.1466 776.029 43
-40.4849 774.409 43
-35.9943 774.743 43
-31.3789 773.041 43
-26.8483 772.297 43
-22.2895 770.514 43
-17.8336 770.689 43
-13.324 768.826 43
-8.86578 767.923 43
-4.42432 766.981 43
3.82019e-05 766 43
4.40694 764.981 43
8.7786 762.923 43
13.1409 761.828 43
17.4498 759.695 43
21.7661 758.525 43
26.0633 757.318 43
30.2191 754.077 43
34.5295 753.794 43
38.8373 753.474 43
43.055 752.12 43
47.1561 749.735 43
51.428 749.305 43
55.5828 747.844 43
59.5941 745.355 43
63.8273 744.817 43
67.6382 741.27 43
71.6876 739.673 43
75.8707 739.029 43
79.718 736.376 43
83.6985 734.677 43
87.8376 733.929 43
91.2067 729.218 43
95.0985 727.424 43
98.7581 724.62 43
103.242 725.693 43
107.077 723.8 43
110.887 721.876 43
114.429 718.95 43
118.179 716.966 43
122.163 715.917 43
125.869 713.87 43
128.723 708.909 43
133.203 709.686 43
136.83 707.551 43
140.43 705.386 43
143.384 701.29 43
147.547 700.97 43
151.064 698.721 43
154.553 696.443 43
157.329 692.259 43
152.34 667.452 43
148.723 647.436 43
152.831 647.984 43
155.462 644.781 43
159.196 644.334 43
163.716 645.692 43
171.462 654.336 43
183.845 672.923 43
187.856 672.212 43
191.023 669.651 43
194.591 667.969 43
198.144 666.255 43
200.789 662.72 43
203.842 660.062 43
206.402 656.494 43
208.915 652.912 43
211.381 649.316 43
215.74 649.206 43
218.636 646.438 43
222 644.515 43
224.84 641.702 43
227.647 638.868 43
229.377 634.309 43
233.694 633.989 43
235.875 630.249 43
238.552 627.338 43
240.093 622.74 43
243.808 621.46 43
246.953 619.319 43
249.506 616.331 43
251.444 612.512 43
253.923 609.495 43
256.369 606.462 43
259.382 604.212 43
261.159 600.349 43
264.734 598.845 43
267.059 595.739 43
268.72 591.841 43
271.605 589.484 43
274.47 587.101 43
277.314 584.693 43
278.169 579.997 43
281.614 578.306 43
284.381 575.837 43
287.126 573.343 43
287.803 568.631 43
291.174 566.833 43
292.451 562.842 43
295.083 560.278 43
296.278 556.278 43
298.852 553.681 43
301.403 551.062 43
303.932 548.421 43
304.243 543.711 43
307.445 541.721 43
309.148 538.358 43
310.817 534.987 43
313.204 532.264 43
314.048 528.222 43
317.142 526.114 43
317.909 522.064 43
320.184 519.28 43
323.217 517.099 43
326.236 514.884 43
326.068 510.201 43
327.441 506.744 43
327.974 502.688 43
332.506 501.58 43
333.787 498.088 43
334.214 494.019 43
336.243 491.094 43
339.076 488.71 43
340.225 485.19 43
343.855 483.302 43
344.947 479.756 43
345.156 475.677 43
347.025 472.657 43
349.724 470.136 43
350.683 466.568 43
350.74 462.5 43
352.494 459.432 43
355.096 456.833 43
356.8 453.726 43
356.711 449.667 43
358.352 446.546 43
359.076 442.958 43
361.553 440.264 43
360.416 435.787 43
363.742 433.496 43
363.429 429.47 43
363.985 425.877 43
366.332 423.101 43
368.658 420.297 43
370.963 417.465 43
369.552 413.073 43
370.874 409.843 43
371.237 406.234 43
372.499 402.989 43
375.606 400.433 43
373.998 396.124 43
376.114 393.189 43
376.316 389.576 43
378.381 386.605 43
377.569 382.68 43
379.579 379.681 43
380.609 376.364 43
380.651 372.754 43
381.621 369.428 43
382.561 366.094 43
383.473 362.751 43
386.291 359.902 43
385.207 356.043 43
385.058 352.444 43
386.825 349.306 43
385.637 345.494 43
387.346 342.333 43
388.05 338.95 43
389.706 335.751 43
391.335 332.53 43
390.969 328.938 43
390.569 325.359 43
391.125 321.948 43
392.639 318.68 43
393.136 315.252 43
392.612 311.688 43
392.056 308.138 43
394.448 304.942 43
392.836 301.289 43
392.186 297.763 43
394.493 294.514 43
393.782 290.991 43
394.038 287.554 43
394.263 284.114 43
396.456 280.777 43
393.625 277.186 43
395.759 273.82 43
397.864 270.418 43
395.94 266.911 43
394.985 263.447 43
397 260 43
394.985 256.553 43
396.94 253.071 43
397.864 249.582 43
396.758 246.145 43
395.623 242.727 43
395.457 239.275 43
395.261 235.825 43
394.038 232.446 43
394.779 228.93 43
395.489 225.399 43
396.168 221.853 43
396.814 218.293 43
394.448 215.058 43
394.041 211.618 43
394.595 208.051 43
394.127 204.609 43
393.628 201.172 43
394.088 197.583 43
393.528 194.146 43
392.938 190.714 43
393.302 187.106 43
389.706 184.249 43
390.99 180.452 43
390.281 177.043 43
388.566 173.857 43
0 260 43
0 260 43
0 260 43
0 260 43
0 260 43
0 260 43
0 260 43
0 260 43
70.7666 238.364 43
71.5288 237.447 43
0 260 43
0 260 43
0 260 43
38.6483 246.314 43
37.5877 246.319 43
35.5935 246.692 43
35.4761 246.382 43
35.3559 246.073 43
35.233 245.765 43
34.1835 245.841 43
34.0587 245.543 43
33.0142 245.645 43
31.9741 245.764 43
33.6686 244.656 43
32.6271 244.786 43
33.3957 244.071 43
33.2554 243.78 43
32.2176 243.937 43
31.1852 244.11 43
30.1584 244.301 43
30.0202 244.038 43
29.8798 243.777 43
28.8625 244.001 43
29.5921 243.258 43
28.5788 243.5 43
28.4338 243.251 43
28.2865 243.004 43
28.1371 242.758 43
27.9856 242.513 43
26.9885 242.806 43
28.5148 241.482 43
27.5182 241.786 43
26.5292 242.106 43
27.1962 241.309 43
25.3937 242.219 43
26.0517 241.418 43
24.2705 242.366 43
24.1157 242.155 43
23.9591 241.946 43
35.7009 232.606 43
40.9766 227.986 43
32.0869 234.477 43
26.423 238.603 43
27.0069 237.737 43
22.9813 240.716 43
0 260 43
0 260 43
0 260 43
0 260 43
0 260 43
0 260 43
0 260 43
0 260 43
0 260 43
0 260 43
0 260 43
