-0 260 204
-0 260 204
-0 260 204
-0 260 204
-0 260 204
-0 260 204
-0 260 204
-0 260 204
-15.8489 246.223 204
-22.8122 240.517 204
-27.5776 236.86 204
-27.7785 237.101 204
-32.6401 233.569 204
-43.0435 225.762 204
-40.1886 228.601 204
-27.7674 238.693 204
-25.5563 240.742 204
-27.3311 239.776 204
-26.6976 240.603 204
-26.8658 240.837 204
-26.2129 241.646 204
-26.372 241.875 204
-27.3582 241.547 204
-26.6843 242.338 204
-26.8375 242.572 204
-27.8319 242.269 204
-27.1375 243.043 204
-27.2845 243.28 204
-28.2865 243.004 204
-27.5721 243.759 204
-27.7128 244 204
-27.8514 244.242 204
-27.9878 244.486 204
-28.1222 244.731 204
-29.1373 244.507 204
-30.1584 244.301 204
-30.2942 244.564 204
-32.2176 243.937 204
-31.4578 244.657 204
-31.5905 244.932 204
-31.7208 245.208 204
-32.7586 245.071 204
-32.8876 245.357 204
-34.8483 244.848 204
-34.0587 245.543 204
-35.1074 245.458 204
-36.1602 245.39 204
-35.3559 246.073 204
-36.4096 246.024 204
-37.4669 245.992 204
-39.4671 245.635 204
-42.4189 244.979 204
-0 260 204
-0 260 204
-72.2803 236.515 204
-72.4825 237.146 204
-0 260 204
-71.9115 238.699 204
-0 260 204
-0 260 204
-0 260 204
-0 260 204
-0 260 204
-0 260 204
-0 260 204
-0 260 204
-0 260 204
-0 260 204
-0 260 204
-0 260 204
-0 260 204
-0 260 204
-733.852 143.769 204
-732.861 150.473 204
-732.798 157.012 204
-734.661 163.28 204
-735.477 169.695 204
-735.243 176.23 204
-736.941 182.545 204
-736.593 189.074 204
-737.184 195.505 204
-737.719 201.94 204
-738.197 208.38 204
-738.62 214.824 204
-736.989 221.376 204
-738.297 227.765 204
-737.55 234.244 204
-738.747 240.655 204
-738.887 247.103 204
-736.972 253.569 204
-737 260 204
-736.972 266.432 204
-735.888 272.845 204
-736.747 279.293 204
-736.551 285.721 204
-734.3 292.06 204
-734.991 298.519 204
-733.629 304.871 204
-732.212 311.201 204
-732.734 317.668 204
-731.207 323.972 204
-729.625 330.255 204
-727.99 336.515 204
-728.288 342.978 204
-725.551 349.087 204
-725.738 355.545 204
-723.886 361.736 204
-721.982 367.901 204
-721.012 374.197 204
-719.002 380.32 204
-716.94 386.416 204
-714.826 392.485 204
-713.643 398.718 204
-711.425 404.741 204
-710.135 410.944 204
-706.838 416.702 204
-705.444 422.865 204
-703.023 428.781 204
-700.553 434.668 204
-698.034 440.524 204
-696.432 446.609 204
-693.814 452.412 204
-691.147 458.183 204
-688.433 463.923 204
-685.67 469.631 204
-682.861 475.305 204
-680.005 480.947 204
-677.103 486.556 204
-675.1 492.456 204
-671.161 497.671 204
-668.121 503.176 204
-664.101 508.297 204
-661.908 514.083 204
-657.805 519.116 204
-654.592 524.472 204
-651.335 529.792 204
-648.035 535.075 204
-644.693 540.321 204
-641.309 545.529 204
-637.883 550.7 204
-634.415 555.833 204
-629.102 560.066 204
-627.358 565.983 204
-622.874 570.554 204
-619.249 575.523 204
-615.585 580.454 204
-611.883 585.344 204
-608.141 590.194 204
-604.362 595.004 204
-598.805 598.787 204
-594.093 603 204
-591.078 608.171 204
-588.017 613.316 204
-583.206 617.389 204
-578.369 621.405 204
-574.35 625.901 204
-569.457 629.81 204
-566.208 634.765 204
-561.258 638.574 204
-557.933 643.457 204
-552.108 646.591 204
-547.9 650.813 204
-542.85 654.404 204
-538.584 658.531 204
-534.287 662.614 204
-529.96 666.653 204
-524.815 670.031 204
-520.434 673.972 204
-514.471 676.61 204
-510.044 680.448 204
-504.823 683.597 204
-501.107 687.986 204
-495.844 691.031 204
-491.315 694.679 204
-485.274 696.942 204
-481.442 701.16 204
-476.111 703.981 204
-470.768 706.742 204
-465.413 709.444 204
-460.046 712.087 204
-453.963 713.963 204
-449.283 717.194 204
-443.887 719.658 204
-439.859 723.514 204
-435.115 726.604 204
-429 728.171 204
-423.56 730.411 204
-419.438 734.089 204
-413.973 736.222 204
-407.853 737.535 204
-402.385 739.544 204
-396.913 741.494 204
-392.696 744.939 204
-387.204 746.782 204
-381.71 748.567 204
-376.215 750.292 204
-370.718 751.96 204
-365.816 754.372 204
-360.9 756.736 204
-355.39 758.239 204
-349.882 759.683 204
-344.941 761.893 204
-338.871 762.397 204
-333.37 763.667 204
-327.873 764.88 204
-322.38 766.035 204
-309.473 755.26 204
-293.644 739.184 204
-287.906 739.157 204
-282.699 739.927 204
-285 753.635 204
-289.545 771.769 204
-284.583 773.402 204
-279.615 774.987 204
-273.702 774.758 204
-268.276 775.353 204
-263.314 776.784 204
-258.348 778.167 204
-253.378 779.503 204
-247.113 778.084 204
-242.16 779.314 204
-237.204 780.498 204
-231.433 779.807 204
-226.091 779.973 204
-220.763 780.085 204
-215.833 781.068 204
-210.529 781.077 204
-205.241 781.034 204
-200.328 781.871 204
-195.065 781.726 204
-189.821 781.529 204
-184.595 781.281 204
-179.714 781.926 204
-174.518 781.578 204
-168.723 779.277 204
-163.885 779.776 204
-159.343 781.186 204
-153.936 779.68 204
-148.844 779.081 204
-144.041 779.397 204
-138.986 778.702 204
-133.953 777.959 204
-129.186 778.138 204
-124.426 778.273 204
-119.449 777.391 204
-114.497 776.461 204
-109.777 776.462 204
-104.867 775.44 204
-100.175 775.354 204
-95.3091 774.242 204
-90.4707 773.085 204
-85.6597 771.882 204
-80.8766 770.635 204
-76.1218 769.343 204
-71.5349 768.998 204
-66.9599 768.611 204
-62.1533 766.199 204
-57.6204 765.728 204
-53.1004 765.217 204
-48.4979 763.67 204
-43.8393 761.086 204
-39.3864 760.453 204
-34.8782 758.782 204
-30.4632 758.069 204
-26.0109 756.319 204
-21.6352 755.528 204
-17.2403 753.699 204
-12.879 751.831 204
-8.56909 750.925 204
-4.26724 748.981 204
3.6692e-05 746 204
4.23241 744.982 204
8.447 743.926 204
12.6435 742.834 204
16.7867 740.707 204
20.8937 738.544 204
25.0166 737.345 204
29.1202 736.11 204
32.9948 731.848 204
37.0327 730.545 204
41.2247 731.2 204
45.1434 728.832 204
48.9194 725.436 204
52.9791 724.992 204
56.6693 721.534 204
60.5642 720.03 204
64.4372 718.494 204
67.9924 714.947 204
71.9599 714.337 204
75.9219 713.691 204
79.5309 711.042 204
83.0994 708.364 204
86.8181 706.64 204
90.3137 703.906 204
93.9761 702.123 204
97.1814 698.357 204
101.003 697.492 204
104.35 694.649 204
107.655 691.782 204
111.169 689.858 204
114.916 688.871 204
118.119 685.925 204
121.556 683.916 204
124.967 681.881 204
127.766 677.905 204
131.108 675.821 204
134.731 674.661 204
137.71 671.572 204
140.645 668.464 204
143.537 665.336 204
147.069 664.068 204
149.889 660.896 204
153.023 658.639 204
156.13 656.358 204
158.084 651.272 204
161.875 650.801 204
164.889 648.453 204
168.272 646.999 204
170.829 643.689 204
174.171 642.184 204
176.232 637.93 204
179.093 635.475 204
181.486 632.101 204
184.726 630.503 204
187.498 627.986 204
190.702 626.335 204
193.422 623.774 204
195.158 619.436 204
198.287 617.719 204
200.416 614.235 204
203.5 612.472 204
205.046 608.098 204
208.59 607.153 204
210.044 602.761 204
213.557 601.763 204
215.457 598.2 204
217.856 595.468 204
220.223 592.72 204
222.559 589.957 204
224.863 587.178 204
228.283 586.023 204
228.797 580.762 204
232.763 580.371 204
235.55 578.327 204
237.115 574.662 204
238.634 570.994 204
241.339 568.9 204
242.781 565.217 204
244.806 562.31 204
246.798 559.39 204
249.402 557.225 204
250.687 553.517 204
253.895 552.073 204
255.109 548.348 204
256.946 545.368 204
259.427 543.114 204
259.841 538.646 204
262.263 536.368 204
263.276 532.63 204
264.944 529.609 204
267.286 527.286 204
268.895 524.243 204
271.191 521.886 204
272.741 518.821 204
274.989 516.431 204
276.479 513.346 204
277.193 509.586 204
280.109 507.82 204
279.997 503.398 204
282.871 501.595 204
284.969 499.117 204
286.273 495.985 204
287.544 492.849 204
289.565 490.33 204
290.776 487.179 204
293.541 485.242 204
293.898 481.468 204
295.015 478.3 204
296.909 475.717 204
299.595 473.699 204
299.81 469.929 204
300.806 466.738 204
302.599 464.105 204
302.701 460.353 204
306.115 458.793 204
306.994 455.577 204
307.841 452.361 204
309.508 449.667 204
311.152 446.959 204
311.048 443.221 204
311.769 440 204
313.328 437.272 204
314.863 434.531 204
315.495 431.3 204
318.744 429.479 204
318.437 425.768 204
319.871 422.983 204
321.281 420.185 204
321.768 416.937 204
322.223 413.692 204
324.458 411.297 204
323.946 407.631 204
325.222 404.798 204
327.39 402.353 204
327.7 399.1 204
328.901 396.235 204
329.15 392.985 204
330.298 390.108 204
330.487 386.862 204
333.455 384.674 204
333.591 381.417 204
333.695 378.168 204
333.768 374.926 204
333.81 371.691 204
335.723 369.083 204
336.662 366.149 204
336.619 362.915 204
336.546 359.689 204
338.364 357.024 204
339.198 354.068 204
339.04 350.845 204
339.82 347.883 204
340.574 344.915 204
341.302 341.939 204
342.004 338.958 204
342.68 335.97 204
344.308 333.185 204
342.974 329.779 204
345.533 327.165 204
344.139 323.782 204
345.668 320.951 204
345.2 317.767 204
345.691 314.752 204
346.156 311.733 204
347.584 308.85 204
347.997 305.815 204
347.391 302.654 204
348.744 299.734 204
348.083 296.585 204
348.389 293.546 204
348.668 290.505 204
348.921 287.461 204
348.15 284.345 204
350.345 281.428 204
350.519 278.37 204
350.666 275.31 204
350.786 272.25 204
349.88 269.162 204
350.947 266.126 204
349.987 263.054 204
351 260 204
349.987 256.946 204
350.947 253.874 204
351.879 250.786 204
349.787 247.785 204
350.666 244.69 204
350.519 241.63 204
351.343 238.511 204
350.145 235.515 204
350.915 232.382 204
349.664 229.408 204
352.37 226.071 204
350.072 223.206 204
350.731 220.039 204
351.361 216.858 204
350.971 213.794 204
349.565 210.872 204
348.134 207.971 204
348.654 204.779 204
349.145 201.573 204
348.622 198.529 204
348.072 195.489 204
346.514 192.644 204
347.873 189.224 204
347.242 186.191 204
343.656 183.813 204
0 260 204
0 260 204
0 260 204
0 260 204
0 260 204
0 260 204
0 260 204
0 260 204
70.7666 238.364 204
70.5751 237.748 204
0 260 204
0 260 204
42.5483 245.349 204
39.5909 245.98 204
38.5274 245.977 204
37.4669 245.992 204
36.4096 246.024 204
36.2863 245.706 204
36.1602 245.39 204
35.1074 245.458 204
34.0587 245.543 204
33.9312 245.246 204
32.8876 245.357 204
32.7586 245.071 204
33.5334 244.363 204
33.3957 244.071 204
33.2554 243.78 204
34.0075 243.044 204
30.2942 244.564 204
31.0454 243.839 204
31.7861 243.099 204
29.8798 243.777 204
29.7371 243.516 204
28.7217 243.75 204
29.4449 243 204
29.2954 242.744 204
28.2865 243.004 204
28.9898 242.235 204
28.8336 241.983 204
28.6753 241.732 204
29.3535 240.938 204
27.5182 241.786 204
27.3582 241.547 204
26.372 241.875 204
26.2129 241.646 204
26.8658 240.837 204
25.0795 241.779 204
24.9196 241.56 204
24.7577 241.344 204
36.4943 231.997 204
41.7646 227.37 204
33.6522 233.232 204
26.423 238.603 204
26.2352 238.373 204
22.9813 240.716 204
0 260 204
0 260 204
0 260 204
0 260 204
0 260 204
0 260 204
0 260 204
0 260 204
0 260 204
0 260 204
0 260 204
