-0 260 261
-0 260 261
-0 260 261
-0 260 261
-0 260 261
-0 260 261
-0 260 261
-0 260 261
-16.6036 245.567 261
-22.8122 240.517 261
-26.8116 237.502 261
-26.2352 238.373 261
-34.9716 231.681 261
-42.2608 226.384 261
-40.1886 228.601 261
-28.5607 238.085 261
-26.355 240.14 261
-27.3311 239.776 261
-26.6976 240.603 261
-26.0517 241.418 261
-25.3937 242.219 261
-25.5479 242.441 261
-25.7002 242.665 261
-26.6843 242.338 261
-26.8375 242.572 261
-26.9885 242.806 261
-25.4414 244.102 261
-28.9898 242.235 261
-26.5722 244.034 261
-27.5721 243.759 261
-26.8468 244.5 261
-26.981 244.735 261
-27.9878 244.486 261
-29.001 244.254 261
-30.0202 244.038 261
-30.1584 244.301 261
-29.4032 245.018 261
-30.4278 244.829 261
-31.4578 244.657 261
-31.5905 244.932 261
-31.7208 245.208 261
-31.8486 245.486 261
-32.8876 245.357 261
-33.9312 245.246 261
-34.0587 245.543 261
-35.1074 245.458 261
-33.3786 246.514 261
-34.4255 246.439 261
-36.4096 246.024 261
-36.5302 246.342 261
-39.4671 245.635 261
-42.4189 244.979 261
-0 260 261
-0 260 261
-72.2803 236.515 261
-71.5288 237.447 261
-0 260 261
-0 260 261
-0 260 261
-0 260 261
-0 260 261
-0 260 261
-0 260 261
-0 260 261
-0 260 261
-0 260 261
-0 260 261
-0 260 261
-0 260 261
-0 260 261
-0 260 261
-0 260 261
-676.567 152.842 261
-675.498 159.046 261
-677.343 164.806 261
-678.148 170.72 261
-677.909 176.763 261
-678.61 182.682 261
-679.258 188.607 261
-678.86 194.633 261
-679.405 200.56 261
-678.901 206.569 261
-679.341 212.496 261
-678.732 218.487 261
-680.067 224.359 261
-679.353 230.339 261
-679.586 236.268 261
-679.767 242.2 261
-678.897 248.15 261
-679.974 254.066 261
-679 260 261
-678.974 265.925 261
-677.897 271.833 261
-678.767 277.774 261
-677.587 283.662 261
-677.355 289.574 261
-677.071 295.484 261
-675.737 301.33 261
-675.351 307.225 261
-674.913 313.117 261
-673.428 318.917 261
-671.892 324.696 261
-671.302 330.557 261
-670.661 336.412 261
-668.976 342.14 261
-667.242 347.844 261
-667.441 353.803 261
-664.619 359.328 261
-663.727 365.124 261
-662.784 370.912 261
-660.806 376.518 261
-658.781 382.098 261
-657.69 387.842 261
-655.57 393.377 261
-654.381 399.093 261
-653.142 404.798 261
-650.879 410.267 261
-647.598 415.475 261
-648.158 421.604 261
-645.754 427.004 261
-643.307 432.374 261
-639.851 437.446 261
-639.239 443.299 261
-636.656 448.586 261
-634.03 453.843 261
-630.407 458.767 261
-627.697 463.951 261
-626.842 469.738 261
-624.042 474.875 261
-621.201 479.979 261
-619.257 485.391 261
-616.33 490.437 261
-613.362 495.448 261
-611.284 500.791 261
-607.305 505.367 261
-605.141 510.658 261
-601.09 515.148 261
-598.84 520.383 261
-595.632 525.192 261
-591.475 529.551 261
-588.194 534.279 261
-586.68 539.832 261
-582.419 544.065 261
-579.917 549.136 261
-575.59 553.278 261
-573.009 558.29 261
-570.384 563.279 261
-565.958 567.29 261
-563.255 572.217 261
-558.768 576.136 261
-555.988 581 261
-551.443 584.825 261
-547.73 589.109 261
-544.837 593.877 261
-541.055 598.089 261
-536.397 601.723 261
-532.556 605.846 261
-530.351 611.032 261
-526.439 615.088 261
-520.848 617.969 261
-518.523 623.074 261
-512.893 625.843 261
-510.49 630.893 261
-505.626 634.144 261
-502.342 638.542 261
-499.019 642.911 261
-494.083 646.02 261
-489.913 649.694 261
-484.939 652.696 261
-480.722 656.277 261
-477.246 660.457 261
-472.212 663.307 261
-467.165 666.101 261
-464.352 670.824 261
-458.52 672.854 261
-455.637 677.515 261
-449.782 679.429 261
-446.831 684.026 261
-441.675 686.52 261
-437.222 689.657 261
-432.749 692.749 261
-428.956 696.509 261
-423.742 698.797 261
-419.208 701.753 261
-413.973 703.932 261
-409.408 706.79 261
-404.824 709.603 261
-399.56 711.62 261
-394.947 714.335 261
-390.318 717.004 261
-386.315 720.393 261
-382.283 723.746 261
-375.704 723.956 261
-371.641 727.217 261
-367.55 730.442 261
-362.213 732.045 261
-356.876 733.591 261
-352.135 735.883 261
-347.969 738.938 261
-343.195 741.142 261
-338.41 743.3 261
-333.047 744.586 261
-328.246 746.645 261
-322.883 747.823 261
-318.069 749.784 261
-307.873 743.263 261
-295.695 733.211 261
-292.077 736.626 261
-288.421 740.014 261
-283.714 741.651 261
-278.5 742.376 261
-273.295 743.047 261
-267.13 741.915 261
-269.595 756.532 261
-269.007 765.929 261
-264.12 767.37 261
-258.321 766.983 261
-244.516 750.424 261
-234.09 739.956 261
-228.601 739.273 261
-223.988 740.343 261
-220.202 743.189 261
-226.959 769.758 261
-223.698 774.471 261
-218.809 775.483 261
-213.92 776.449 261
-209.03 777.369 261
-203.775 777.312 261
-198.894 778.137 261
-194.015 778.916 261
-188.795 778.71 261
-183.928 779.395 261
-179.062 780.035 261
-174.2 780.63 261
-169.032 780.228 261
-164.486 781.683 261
-159.343 781.186 261
-154.504 781.598 261
-149.671 781.965 261
-144.843 782.288 261
-140.021 782.566 261
-134.955 781.832 261
-130.154 782.019 261
-125.36 782.163 261
-120.574 782.262 261
-115.579 781.342 261
-110.817 781.353 261
-106.064 781.32 261
-101.32 781.244 261
-96.4025 780.142 261
-91.8598 780.963 261
-87.1451 780.759 261
-82.2845 779.524 261
-77.7477 780.222 261
-72.9267 778.9 261
-68.2652 778.526 261
-63.6158 778.109 261
-58.9788 777.651 261
-54.1457 775.162 261
-49.6481 775.615 261
-45.0595 775.033 261
-40.4064 773.412 261
-35.8548 772.748 261
-31.3179 772.043 261
-26.8483 772.297 261
-22.2895 770.514 261
-17.8336 770.689 261
-13.2979 767.826 261
-8.84833 766.923 261
-4.42432 766.981 261
3.82774e-05 767 261
4.39821 763.981 261
8.79605 763.923 261
13.1409 761.828 261
17.5196 761.694 261
21.8097 759.524 261
26.1157 758.316 261
30.4022 757.071 261
34.7388 756.787 261
38.9157 754.471 261
43.055 752.12 261
47.3478 751.726 261
51.6371 751.294 261
55.5828 747.844 261
59.5941 745.355 261
63.9579 745.808 261
67.9165 743.251 261
72.131 742.64 261
76.1836 741.004 261
80.2132 739.335 261
84.2194 737.632 261
88.202 735.895 261
92.1608 734.126 261
95.6966 730.364 261
99.7976 729.511 261
103.675 727.646 261
107.527 725.749 261
111.587 724.793 261
115.155 721.861 261
118.68 718.902 261
122.421 716.883 261
125.869 713.87 261
130.101 713.716 261
133.771 711.604 261
137.415 709.463 261
141.031 707.293 261
144.62 705.094 261
148.499 703.815 261
151.715 700.612 261
155.554 699.271 261
159.039 696.957 261
162.496 694.616 261
165.924 692.248 261
169.324 689.853 261
173.068 688.359 261
176.417 685.908 261
179.346 682.512 261
183.026 680.931 261
185.472 676.577 261
189.515 675.852 261
193.137 674.183 261
196.313 671.579 261
199.459 668.951 261
202.574 666.3 261
205.658 663.626 261
208.249 660.042 261
211.732 658.209 261
213.767 653.71 261
218.164 653.579 261
221.591 651.66 261
224 647.979 261
227.377 646.01 261
230.222 643.154 261
233.034 640.278 261
236.344 638.229 261
238.024 633.622 261
241.275 631.531 261
245.06 630.245 261
247.722 627.264 261
250.352 624.264 261
252.947 621.246 261
256.09 619.025 261
257.45 614.349 261
259.938 611.285 261
262.993 609.004 261
266.029 606.695 261
269.044 604.361 261
272.039 602 261
275.013 599.613 261
276.058 594.885 261
278.327 591.697 261
280.562 588.495 261
284.074 586.789 261
286.252 583.549 261
289.064 581.039 261
290.504 577.029 261
292.577 573.751 261
295.992 571.911 261
298.008 568.597 261
299.989 565.271 261
301.228 561.227 261
304.558 559.288 261
305.719 555.23 261
308.284 552.551 261
311.557 550.531 261
311.868 545.775 261
314.35 543.042 261
316.808 540.288 261
319.242 537.513 261
320.891 534.067 261
322.505 530.614 261
326.397 529.061 261
327.956 525.573 261
327.913 520.834 261
330.965 518.578 261
332.415 515.071 261
334.628 512.16 261
337.62 509.826 261
338.978 506.282 261
341.114 503.315 261
344.044 500.902 261
345.309 497.324 261
346.538 493.743 261
349.398 491.262 261
350.564 487.659 261
350.851 483.517 261
353.636 480.976 261
354.698 477.359 261
355.724 473.741 261
358.438 471.136 261
359.401 467.5 261
361.198 464.356 261
363.842 461.681 261
365.588 458.498 261
363.774 453.422 261
368.11 451.626 261
369.768 448.406 261
371.398 445.172 261
372.101 441.486 261
373.67 438.232 261
372.493 433.696 261
374.904 430.854 261
377.294 427.982 261
379.663 425.082 261
379.248 420.981 261
379.714 417.283 261
382 414.338 261
384.262 411.365 261
385.569 408.006 261
386.846 404.636 261
388.093 401.254 261
387.426 397.195 261
390.499 394.46 261
390.709 390.73 261
391.835 387.315 261
391.978 383.59 261
392.085 379.872 261
393.116 376.446 261
394.117 373.011 261
396.052 369.835 261
396.03 366.116 261
397.909 362.906 261
399.762 359.672 261
398.672 355.713 261
401.44 352.68 261
398.329 348.307 261
400.062 345.036 261
401.769 341.741 261
403.449 338.422 261
404.118 334.899 261
403.771 331.196 261
402.405 327.339 261
404.952 324.138 261
403.518 320.306 261
404.029 316.783 261
407.484 313.646 261
406.944 309.966 261
408.358 306.527 261
408.748 302.961 261
409.108 299.393 261
408.44 295.734 261
409.733 292.247 261
410.996 288.74 261
408.237 284.969 261
408.439 281.405 261
411.608 277.971 261
411.749 274.379 261
411.859 270.785 261
410.937 267.173 261
409.984 263.578 261
411 260 261
410.984 256.413 261
411.937 252.81 261
412.858 249.189 261
413.748 245.552 261
412.607 241.985 261
412.434 238.385 261
412.23 234.787 261
411.994 231.191 261
410.73 227.675 261
412.425 223.918 261
411.099 220.416 261
412.727 216.621 261
412.332 213.021 261
410.914 209.546 261
410.458 205.962 261
411.952 202.104 261
409.453 198.807 261
408.903 195.236 261
410.295 191.34 261
409.68 187.762 261
409.034 184.19 261
406.394 181.005 261
406.669 177.262 261
405.931 173.717 261
406.139 169.961 261
0 260 261
0 260 261
0 260 261
0 260 261
0 260 261
0 260 261
0 260 261
0 260 261
72.6792 237.78 261
73.4362 236.846 261
0 260 261
0 260 261
0 260 261
39.5909 245.98 261
37.5877 246.319 261
36.5302 246.342 261
36.4096 246.024 261
35.3559 246.073 261
35.233 245.765 261
35.1074 245.458 261
34.9792 245.152 261
33.0142 245.645 261
31.9741 245.764 261
32.7586 245.071 261
30.8145 245.631 261
33.3957 244.071 261
32.3566 244.219 261
33.1126 243.491 261
32.0762 243.656 261
31.0454 243.839 261
30.0202 244.038 261
29.8798 243.777 261
29.7371 243.516 261
28.7217 243.75 261
28.5788 243.5 261
28.4338 243.251 261
29.1437 242.489 261
28.1371 242.758 261
28.8336 241.983 261
28.6753 241.732 261
28.5148 241.482 261
28.3521 241.234 261
27.3582 241.547 261
27.1962 241.309 261
26.2129 241.646 261
26.0517 241.418 261
25.0795 241.779 261
24.1157 242.155 261
24.7577 241.344 261
35.7009 232.606 261
40.9766 227.986 261
34.4348 232.609 261
26.423 238.603 261
26.2352 238.373 261
22.9813 240.716 261
0 260 261
0 260 261
0 260 261
0 260 261
0 260 261
0 260 261
0 260 261
0 260 261
0 260 261
0 260 261
0 260 261
