-0 260 95
-0 260 95
-0 260 95
-0 260 95
-0 260 95
-0 260 95
-0 260 95
-0 260 95
-17.3583 244.911 95
-22.8122 240.517 95
-26.8116 237.502 95
-25.4636 239.009 95
-32.6401 233.569 95
-42.2608 226.384 95
-40.9766 227.986 95
-27.7674 238.693 95
-24.7577 241.344 95
-27.3311 239.776 95
-27.5066 240.015 95
-26.8658 240.837 95
-26.2129 241.646 95
-25.5479 242.441 95
-25.7002 242.665 95
-26.6843 242.338 95
-27.6761 242.027 95
-26.1451 243.344 95
-27.1375 243.043 95
-27.2845 243.28 95
-28.2865 243.004 95
-27.5721 243.759 95
-27.7128 244 95
-26.981 244.735 95
-27.9878 244.486 95
-27.2433 245.208 95
-30.0202 244.038 95
-30.1584 244.301 95
-30.2942 244.564 95
-30.4278 244.829 95
-30.559 245.095 95
-30.6879 245.363 95
-31.7208 245.208 95
-32.7586 245.071 95
-32.8876 245.357 95
-33.9312 245.246 95
-34.0587 245.543 95
-34.1835 245.841 95
-34.3058 246.14 95
-34.4255 246.439 95
-37.3432 245.665 95
-37.4669 245.992 95
-40.4068 245.293 95
-0 260 95
-0 260 95
-0 260 95
-71.3292 236.824 95
-71.5288 237.447 95
-0 260 95
-0 260 95
-0 260 95
-0 260 95
-0 260 95
-0 260 95
-0 260 95
-0 260 95
-0 260 95
-0 260 95
-0 260 95
-0 260 95
-0 260 95
-0 260 95
-0 260 95
-0 260 95
-706.197 148.149 95
-705.168 154.612 95
-706.061 160.77 95
-706.9 166.935 95
-707.685 173.107 95
-708.417 179.286 95
-709.094 185.471 95
-708.722 191.758 95
-708.294 198.032 95
-709.805 204.137 95
-709.268 210.403 95
-709.674 216.595 95
-709.027 222.842 95
-708.325 229.074 95
-709.567 235.221 95
-708.757 241.441 95
-708.892 247.626 95
-707.973 253.822 95
-709 260 95
-708.973 266.187 95
-707.892 272.356 95
-707.757 278.533 95
-706.569 284.674 95
-706.327 290.839 95
-705.032 296.949 95
-704.683 303.1 95
-704.28 309.248 95
-702.827 315.314 95
-701.321 321.358 95
-700.759 327.476 95
-699.149 333.484 95
-699.475 339.695 95
-697.76 345.674 95
-696.986 351.76 95
-694.178 357.56 95
-693.3 363.614 95
-691.382 369.504 95
-690.4 375.533 95
-689.365 381.554 95
-687.295 387.383 95
-685.176 393.185 95
-682.028 398.76 95
-681.769 404.915 95
-679.502 410.642 95
-677.187 416.341 95
-675.797 422.245 95
-673.385 427.894 95
-670.926 433.513 95
-668.421 439.103 95
-665.869 444.662 95
-663.271 450.19 95
-661.586 455.971 95
-656.981 460.859 95
-656.157 466.886 95
-653.376 472.295 95
-650.55 477.671 95
-645.789 482.363 95
-645.709 488.658 95
-641.81 493.6 95
-639.747 499.192 95
-635.768 504.049 95
-633.614 509.587 95
-627.703 513.609 95
-626.39 519.459 95
-623.182 524.525 95
-619.933 529.554 95
-615.73 534.141 95
-613.314 539.503 95
-609.945 544.422 95
-607.44 549.734 95
-602.192 553.709 95
-599.606 558.953 95
-596.083 563.72 95
-592.523 568.448 95
-588.926 573.138 95
-585.292 577.788 95
-581.622 582.398 95
-578.786 587.462 95
-574.175 591.5 95
-571.26 596.498 95
-566.588 600.44 95
-561.89 604.327 95
-545.295 600.738 95
-537.24 602.26 95
-530.878 604.757 95
-524.514 607.168 95
-518.148 609.496 95
-529.089 623.633 95
-534.906 634.545 95
-530.803 638.618 95
-526.67 642.648 95
-521.703 646.04 95
-512.724 646.365 95
-487.119 633.78 95
-473.594 630.013 95
-471.913 635.376 95
-480.276 648.92 95
-495.383 668.362 95
-491.034 672.027 95
-485.899 674.997 95
-481.505 678.566 95
-477.085 682.089 95
-471.154 684.229 95
-467.434 688.324 95
-463.678 692.387 95
-458.437 695.04 95
-453.903 698.329 95
-448.634 700.872 95
-444.77 704.77 95
-438.769 706.495 95
-434.161 709.587 95
-428.156 711.183 95
-424.203 714.902 95
-420.217 718.587 95
-414.861 720.75 95
-410.162 723.604 95
-405.444 726.411 95
-399.41 727.65 95
-395.314 731.117 95
-389.916 733.006 95
-385.144 735.613 95
-379.734 737.391 95
-374.938 739.899 95
-370.127 742.359 95
-364.7 743.973 95
-360.463 747.137 95
-354.434 747.837 95
-350.164 750.912 95
-343.572 750.672 95
-338.711 752.827 95
-333.279 754.106 95
-329.506 757.83 95
-324.605 759.848 95
-319.156 760.975 95
-313.182 761.196 95
-308.274 763.058 95
-303.357 764.872 95
-297.925 765.776 95
-293.5 768.357 95
-288.56 770.028 95
-282.644 769.903 95
-278.184 772.35 95
-272.763 772.993 95
-266.891 772.692 95
-261.498 773.22 95
-257.01 775.482 95
-251.625 775.908 95
-246.683 777.181 95
-240.892 776.595 95
-236.79 779.588 95
-231.433 779.807 95
-226.091 779.973 95
-220.763 780.085 95
-215.833 781.068 95
-210.529 781.077 95
-205.241 781.034 95
-200.686 782.805 95
-195.065 781.726 95
-190.505 783.409 95
-185.597 784.109 95
-180.365 783.817 95
-175.152 783.475 95
-170.268 784.032 95
-165.087 783.591 95
-160.22 784.055 95
-155.356 784.474 95
-150.498 784.849 95
-145.645 785.179 95
-140.28 783.532 95
-135.205 782.8 95
-130.396 782.989 95
-125.594 783.135 95
-120.799 783.237 95
-115.795 782.318 95
-111.025 782.331 95
-106.064 781.32 95
-101.32 781.244 95
-96.5848 781.125 95
-91.8598 780.963 95
-87.1451 780.759 95
-82.1281 778.536 95
-77.5999 779.233 95
-72.7875 777.91 95
-68.1346 777.534 95
-63.372 776.124 95
-58.8656 776.657 95
-54.1457 775.162 95
-49.4564 773.624 95
-44.9723 774.036 95
-40.3279 772.416 95
-35.6455 769.755 95
-31.1347 769.049 95
-26.6913 769.301 95
-22.115 766.517 95
-17.694 766.691 95
-13.2193 764.827 95
-8.79597 763.923 95
-4.39814 763.981 95
3.78244e-05 761 95
4.36331 759.981 95
8.72624 759.924 95
13.0362 757.829 95
17.3102 755.698 95
21.5916 754.529 95
25.854 753.323 95
30.097 752.08 95
34.2505 749.804 95
38.445 748.489 95
42.6192 747.139 95
46.6769 744.758 95
50.9054 744.332 95
54.9036 741.882 95
59.1067 741.385 95
63.0442 738.868 95
67.2206 738.299 95
70.9485 734.728 95
75.0886 734.09 95
79.0578 732.431 95
82.6566 728.768 95
86.3797 726.063 95
90.2527 724.31 95
94.1017 722.524 95
98.1343 721.686 95
102.16 720.812 95
105.727 717.954 95
109.486 716.041 95
113.219 714.098 95
116.927 712.125 95
120.61 710.121 95
123.999 707.125 95
127.344 704.103 95
131.499 703.934 95
131.86 691.293 95
125.394 657.7 95
127.933 653.737 95
131.681 653.554 95
135.111 652.39 95
139.197 653.081 95
144.333 656.55 95
154.792 674.009 95
161.266 680.111 95
165.292 679.618 95
167.449 674.451 95
171.825 674.822 95
174.657 671.466 95
177.842 669.009 95
180.591 665.614 95
184.539 664.933 95
187.643 662.401 95
189.855 658.04 95
194.198 658.166 95
196.773 654.666 95
200.21 652.934 95
202.246 648.511 95
205.159 645.848 95
207.564 642.285 95
211.377 641.334 95
214.204 638.605 95
217 635.855 95
219.257 632.224 95
221.466 628.582 95
225.719 628.341 95
228.395 625.509 95
231.039 622.658 95
233.65 619.79 95
236.229 616.903 95
238.775 613.999 95
241.289 611.078 95
243.196 607.32 95
246.799 605.999 95
249.221 603.023 95
250.42 598.424 95
254.568 597.823 95
255.68 593.208 95
258.578 590.965 95
262.079 589.478 95
262.427 584.07 95
265.245 581.767 95
267.4 578.674 95
270.17 576.329 95
272.265 573.204 95
275.65 571.566 95
277.02 567.662 95
279.019 564.496 95
281.665 562.049 95
283.602 558.854 95
285.505 555.649 95
288.775 553.859 95
289.914 549.914 95
291.006 545.971 95
294.21 544.115 95
295.227 540.16 95
297.661 537.573 95
300.072 534.965 95
301.717 531.667 95
302.578 527.698 95
304.148 524.392 95
306.444 521.728 95
307.184 517.758 95
310.193 515.703 95
313.19 513.616 95
315.391 510.873 95
316.78 507.496 95
318.135 504.113 95
318.656 500.124 95
320.739 497.334 95
321.989 493.939 95
324.832 491.7 95
326.023 488.283 95
328.826 485.996 95
330.786 483.118 95
331.053 479.119 95
332.952 476.222 95
333.983 472.771 95
334.979 469.318 95
335.94 465.864 95
336.867 462.41 95
339.482 459.97 95
342.08 457.5 95
342.92 454.015 95
344.6 451.015 95
345.375 447.523 95
346.115 444.033 95
347.708 441.005 95
347.493 437.056 95
350.814 434.91 95
351.428 431.403 95
352.911 428.33 95
356.179 426.089 95
353.975 421.316 95
357.196 419.034 95
356.736 415.113 95
358.997 412.385 95
359.389 408.864 95
361.602 406.097 95
362.863 402.935 95
364.096 399.763 95
363.429 395.88 95
364.601 392.704 95
365.745 389.517 95
366.861 386.32 95
367.001 382.797 95
367.108 379.281 95
370.042 376.674 95
371.046 373.44 95
371.063 369.914 95
372.008 366.672 95
372.925 363.421 95
373.813 360.163 95
373.705 356.647 95
374.534 353.382 95
376.307 350.343 95
377.081 347.056 95
377.827 343.762 95
376.587 340.046 95
377.271 336.757 95
377.926 333.461 95
379.536 330.343 95
379.151 326.855 95
379.72 323.543 95
381.248 320.384 95
381.76 317.054 95
380.263 313.442 95
380.715 310.122 95
382.13 306.92 95
382.525 303.583 95
381.896 300.139 95
384.223 296.996 95
382.539 293.468 95
383.813 290.207 95
385.06 286.926 95
386.278 283.626 95
385.471 280.202 95
383.635 276.75 95
383.766 273.401 95
383.868 270.052 95
384.941 266.719 95
383.985 263.351 95
386 260 95
386.985 256.623 95
385.941 253.263 95
385.868 249.896 95
384.765 246.564 95
387.631 243.076 95
386.47 239.746 95
387.276 236.313 95
384.062 233.144 95
384.81 229.715 95
385.527 226.271 95
386.214 222.812 95
384.88 219.547 95
386.499 215.964 95
385.108 212.715 95
383.689 209.486 95
384.224 206.001 95
385.716 202.354 95
383.223 199.303 95
382.679 195.962 95
382.105 192.625 95
381.503 189.293 95
379.89 186.157 95
381.191 182.446 95
380.499 179.122 95
378.803 176.021 95
0 260 95
0 260 95
0 260 95
0 260 95
0 260 95
0 260 95
0 260 95
0 260 95
72.6792 237.78 95
72.4825 237.146 95
72.2803 236.515 95
0 260 95
43.4939 245.024 95
39.5909 245.98 95
38.5274 245.977 95
37.4669 245.992 95
35.4761 246.382 95
35.3559 246.073 95
35.233 245.765 95
35.1074 245.458 95
34.9792 245.152 95
33.9312 245.246 95
32.8876 245.357 95
32.7586 245.071 95
33.5334 244.363 95
33.3957 244.071 95
33.2554 243.78 95
32.2176 243.937 95
32.0762 243.656 95
31.0454 243.839 95
30.0202 244.038 95
29.8798 243.777 95
29.7371 243.516 95
28.7217 243.75 95
29.4449 243 95
29.2954 242.744 95
28.2865 243.004 95
28.9898 242.235 95
28.8336 241.983 95
27.8319 242.269 95
28.5148 241.482 95
28.3521 241.234 95
27.3582 241.547 95
27.1962 241.309 95
25.3937 242.219 95
25.2376 241.998 95
25.0795 241.779 95
24.9196 241.56 95
23.9591 241.946 95
36.4943 231.997 95
40.9766 227.986 95
32.0869 234.477 95
26.423 238.603 95
26.2352 238.373 95
23.7474 240.074 95
0 260 95
0 260 95
0 260 95
0 260 95
0 260 95
0 260 95
0 260 95
0 260 95
0 260 95
0 260 95
0 260 95
