-0 260 180
-0 260 180
-0 260 180
-0 260 180
-0 260 180
-0 260 180
-0 260 180
-0 260 180
-15.8489 246.223 180
-22.8122 240.517 180
-26.8116 237.502 180
-27.0069 237.737 180
-34.1944 232.31 180
-43.0435 225.762 180
-39.4005 229.217 180
-26.1807 239.911 180
-26.355 240.14 180
-27.3311 239.776 180
-25.8885 241.191 180
-25.2376 241.998 180
-25.3937 242.219 180
-25.5479 242.441 180
-25.7002 242.665 180
-25.8505 242.89 180
-26.8375 242.572 180
-26.1451 243.344 180
-27.1375 243.043 180
-27.2845 243.28 180
-27.4294 243.519 180
-27.5721 243.759 180
-27.7128 244 180
-26.981 244.735 180
-27.9878 244.486 180
-29.001 244.254 180
-29.1373 244.507 180
-30.1584 244.301 180
-29.4032 245.018 180
-30.4278 244.829 180
-29.6602 245.534 180
-30.6879 245.363 180
-30.8145 245.631 180
-30.9387 245.9 180
-32.8876 245.357 180
-33.0142 245.645 180
-34.0587 245.543 180
-34.1835 245.841 180
-34.3058 246.14 180
-35.3559 246.073 180
-35.4761 246.382 180
-37.4669 245.992 180
-38.5274 245.977 180
-0 260 180
-0 260 180
-0 260 180
-73.2314 236.206 180
-71.5288 237.447 180
-0 260 180
-0 260 180
-0 260 180
-0 260 180
-0 260 180
-0 260 180
-0 260 180
-0 260 180
-0 260 180
-0 260 180
-0 260 180
-0 260 180
-0 260 180
-0 260 180
-0 260 180
-0 260 180
-722.988 145.49 180
-723.96 151.804 180
-723.886 158.265 180
-725.738 164.455 180
-726.544 170.792 180
-726.301 177.249 180
-726.996 183.59 180
-727.635 189.937 180
-728.218 196.289 180
-727.75 202.725 180
-729.219 209.008 180
-728.638 215.435 180
-730.997 221.69 180
-730.304 228.114 180
-729.555 234.523 180
-729.75 240.891 180
-729.889 247.26 180
-729.972 253.63 180
-730 260 180
-730.972 266.379 180
-728.889 272.723 180
-729.75 279.109 180
-728.556 285.442 180
-728.306 291.799 180
-728.001 298.153 180
-727.64 304.504 180
-725.229 310.713 180
-724.759 317.04 180
-724.234 323.362 180
-722.658 329.584 180
-722.023 335.888 180
-721.333 342.186 180
-720.588 348.477 180
-718.798 354.632 180
-717.944 360.901 180
-716.047 367.014 180
-714.099 373.102 180
-714.071 379.495 180
-711.031 385.374 180
-709.91 391.574 180
-708.735 397.764 180
-706.526 403.744 180
-705.244 409.904 180
-702.933 415.837 180
-700.572 421.74 180
-699.134 427.847 180
-697.643 433.942 180
-694.162 439.523 180
-691.603 445.315 180
-689.959 451.343 180
-687.302 457.081 180
-685.556 463.071 180
-682.802 468.753 180
-679.046 474.103 180
-676.201 479.711 180
-674.258 485.604 180
-670.373 490.828 180
-668.333 496.669 180
-665.302 502.15 180
-662.227 507.597 180
-660.041 513.366 180
-655.944 518.383 180
-652.737 523.723 180
-649.487 529.027 180
-646.194 534.293 180
-642.859 539.523 180
-639.482 544.716 180
-636.973 550.285 180
-633.509 555.41 180
-629.102 560.066 180
-626.459 565.545 180
-621.979 570.108 180
-617.467 574.615 180
-614.698 579.992 180
-611 584.874 180
-607.263 589.717 180
-603.488 594.519 180
-599.675 599.28 180
-594.959 603.5 180
-591.939 608.679 180
-588.017 613.316 180
-582.353 616.867 180
-579.217 621.935 180
-573.506 625.364 180
-570.296 630.355 180
-566.208 634.765 180
-562.087 639.133 180
-557.109 642.891 180
-553.747 647.738 180
-547.9 650.813 180
-543.659 654.992 180
-539.388 659.126 180
-533.488 662.012 180
-529.167 666.044 180
-525.603 670.646 180
-521.217 674.595 180
-515.248 677.239 180
-511.587 681.72 180
-506.355 684.883 180
-501.868 688.636 180
-497.354 692.343 180
-492.064 695.341 180
-486.76 698.281 180
-482.917 702.512 180
-477.574 705.345 180
-472.219 708.119 180
-466.132 710.139 180
-462.186 714.189 180
-457.498 717.498 180
-450.685 718.62 180
-447.36 723.255 180
-441.924 725.69 180
-435.797 727.335 180
-431.027 730.383 180
-426.905 734.126 180
-421.426 736.336 180
-415.941 738.486 180
-410.451 740.577 180
-404.313 741.842 180
-399.457 744.58 180
-395.213 748.048 180
-389.694 749.913 180
-384.788 752.507 180
-378.041 752.672 180
-373.727 755.953 180
-368.195 757.587 180
-363.251 759.973 180
-357.132 760.681 180
-352.176 762.959 180
-346.074 763.541 180
-341.108 765.713 180
-336.13 767.837 180
-329.507 767.396 180
-325.604 771.095 180
-320.071 772.221 180
-313.499 771.584 180
-309.023 774.3 180
-296.402 763.191 180
-281 746.706 180
-277.234 750.01 180
-270.039 747.163 180
-271.026 759.168 180
-275.58 778.29 180
-271.97 782.449 180
-266.038 782.13 180
-260.579 782.642 180
-255.132 783.098 180
-249.696 783.499 180
-244.696 784.752 180
-239.278 785.048 180
-233.874 785.289 180
-229.281 787.31 180
-223.107 785.608 180
-217.747 785.687 180
-212.776 786.64 180
-207.806 787.547 180
-201.761 785.606 180
-197.167 787.346 180
-191.873 787.168 180
-187.266 788.822 180
-181.341 786.654 180
-176.421 787.268 180
-171.195 786.885 180
-165.689 785.498 180
-160.804 785.968 180
-155.924 786.392 180
-150.774 785.81 180
-145.645 785.179 180
-141.056 786.43 180
-135.706 784.736 180
-130.638 783.96 180
-126.06 785.08 180
-121.024 784.211 180
-115.795 782.318 180
-111.025 782.331 180
-105.864 780.34 180
-101.32 781.244 180
-96.2203 779.159 180
-91.5125 778.994 180
-86.6499 777.8 180
-81.9716 777.549 180
-77.1565 776.266 180
-72.37 774.939 180
-67.7431 774.56 180
-62.8845 772.154 180
-58.4128 772.683 180
-53.8321 772.179 180
-49.1688 770.638 180
-44.6237 770.052 180
-39.9356 767.431 180
-35.3665 765.765 180
-30.8905 765.056 180
-26.3773 763.309 180
-21.9841 763.52 180
-17.4846 760.695 180
-13.0361 757.829 180
-8.69126 757.924 180
-4.32832 755.981 180
3.7296e-05 754 180
4.30222 752.981 180
8.56917 750.925 180
12.8267 749.832 180
16.9612 745.704 180
21.1991 745.537 180
25.383 744.335 180
29.5475 743.097 180
33.6227 740.826 180
37.7389 739.517 180
41.4862 734.189 180
45.8143 735.799 180
49.7556 733.392 180
53.4319 728.966 180
57.5224 728.482 180
61.4779 726.971 180
65.4114 725.426 180
69.3226 723.848 180
73.0549 721.25 180
76.4171 716.65 180
80.7464 717.936 180
84.3751 715.247 180
87.5814 710.567 180
91.9086 711.745 180
95.4315 708.97 180
99.1294 707.144 180
102.803 705.287 180
106.218 702.428 180
109.591 699.544 180
112.921 696.635 180
116.727 695.633 180
120.257 693.634 180
123.486 690.645 180
126.671 687.634 180
130.398 686.512 180
133.814 684.404 180
136.895 681.318 180
140.249 679.159 180
142.924 675.083 180
146.541 673.82 180
149.121 669.706 180
152.34 667.452 180
155.89 666.107 180
158.695 662.871 180
162.579 662.398 180
165.319 659.116 180
168.014 655.817 180
171.462 654.336 180
173.27 649.17 180
176.659 647.643 180
180.035 646.087 180
182.967 643.599 180
185.869 641.089 180
188.742 638.557 180
191.13 635.114 180
193.011 630.771 180
195.77 628.189 180
198.498 625.588 180
201.196 622.967 180
204.848 622.068 180
207.5 619.401 180
210.121 616.714 180
212.196 613.153 180
214.224 609.582 180
216.737 606.852 180
219.756 604.947 180
221.123 600.5 180
224.086 598.558 180
227.032 596.589 180
229.395 593.771 180
231.725 590.937 180
233.443 587.274 180
235.702 584.416 180
237.334 580.739 180
240.124 578.656 180
242.896 576.548 180
245.649 574.416 180
247.761 571.478 180
248.582 566.973 180
251.251 564.792 180
254.544 563.354 180
255.883 559.6 180
256.519 555.091 180
259.747 553.591 180
261.63 550.57 180
264.831 549.013 180
265.979 545.228 180
267.77 542.171 180
268.833 538.384 180
270.551 535.315 180
272.943 532.943 180
273.888 529.149 180
276.226 526.749 180
277.818 523.64 180
280.84 521.887 180
283.115 519.427 180
283.138 514.939 180
285.352 512.458 180
286.035 508.646 180
288.194 506.141 180
289.565 502.974 180
291.674 500.438 180
292.984 497.254 180
294.261 494.065 180
296.292 491.489 180
297.508 488.286 180
299.488 485.681 180
301.446 483.059 180
301.763 479.244 180
302.037 475.441 180
305.544 473.944 180
308.223 471.836 180
308.402 468.02 180
310.206 465.321 180
310.308 461.516 180
312.898 459.338 180
313.778 456.07 180
314.624 452.802 180
316.295 450.049 180
318.803 447.789 180
320.429 445 180
322.032 442.197 180
321.86 438.41 180
323.405 435.594 180
324.925 432.766 180
325.533 429.462 180
326.108 426.161 180
325.756 422.416 180
328.959 420.444 180
330.346 417.567 180
330.802 414.256 180
332.136 411.363 180
333.444 408.459 180
331.976 404.347 180
333.223 401.445 180
337.216 399.679 180
336.568 395.982 180
337.742 393.04 180
337.956 389.729 180
339.075 386.775 180
340.169 383.811 180
339.351 380.17 180
339.441 376.879 180
341.397 374.23 180
343.331 371.555 180
344.292 368.555 180
344.27 365.254 180
344.216 361.962 180
345.093 358.954 180
346.907 356.206 180
343.87 352.14 180
347.565 349.886 180
346.396 346.366 180
349.081 343.807 180
348.824 340.532 180
349.514 337.485 180
348.221 334.017 180
351.793 331.573 180
350.441 328.119 180
352.005 325.24 180
350.592 321.819 180
353.09 319.087 180
354.58 316.16 180
353.079 312.768 180
354.516 309.824 180
354.937 306.728 180
354.339 303.507 180
352.718 300.187 180
353.055 297.108 180
356.352 294.313 180
355.642 291.115 180
356.896 288.088 180
355.133 284.833 180
357.332 281.855 180
356.511 278.684 180
357.659 275.616 180
357.782 272.494 180
356.878 269.345 180
356.946 266.231 180
357.986 263.124 180
358 260 180
356.986 256.885 180
357.945 253.752 180
356.878 250.655 180
356.783 247.541 180
357.659 244.384 180
357.509 241.264 180
358.33 238.084 180
358.125 234.957 180
356.896 231.912 180
357.634 228.711 180
357.347 225.591 180
357.033 222.474 180
356.692 219.36 180
357.317 216.127 180
356.92 213.011 180
357.487 209.759 180
357.035 206.641 180
355.568 203.684 180
356.049 200.418 180
355.516 197.313 180
353.972 194.395 180
353.386 191.309 180
353.753 188.028 180
352.133 185.152 180
350.49 182.298 180
0 260 180
0 260 180
0 260 180
0 260 180
0 260 180
0 260 180
0 260 180
0 260 180
71.7229 238.072 180
71.5288 237.447 180
0 260 180
0 260 180
0 260 180
39.5909 245.98 180
37.5877 246.319 180
35.5935 246.692 180
35.4761 246.382 180
35.3559 246.073 180
35.233 245.765 180
35.1074 245.458 180
34.0587 245.543 180
33.9312 245.246 180
32.8876 245.357 180
31.8486 245.486 180
31.7208 245.208 180
33.3957 244.071 180
32.3566 244.219 180
33.1126 243.491 180
32.0762 243.656 180
31.0454 243.839 180
30.0202 244.038 180
29.8798 243.777 180
28.8625 244.001 180
27.8514 244.242 180
27.7128 244 180
28.4338 243.251 180
28.2865 243.004 180
28.9898 242.235 180
27.9856 242.513 180
27.8319 242.269 180
27.6761 242.027 180
26.6843 242.338 180
26.5292 242.106 180
26.372 241.875 180
26.2129 241.646 180
26.8658 240.837 180
24.2705 242.366 180
24.9196 241.56 180
23.9591 241.946 180
34.9075 233.214 180
40.9766 227.986 180
32.8695 233.854 180
25.6458 239.232 180
26.2352 238.373 180
22.9813 240.716 180
0 260 180
0 260 180
0 260 180
0 260 180
0 260 180
0 260 180
0 260 180
0 260 180
0 260 180
0 260 180
0 260 180
