-0 260 218
-0 260 218
-0 260 218
-0 260 218
-0 260 218
-0 260 218
-0 260 218
-0 260 218
-15.8489 246.223 218
-22.8122 240.517 218
-26.8116 237.502 218
-27.0069 237.737 218
-32.6401 233.569 218
-43.8261 225.139 218
-40.9766 227.986 218
-27.7674 238.693 218
-24.7577 241.344 218
-26.5273 240.371 218
-25.8885 241.191 218
-26.8658 240.837 218
-26.2129 241.646 218
-25.5479 242.441 218
-26.5292 242.106 218
-26.6843 242.338 218
-26.8375 242.572 218
-26.9885 242.806 218
-26.2895 243.573 218
-28.1371 242.758 218
-29.1437 242.489 218
-28.4338 243.251 218
-28.5788 243.5 218
-27.8514 244.242 218
-27.9878 244.486 218
-29.001 244.254 218
-30.0202 244.038 218
-29.2714 244.762 218
-30.2942 244.564 218
-31.3227 244.383 218
-30.559 245.095 218
-31.5905 244.932 218
-32.6271 244.786 218
-31.8486 245.486 218
-32.8876 245.357 218
-33.0142 245.645 218
-33.1382 245.934 218
-35.1074 245.458 218
-34.3058 246.14 218
-35.3559 246.073 218
-35.4761 246.382 218
-36.5302 246.342 218
-39.4671 245.635 218
-0 260 218
-0 260 218
-0 260 218
-71.3292 236.824 218
-72.4825 237.146 218
-0 260 218
-0 260 218
-0 260 218
-0 260 218
-0 260 218
-0 260 218
-0 260 218
-0 260 218
-0 260 218
-0 260 218
-0 260 218
-0 260 218
-0 260 218
-0 260 218
-0 260 218
-0 260 218
-717.062 146.429 218
-718.026 152.69 218
-717.944 159.1 218
-719.789 165.238 218
-721.581 171.401 218
-720.34 177.928 218
-722.023 184.112 218
-721.662 190.512 218
-722.241 196.812 218
-721.768 203.196 218
-722.236 209.496 218
-722.65 215.801 218
-723.008 222.109 218
-723.311 228.42 218
-723.559 234.733 218
-722.752 241.074 218
-722.89 247.382 218
-723.972 253.682 218
-723 260 218
-722.972 266.309 218
-723.89 272.636 218
-722.752 278.926 218
-721.56 285.198 218
-719.315 291.406 218
-719.013 297.682 218
-719.655 304.016 218
-718.246 310.225 218
-717.78 316.491 218
-717.26 322.752 218
-715.69 328.913 218
-715.061 335.156 218
-713.385 341.28 218
-711.656 347.38 218
-711.857 353.718 218
-711.012 359.926 218
-708.135 365.832 218
-707.185 372.007 218
-705.194 378.009 218
-704.138 384.159 218
-702.044 390.116 218
-700.882 396.238 218
-698.686 402.149 218
-696.441 408.033 218
-695.123 414.105 218
-692.777 419.94 218
-690.383 425.746 218
-688.91 431.765 218
-686.417 437.52 218
-683.875 443.244 218
-682.25 449.205 218
-679.612 454.876 218
-676.927 460.515 218
-675.151 466.415 218
-672.37 471.998 218
-669.544 477.548 218
-666.671 483.065 218
-661.863 487.898 218
-660.792 493.999 218
-656.845 499.072 218
-654.734 504.795 218
-650.706 509.783 218
-647.571 515.085 218
-644.393 520.352 218
-641.172 525.582 218
-637.91 530.777 218
-633.688 535.536 218
-631.26 541.055 218
-627.873 546.138 218
-624.446 551.184 218
-621.881 556.622 218
-618.37 561.599 218
-614.82 566.538 218
-611.23 571.438 218
-607.602 576.298 218
-602.17 580.18 218
-599.353 585.422 218
-596.491 590.64 218
-591.842 594.848 218
-588.897 600 218
-584.185 604.111 218
-579.445 608.166 218
-575.532 612.687 218
-571.584 617.166 218
-567.602 621.603 218
-562.748 625.453 218
-558.703 629.798 218
-553.797 633.541 218
-549.692 637.793 218
-546.374 642.576 218
-541.387 646.168 218
-537.187 650.289 218
-532.153 653.773 218
-527.898 657.8 218
-522.82 661.174 218
-518.511 665.105 218
-513.391 668.37 218
-509.031 672.205 218
-505.414 676.631 218
-500.227 679.74 218
-495.785 683.44 218
-490.561 686.438 218
-486.072 690.04 218
-480.815 692.928 218
-476.281 696.431 218
-470.992 699.207 218
-466.416 702.612 218
-461.816 705.971 218
-456.48 708.582 218
-451.841 711.841 218
-446.479 714.341 218
-441.803 717.5 218
-435.728 719.162 218
-431.023 722.216 218
-426.297 725.222 218
-420.883 727.438 218
-415.463 729.595 218
-410.693 732.448 218
-404.606 733.733 218
-400.457 737.246 218
-395.005 739.179 218
-390.808 742.608 218
-384.091 742.869 218
-379.247 745.415 218
-373.779 747.119 218
-368.913 749.564 218
-364.031 751.96 218
-358.549 753.5 218
-353.648 755.796 218
-347.587 756.406 218
-343.242 759.421 218
-336.634 759.081 218
-331.162 760.332 218
-326.239 762.364 218
-320.768 763.505 218
-316.362 766.285 218
-303.572 755.384 218
-287.906 739.157 218
-282.699 739.927 218
-276.5 738.912 218
-276.25 748.27 218
-282.644 769.903 218
-278.661 773.229 218
-273.702 774.758 218
-267.352 773.579 218
-263.314 776.784 218
-257.902 777.272 218
-252.063 776.807 218
-247.113 778.084 218
-242.16 779.314 218
-236.79 779.588 218
-231.026 778.894 218
-226.091 779.973 218
-220.763 780.085 218
-215.833 781.068 218
-210.529 781.077 218
-205.241 781.034 218
-199.969 780.938 218
-194.715 780.79 218
-189.479 780.59 218
-184.595 781.281 218
-179.714 781.926 218
-174.518 781.578 218
-169.341 781.179 218
-164.486 781.683 218
-159.635 782.142 218
-154.22 780.639 218
-149.395 781.004 218
-144.041 779.397 218
-138.986 778.702 218
-134.454 779.895 218
-129.428 779.108 218
-124.426 778.273 218
-119.899 779.339 218
-114.929 778.413 218
-110.193 778.418 218
-105.067 776.42 218
-100.365 776.336 218
-95.4914 775.226 218
-90.818 775.054 218
-85.8247 772.869 218
-81.3459 773.598 218
-76.5652 772.31 218
-71.9525 771.969 218
-67.2209 770.594 218
-62.5189 769.176 218
-58.0732 769.702 218
-53.414 768.201 218
-48.7854 766.657 218
-44.2751 766.067 218
-39.7003 764.44 218
-35.1572 762.772 218
-30.7074 762.062 218
-26.2203 760.313 218
-21.8097 759.524 218
-17.4148 758.696 218
-13.0361 757.829 218
-8.65636 755.924 218
-4.30214 752.981 218
3.72205e-05 753 218
4.25859 747.981 218
8.55172 749.925 218
12.7744 747.833 218
16.9961 746.703 218
21.0682 742.54 218
25.3306 743.337 218
29.4254 741.101 218
33.5529 739.828 218
37.6604 738.52 218
41.7476 737.177 218
45.7185 734.804 218
49.7556 733.392 218
53.7716 731.947 218
57.2786 726.497 218
61.4779 726.971 218
65.4114 725.426 218
69.1748 722.859 218
73.0549 721.25 218
76.7472 718.623 218
80.9201 718.92 218
84.3751 715.247 218
87.963 712.53 218
91.9086 711.745 218
95.6394 709.948 218
98.6965 705.191 218
102.803 705.287 218
106.451 703.401 218
110.074 701.485 218
113.172 697.603 218
116.986 696.598 218
119.99 692.67 218
123.761 691.606 218
127.239 689.551 218
130.398 686.512 218
133.814 684.404 218
137.513 683.22 218
140.249 679.159 218
143.576 676.974 218
146.541 673.82 218
150.489 673.465 218
153.041 669.326 218
156.607 667.975 218
159.795 665.662 218
162.954 663.325 218
166.085 660.964 218
169.187 658.579 218
171.063 653.419 218
174.49 651.911 218
177.074 648.553 218
180.458 646.993 218
183.398 644.501 218
186.746 642.886 218
189.634 640.347 218
192.038 636.896 218
194.396 633.432 218
197.178 630.838 218
200.407 629.103 218
202.65 625.591 218
204.848 622.068 218
207.5 619.401 218
210.628 617.576 218
213.741 615.724 218
215.792 612.14 218
218.857 610.244 218
221.367 607.477 218
224.391 605.532 218
225.742 601.059 218
228.71 599.076 218
231.094 596.243 218
234.019 594.214 218
235.185 589.717 218
238.053 587.652 218
240.308 584.758 218
242.531 581.85 218
244.722 578.928 218
247.496 576.78 218
250.251 574.608 218
252.987 572.413 218
254.431 568.65 218
255.829 564.886 218
258.48 562.642 218
259.799 558.865 218
262.398 556.586 218
264.307 553.542 218
266.858 551.225 218
270.071 549.616 218
270.523 545.072 218
271.611 541.262 218
274.756 539.594 218
275.065 535.065 218
277.454 532.654 218
278.385 528.833 218
282.171 527.77 218
283.034 523.933 218
284.589 520.778 218
286.854 518.284 218
288.348 515.109 218
290.563 512.583 218
291.996 509.388 218
293.395 506.188 218
296.304 504.254 218
297.647 501.03 218
298.956 497.801 218
301.02 495.183 218
301.474 491.329 218
303.482 488.69 218
305.466 486.033 218
305.808 482.183 218
308.55 480.086 218
309.639 476.812 218
312.344 474.668 218
314.205 471.934 218
314.375 468.08 218
316.179 465.329 218
318.802 463.099 218
319.714 459.78 218
319.74 455.937 218
322.295 453.654 218
323.111 450.327 218
325.626 448 218
326.383 444.659 218
327.108 441.319 218
327.799 437.98 218
329.339 435.113 218
331.742 432.694 218
331.454 428.884 218
333.811 426.432 218
335.25 423.512 218
336.664 420.581 218
335.334 416.369 218
337.596 413.851 218
338.925 410.899 218
337.478 406.74 218
340.587 404.571 218
341.835 401.593 218
341.204 397.855 218
344.255 395.605 218
343.558 391.879 218
343.759 388.526 218
345.807 385.863 218
345.007 382.173 218
347.005 379.484 218
348.983 376.768 218
350.94 374.027 218
350.968 370.66 218
349.051 366.716 218
349.969 363.666 218
352.783 361.159 218
352.689 357.809 218
351.597 354.21 218
352.406 351.138 218
355.128 348.543 218
355.887 345.441 218
356.619 342.332 218
356.348 339 218
357.024 335.888 218
357.673 332.769 218
356.331 329.264 218
357.905 326.334 218
360.44 323.555 218
360.981 320.407 218
360.506 317.099 218
360.002 313.803 218
360.458 310.659 218
362.869 307.773 218
359.302 304.117 218
361.66 301.206 218
363.995 298.257 218
363.32 294.984 218
364.607 291.899 218
362.878 288.559 218
363.113 285.391 218
365.317 282.344 218
363.501 279.05 218
362.655 275.834 218
365.777 272.773 218
364.875 269.555 218
364.944 266.37 218
364.986 263.185 218
365 260 218
364.986 256.815 218
366.944 253.595 218
365.875 250.419 218
365.777 247.227 218
365.652 244.035 218
366.497 240.793 218
363.321 237.778 218
364.111 234.539 218
365.869 231.206 218
365.603 228.014 218
365.31 224.825 218
363 221.847 218
365.634 218.341 218
365.257 215.152 218
365.843 211.836 218
365.409 208.645 218
363.958 205.606 218
364.457 202.276 218
362.953 199.262 218
361.424 196.271 218
361.838 192.937 218
361.239 189.782 218
361.592 186.433 218
358.98 183.696 218
357.324 180.783 218
0 260 218
0 260 218
0 260 218
0 260 218
0 260 218
0 260 218
0 260 218
0 260 218
71.7229 238.072 218
72.4825 237.146 218
0 260 218
0 260 218
0 260 218
39.5909 245.98 218
37.5877 246.319 218
37.4669 245.992 218
36.4096 246.024 218
36.2863 245.706 218
35.233 245.765 218
35.1074 245.458 218
34.9792 245.152 218
33.0142 245.645 218
33.8012 244.951 218
31.8486 245.486 218
31.7208 245.208 218
33.3957 244.071 218
34.1542 243.342 218
33.1126 243.491 218
32.0762 243.656 218
31.9324 243.377 218
30.0202 244.038 218
29.8798 243.777 218
28.8625 244.001 218
28.7217 243.75 218
28.5788 243.5 218
29.2954 242.744 218
29.1437 242.489 218
28.9898 242.235 218
28.8336 241.983 218
27.8319 242.269 218
29.3535 240.938 218
27.5182 241.786 218
26.5292 242.106 218
27.1962 241.309 218
25.3937 242.219 218
25.2376 241.998 218
25.0795 241.779 218
24.1157 242.155 218
24.7577 241.344 218
34.1142 233.823 218
39.4005 229.217 218
33.6522 233.232 218
26.423 238.603 218
25.4636 239.009 218
22.9813 240.716 218
0 260 218
0 260 218
0 260 218
0 260 218
0 260 218
0 260 218
0 260 218
0 260 218
0 260 218
0 260 218
0 260 218
