-0 260 162
-0 260 162
-0 260 162
-0 260 162
-0 260 162
-0 260 162
-0 260 162
-0 260 162
-17.3583 244.911 162
-22.8122 240.517 162
-26.8116 237.502 162
-27.0069 237.737 162
-34.9716 231.681 162
-42.2608 226.384 162
-41.7646 227.37 162
-26.1807 239.911 162
-25.5563 240.742 162
-27.3311 239.776 162
-26.6976 240.603 162
-26.0517 241.418 162
-26.2129 241.646 162
-26.372 241.875 162
-26.5292 242.106 162
-25.8505 242.89 162
-26.8375 242.572 162
-26.9885 242.806 162
-26.2895 243.573 162
-27.2845 243.28 162
-28.2865 243.004 162
-28.4338 243.251 162
-28.5788 243.5 162
-28.7217 243.75 162
-27.9878 244.486 162
-29.001 244.254 162
-29.1373 244.507 162
-30.1584 244.301 162
-30.2942 244.564 162
-31.3227 244.383 162
-31.4578 244.657 162
-30.6879 245.363 162
-31.7208 245.208 162
-31.8486 245.486 162
-33.8012 244.951 162
-33.0142 245.645 162
-34.0587 245.543 162
-35.1074 245.458 162
-35.233 245.765 162
-35.3559 246.073 162
-36.4096 246.024 162
-37.4669 245.992 162
-39.4671 245.635 162
-0 260 162
-0 260 162
-0 260 162
-72.2803 236.515 162
-71.5288 237.447 162
-0 260 162
-71.9115 238.699 162
-0 260 162
-0 260 162
-0 260 162
-0 260 162
-0 260 162
-0 260 162
-0 260 162
-0 260 162
-0 260 162
-0 260 162
-0 260 162
-0 260 162
-0 260 162
-0 260 162
-712.123 147.211 162
-714.069 153.282 162
-712.993 159.795 162
-713.84 166.021 162
-715.626 172.132 162
-713.385 178.72 162
-715.061 184.844 162
-716.685 190.991 162
-715.268 197.422 162
-716.784 203.588 162
-717.249 209.845 162
-716.661 216.167 162
-716.017 222.475 162
-715.319 228.769 162
-715.564 235.012 162
-716.754 241.231 162
-715.891 247.504 162
-716.973 253.743 162
-716 260 162
-715.973 266.248 162
-714.891 272.479 162
-714.755 278.717 162
-713.565 284.918 162
-714.319 291.188 162
-713.021 297.368 162
-711.67 303.528 162
-711.263 309.736 162
-709.805 315.863 162
-708.294 321.968 162
-706.731 328.051 162
-706.111 334.215 162
-705.436 340.374 162
-702.723 346.284 162
-701.943 352.413 162
-701.11 358.535 162
-699.234 364.501 162
-697.308 370.443 162
-696.318 376.524 162
-694.289 382.422 162
-693.195 388.476 162
-692.047 394.52 162
-689.867 400.355 162
-687.638 406.162 162
-685.36 411.941 162
-683.033 417.691 162
-680.659 423.412 162
-679.207 429.345 162
-674.799 434.515 162
-674.216 440.656 162
-672.614 446.532 162
-669.038 451.844 162
-665.421 457.107 162
-663.675 462.906 162
-660.926 468.389 162
-659.082 474.149 162
-656.24 479.575 162
-652.408 484.642 162
-650.423 490.327 162
-647.448 495.652 162
-642.557 500.242 162
-640.436 505.84 162
-637.336 511.053 162
-634.194 516.231 162
-631.01 521.373 162
-627.784 526.479 162
-624.518 531.548 162
-621.211 536.581 162
-617.864 541.577 162
-614.477 546.535 162
-610.148 551.026 162
-607.585 556.339 162
-603.186 560.737 162
-600.538 565.99 162
-596.071 570.295 162
-592.458 575.015 162
-588.807 579.696 162
-585.121 584.338 162
-580.527 588.447 162
-578.505 594 162
-573.845 598.021 162
-570.873 603.015 162
-566.153 606.939 162
-563.104 611.866 162
-559.168 616.23 162
-554.361 620.006 162
-550.365 624.278 162
-545.507 627.949 162
-541.451 632.129 162
-537.364 636.266 162
-534.06 640.941 162
-529.097 644.412 162
-524.918 648.419 162
-519.912 651.782 162
-516.473 656.304 162
-511.419 659.564 162
-507.913 664.012 162
-501.259 665.912 162
-498.469 670.907 162
-494.099 674.598 162
-489.701 678.245 162
-492.071 687.751 162
-490.566 694.016 162
-486.017 697.611 162
-475.544 695.756 162
-465.872 694.433 162
-460.613 697.105 162
-456.061 700.413 162
-450.774 702.975 162
-446.891 706.892 162
-440.872 708.635 162
-436.94 712.465 162
-430.91 714.084 162
-426.249 717.096 162
-421.568 720.061 162
-417.537 723.722 162
-412.15 725.851 162
-406.757 727.92 162
-402.008 730.691 162
-396.6 732.649 162
-391.824 735.321 162
-386.403 737.168 162
-380.979 738.956 162
-376.169 741.475 162
-370.736 743.152 162
-366.505 746.369 162
-361.057 747.941 162
-355.61 749.455 162
-339.711 736.258 162
-332.101 734.289 162
-330.215 740.466 162
-324.332 740.842 162
-319.02 741.986 162
-313.167 742.236 162
-306.798 741.577 162
-307.353 751.868 162
-308.797 763.91 162
-303.357 764.872 162
-298.433 766.638 162
-284.5 752.768 162
-272.31 741.307 162
-267.13 741.915 162
-260.529 739.834 162
-261.026 750.919 162
-267.352 773.579 162
-262.86 775.893 162
-257.902 777.272 162
-252.502 777.705 162
-247.113 778.084 162
-241.738 778.408 162
-237.204 780.498 162
-235.5 788.943 162
-233.268 796.48 162
-227.796 796.654 162
-222.339 796.774 162
-215.773 794.058 162
-205.974 782.895 162
-200.686 782.805 162
-195.766 783.6 162
-190.505 783.409 162
-185.263 783.166 162
-180.365 783.817 162
-175.152 783.475 162
-170.268 784.032 162
-165.087 783.591 162
-159.927 783.099 162
-155.356 784.474 162
-150.222 783.888 162
-145.11 783.251 162
-140.28 783.532 162
-135.205 782.8 162
-130.396 782.989 162
-125.36 782.163 162
-120.799 783.237 162
-115.795 782.318 162
-111.025 782.331 162
-105.864 780.34 162
-101.32 781.244 162
-96.4025 780.142 162
-91.6862 779.979 162
-86.6499 777.8 162
-82.1281 778.536 162
-77.3043 777.255 162
-72.6483 776.92 162
-67.8736 775.551 162
-63.2501 775.131 162
-58.526 773.677 162
-53.9366 773.173 162
-49.4564 773.624 162
-44.7109 771.048 162
-40.2495 771.419 162
-35.6455 769.755 162
-31.0737 768.051 162
-26.5866 767.304 162
-22.115 766.517 162
-17.6242 764.692 162
-13.1931 763.827 162
-8.76107 761.924 162
-4.37196 760.981 162
3.77489e-05 760 162
4.34585 757.981 162
8.67388 756.924 162
12.9576 754.83 162
17.2404 753.699 162
21.5044 752.531 162
25.5923 748.33 162
29.9138 749.086 162
34.0412 746.811 162
38.2881 746.496 162
42.4449 745.147 162
46.3894 741.772 162
50.5918 741.349 162
54.4508 737.908 162
58.6192 737.415 162
62.6526 735.894 162
66.2464 731.368 162
70.6529 732.75 162
74.4628 730.14 162
78.3976 728.486 162
82.3093 726.799 162
86.0152 724.096 162
89.6803 721.365 162
93.703 720.565 162
97.0948 716.795 162
101.294 716.907 162
104.377 712.108 162
108.552 712.152 162
112.252 710.217 162
115.676 707.284 162
119.574 706.258 162
122.93 703.27 162
126.518 701.219 162
129.511 697.222 162
132.737 694.162 162
136.821 693.941 162
140.294 691.78 162
143.739 689.591 162
147.157 687.374 162
150.547 685.131 162
154.251 683.801 162
156.193 677.756 162
160.549 678.244 162
163.46 674.966 162
167.075 673.524 162
169.146 668.355 162
173.094 667.784 162
175.45 663.506 162
178.964 661.96 162
182.88 661.293 162
184.684 656.056 162
188.133 654.43 162
192.007 653.672 162
194.542 650.191 162
197.486 647.588 162
200.399 644.963 162
203.281 642.316 162
206.133 639.649 162
209.438 637.836 162
211.742 634.253 162
215 632.391 162
216.211 627.054 162
219.406 625.153 162
223.107 624.077 162
225.216 620.42 162
227.815 617.598 162
230.382 614.758 162
232.917 611.9 162
234.861 608.196 162
237.891 606.133 162
240.902 604.044 162
244.476 602.743 162
246.282 598.978 162
248.041 595.208 162
250.355 592.232 162
252.636 589.242 162
254.268 585.448 162
257.721 584 162
260.539 581.738 162
261.428 577.138 162
264.829 575.61 162
266.274 571.766 162
269.64 570.186 162
271.012 566.323 162
272.336 562.46 162
274.965 560.072 162
276.891 556.93 162
280.16 555.227 162
282.031 552.052 162
283.167 548.153 162
285.671 545.671 162
286.727 541.766 162
290.613 540.642 162
291.601 536.719 162
293.273 533.481 162
295.648 530.912 162
297.258 527.652 162
299.582 525.048 162
300.374 521.111 162
301.881 517.831 162
304.12 515.187 162
305.563 511.887 162
308.527 509.84 162
309.913 506.516 162
309.688 501.955 162
312.581 499.852 162
313.864 496.513 162
315.916 493.765 162
317.944 491 162
319.947 488.216 162
320.288 484.268 162
323.882 482.598 162
324.983 479.204 162
326.883 476.359 162
327.082 472.409 162
328.923 469.547 162
329.891 466.139 162
331.677 463.252 162
332.581 459.835 162
334.312 456.925 162
336.018 454 162
338.568 451.553 162
339.352 448.106 162
339.223 444.183 162
341.701 441.685 162
342.386 438.235 162
344.82 435.694 162
343.655 431.34 162
346.036 428.773 162
348.398 426.177 162
347.116 421.863 162
347.605 418.413 162
349.888 415.78 162
352.151 413.12 162
351.633 409.259 162
353.846 406.568 162
355.111 403.474 162
355.42 400.003 162
357.561 397.255 162
357.809 393.779 162
358.023 390.31 162
359.146 387.18 162
360.243 384.041 162
359.415 380.258 162
362.353 377.735 162
363.366 374.569 162
364.352 371.394 162
365.31 368.21 162
363.357 364.191 162
365.216 361.283 162
367.052 358.351 162
365.96 354.644 162
369.683 352.172 162
367.556 348.242 162
367.338 344.807 162
370.016 342.031 162
369.74 338.591 162
371.391 335.56 162
371.055 332.126 162
370.687 328.703 162
371.273 325.465 162
372.816 322.388 162
373.346 319.132 162
374.837 316.02 162
374.321 312.607 162
373.775 309.208 162
375.182 306.067 162
376.564 302.904 162
375.929 299.512 162
375.264 296.134 162
376.562 292.945 162
377.832 289.736 162
378.077 286.438 162
378.293 283.137 162
377.482 279.783 162
378.639 276.532 162
379.769 273.262 162
377.87 269.895 162
378.942 266.614 162
378.986 263.307 162
379 260 162
378.986 256.693 162
377.942 253.403 162
378.87 250.079 162
377.77 246.808 162
376.641 243.555 162
380.478 240.06 162
379.291 236.802 162
379.074 233.493 162
378.829 230.186 162
378.554 226.881 162
379.246 223.483 162
377.918 220.279 162
376.564 217.096 162
377.168 213.69 162
377.74 210.27 162
378.282 206.836 162
377.804 203.537 162
376.309 200.398 162
376.761 196.952 162
376.197 193.666 162
374.62 190.568 162
374.982 187.111 162
375.311 183.642 162
372.674 180.786 162
371.969 177.537 162
0 260 162
0 260 162
0 260 162
0 260 162
0 260 162
0 260 162
0 260 162
0 260 162
71.7229 238.072 162
71.5288 237.447 162
0 260 162
0 260 162
0 260 162
39.5909 245.98 162
38.5274 245.977 162
36.5302 246.342 162
36.4096 246.024 162
36.2863 245.706 162
35.233 245.765 162
35.1074 245.458 162
35.8997 244.761 162
33.9312 245.246 162
32.8876 245.357 162
32.7586 245.071 162
32.6271 244.786 162
34.2982 243.641 162
34.1542 243.342 162
32.2176 243.937 162
32.0762 243.656 162
31.0454 243.839 162
30.0202 244.038 162
29.8798 243.777 162
30.6117 243.032 162
28.7217 243.75 162
28.5788 243.5 162
29.2954 242.744 162
28.2865 243.004 162
29.8424 241.713 162
28.8336 241.983 162
27.8319 242.269 162
28.5148 241.482 162
28.3521 241.234 162
27.3582 241.547 162
27.1962 241.309 162
26.2129 241.646 162
25.2376 241.998 162
25.8885 241.191 162
24.9196 241.56 162
23.9591 241.946 162
36.4943 231.997 162
41.7646 227.37 162
33.6522 233.232 162
24.8687 239.862 162
26.2352 238.373 162
22.9813 240.716 162
0 260 162
0 260 162
0 260 162
0 260 162
0 260 162
0 260 162
0 260 162
0 260 162
0 260 162
0 260 162
0 260 162
