-0 260 242
-0 260 242
-0 260 242
-0 260 242
-0 260 242
-0 260 242
-0 260 242
-0 260 242
-16.6036 245.567 242
-22.8122 240.517 242
-26.8116 237.502 242
-27.7785 237.101 242
-33.4173 232.939 242
-43.0435 225.762 242
-40.9766 227.986 242
-27.7674 238.693 242
-24.7577 241.344 242
-27.3311 239.776 242
-26.6976 240.603 242
-27.6799 240.256 242
-26.2129 241.646 242
-25.5479 242.441 242
-26.5292 242.106 242
-25.8505 242.89 242
-26.8375 242.572 242
-26.1451 243.344 242
-27.1375 243.043 242
-26.4318 243.803 242
-28.2865 243.004 242
-28.4338 243.251 242
-28.5788 243.5 242
-27.8514 244.242 242
-27.9878 244.486 242
-28.1222 244.731 242
-30.9032 243.569 242
-30.1584 244.301 242
-30.2942 244.564 242
-31.3227 244.383 242
-31.4578 244.657 242
-30.6879 245.363 242
-32.6271 244.786 242
-32.7586 245.071 242
-32.8876 245.357 242
-33.9312 245.246 242
-33.1382 245.934 242
-34.1835 245.841 242
-34.3058 246.14 242
-34.4255 246.439 242
-35.4761 246.382 242
-37.4669 245.992 242
-39.4671 245.635 242
-0 260 242
-0 260 242
-0 260 242
-71.3292 236.824 242
-70.5751 237.748 242
-0 260 242
-72.8703 238.415 242
-0 260 242
-0 260 242
-0 260 242
-0 260 242
-0 260 242
-0 260 242
-0 260 242
-0 260 242
-0 260 242
-0 260 242
-0 260 242
-0 260 242
-0 260 242
-0 260 242
-692.37 150.34 242
-690.333 156.829 242
-692.197 162.718 242
-692.029 168.893 242
-692.797 174.935 242
-694.507 180.871 242
-692.187 187.248 242
-693.791 193.196 242
-694.348 199.253 242
-694.851 205.314 242
-696.3 211.31 242
-695.7 217.449 242
-697.043 223.47 242
-697.336 229.554 242
-695.576 235.71 242
-695.762 241.781 242
-695.894 247.853 242
-696.973 253.918 242
-694 260 242
-695.973 266.074 242
-694.894 272.13 242
-694.762 278.193 242
-695.576 284.29 242
-693.339 290.272 242
-693.049 296.321 242
-692.706 302.368 242
-692.309 308.411 242
-688.87 314.215 242
-689.367 320.312 242
-688.814 326.325 242
-688.209 332.334 242
-687.552 338.337 242
-685.849 344.212 242
-684.097 350.063 242
-683.285 356.03 242
-683.41 362.136 242
-679.53 367.627 242
-679.551 373.718 242
-678.533 379.644 242
-676.479 385.378 242
-675.359 391.277 242
-672.228 396.766 242
-671.009 402.628 242
-668.763 408.261 242
-668.418 414.317 242
-666.073 419.91 242
-661.742 424.991 242
-662.213 431.26 242
-659.727 436.773 242
-657.196 442.257 242
-655.58 447.985 242
-652.956 453.415 242
-650.287 458.813 242
-647.574 464.179 242
-645.767 469.823 242
-642.963 475.133 242
-640.116 480.41 242
-638.168 485.987 242
-634.292 490.864 242
-632.254 496.39 242
-629.233 501.54 242
-626.171 506.655 242
-623.068 511.736 242
-620.847 517.163 242
-616.738 521.79 242
-613.513 526.763 242
-610.248 531.7 242
-608.764 537.43 242
-605.414 542.309 242
-601.122 546.72 242
-598.597 551.955 242
-594.236 556.275 242
-591.628 561.45 242
-588.088 566.139 242
-584.511 570.79 242
-580.898 575.402 242
-577.249 579.974 242
-572.694 584.015 242
-568.979 588.5 242
-565.229 592.945 242
-562.302 597.865 242
-558.479 602.237 242
-554.623 606.567 242
-550.735 610.857 242
-546.813 615.105 242
-542.86 619.311 242
-538.874 623.475 242
-534.034 627.031 242
-529.991 631.104 242
-525.919 635.134 242
-522.625 639.709 242
-518.488 643.661 242
-514.321 647.569 242
-510.126 651.434 242
-505.903 655.255 242
-500.869 658.409 242
-495.042 660.877 242
-491.525 665.182 242
-487.97 669.456 242
-482.097 671.75 242
-478.486 675.941 242
-474.089 679.439 242
-469.667 682.891 242
-464.485 685.622 242
-460.753 689.659 242
-454.81 691.598 242
-450.307 694.856 242
-445.781 698.068 242
-441.235 701.235 242
-436.666 704.355 242
-432.077 707.429 242
-426.78 709.732 242
-422.157 712.708 242
-416.839 714.9 242
-412.184 717.777 242
-408.174 721.357 242
-402.82 723.392 242
-398.761 726.889 242
-393.386 728.819 242
-388.644 731.463 242
-383.256 733.282 242
-377.866 735.043 242
-373.091 737.535 242
-368.301 739.979 242
-362.894 741.577 242
-357.488 743.118 242
-353.259 746.219 242
-347.841 747.655 242
-343.572 750.672 242
-338.144 752.003 242
-332.161 752.448 242
-327.851 755.328 242
-322.971 757.332 242
-317.544 758.444 242
-313.182 761.196 242
-307.229 761.352 242
-301.812 762.3 242
-296.91 764.053 242
-292.5 766.625 242
-286.59 766.547 242
-282.159 769.029 242
-276.275 768.835 242
-269.946 767.695 242
-254.885 749.63 242
-245.609 742.035 242
-240.947 743.265 242
-236.282 744.45 242
-240.225 763.643 242
-240.892 776.595 242
-235.546 776.858 242
-231.026 778.894 242
-226.091 779.973 242
-220.763 780.085 242
-215.451 780.144 242
-210.529 781.077 242
-205.241 781.034 242
-200.328 781.871 242
-195.065 781.726 242
-190.163 782.469 242
-184.929 782.223 242
-179.714 781.926 242
-175.152 783.475 242
-170.268 784.032 242
-165.087 783.591 242
-160.22 784.055 242
-155.356 784.474 242
-150.222 783.888 242
-145.378 784.215 242
-140.28 783.532 242
-135.456 783.768 242
-130.638 783.96 242
-125.827 784.107 242
-120.574 782.262 242
-116.228 784.271 242
-111.233 783.309 242
-106.263 782.3 242
-101.51 782.226 242
-96.767 782.108 242
-91.8598 780.963 242
-87.1451 780.759 242
-82.1281 778.536 242
-77.5999 779.233 242
-72.7875 777.91 242
-68.2652 778.526 242
-63.4939 777.117 242
-58.8656 776.657 242
-54.2502 776.157 242
-49.5522 774.62 242
-44.9723 774.036 242
-40.4064 773.412 242
-35.8548 772.748 242
-31.3179 772.043 242
-26.7436 770.3 242
-22.2458 769.515 242
-17.7289 767.691 242
-13.2717 766.826 242
-8.83088 765.923 242
-4.40686 764.981 242
3.78999e-05 762 242
4.38076 761.981 242
8.74369 760.924 242
13.0623 758.829 242
17.38 757.697 242
21.6353 755.528 242
25.9063 754.322 242
30.158 753.079 242
34.39 751.799 242
38.5235 749.486 242
42.7063 748.135 242
46.8686 746.749 242
51.0099 745.327 242
54.7904 740.889 242
59.1067 741.385 242
63.0442 738.868 242
67.2206 738.299 242
71.0964 735.717 242
75.245 735.078 242
79.2229 733.417 242
83.0039 730.738 242
86.7441 728.029 242
91.0159 728.236 242
94.6998 725.464 242
98.1343 721.686 242
102.376 721.788 242
105.502 716.98 242
109.719 717.014 242
113.703 716.039 242
117.178 713.093 242
120.869 711.087 242
124.8 710.015 242
128.171 706.987 242
131.783 704.892 242
135.076 701.813 242
138.024 697.756 242
142.457 698.437 242
145.326 694.332 242
149.761 694.939 242
152.884 691.73 242
156.303 689.44 242
158.644 684.312 242
162.699 683.846 242
166.025 681.479 242
169.697 680.014 242
172.973 677.594 242
175.829 674.227 242
179.437 672.677 242
182.625 670.182 242
185.783 667.663 242
188.065 663.307 242
192.008 662.553 242
195.075 659.963 242
198.558 658.246 242
200.21 652.934 242
203.631 651.172 242
207.037 649.38 242
209.473 645.801 242
212.831 643.958 242
215.682 641.216 242
219 639.319 242
221.287 635.67 242
225.072 634.582 242
227.287 630.898 242
230.515 628.901 242
232.651 625.188 242
235.829 623.144 242
237.885 619.405 242
240.453 616.486 242
244.121 615.198 242
245.491 610.597 242
247.96 607.627 242
251.572 606.259 242
252.8 601.639 242
256.975 601.017 242
257.506 595.588 242
261.04 594.117 242
263.324 591.043 242
265.573 587.956 242
267.789 584.854 242
270.614 582.505 242
274.067 580.891 242
275.545 576.978 242
278.3 574.561 242
280.366 571.378 242
282.397 568.182 242
285.757 566.437 242
287.732 563.206 242
287.589 557.807 242
290.176 555.286 242
292.742 552.742 242
294.572 549.476 242
295.649 545.505 242
297.404 542.225 242
299.855 539.619 242
301.546 536.316 242
303.946 533.674 242
305.574 530.349 242
308.676 528.328 242
309.485 524.325 242
312.546 522.257 242
314.051 518.884 242
316.298 516.133 242
319.304 513.986 242
320.72 510.574 242
322.101 507.157 242
323.447 503.735 242
325.562 500.903 242
326.843 497.465 242
328.089 494.023 242
330.937 491.725 242
333.771 489.395 242
334.931 485.914 242
334.388 481.327 242
336.307 478.4 242
339.043 475.994 242
339.219 471.968 242
340.203 468.477 242
343.724 466.53 242
345.513 463.523 242
346.41 460 242
349.013 457.462 242
349.848 453.924 242
350.648 450.386 242
353.179 447.789 242
352.143 443.314 242
355.512 441.142 242
357.079 438.033 242
357.72 434.472 242
358.326 430.913 242
358.898 427.357 242
361.255 424.633 242
361.764 421.068 242
363.156 417.905 242
364.52 414.73 242
365.856 411.543 242
367.165 408.344 242
369.376 405.501 242
367.831 401.197 242
370.922 398.682 242
370.239 394.756 242
370.458 391.186 242
371.589 387.948 242
374.588 385.335 242
374.716 381.753 242
377.672 379.079 242
376.784 375.194 242
376.816 371.618 242
378.737 368.601 242
377.743 364.757 242
380.575 361.975 242
380.482 358.399 242
381.326 355.075 242
383.114 351.977 242
382.927 348.406 242
380.755 344.411 242
383.434 341.501 242
384.13 338.152 242
383.816 334.606 242
386.419 331.619 242
387.029 328.244 242
386.624 324.699 242
388.162 321.479 242
387.694 317.941 242
389.175 314.695 242
388.646 311.166 242
388.086 307.651 242
389.48 304.376 242
390.847 301.08 242
388.205 297.38 242
392.501 294.339 242
390.792 290.756 242
392.043 287.414 242
392.267 283.992 242
390.464 280.463 242
393.625 277.186 242
392.761 273.716 242
393.865 270.314 242
393.94 266.876 242
392.985 263.43 242
394 260 242
394.985 256.553 242
392.94 253.141 242
392.865 249.712 242
393.76 246.25 242
394.624 242.77 242
393.46 239.38 242
393.265 235.947 242
394.038 232.446 242
394.779 228.93 242
394.493 225.486 242
392.186 222.237 242
393.831 218.607 242
394.448 215.058 242
393.048 211.74 242
394.595 208.051 242
392.146 204.887 242
392.639 201.32 242
392.112 197.896 242
390.569 194.641 242
389.984 191.235 242
390.352 187.652 242
390.688 184.058 242
390.01 180.652 242
388.325 177.459 242
386.613 174.29 242
0 260 242
0 260 242
0 260 242
0 260 242
0 260 242
0 260 242
0 260 242
0 260 242
71.7229 238.072 242
72.4825 237.146 242
0 260 242
0 260 242
0 260 242
39.5909 245.98 242
38.5274 245.977 242
37.4669 245.992 242
36.4096 246.024 242
36.2863 245.706 242
36.1602 245.39 242
34.1835 245.841 242
34.0587 245.543 242
33.9312 245.246 242
33.8012 244.951 242
32.7586 245.071 242
31.7208 245.208 242
33.3957 244.071 242
33.2554 243.78 242
33.1126 243.491 242
32.0762 243.656 242
31.0454 243.839 242
30.9032 243.568 242
29.001 244.254 242
29.7371 243.516 242
29.5921 243.258 242
27.7128 244 242
28.4338 243.251 242
28.2865 243.004 242
29.8424 241.713 242
28.8336 241.983 242
28.6753 241.732 242
29.3535 240.938 242
28.3521 241.234 242
27.3582 241.547 242
26.372 241.875 242
25.3937 242.219 242
25.2376 241.998 242
24.2705 242.366 242
24.9196 241.56 242
24.7577 241.344 242
34.9075 233.214 242
39.4005 229.217 242
32.8695 233.854 242
25.6458 239.232 242
27.0069 237.737 242
22.9813 240.716 242
0 260 242
0 260 242
0 260 242
0 260 242
0 260 242
0 260 242
0 260 242
0 260 242
0 260 242
0 260 242
0 260 242
