-0 260 84
-0 260 84
-0 260 84
-0 260 84
-0 260 84
-0 260 84
-0 260 84
-0 260 84
-15.8489 246.223 84
-22.0518 241.166 84
-26.8116 237.502 84
-27.7785 237.101 84
-35.7487 231.051 84
-43.8261 225.139 84
-40.9766 227.986 84
-27.7674 238.693 84
-26.355 240.14 84
-25.7234 240.966 84
-27.5066 240.015 84
-26.0517 241.418 84
-26.2129 241.646 84
-26.372 241.875 84
-25.7002 242.665 84
-25.8505 242.89 84
-26.8375 242.572 84
-26.9885 242.806 84
-26.2895 243.573 84
-27.2845 243.28 84
-27.4294 243.519 84
-28.4338 243.251 84
-26.8468 244.5 84
-27.8514 244.242 84
-27.9878 244.486 84
-29.001 244.254 84
-30.9032 243.569 84
-30.1584 244.301 84
-31.1852 244.11 84
-30.4278 244.829 84
-29.6602 245.534 84
-32.4931 244.502 84
-31.7208 245.208 84
-32.7586 245.071 84
-32.8876 245.357 84
-33.0142 245.645 84
-33.1382 245.934 84
-36.0313 245.075 84
-34.3058 246.14 84
-35.3559 246.073 84
-35.4761 246.382 84
-37.4669 245.992 84
-39.4671 245.635 84
-42.4189 244.979 84
-0 260 84
-0 260 84
-72.2803 236.515 84
-71.5288 237.447 84
-0 260 84
-72.8703 238.415 84
-0 260 84
-0 260 84
-0 260 84
-0 260 84
-0 260 84
-0 260 84
-0 260 84
-0 260 84
-0 260 84
-0 260 84
-0 260 84
-0 260 84
-0 260 84
-0 260 84
-691.382 150.496 84
-691.322 156.681 84
-690.217 162.996 84
-693.02 168.762 84
-693.79 174.813 84
-693.513 180.984 84
-693.182 187.144 84
-693.791 193.196 84
-693.352 199.34 84
-693.854 205.393 84
-693.307 211.519 84
-694.702 217.51 84
-695.046 223.574 84
-692.34 229.772 84
-693.577 235.78 84
-694.762 241.807 84
-694.894 247.871 84
-692.974 253.953 84
-693 260 84
-692.974 266.048 84
-691.895 272.077 84
-691.763 278.115 84
-691.578 284.151 84
-690.342 290.141 84
-690.053 296.164 84
-688.713 302.124 84
-688.319 308.132 84
-687.873 314.137 84
-686.378 320.05 84
-685.828 326.038 84
-685.226 332.02 84
-683.577 337.884 84
-681.879 343.724 84
-681.123 349.672 84
-680.314 355.612 84
-676.487 361.102 84
-677.554 367.314 84
-675.606 373.058 84
-673.608 378.775 84
-671.563 384.467 84
-669.47 390.132 84
-668.309 395.969 84
-667.097 401.796 84
-664.858 407.395 84
-661.597 412.742 84
-660.239 418.509 84
-657.86 424.023 84
-656.404 429.758 84
-652.966 434.962 84
-652.378 440.92 84
-648.852 446.055 84
-647.203 451.71 84
-644.549 457.059 84
-641.851 462.375 84
-639.11 467.66 84
-637.273 473.229 84
-633.497 478.131 84
-631.57 483.651 84
-628.654 488.812 84
-624.76 493.588 84
-622.698 499.032 84
-619.658 504.09 84
-617.504 509.488 84
-613.456 514.102 84
-609.374 518.664 84
-607.094 523.972 84
-604.767 529.26 84
-601.484 534.112 84
-597.257 538.506 84
-592.998 542.846 84
-591.406 548.448 84
-586.182 552.26 84
-584.5 557.818 84
-580.105 561.984 84
-577.448 567.034 84
-573.868 571.585 84
-570.252 576.096 84
-567.472 581.06 84
-562.916 585 84
-558.336 588.885 84
-553.73 592.715 84
-551.658 598.057 84
-548.687 602.858 84
-543.987 606.558 84
-540.104 610.748 84
-536.189 614.896 84
-533.071 619.561 84
-528.265 623.066 84
-525.076 627.663 84
-520.22 631.069 84
-516.962 635.595 84
-512.057 638.902 84
-508.731 643.356 84
-504.573 647.172 84
-497.235 648.482 84
-464.869 629.774 84
-455.407 628.782 84
-453.715 634.014 84
-465.755 650.815 84
-477.535 667.853 84
-473.958 672.005 84
-469.595 675.463 84
-465.952 679.545 84
-460.798 682.244 84
-455.633 684.885 84
-451.183 688.157 84
-445.991 690.688 84
-442.215 694.564 84
-437.699 697.699 84
-431.76 699.362 84
-427.215 702.394 84
-423.338 706.105 84
-419.429 709.783 84
-414.137 711.951 84
-408.17 713.318 84
-403.536 716.114 84
-398.228 718.109 84
-394.215 721.566 84
-389.529 724.223 84
-385.463 727.605 84
-380.109 729.396 84
-374.754 731.13 84
-370.012 733.595 84
-365.257 736.012 84
-359.885 737.584 84
-355.109 739.903 84
-349.732 741.365 84
-346.099 745.213 84
-341.278 747.396 84
-335.879 748.707 84
-331.042 750.79 84
-325.091 751.159 84
-320.248 753.138 84
-315.395 755.071 84
-310.003 756.108 84
-304.617 757.089 84
-300.782 760.586 84
-295.895 762.33 84
-290.5 763.161 84
-285.606 764.806 84
-280.705 766.405 84
-275.321 767.078 84
-269.946 767.695 84
-265.044 769.144 84
-260.137 770.547 84
-255.671 772.797 84
-250.31 773.211 84
-245.391 774.474 84
-240.047 774.783 84
-235.131 775.948 84
-229.806 776.153 84
-224.496 776.305 84
-219.591 777.324 84
-214.685 778.296 84
-209.78 779.223 84
-204.508 779.173 84
-199.611 780.004 84
-194.715 780.79 84
-189.821 781.529 84
-184.595 781.281 84
-179.714 781.926 84
-174.518 781.578 84
-169.959 783.081 84
-164.787 782.637 84
-159.927 783.099 84
-155.072 783.516 84
-149.671 781.965 84
-145.11 783.251 84
-140.021 782.566 84
-135.205 782.8 84
-130.396 782.989 84
-125.36 782.163 84
-120.574 782.262 84
-115.795 782.318 84
-111.025 782.331 84
-106.263 782.3 84
-101.51 782.226 84
-96.767 782.108 84
-91.6862 779.979 84
-87.1451 780.759 84
-82.4409 780.512 84
-77.5999 779.233 84
-72.9267 778.9 84
-68.3957 779.517 84
-63.4939 777.117 84
-58.7524 775.664 84
-54.3548 777.151 84
-49.6481 775.615 84
-44.9723 774.036 84
-40.4064 773.412 84
-35.8548 772.748 84
-31.3179 772.043 84
-26.7436 770.3 84
-22.2895 770.514 84
-17.7638 768.69 84
-13.324 768.826 84
-8.84833 766.923 84
-4.40686 764.981 84
3.79754e-05 763 84
4.38949 762.981 84
8.76115 761.924 84
13.1147 760.828 84
17.38 757.697 84
21.8097 759.524 84
26.0633 757.318 84
30.2801 755.075 84
34.4597 752.797 84
38.7588 752.477 84
42.9678 751.124 84
47.1561 749.735 84
51.3235 748.31 84
55.4696 746.85 84
59.4723 744.363 84
63.6968 743.825 84
67.6382 741.27 84
71.5398 738.684 84
75.7143 738.041 84
79.8831 737.362 84
83.6985 734.677 84
87.4731 731.962 84
91.5883 731.181 84
95.4973 729.384 84
98.966 725.598 84
102.809 723.741 84
107.077 723.8 84
110.186 718.959 84
114.671 719.92 84
118.179 716.966 84
121.904 714.951 84
125.602 712.906 84
129.274 710.832 84
132.351 706.81 84
135.66 703.725 84
140.129 704.432 84
143.693 702.241 84
147.229 700.022 84
151.064 698.721 84
154.553 696.443 84
154.251 683.801 84
144.986 647.782 84
148.364 646.502 84
152.098 646.123 84
156.211 646.636 84
159.962 646.182 84
166.451 652.135 84
180.633 675.428 84
185.065 675.663 84
187.441 671.302 84
191.446 670.557 84
193.3 665.261 84
197.705 665.356 84
200.789 662.72 84
202.934 658.28 84
207.325 658.268 84
208.915 652.912 84
213.29 652.831 84
214.771 647.457 84
218.144 645.568 84
221.5 643.649 84
224.84 641.702 84
228.162 639.725 84
229.377 634.309 84
232.635 632.293 84
236.412 631.092 84
238.007 626.499 84
240.645 623.574 84
243.808 621.46 84
246.953 619.319 84
250.653 617.969 84
252.606 614.14 84
253.335 608.686 84
258.153 608.874 84
260.586 605.809 84
263.594 603.522 84
265.35 599.633 84
267.681 596.521 84
269.349 592.618 84
272.878 591.027 84
276.399 589.399 84
278.613 586.214 84
279.481 581.506 84
281.614 578.306 84
283.711 575.093 84
287.126 573.343 84
287.803 568.631 84
291.174 566.833 84
293.146 563.561 84
294.382 559.565 84
297.692 557.692 84
300.992 555.784 84
301.403 551.062 84
302.481 547.044 84
306.437 545.757 84
308.182 542.397 84
310.635 539.697 84
313.064 536.975 84
314.714 533.577 84
316.329 530.17 84
318.674 527.4 84
319.453 523.336 84
323.293 521.797 84
324.782 518.344 84
326.236 514.884 84
328.448 512.027 84
330.635 509.151 84
331.993 505.662 84
334.124 502.755 84
334.601 498.669 84
337.491 496.313 84
337.892 492.227 84
340.734 489.828 84
343.561 487.398 84
344.694 483.847 84
344.947 479.756 84
346.852 476.737 84
347.877 473.179 84
348.867 469.62 84
351.545 467.076 84
353.338 464 84
355.975 461.401 84
357.719 458.287 84
357.679 454.204 84
359.36 451.075 84
361.9 448.393 84
363.531 445.228 84
362.448 440.71 84
366.708 438.855 84
367.352 435.218 84
368.867 432.006 84
369.444 428.365 84
369.072 424.322 84
369.575 420.696 84
371.884 417.855 84
372.323 414.221 84
374.582 411.341 84
374.028 407.333 84
378.1 405.139 84
377.479 401.134 84
377.756 397.492 84
379.885 394.524 84
380.098 390.878 84
381.226 387.556 84
382.325 384.225 84
384.348 381.184 84
385.391 377.826 84
383.528 373.606 84
385.466 370.531 84
387.379 367.43 84
388.302 364.045 84
388.227 360.402 84
388.118 356.769 84
388.948 353.378 84
391.697 350.43 84
392.471 347.009 84
391.259 343.165 84
392.95 339.947 84
392.651 336.324 84
395.268 333.259 84
392.938 329.286 84
394.514 326.019 84
396.063 322.73 84
397.584 319.419 84
397.097 315.808 84
396.578 312.21 84
398.011 308.87 84
398.422 305.394 84
399.798 302.02 84
398.158 298.338 84
400.47 295.037 84
398.767 291.384 84
399.026 287.903 84
400.252 284.48 84
400.45 280.987 84
401.617 277.535 84
401.755 274.03 84
399.863 270.471 84
400.939 266.998 84
400.985 263.499 84
403 260 84
401.985 256.492 84
400.939 253.002 84
401.862 249.477 84
402.755 245.936 84
400.618 242.509 84
402.448 238.909 84
402.248 235.397 84
403.016 231.818 84
402.755 228.303 84
401.466 224.876 84
404.131 221.087 84
400.792 217.875 84
403.39 214.039 84
402.974 210.521 84
399.552 207.398 84
402.049 203.496 84
399.562 200.285 84
399.026 196.8 84
399.446 193.156 84
397.862 189.846 84
398.218 186.195 84
395.596 183.104 84
397.849 179.057 84
397.128 175.588 84
395.4 172.342 84
0 260 84
0 260 84
0 260 84
0 260 84
0 260 84
0 260 84
0 260 84
0 260 84
72.6792 237.78 84
72.4825 237.146 84
0 260 84
0 260 84
0 260 84
39.5909 245.98 84
36.648 246.661 84
36.5302 246.342 84
35.4761 246.382 84
37.2167 245.34 84
35.233 245.765 84
34.1835 245.841 84
34.9792 245.152 84
33.0142 245.645 84
33.8012 244.951 84
32.7586 245.071 84
31.7208 245.208 84
33.3957 244.071 84
33.2554 243.78 84
33.1126 243.491 84
31.1852 244.11 84
31.9324 243.377 84
30.0202 244.038 84
29.001 244.254 84
29.7371 243.516 84
28.7217 243.75 84
28.5788 243.5 84
28.4338 243.251 84
29.1437 242.489 84
28.1371 242.758 84
27.9856 242.513 84
28.6753 241.732 84
28.5148 241.482 84
28.3521 241.234 84
27.3582 241.547 84
27.1962 241.309 84
26.2129 241.646 84
25.2376 241.998 84
24.2705 242.366 84
24.9196 241.56 84
23.9591 241.946 84
36.4943 231.997 84
40.9766 227.986 84
32.8695 233.854 84
26.423 238.603 84
25.4636 239.009 84
23.7474 240.074 84
0 260 84
0 260 84
0 260 84
0 260 84
0 260 84
0 260 84
0 260 84
0 260 84
0 260 84
0 260 84
0 260 84
