-0 260 85
-0 260 85
-0 260 85
-0 260 85
-0 260 85
-0 260 85
-0 260 85
-0 260 85
-15.8489 246.223 85
-22.0518 241.166 85
-26.0455 238.145 85
-25.4636 239.009 85
-33.4173 232.939 85
-43.8261 225.139 85
-40.1886 228.601 85
-26.974 239.302 85
-26.355 240.14 85
-26.5273 240.371 85
-25.8885 241.191 85
-26.0517 241.418 85
-27.032 241.072 85
-24.7238 243.008 85
-27.3582 241.547 85
-26.6843 242.338 85
-26.8375 242.572 85
-26.9885 242.806 85
-27.1375 243.043 85
-27.2845 243.28 85
-28.2865 243.004 85
-28.4338 243.251 85
-26.8468 244.5 85
-28.7217 243.75 85
-27.9878 244.486 85
-29.001 244.254 85
-30.0202 244.038 85
-30.1584 244.301 85
-30.2942 244.564 85
-30.4278 244.829 85
-30.559 245.095 85
-31.5905 244.932 85
-32.6271 244.786 85
-31.8486 245.486 85
-31.9741 245.764 85
-33.0142 245.645 85
-34.9792 245.152 85
-34.1835 245.841 85
-34.3058 246.14 85
-35.3559 246.073 85
-35.4761 246.382 85
-37.4669 245.992 85
-39.4671 245.635 85
-0 260 85
-0 260 85
-0 260 85
-70.3782 237.133 85
-70.5751 237.748 85
-0 260 85
-0 260 85
-0 260 85
-0 260 85
-0 260 85
-0 260 85
-0 260 85
-0 260 85
-0 260 85
-0 260 85
-0 260 85
-0 260 85
-0 260 85
-0 260 85
-0 260 85
-0 260 85
-689.406 150.809 85
-690.333 156.829 85
-691.207 162.857 85
-691.037 169.023 85
-690.812 175.179 85
-691.526 181.211 85
-693.182 187.144 85
-691.8 193.387 85
-693.352 199.34 85
-692.858 205.471 85
-691.312 211.659 85
-692.706 217.632 85
-693.049 223.679 85
-692.34 229.772 85
-692.578 235.815 85
-692.763 241.859 85
-692.894 247.906 85
-692.974 253.953 85
-692 260 85
-691.974 266.039 85
-691.895 272.077 85
-690.763 278.088 85
-689.58 284.081 85
-689.343 290.097 85
-689.054 296.112 85
-687.715 302.063 85
-687.322 308.062 85
-686.876 314.058 85
-686.378 320.05 85
-684.833 325.942 85
-683.237 331.811 85
-682.584 337.771 85
-680.887 343.602 85
-680.131 349.541 85
-678.334 355.334 85
-677.476 361.25 85
-675.579 367.001 85
-673.633 372.728 85
-672.624 378.602 85
-669.597 384.102 85
-669.47 390.132 85
-667.329 395.77 85
-665.14 401.38 85
-662.905 406.963 85
-662.572 412.967 85
-659.267 418.276 85
-656.89 423.781 85
-655.436 429.507 85
-652.966 434.962 85
-651.414 440.653 85
-648.852 446.055 85
-646.244 451.426 85
-643.593 456.766 85
-640.898 462.074 85
-638.159 467.35 85
-636.325 472.912 85
-632.552 477.805 85
-630.627 483.317 85
-627.715 488.47 85
-625.697 493.939 85
-622.698 499.032 85
-618.728 503.723 85
-615.65 508.739 85
-614.38 514.485 85
-609.374 518.664 85
-607.094 523.972 85
-602.94 528.446 85
-600.574 533.698 85
-598.163 538.928 85
-594.804 543.707 85
-590.508 548.01 85
-587.077 552.706 85
-582.718 556.91 85
-580.105 561.984 85
-578.331 567.504 85
-573.868 571.585 85
-568.503 575.126 85
-566.602 580.568 85
-563.782 585.5 85
-558.336 588.885 85
-555.444 593.745 85
-551.658 598.057 85
-546.991 601.798 85
-543.987 606.558 85
-539.265 610.203 85
-536.189 614.896 85
-531.413 618.443 85
-529.913 624.199 85
-525.076 627.663 85
-520.22 631.069 85
-515.344 634.419 85
-512.861 639.497 85
-508.731 643.356 85
-504.573 647.172 85
-497.235 648.482 85
-474.26 637.244 85
-454.63 628.152 85
-452.944 633.378 85
-456.562 643.101 85
-477.535 667.853 85
-472.448 670.693 85
-469.595 675.463 85
-465.209 678.876 85
-461.536 682.92 85
-457.096 686.249 85
-451.183 688.157 85
-446.71 691.383 85
-441.502 693.863 85
-436.992 696.992 85
-432.461 700.076 85
-428.604 703.833 85
-423.338 706.105 85
-419.429 709.783 85
-414.137 711.951 85
-409.508 714.805 85
-403.536 716.114 85
-399.54 719.618 85
-394.215 721.566 85
-388.244 722.691 85
-385.463 727.605 85
-380.109 729.396 85
-375.376 731.913 85
-370.628 734.383 85
-365.257 736.012 85
-360.487 738.383 85
-355.109 739.903 85
-351.496 743.792 85
-344.357 742.771 85
-341.278 747.396 85
-335.312 747.883 85
-331.042 750.79 85
-325.091 751.159 85
-320.248 753.138 85
-315.932 755.914 85
-310.533 756.956 85
-305.139 757.942 85
-300.267 759.729 85
-294.88 760.607 85
-290.5 763.161 85
-285.606 764.806 85
-280.22 765.53 85
-274.843 766.199 85
-269.477 766.812 85
-265.505 770.031 85
-259.683 769.656 85
-254.333 770.113 85
-249.872 772.313 85
-244.961 773.571 85
-240.047 774.783 85
-234.716 775.038 85
-229.399 775.24 85
-224.496 776.305 85
-219.591 777.324 85
-214.303 777.373 85
-209.03 777.369 85
-204.141 778.243 85
-199.253 779.071 85
-194.715 780.79 85
-189.137 779.65 85
-184.261 780.338 85
-179.388 780.981 85
-174.518 781.578 85
-169.341 781.179 85
-164.185 780.729 85
-159.635 782.142 85
-154.504 781.598 85
-149.671 781.965 85
-144.843 782.288 85
-140.021 782.566 85
-134.955 781.832 85
-130.154 782.019 85
-125.36 782.163 85
-120.349 781.288 85
-115.362 780.366 85
-110.401 779.396 85
-105.864 780.34 85
-101.129 780.262 85
-96.5848 781.125 85
-91.6862 779.979 85
-86.815 778.786 85
-82.2845 779.524 85
-77.5999 779.233 85
-72.9267 778.9 85
-68.1346 777.534 85
-63.4939 777.117 85
-58.9788 777.651 85
-54.2502 776.157 85
-49.6481 775.615 85
-44.8852 773.04 85
-40.4849 774.409 85
-35.8548 772.748 85
-31.1958 770.047 85
-26.796 771.298 85
-22.2458 769.515 85
-17.7638 768.69 85
-13.2979 767.826 85
-8.84833 766.923 85
-4.41559 765.981 85
3.81264e-05 765 85
4.38076 761.981 85
8.76115 761.924 85
13.1147 760.828 85
17.4149 758.696 85
21.7661 758.525 85
26.011 756.319 85
30.3412 756.073 85
34.5992 754.792 85
38.7588 752.477 85
42.9678 751.124 85
47.0603 748.74 85
51.3235 748.31 85
55.13 743.869 85
59.5941 745.355 85
63.6968 743.825 85
67.7773 742.261 85
71.8354 740.662 85
75.8707 739.029 85
79.718 736.376 85
83.6985 734.677 85
87.6553 732.946 85
91.5883 731.181 85
95.0985 727.424 85
99.5897 728.533 85
103.458 726.669 85
106.852 722.826 85
111.12 722.848 85
114.429 718.95 85
118.68 718.902 85
122.421 716.883 85
125.869 713.87 85
129.825 712.754 85
133.487 710.645 85
136.83 707.551 85
140.129 704.432 85
143.693 702.241 85
147.547 700.97 85
151.064 698.721 85
154.886 697.386 85
152.541 679.103 85
145.686 649.656 85
148.723 647.436 85
152.465 647.054 85
155.836 645.708 85
160.727 648.029 85
166.451 652.135 85
181.032 676.345 85
185.065 675.663 85
188.685 674.032 85
191.023 669.651 85
194.591 667.969 85
196.829 663.559 85
200.343 661.826 85
201.572 655.607 85
202.708 649.398 85
209.854 654.678 85
213.29 652.831 85
216.225 650.08 85
219.621 648.179 85
222 644.515 85
224.332 640.84 85
227.132 638.011 85
230.422 636.014 85
233.164 633.141 85
237.486 632.779 85
239.641 629.015 85
242.852 626.91 85
244.367 622.289 85
247.52 620.143 85
248.932 615.512 85
253.187 614.954 85
256.274 612.731 85
258.748 609.678 85
260.586 605.809 85
264.202 604.315 85
265.35 599.633 85
267.681 596.521 85
270.608 594.173 85
272.878 591.027 85
275.756 588.633 85
278.613 586.214 85
281.449 583.77 85
284.264 581.302 85
285.719 577.323 85
287.801 574.08 85
289.849 570.825 85
293.239 569.009 85
294.535 565 85
296.485 561.705 85
299.813 559.813 85
301.705 556.485 85
303.561 553.146 85
304.657 549.109 85
306.437 545.757 85
308.182 542.397 85
310.635 539.697 85
313.064 536.975 85
316.223 534.889 85
317.85 531.469 85
319.441 528.042 85
320.224 523.972 85
323.293 521.797 85
324.782 518.344 85
325.448 514.268 85
328.448 512.027 85
330.635 509.151 85
332.797 506.257 85
334.124 502.755 85
336.23 499.83 85
337.491 496.313 85
340.364 493.926 85
339.905 489.269 85
342.727 486.846 85
343.855 483.302 85
347.477 481.367 85
347.7 477.267 85
349.582 474.224 85
350.581 470.651 85
351.545 467.076 85
353.338 464 85
356.846 461.894 85
357.719 458.287 85
356.8 453.726 85
362.009 452.483 85
362.787 448.855 85
361.749 444.32 85
363.343 441.156 85
364.91 437.979 85
364.644 433.926 85
367.055 431.16 85
369.444 428.365 85
370.899 425.135 85
371.409 421.493 85
373.725 418.637 85
372.323 414.221 85
375.509 411.716 85
376.819 408.433 85
377.166 404.781 85
378.416 401.484 85
378.696 397.834 85
380.827 394.858 85
381.99 391.53 85
381.226 387.556 85
382.325 384.225 85
384.348 381.184 85
384.435 377.533 85
385.446 374.174 85
386.427 370.806 85
387.379 367.43 85
387.336 363.786 85
389.195 360.653 85
389.089 357.011 85
389.92 353.612 85
390.722 350.205 85
392.471 347.009 85
392.237 343.373 85
393.93 340.146 85
392.651 336.324 85
394.285 333.076 85
394.908 329.633 85
395.501 326.184 85
396.063 322.73 85
396.595 319.272 85
397.097 315.808 85
397.569 312.341 85
399.996 309.113 85
397.429 305.281 85
399.798 302.02 85
399.154 298.434 85
398.478 294.862 85
400.761 291.541 85
399.026 287.903 85
399.254 284.419 85
401.449 281.039 85
401.617 277.535 85
400.756 273.995 85
400.863 270.497 85
400.939 266.998 85
401.985 263.508 85
401 260 85
400.985 256.501 85
400.939 253.002 85
403.862 249.425 85
402.755 245.936 85
402.616 242.421 85
401.449 238.961 85
403.246 235.336 85
401.021 231.958 85
401.758 228.381 85
403.459 224.702 85
403.135 221.182 85
400.792 217.875 85
399.416 214.492 85
400.989 210.765 85
399.552 207.398 85
399.078 203.913 85
400.551 200.137 85
399.026 196.8 85
398.459 193.321 85
400.817 189.325 85
398.218 186.195 85
396.577 182.913 85
397.849 179.057 85
396.15 175.796 85
395.4 172.342 85
0 260 85
0 260 85
0 260 85
0 260 85
0 260 85
0 260 85
0 260 85
0 260 85
71.7229 238.072 85
72.4825 237.146 85
0 260 85
0 260 85
0 260 85
38.6483 246.314 85
39.4671 245.635 85
36.5302 246.342 85
35.4761 246.382 85
37.2167 245.34 85
36.1602 245.39 85
34.1835 245.841 85
34.9792 245.152 85
33.9312 245.246 85
32.8876 245.357 85
31.8486 245.486 85
32.6271 244.786 85
33.3957 244.071 85
33.2554 243.78 85
34.0075 243.044 85
32.0762 243.656 85
31.0454 243.839 85
29.1373 244.507 85
29.8798 243.777 85
29.7371 243.516 85
28.7217 243.75 85
29.4449 243 85
29.2954 242.744 85
28.2865 243.004 85
29.8424 241.713 85
28.8336 241.983 85
27.8319 242.269 85
28.5148 241.482 85
28.3521 241.234 85
27.3582 241.547 85
26.372 241.875 85
27.032 241.072 85
26.8658 240.837 85
25.0795 241.779 85
24.1157 242.155 85
23.9591 241.946 85
34.1142 233.823 85
41.7646 227.37 85
32.8695 233.854 85
25.6458 239.232 85
26.2352 238.373 85
22.9813 240.716 85
0 260 85
0 260 85
0 260 85
0 260 85
0 260 85
0 260 85
0 260 85
0 260 85
0 260 85
0 260 85
0 260 85
