-0 260 230
-0 260 230
-0 260 230
-0 260 230
-0 260 230
-0 260 230
-0 260 230
-0 260 230
-17.3583 244.911 230
-23.5726 239.867 230
-26.0455 238.145 230
-26.2352 238.373 230
-34.9716 231.681 230
-43.0435 225.762 230
-40.1886 228.601 230
-27.7674 238.693 230
-26.355 240.14 230
-26.5273 240.371 230
-26.6976 240.603 230
-26.8658 240.837 230
-27.032 241.072 230
-26.372 241.875 230
-26.5292 242.106 230
-26.6843 242.338 230
-26.8375 242.572 230
-27.8319 242.269 230
-27.1375 243.043 230
-27.2845 243.28 230
-28.2865 243.004 230
-28.4338 243.251 230
-27.7128 244 230
-26.981 244.735 230
-27.9878 244.486 230
-28.1222 244.731 230
-30.0202 244.038 230
-31.0454 243.839 230
-30.2942 244.564 230
-30.4278 244.829 230
-31.4578 244.657 230
-30.6879 245.363 230
-32.6271 244.786 230
-31.8486 245.486 230
-31.9741 245.764 230
-33.9312 245.246 230
-34.9792 245.152 230
-35.1074 245.458 230
-35.233 245.765 230
-35.3559 246.073 230
-35.4761 246.382 230
-37.4669 245.992 230
-39.4671 245.635 230
-0 260 230
-0 260 230
-0 260 230
-72.2803 236.515 230
-72.4825 237.146 230
-0 260 230
-71.9115 238.699 230
-0 260 230
-0 260 230
-0 260 230
-0 260 230
-0 260 230
-0 260 230
-0 260 230
-0 260 230
-0 260 230
-0 260 230
-0 260 230
-0 260 230
-0 260 230
-0 260 230
-715.086 146.742 230
-715.058 153.134 230
-716.954 159.239 230
-716.815 165.63 230
-716.618 172.01 230
-716.365 178.381 230
-718.045 184.531 230
-718.676 190.799 230
-718.256 197.161 230
-718.777 203.431 230
-718.246 209.775 230
-718.657 216.045 230
-718.015 222.371 230
-719.315 228.594 230
-718.562 234.907 230
-717.754 241.205 230
-717.891 247.469 230
-717.973 253.734 230
-717 260 230
-716.973 266.257 230
-717.891 272.531 230
-716.754 278.769 230
-714.564 284.953 230
-714.319 291.188 230
-714.02 297.42 230
-713.666 303.65 230
-713.258 309.876 230
-711.799 316.02 230
-711.283 322.229 230
-708.722 328.242 230
-708.1 334.424 230
-708.417 340.714 230
-704.708 346.527 230
-704.917 352.804 230
-703.09 358.813 230
-701.212 364.797 230
-699.283 370.756 230
-698.29 376.854 230
-697.244 382.943 230
-695.161 388.841 230
-693.029 394.711 230
-691.827 400.754 230
-689.594 406.578 230
-687.312 412.374 230
-684.982 418.141 230
-683.576 424.112 230
-681.148 429.829 230
-678.671 435.516 230
-677.114 441.432 230
-672.614 446.532 230
-670.961 452.395 230
-669.256 458.243 230
-665.588 463.491 230
-662.833 468.991 230
-660.033 474.458 230
-657.188 479.892 230
-655.244 485.619 230
-650.423 490.327 230
-648.388 495.994 230
-645.367 501.293 230
-642.303 506.557 230
-639.197 511.786 230
-635.121 516.606 230
-633.781 522.521 230
-628.705 526.869 230
-626.352 532.346 230
-623.038 537.394 230
-619.684 542.406 230
-616.289 547.38 230
-611.953 551.887 230
-609.382 557.216 230
-605.871 562.076 230
-600.538 565.99 230
-597.845 571.219 230
-594.224 575.954 230
-590.565 580.651 230
-586.87 585.307 230
-583.138 589.924 230
-579.371 594.5 230
-575.568 599.036 230
-571.731 603.53 230
-567.858 607.984 230
-563.104 611.866 230
-559.168 616.23 230
-554.361 620.006 230
-551.198 624.83 230
-547.165 629.067 230
-542.275 632.695 230
-538.183 636.84 230
-533.246 640.361 230
-529.906 644.999 230
-525.722 649.014 230
-520.71 652.383 230
-516.473 656.304 230
-512.207 660.18 230
-507.13 663.39 230
-502.813 667.17 230
-498.469 670.907 230
-494.099 674.598 230
-489.701 678.245 230
-485.278 681.846 230
-479.332 684.077 230
-474.869 687.575 230
-471.12 691.702 230
-465.141 693.751 230
-461.338 697.794 230
-456.061 700.413 230
-450.061 702.274 230
-446.891 706.892 230
-440.872 708.635 230
-436.94 712.465 230
-432.287 715.535 230
-425.567 716.365 230
-422.244 720.798 230
-416.868 722.979 230
-412.15 725.851 230
-405.444 726.411 230
-402.008 730.691 230
-395.957 731.883 230
-391.824 735.321 230
-385.773 736.391 230
-381.601 739.739 230
-376.169 741.475 230
-370.736 743.152 230
-365.903 745.57 230
-361.652 748.745 230
-355.61 749.455 230
-350.164 750.912 230
-345.867 753.949 230
-340.41 755.3 230
-334.397 755.765 230
-330.058 758.664 230
-325.149 760.686 230
-319.693 761.818 230
-314.242 762.893 230
-309.319 764.763 230
-303.872 765.729 230
-296.91 764.053 230
-279 743.242 230
-271.818 740.436 230
-266.645 741.041 230
-261.006 740.713 230
-264.782 757.982 230
-266.891 772.692 230
-262.86 775.893 230
-257.01 775.482 230
-252.063 776.807 230
-246.683 777.181 230
-240.892 776.595 230
-235.96 777.768 230
-231.026 778.894 230
-226.091 779.973 230
-220.763 780.085 230
-215.451 780.144 230
-210.154 780.15 230
-204.874 780.103 230
-199.969 780.938 230
-195.065 781.726 230
-189.821 781.529 230
-185.263 783.166 230
-179.388 780.981 230
-174.835 782.526 230
-169.65 782.13 230
-164.486 781.683 230
-159.343 781.186 230
-154.788 782.557 230
-149.395 781.004 230
-144.843 782.288 230
-139.762 781.6 230
-134.704 780.863 230
-129.912 781.049 230
-125.127 781.19 230
-120.124 780.314 230
-115.146 779.389 230
-110.609 780.375 230
-105.466 778.38 230
-100.938 779.281 230
-95.8558 777.192 230
-91.3389 778.009 230
-86.4849 776.814 230
-81.6587 775.573 230
-77.0087 775.277 230
-72.2308 773.949 230
-67.7431 774.56 230
-62.8845 772.154 230
-58.1864 770.696 230
-53.7276 771.184 230
-49.073 769.643 230
-44.5365 769.055 230
-40.0141 768.428 230
-35.4362 766.763 230
-30.8905 765.056 230
-26.4296 764.308 230
-21.9841 763.52 230
-17.5544 762.694 230
-13.1146 760.828 230
-8.70871 758.924 230
-4.34578 757.981 230
3.75225e-05 757 230
4.31967 754.981 230
8.62153 753.925 230
12.8791 751.831 230
17.0659 748.702 230
21.3735 749.534 230
25.54 747.331 230
29.7917 747.09 230
33.9017 744.816 230
38.0527 743.505 230
42.0963 741.162 230
46.1018 738.786 230
50.0692 736.376 230
54.1112 734.927 230
58.1317 733.445 230
62.1305 731.928 230
66.1073 730.377 230
69.9139 727.804 230
73.8371 726.189 230
77.4074 722.568 230
81.441 721.875 230
85.4685 721.147 230
88.917 717.438 230
92.9055 716.645 230
96.4711 713.86 230
100.212 712.025 230
104.152 711.133 230
107.618 708.263 230
111.284 706.336 230
114.924 704.38 230
118.28 701.428 230
121.861 699.415 230
125.415 697.374 230
128.943 695.304 230
132.444 693.206 230
135.919 691.08 230
139.058 687.975 230
141.835 683.901 230
145.529 682.647 230
148.878 680.418 230
152.199 678.163 230
155.492 675.882 230
158.399 672.643 230
161.627 670.314 230
165.576 669.815 230
168.763 667.431 230
171.531 664.102 230
175.051 662.589 230
177.337 658.306 230
180.806 656.743 230
183.839 654.244 230
185.981 649.917 230
189.815 649.178 230
191.865 644.822 230
194.762 642.242 230
197.628 639.641 230
200.464 637.019 230
204.224 636.134 230
207.014 633.463 230
210.265 631.642 230
213 628.927 230
215.704 626.192 230
217.346 621.725 230
219.972 618.961 230
223.096 617.028 230
225.129 613.381 230
227.659 610.564 230
230.158 607.73 230
233.183 605.709 230
236.191 603.661 230
238.034 599.948 230
239.83 596.23 230
242.755 594.124 230
246.257 592.797 230
247.948 589.038 230
250.81 586.862 230
251.806 582.296 230
255.231 580.869 230
257.392 577.853 230
259.52 574.823 230
261.615 571.78 230
263.676 568.725 230
265.048 564.903 230
268.361 563.327 230
270.329 560.23 230
272.938 557.86 230
274.845 554.736 230
276.03 550.875 230
279.253 549.175 230
280.364 545.3 230
281.429 541.428 230
284.587 539.663 230
287.017 537.169 230
288.699 533.965 230
290.347 530.753 230
291.962 527.534 230
293.542 524.307 230
295.089 521.072 230
296.601 517.831 230
299.6 515.883 230
301.055 512.616 230
302.477 509.343 230
304.641 506.694 230
306 503.403 230
307.324 500.108 230
309.408 497.417 230
312.266 495.31 230
313.504 491.981 230
313.899 488.061 230
315.063 484.732 230
317.831 482.548 230
318.113 478.633 230
320.009 475.848 230
321.88 473.048 230
323.727 470.231 230
323.862 466.323 230
325.65 463.489 230
327.414 460.639 230
329.152 457.775 230
330.004 454.387 230
331.688 451.5 230
332.476 448.106 230
334.105 445.197 230
335.708 442.275 230
337.286 439.338 230
336.177 435.003 230
338.582 432.516 230
340.075 429.555 230
342.441 427.019 230
343.885 424.025 230
343.491 420.172 230
346.695 417.998 230
345.32 413.746 230
347.566 411.126 230
348.871 408.087 230
349.226 404.654 230
350.475 401.601 230
351.698 398.537 230
351.026 394.746 230
353.125 392.028 230
353.324 388.6 230
353.491 385.178 230
355.515 382.414 230
357.518 379.624 230
357.597 376.19 230
359.551 373.366 230
359.571 369.932 230
359.557 366.506 230
362.396 363.915 230
360.398 359.947 230
362.222 357.057 230
363.055 353.892 230
363.861 350.721 230
363.666 347.309 230
363.44 343.907 230
365.135 340.948 230
364.849 337.551 230
365.512 334.364 230
366.147 331.172 230
368.721 328.338 230
367.333 324.771 230
368.871 321.728 230
369.395 318.506 230
370.881 315.429 230
369.37 311.912 230
368.817 308.556 230
372.205 305.701 230
372.589 302.451 230
372.946 299.198 230
372.278 295.846 230
371.581 292.509 230
372.847 289.344 230
372.091 286.019 230
373.302 282.832 230
372.489 279.521 230
371.646 276.226 230
373.772 273.052 230
374.871 269.816 230
374.943 266.545 230
373.986 263.264 230
375 260 230
371.986 256.754 230
374.943 253.455 230
374.871 250.184 230
375.771 246.878 230
376.641 243.555 230
376.483 240.269 230
373.302 237.168 230
375.084 233.772 230
372.847 230.656 230
373.573 227.317 230
373.274 224.058 230
374.935 220.593 230
374.577 217.322 230
374.19 214.055 230
372.783 210.922 230
372.341 207.671 230
373.848 204.128 230
370.383 201.337 230
371.83 197.777 230
371.273 194.535 230
371.67 191.115 230
371.055 187.874 230
370.412 184.639 230
367.783 181.825 230
366.111 178.835 230
0 260 230
0 260 230
0 260 230
0 260 230
0 260 230
0 260 230
0 260 230
0 260 230
72.6792 237.78 230
72.4825 237.146 230
0 260 230
0 260 230
0 260 230
41.4762 245.312 230
37.5877 246.319 230
37.4669 245.992 230
36.4096 246.024 230
37.2167 245.34 230
37.0874 245.016 230
35.1074 245.458 230
34.0587 245.543 230
33.9312 245.246 230
32.8876 245.357 230
32.7586 245.071 230
33.5334 244.363 230
33.3957 244.071 230
33.2554 243.78 230
33.1126 243.491 230
32.9672 243.202 230
30.1584 244.301 230
30.9032 243.568 230
29.8798 243.777 230
29.7371 243.516 230
29.5921 243.258 230
29.4449 243 230
28.4338 243.251 230
30.0009 241.974 230
29.8424 241.713 230
28.8336 241.983 230
28.6753 241.732 230
29.3535 240.938 230
28.3521 241.234 230
28.1873 240.987 230
27.1962 241.309 230
26.2129 241.646 230
26.8658 240.837 230
25.8885 241.191 230
24.9196 241.56 230
23.9591 241.946 230
33.3208 234.432 230
40.1885 228.601 230
35.2174 231.987 230
26.423 238.603 230
27.0069 237.737 230
24.5134 239.431 230
0 260 230
0 260 230
0 260 230
0 260 230
0 260 230
0 260 230
0 260 230
0 260 230
0 260 230
0 260 230
0 260 230
