-0 260 167
-0 260 167
-0 260 167
-0 260 167
-0 260 167
-0 260 167
-0 260 167
-0 260 167
-16.6036 245.567 167
-22.8122 240.517 167
-26.0455 238.145 167
-26.2352 238.373 167
-32.6401 233.569 167
-43.0435 225.762 167
-41.7646 227.37 167
-26.1807 239.911 167
-25.5563 240.742 167
-26.5273 240.371 167
-27.5066 240.015 167
-26.8658 240.837 167
-26.2129 241.646 167
-25.5479 242.441 167
-26.5292 242.106 167
-26.6843 242.338 167
-25.9988 243.116 167
-26.9885 242.806 167
-27.1375 243.043 167
-26.4318 243.803 167
-26.5722 244.034 167
-26.7105 244.266 167
-26.8468 244.5 167
-26.981 244.735 167
-27.9878 244.486 167
-29.001 244.254 167
-29.1373 244.507 167
-30.1584 244.301 167
-30.2942 244.564 167
-30.4278 244.829 167
-30.559 245.095 167
-31.5905 244.932 167
-31.7208 245.208 167
-33.6686 244.656 167
-32.8876 245.357 167
-32.0971 246.044 167
-34.0587 245.543 167
-34.1835 245.841 167
-34.3058 246.14 167
-35.3559 246.073 167
-37.3432 245.665 167
-37.4669 245.992 167
-39.4671 245.635 167
-42.4189 244.979 167
-0 260 167
-0 260 167
-71.3292 236.824 167
-71.5288 237.447 167
-0 260 167
-0 260 167
-0 260 167
-0 260 167
-0 260 167
-0 260 167
-0 260 167
-0 260 167
-0 260 167
-0 260 167
-0 260 167
-0 260 167
-0 260 167
-0 260 167
-0 260 167
-0 260 167
-706.197 148.149 167
-709.124 154.021 167
-711.012 160.074 167
-711.857 166.282 167
-710.663 172.742 167
-712.391 178.833 167
-712.078 185.158 167
-713.699 191.279 167
-713.275 197.597 167
-713.793 203.823 167
-714.256 210.054 167
-713.666 216.35 167
-714.02 222.58 167
-714.319 228.812 167
-713.565 235.082 167
-714.755 241.284 167
-713.891 247.539 167
-713.973 253.769 167
-714 260 167
-712.973 266.222 167
-712.891 272.444 167
-712.756 278.664 167
-712.566 284.883 167
-711.322 291.057 167
-710.026 297.211 167
-710.672 303.467 167
-708.27 309.527 167
-707.811 315.706 167
-707.298 321.881 167
-705.736 327.955 167
-705.116 334.111 167
-702.455 340.035 167
-702.723 346.284 167
-700.952 352.282 167
-699.129 358.256 167
-697.256 364.206 167
-697.308 370.443 167
-695.331 376.359 167
-693.305 382.248 167
-692.211 388.294 167
-690.084 394.139 167
-687.907 399.956 167
-686.66 405.954 167
-684.383 411.724 167
-681.085 417.241 167
-679.687 423.178 167
-678.237 429.103 167
-675.767 434.765 167
-674.216 440.656 167
-670.687 445.998 167
-669.038 451.844 167
-666.38 457.391 167
-662.719 462.614 167
-660.926 468.389 167
-659.082 474.149 167
-656.24 479.575 167
-653.353 484.968 167
-649.48 489.993 167
-647.448 495.652 167
-643.494 500.593 167
-641.37 506.199 167
-638.266 511.42 167
-634.194 516.231 167
-631.934 521.756 167
-628.705 526.869 167
-625.435 531.947 167
-622.124 536.988 167
-617.864 541.577 167
-615.383 546.958 167
-611.953 551.887 167
-606.686 555.901 167
-604.081 561.184 167
-601.429 566.444 167
-596.958 570.757 167
-594.224 575.954 167
-588.807 579.696 167
-585.995 584.823 167
-582.268 589.431 167
-578.505 594 167
-574.707 598.528 167
-570.016 602.5 167
-566.153 606.939 167
-562.256 611.337 167
-559.168 616.23 167
-555.2 620.551 167
-550.365 624.278 167
-545.507 627.949 167
-543.099 633.262 167
-536.545 635.693 167
-534.06 640.941 167
-529.906 644.999 167
-525.722 649.014 167
-520.71 652.383 167
-516.473 656.304 167
-512.995 660.796 167
-506.347 662.767 167
-504.368 668.429 167
-498.469 670.907 167
-494.865 675.241 167
-489.701 678.245 167
-485.278 681.846 167
-480.83 685.402 167
-475.613 688.244 167
-469.646 690.351 167
-466.604 695.115 167
-461.338 697.794 167
-456.781 701.108 167
-452.201 704.377 167
-445.477 705.477 167
-441.573 709.348 167
-437.635 713.184 167
-432.975 716.261 167
-426.249 717.096 167
-421.568 720.061 167
-416.868 722.979 167
-410.824 724.353 167
-406.757 727.92 167
-402.008 730.691 167
-397.243 733.416 167
-393.096 736.864 167
-387.661 738.722 167
-382.224 740.521 167
-376.169 741.475 167
-371.344 743.946 167
-365.302 744.772 167
-361.652 748.745 167
-356.198 750.264 167
-350.745 751.726 167
-345.867 753.949 167
-340.41 755.3 167
-334.956 756.594 167
-330.058 758.664 167
-325.149 760.686 167
-320.231 762.661 167
-314.772 763.741 167
-309.842 765.616 167
-304.902 767.443 167
-299.448 768.361 167
-285.5 754.501 167
-272.31 741.307 167
-268.1 743.665 167
-260.529 739.834 167
-261.496 751.802 167
-266.891 772.692 167
-262.86 775.893 167
-257.902 777.272 167
-252.063 776.807 167
-247.113 778.084 167
-242.16 779.314 167
-236.375 778.678 167
-231.433 779.807 167
-226.888 781.807 167
-221.154 781.006 167
-215.833 781.068 167
-210.903 782.005 167
-205.974 782.895 167
-200.686 782.805 167
-195.416 782.663 167
-190.505 783.409 167
-185.263 783.166 167
-180.039 782.872 167
-175.152 783.475 167
-169.959 783.081 167
-165.388 784.544 167
-160.22 784.055 167
-155.072 783.516 167
-150.222 783.888 167
-145.11 783.251 167
-140.28 783.532 167
-135.205 782.8 167
-130.638 783.96 167
-125.36 782.163 167
-120.574 782.262 167
-115.579 781.342 167
-110.817 781.353 167
-106.064 781.32 167
-101.32 781.244 167
-96.4025 780.142 167
-91.3389 778.009 167
-86.6499 777.8 167
-82.1281 778.536 167
-77.3043 777.255 167
-72.6483 776.92 167
-67.7431 774.56 167
-63.1283 774.139 167
-58.6392 774.67 167
-53.8321 772.179 167
-49.4564 773.624 167
-44.7109 771.048 167
-40.171 770.422 167
-35.6455 769.755 167
-31.0737 768.051 167
-26.5343 766.305 167
-22.0714 765.518 167
-17.6242 764.692 167
-13.1408 761.828 167
-8.76107 761.924 167
-4.36323 759.981 167
3.76735e-05 759 167
4.34585 757.981 167
8.65643 755.924 167
12.9314 753.831 167
17.2055 752.7 167
21.5044 752.531 167
25.697 750.327 167
29.7917 747.09 167
34.111 747.809 167
38.2096 745.499 167
42.3577 744.151 167
46.3894 741.772 167
50.4873 740.354 167
54.4508 737.908 167
58.4973 736.422 167
62.1305 731.928 167
66.2464 731.368 167
70.3573 730.772 167
74.15 728.164 167
78.0675 726.513 167
81.441 721.875 167
85.4685 721.147 167
89.6803 721.365 167
92.9055 716.645 167
97.0948 716.795 167
100.861 714.954 167
104.827 714.056 167
108.319 711.18 167
111.526 707.306 167
115.425 706.316 167
119.057 704.326 167
122.93 703.27 167
125.415 697.374 167
129.795 698.181 167
133.029 695.119 167
136.22 692.034 167
140.294 691.78 167
143.422 688.642 167
146.831 686.429 167
149.545 682.303 167
153.567 681.922 167
156.543 678.692 167
159.832 676.377 167
163.093 674.036 167
165.951 670.742 167
169.529 669.279 167
173.094 667.784 167
175.848 664.423 167
178.557 661.046 167
182.465 660.383 167
185.529 657.869 167
188.133 654.43 167
191.13 651.874 167
194.542 650.191 167
197.486 647.588 167
200.399 644.963 167
202.342 640.55 167
204.701 637.013 167
207.983 635.212 167
210.265 631.642 167
214 630.659 167
217.226 628.777 167
219.406 625.153 167
222.062 622.372 167
224.686 619.572 167
228.352 618.441 167
228.748 612.242 167
232.365 611.066 167
235.42 609.025 167
238.457 606.957 167
240.902 604.044 167
243.315 601.114 167
245.106 597.36 167
246.851 593.601 167
249.753 591.434 167
252.636 589.242 167
254.884 586.236 167
257.099 583.217 167
259.909 580.961 167
262.064 577.909 167
262.9 573.312 167
265.624 571.006 167
268.328 568.676 167
269.686 564.825 167
272.336 562.46 167
274.29 559.335 167
277.573 557.661 167
279.472 554.502 167
280.642 550.613 167
282.466 547.44 167
284.257 544.257 167
286.013 541.065 167
287.017 537.169 167
290.15 535.342 167
292.541 532.799 167
293.436 528.885 167
295.772 526.314 167
296.586 522.398 167
298.865 519.799 167
301.881 517.831 167
302.588 513.901 167
304.02 510.615 167
306.196 507.952 167
309.13 505.893 167
309.688 501.955 167
310.995 498.634 167
312.266 495.31 167
314.308 492.576 167
315.517 489.236 167
317.505 486.474 167
318.65 483.121 167
322.233 481.465 167
323.325 478.085 167
323.548 474.152 167
324.566 470.775 167
327.236 468.472 167
326.499 464.019 167
328.266 461.162 167
330.867 458.805 167
332.589 455.91 167
334.286 453 167
335.957 450.075 167
334.979 445.682 167
338.345 443.706 167
338.169 439.808 167
339.725 436.85 167
341.256 433.878 167
341.865 430.448 167
344.238 427.896 167
344.788 424.455 167
345.303 421.018 167
346.695 417.998 167
348.061 414.967 167
346.649 410.727 167
347.951 407.696 167
351.074 405.42 167
353.257 402.725 167
352.628 398.904 167
351.96 395.105 167
354.062 392.378 167
354.264 388.942 167
354.433 385.511 167
356.461 382.739 167
358.466 379.941 167
359.499 376.808 167
357.644 372.765 167
359.571 369.932 167
361.475 367.074 167
362.396 363.915 167
361.361 360.214 167
362.222 357.057 167
364.024 354.143 167
364.831 350.963 167
365.611 347.775 167
364.414 344.132 167
364.158 340.732 167
365.827 337.759 167
366.492 334.564 167
368.11 331.553 167
368.721 328.338 167
369.303 325.118 167
367.885 321.563 167
369.395 318.506 167
369.892 315.281 167
370.36 312.051 167
369.809 308.686 167
369.227 305.335 167
370.602 302.225 167
371.951 299.094 167
372.278 295.846 167
373.573 292.683 167
371.85 289.265 167
373.089 286.089 167
373.302 282.832 167
371.49 279.469 167
372.645 276.27 167
373.772 273.052 167
374.871 269.816 167
374.943 266.545 167
371.986 263.246 167
374 260 167
373.986 256.736 167
374.943 253.455 167
375.871 250.157 167
373.772 246.948 167
373.644 243.686 167
375.485 240.322 167
374.301 237.107 167
373.089 233.911 167
373.844 230.578 167
373.573 227.317 167
373.274 224.058 167
372.946 220.802 167
373.583 217.436 167
374.19 214.055 167
371.792 211.053 167
371.351 207.81 167
371.87 204.424 167
370.383 201.337 167
369.857 198.107 167
369.303 194.882 167
368.721 191.662 167
370.073 188.065 167
370.412 184.639 167
367.783 181.825 167
366.111 178.835 167
0 260 167
0 260 167
0 260 167
0 260 167
0 260 167
0 260 167
0 260 167
0 260 167
71.7229 238.072 167
72.4825 237.146 167
74.1824 235.897 167
0 260 167
0 260 167
38.6483 246.314 167
37.5877 246.319 167
36.5302 246.342 167
36.4096 246.024 167
36.2863 245.706 167
35.233 245.765 167
35.1074 245.458 167
34.9792 245.152 167
32.0971 246.044 167
33.8012 244.951 167
33.6686 244.656 167
33.5334 244.363 167
33.3957 244.071 167
33.2554 243.78 167
33.1126 243.491 167
32.0762 243.656 167
31.0454 243.839 167
30.0202 244.038 167
29.001 244.254 167
29.7371 243.516 167
28.7217 243.75 167
28.5788 243.5 167
28.4338 243.251 167
29.1437 242.489 167
28.9898 242.235 167
28.8336 241.983 167
27.8319 242.269 167
27.6761 242.027 167
27.5182 241.786 167
27.3582 241.547 167
27.1962 241.309 167
25.3937 242.219 167
26.0517 241.418 167
25.8885 241.191 167
24.9196 241.56 167
23.1604 242.547 167
35.7009 232.606 167
39.4005 229.217 167
33.6522 233.232 167
27.2001 237.974 167
26.2352 238.373 167
23.7474 240.074 167
0 260 167
0 260 167
0 260 167
0 260 167
0 260 167
0 260 167
0 260 167
0 260 167
0 260 167
0 260 167
0 260 167
