-0 260 168
-0 260 168
-0 260 168
-0 260 168
-0 260 168
-0 260 168
-0 260 168
-0 260 168
-15.8489 246.223 168
-22.8122 240.517 168
-26.8116 237.502 168
-27.0069 237.737 168
-33.4173 232.939 168
-42.2608 226.384 168
-39.4005 229.217 168
-26.1807 239.911 168
-25.5563 240.742 168
-27.3311 239.776 168
-26.6976 240.603 168
-26.8658 240.837 168
-25.3937 242.219 168
-25.5479 242.441 168
-26.5292 242.106 168
-25.8505 242.89 168
-25.9988 243.116 168
-26.1451 243.344 168
-26.2895 243.573 168
-28.1371 242.758 168
-27.4294 243.519 168
-27.5721 243.759 168
-27.7128 244 168
-26.981 244.735 168
-27.1132 244.971 168
-27.2433 245.208 168
-30.0202 244.038 168
-31.0454 243.839 168
-30.2942 244.564 168
-29.5328 245.275 168
-30.559 245.095 168
-31.5905 244.932 168
-31.7208 245.208 168
-32.7586 245.071 168
-32.8876 245.357 168
-33.9312 245.246 168
-34.0587 245.543 168
-34.1835 245.841 168
-34.3058 246.14 168
-33.495 246.806 168
-35.4761 246.382 168
-37.4669 245.992 168
-40.4068 245.293 168
-0 260 168
-0 260 168
-0 260 168
-71.3292 236.824 168
-70.5751 237.748 168
-0 260 168
-0 260 168
-0 260 168
-0 260 168
-0 260 168
-0 260 168
-0 260 168
-0 260 168
-0 260 168
-0 260 168
-0 260 168
-0 260 168
-0 260 168
-0 260 168
-0 260 168
-0 260 168
-710.148 147.524 168
-711.102 153.725 168
-713.983 159.656 168
-713.84 166.021 168
-714.633 172.254 168
-714.378 178.607 168
-715.061 184.844 168
-715.69 191.087 168
-716.264 197.335 168
-716.784 203.588 168
-715.253 209.985 168
-715.663 216.228 168
-716.017 222.475 168
-714.319 228.812 168
-715.564 235.012 168
-715.755 241.257 168
-715.891 247.504 168
-715.973 253.752 168
-716 260 168
-713.973 266.231 168
-714.891 272.479 168
-713.755 278.69 168
-713.565 284.918 168
-713.32 291.144 168
-711.024 297.263 168
-711.67 303.528 168
-711.263 309.736 168
-709.805 315.863 168
-708.294 321.968 168
-708.722 328.242 168
-706.111 334.215 168
-705.436 340.374 168
-703.715 346.405 168
-702.934 352.543 168
-702.1 358.674 168
-699.234 364.501 168
-699.283 370.756 168
-696.318 376.524 168
-694.289 382.422 168
-693.195 388.476 168
-691.066 394.33 168
-689.867 400.355 168
-688.616 406.37 168
-686.336 412.157 168
-684.008 417.916 168
-681.631 423.645 168
-679.207 429.345 168
-675.767 434.765 168
-673.25 440.397 168
-672.614 446.532 168
-669.999 452.119 168
-668.297 457.959 168
-664.632 463.198 168
-661.88 468.69 168
-659.082 474.149 168
-656.24 479.575 168
-653.353 484.968 168
-648.537 489.659 168
-647.448 495.652 168
-645.367 501.293 168
-642.303 506.557 168
-638.266 511.42 168
-636.048 516.98 168
-632.857 522.138 168
-626.864 526.088 168
-625.435 531.947 168
-622.124 536.988 168
-617.864 541.577 168
-616.289 547.38 168
-611.953 551.887 168
-608.484 556.777 168
-605.871 562.076 168
-601.429 566.444 168
-597.845 571.219 168
-593.341 575.485 168
-588.807 579.696 168
-586.87 585.307 168
-583.138 589.924 168
-579.371 594.5 168
-575.568 599.036 168
-571.731 603.53 168
-567.858 607.984 168
-564.8 612.926 168
-558.325 615.692 168
-555.2 620.551 168
-550.365 624.278 168
-547.165 629.067 168
-542.275 632.695 168
-538.183 636.84 168
-534.06 640.941 168
-529.906 644.999 168
-524.918 648.419 168
-519.912 651.782 168
-515.68 655.695 168
-512.207 660.18 168
-507.913 664.012 168
-502.813 667.17 168
-499.241 671.543 168
-494.865 675.241 168
-488.941 677.595 168
-485.278 681.846 168
-479.332 684.077 168
-474.869 687.575 168
-470.383 691.027 168
-465.872 694.433 168
-462.063 698.482 168
-456.781 701.108 168
-451.487 703.676 168
-446.891 706.892 168
-440.872 708.635 168
-436.245 711.745 168
-432.287 715.535 168
-427.613 718.559 168
-422.244 720.798 168
-417.537 723.722 168
-412.15 725.851 168
-407.413 728.675 168
-402.008 730.691 168
-395.957 731.883 168
-391.824 735.321 168
-387.661 738.722 168
-380.979 738.956 168
-376.169 741.475 168
-371.953 744.739 168
-365.903 745.57 168
-361.652 748.745 168
-356.786 751.073 168
-350.164 750.912 168
-345.867 753.949 168
-339.844 754.476 168
-335.516 757.423 168
-330.058 758.664 168
-325.149 760.686 168
-320.231 762.661 168
-314.242 762.893 168
-309.842 765.616 168
-303.872 765.729 168
-296.91 764.053 168
-280.5 745.84 168
-270.34 737.825 168
-265.191 738.417 168
-261.006 740.713 168
-262.904 754.451 168
-267.814 774.466 168
-261.952 774.111 168
-256.564 774.587 168
-252.502 777.705 168
-247.113 778.084 168
-241.738 778.408 168
-236.375 778.678 168
-231.433 779.807 168
-226.091 779.973 168
-220.763 780.085 168
-215.451 780.144 168
-210.529 781.077 168
-205.607 781.964 168
-200.328 781.871 168
-195.416 782.663 168
-190.505 783.409 168
-185.263 783.166 168
-180.039 782.872 168
-175.469 784.423 168
-170.268 784.032 168
-165.087 783.591 168
-159.927 783.099 168
-155.072 783.516 168
-150.498 784.849 168
-145.11 783.251 168
-139.762 781.6 168
-134.955 781.832 168
-130.154 782.019 168
-125.36 782.163 168
-120.574 782.262 168
-115.579 781.342 168
-110.817 781.353 168
-105.864 780.34 168
-100.938 779.281 168
-96.2203 779.159 168
-91.5125 778.994 168
-86.6499 777.8 168
-81.8152 776.561 168
-77.0087 775.277 168
-72.5091 775.93 168
-67.6125 773.568 168
-63.0064 773.146 168
-58.526 773.677 168
-53.8321 772.179 168
-49.2647 771.634 168
-44.6237 770.052 168
-40.0926 769.425 168
-35.5758 768.758 168
-31.0126 767.052 168
-26.5343 766.305 168
-22.0278 764.519 168
-17.5893 763.693 168
-13.1408 761.828 168
-8.74362 760.924 168
-4.3545 758.981 168
3.75225e-05 757 168
4.3284 755.981 168
8.63898 754.925 168
12.8529 750.832 168
17.1706 751.7 168
21.3735 749.534 168
25.6447 749.328 168
29.7917 747.09 168
33.9714 745.814 168
38.1312 744.502 168
42.1834 742.158 168
46.006 737.79 168
49.9646 735.381 168
54.2244 735.921 168
58.3754 735.43 168
62.3916 733.911 168
66.2464 731.368 168
69.7661 726.815 168
74.15 728.164 168
78.0675 726.513 168
81.441 721.875 168
85.6507 722.13 168
89.2986 719.402 168
93.3042 718.605 168
96.8869 715.817 168
100.644 713.978 168
104.152 711.133 168
107.852 709.235 168
111.284 706.336 168
114.424 702.443 168
118.539 702.394 168
121.593 698.452 168
125.691 698.335 168
128.943 695.304 168
132.737 694.162 168
135.919 691.08 168
139.676 689.878 168
142.787 686.746 168
145.529 682.647 168
149.212 681.361 168
152.883 680.043 168
156.193 677.756 168
159.832 676.377 168
161.994 671.245 168
165.951 670.742 168
168.763 667.431 168
172.312 665.943 168
174.652 661.672 168
178.151 660.133 168
181.221 657.653 168
184.684 656.056 168
187.703 653.527 168
188.938 647.38 168
193.204 647.507 168
196.578 645.806 168
198.09 640.528 168
202.342 640.55 168
204.701 637.013 168
206.529 632.588 168
210.265 631.642 168
213 628.927 168
215.196 625.331 168
217.861 622.582 168
220.494 619.814 168
223.096 617.028 168
226.203 615.068 168
228.748 612.242 168
232.365 611.066 168
234.302 607.367 168
236.191 603.661 168
239.755 602.406 168
240.992 597.858 168
243.343 594.933 168
246.257 592.797 168
249.151 590.635 168
251.418 587.655 168
254.268 585.448 168
256.476 582.435 168
258.021 578.63 168
260.156 575.594 168
263.543 574.078 168
266.274 571.766 168
267.016 567.167 168
269.024 564.076 168
272.336 562.46 168
272.938 557.86 168
275.527 555.467 168
277.407 552.326 168
279.253 549.175 168
280.364 545.3 168
284.257 544.257 168
284.587 539.663 168
288.455 538.558 168
289.424 534.653 168
290.347 530.753 168
291.962 527.534 168
294.285 524.976 168
295.089 521.072 168
297.356 518.487 168
299.6 515.883 168
302.588 513.901 168
304.02 510.615 168
303.864 506.064 168
306.782 504.026 168
308.112 500.724 168
309.408 497.417 168
311.468 494.708 168
311.896 490.791 168
315.517 489.236 168
315.877 485.313 168
318.65 483.121 168
319.761 479.766 168
321.667 476.967 168
321.88 473.048 168
325.404 471.32 168
325.549 467.398 168
328.195 465.079 168
329.119 461.684 168
330.009 458.29 168
330.866 454.895 168
331.688 451.5 168
333.346 448.598 168
335.854 446.167 168
333.072 440.843 168
336.403 438.869 168
338.838 436.388 168
340.364 433.424 168
339.18 429.109 168
339.744 425.704 168
342.08 423.164 168
342.584 419.75 168
344.875 417.169 168
345.32 413.746 168
347.566 411.126 168
348.871 408.087 168
348.303 404.272 168
348.621 400.852 168
349.837 397.804 168
351.026 394.746 168
351.252 391.328 168
353.324 388.6 168
354.433 385.511 168
356.461 382.739 168
355.621 378.989 168
354.744 375.263 168
355.736 372.163 168
357.658 369.347 168
356.681 365.654 168
357.589 362.537 168
360.398 359.947 168
360.29 356.539 168
361.119 353.392 168
361.92 350.237 168
361.722 346.842 168
362.466 343.682 168
363.182 340.516 168
362.893 337.135 168
364.532 334.165 168
365.165 330.981 168
365.771 327.792 168
365.364 324.423 168
366.898 321.398 168
366.432 318.037 168
367.914 314.985 168
365.409 311.355 168
367.826 308.425 168
367.242 305.092 168
370.602 302.225 168
369.962 298.885 168
368.297 295.463 168
369.588 292.335 168
369.856 289.108 168
368.101 285.74 168
371.306 282.71 168
369.493 279.364 168
371.646 276.226 168
369.775 272.913 168
370.873 269.712 168
370.943 266.475 168
370.986 263.238 168
370 260 168
369.986 256.771 168
370.943 253.525 168
370.873 250.288 168
372.773 246.982 168
370.647 243.817 168
370.492 240.583 168
372.304 237.229 168
371.094 234.051 168
369.856 230.892 168
370.584 227.578 168
371.283 224.25 168
372.946 220.802 168
370.602 217.775 168
370.22 214.543 168
371.792 211.053 168
371.351 207.81 168
369.892 204.719 168
369.395 201.494 168
369.857 198.107 168
369.303 194.882 168
366.754 192.026 168
367.129 188.637 168
365.512 185.636 168
364.849 182.449 168
363.182 179.484 168
0 260 168
0 260 168
0 260 168
0 260 168
0 260 168
0 260 168
0 260 168
0 260 168
72.6792 237.78 168
72.4825 237.146 168
72.2803 236.515 168
0 260 168
42.5483 245.349 168
39.5909 245.98 168
38.5274 245.977 168
36.5302 246.342 168
36.4096 246.024 168
36.2863 245.706 168
35.233 245.765 168
35.1074 245.458 168
34.0587 245.543 168
33.0142 245.645 168
32.8876 245.357 168
33.6686 244.656 168
33.5334 244.363 168
33.3957 244.071 168
33.2554 243.78 168
32.2176 243.937 168
31.1852 244.11 168
31.9324 243.377 168
30.0202 244.038 168
29.8798 243.777 168
30.6117 243.032 168
28.7217 243.75 168
28.5788 243.5 168
29.2954 242.744 168
28.2865 243.004 168
29.8424 241.713 168
28.8336 241.983 168
27.8319 242.269 168
28.5148 241.482 168
27.5182 241.786 168
26.5292 242.106 168
26.372 241.875 168
26.2129 241.646 168
26.0517 241.418 168
25.0795 241.779 168
23.3118 242.75 168
23.9591 241.946 168
35.7009 232.606 168
41.7646 227.37 168
34.4348 232.609 168
25.6458 239.232 168
24.692 239.645 168
22.9813 240.716 168
0 260 168
0 260 168
0 260 168
0 260 168
0 260 168
0 260 168
0 260 168
0 260 168
0 260 168
0 260 168
0 260 168
