-0 260 224
-0 260 224
-0 260 224
-0 260 224
-0 260 224
-0 260 224
-0 260 224
-0 260 224
-15.8489 246.223 224
-23.5726 239.867 224
-27.5776 236.86 224
-27.7785 237.101 224
-34.1944 232.31 224
-43.8261 225.139 224
-40.9766 227.986 224
-26.1807 239.911 224
-25.5563 240.742 224
-27.3311 239.776 224
-26.6976 240.603 224
-26.0517 241.418 224
-26.2129 241.646 224
-26.372 241.875 224
-26.5292 242.106 224
-26.6843 242.338 224
-27.6761 242.027 224
-26.9885 242.806 224
-27.1375 243.043 224
-27.2845 243.28 224
-27.4294 243.519 224
-27.5721 243.759 224
-27.7128 244 224
-26.981 244.735 224
-27.9878 244.486 224
-29.001 244.254 224
-29.1373 244.507 224
-30.1584 244.301 224
-30.2942 244.564 224
-29.5328 245.275 224
-30.559 245.095 224
-30.6879 245.363 224
-30.8145 245.631 224
-31.8486 245.486 224
-32.8876 245.357 224
-33.9312 245.246 224
-33.1382 245.934 224
-35.1074 245.458 224
-34.3058 246.14 224
-35.3559 246.073 224
-36.4096 246.024 224
-37.4669 245.992 224
-38.5274 245.977 224
-0 260 224
-0 260 224
-0 260 224
-72.2803 236.515 224
-71.5288 237.447 224
-70.7666 238.365 224
-0 260 224
-0 260 224
-0 260 224
-0 260 224
-0 260 224
-0 260 224
-0 260 224
-0 260 224
-0 260 224
-0 260 224
-0 260 224
-0 260 224
-0 260 224
-0 260 224
-0 260 224
-720.025 145.959 224
-720.993 152.247 224
-721.905 158.543 224
-720.78 165.108 224
-721.581 171.401 224
-723.32 177.588 224
-722.023 184.112 224
-724.648 190.224 224
-723.237 196.725 224
-723.762 203.039 224
-725.229 209.287 224
-724.646 215.679 224
-725.005 222.004 224
-724.31 228.376 224
-724.558 234.698 224
-724.752 241.022 224
-725.889 247.33 224
-724.972 253.673 224
-724 260 224
-723.972 266.318 224
-723.89 272.636 224
-723.752 278.952 224
-721.56 285.198 224
-722.312 291.537 224
-721.011 297.787 224
-719.655 304.016 224
-719.244 310.295 224
-718.777 316.569 224
-717.26 322.752 224
-716.685 329.009 224
-716.056 335.261 224
-713.385 341.28 224
-713.641 347.624 224
-710.866 353.587 224
-710.022 359.787 224
-708.135 365.832 224
-706.197 371.851 224
-705.194 378.009 224
-704.138 384.159 224
-701.061 389.934 224
-699.9 396.047 224
-697.706 401.95 224
-696.441 408.033 224
-694.146 413.889 224
-691.803 419.715 224
-689.41 425.513 224
-687.94 431.523 224
-684.48 437.019 224
-682.91 442.985 224
-680.323 448.67 224
-677.689 454.324 224
-675.968 460.231 224
-672.282 465.537 224
-669.509 471.096 224
-666.691 476.621 224
-663.827 482.113 224
-661.863 487.898 224
-658.906 493.331 224
-655.905 498.73 224
-652.86 504.095 224
-648.838 509.066 224
-644.779 513.985 224
-642.538 519.602 224
-639.325 524.817 224
-636.069 529.995 224
-632.771 535.137 224
-630.346 540.648 224
-626.053 545.309 224
-623.54 550.761 224
-620.076 555.761 224
-615.674 560.284 224
-609.45 563.861 224
-608.557 570.076 224
-604.941 574.913 224
-600.404 579.241 224
-596.717 583.991 224
-593.867 589.186 224
-589.231 593.371 224
-585.433 598 224
-581.6 602.588 224
-576.874 606.621 224
-573.827 611.642 224
-569.888 616.106 224
-565.072 619.991 224
-561.071 624.364 224
-557.036 628.694 224
-552.968 632.982 224
-548.044 636.66 224
-543.917 640.855 224
-538.13 643.845 224
-535.569 649.114 224
-530.545 652.583 224
-523.905 654.791 224
-521.233 659.956 224
-516.935 663.874 224
-512.608 667.747 224
-508.253 671.576 224
-502.328 674.087 224
-497.929 677.812 224
-492.743 680.842 224
-488.297 684.47 224
-483.825 688.053 224
-479.328 691.589 224
-474.807 695.08 224
-469.529 697.843 224
-464.24 700.547 224
-460.377 704.581 224
-454.34 706.479 224
-449.013 709.013 224
-444.376 712.201 224
-440.413 716.061 224
-434.352 717.711 224
-430.341 721.484 224
-425.622 724.485 224
-418.876 725.209 224
-414.137 728.097 224
-409.381 730.939 224
-403.957 732.973 224
-399.814 736.48 224
-393.732 737.636 224
-389.549 741.053 224
-384.714 743.652 224
-379.247 745.415 224
-373.779 747.119 224
-368.913 749.564 224
-362.247 749.549 224
-357.373 751.882 224
-353.067 754.982 224
-347.587 756.406 224
-342.676 758.596 224
-337.193 759.91 224
-332.266 761.999 224
-326.783 763.202 224
-320.768 763.505 224
-315.302 764.589 224
-311.409 768.174 224
-301.812 762.3 224
-284.729 743.374 224
-277.5 740.644 224
-272.31 741.307 224
-266.16 740.166 224
-274.366 765.32 224
-273.232 773.876 224
-268.276 775.353 224
-263.314 776.784 224
-257.902 777.272 224
-252.502 777.705 224
-247.113 778.084 224
-241.738 778.408 224
-236.79 779.588 224
-231.026 778.894 224
-226.489 780.89 224
-221.154 781.006 224
-215.833 781.068 224
-210.903 782.005 224
-205.974 782.895 224
-200.328 781.871 224
-195.766 783.6 224
-190.163 782.469 224
-184.929 782.223 224
-179.714 781.926 224
-174.835 782.526 224
-169.959 783.081 224
-164.787 782.637 224
-159.635 782.142 224
-154.788 782.557 224
-149.947 782.926 224
-144.576 781.324 224
-139.762 781.6 224
-134.704 780.863 224
-129.67 780.079 224
-124.893 780.218 224
-120.124 780.314 224
-114.929 778.413 224
-110.401 779.396 224
-105.266 777.4 224
-100.556 777.318 224
-95.8558 777.192 224
-90.9916 776.039 224
-86.3199 775.827 224
-81.5023 774.586 224
-76.8609 774.288 224
-72.0916 772.959 224
-67.482 772.577 224
-62.7627 771.161 224
-58.1864 770.696 224
-53.5185 769.195 224
-48.9771 768.647 224
-44.2751 766.067 224
-39.7787 765.437 224
-35.2967 764.767 224
-30.8295 764.058 224
-26.3773 763.309 224
-21.8533 760.523 224
-17.4497 759.695 224
-13.0623 758.829 224
-8.67381 756.924 224
-4.3196 754.981 224
3.7296e-05 754 224
4.29349 751.981 224
8.56917 750.925 224
12.7744 747.833 224
16.9263 744.705 224
21.2427 746.536 224
25.4353 745.334 224
29.5475 743.097 224
33.6924 741.823 224
37.6604 738.52 224
41.7476 737.177 224
45.7185 734.804 224
49.7556 733.392 224
53.8848 732.94 224
57.7661 730.467 224
61.7389 728.953 224
65.6897 727.407 224
69.6183 725.826 224
73.0549 721.25 224
77.0773 720.595 224
80.9201 718.92 224
84.7395 717.214 224
88.3446 714.493 224
92.108 712.725 224
95.8473 710.926 224
99.5623 709.096 224
103.253 707.236 224
106.685 704.373 224
109.833 700.514 224
113.422 698.571 224
117.504 698.53 224
120.525 694.597 224
124.037 692.568 224
127.523 690.51 224
130.983 688.425 224
134.416 686.311 224
137.822 684.171 224
140.883 681.056 224
143.576 676.974 224
147.543 676.648 224
150.489 673.465 224
154.091 672.136 224
156.607 667.975 224
159.795 665.662 224
163.328 664.252 224
166.467 661.888 224
169.187 658.579 224
171.861 655.253 224
175.71 654.652 224
178.733 652.193 224
181.726 649.712 224
185.12 648.112 224
187.623 644.684 224
189.188 639.452 224
192.492 637.787 224
196.243 636.98 224
197.648 631.721 224
200.884 629.982 224
203.62 627.34 224
206.325 624.679 224
209 621.999 224
212.151 620.161 224
214.256 616.582 224
217.359 614.698 224
219.917 611.94 224
221.905 608.321 224
225.481 607.21 224
228.502 605.229 224
230.947 602.393 224
232.227 597.892 224
235.166 595.852 224
238.088 593.787 224
239.229 589.27 224
241.498 586.366 224
244.337 584.246 224
247.157 582.101 224
249.959 579.932 224
251.496 576.174 224
253.616 573.19 224
256.34 570.965 224
258.401 567.95 224
259.779 564.162 224
261.768 561.129 224
264.385 558.833 224
266.314 555.772 224
269.561 554.174 224
271.435 551.079 224
271.9 546.523 224
273.695 543.42 224
276.158 541.021 224
277.186 537.186 224
281.021 536.158 224
281.981 532.306 224
282.896 528.458 224
285.959 526.661 224
286.801 522.805 224
289.083 520.292 224
290.595 517.097 224
292.827 514.551 224
294.277 511.336 224
295.693 508.116 224
298.619 506.162 224
299.978 502.918 224
302.869 500.913 224
303.384 497.03 224
306.234 494.982 224
307.475 491.699 224
307.877 487.817 224
309.854 485.122 224
312.62 482.99 224
313.735 479.68 224
314.816 476.367 224
316.692 473.612 224
319.378 471.392 224
319.533 467.507 224
321.332 464.711 224
323.106 461.899 224
324.003 458.549 224
325.724 455.714 224
326.557 452.357 224
329.956 450.5 224
328.994 446.136 224
330.606 443.258 224
333.072 440.843 224
334.637 437.93 224
332.629 433.156 224
334.127 430.246 224
336.495 427.77 224
338.845 425.266 224
338.469 421.442 224
339.865 418.482 224
341.235 415.51 224
342.58 412.526 224
342.98 409.132 224
344.269 406.133 224
346.455 403.506 224
345.84 399.728 224
346.115 396.338 224
348.226 393.671 224
349.379 390.627 224
350.505 387.574 224
351.605 384.51 224
349.842 380.46 224
351.828 377.72 224
354.744 375.263 224
355.736 372.163 224
354.789 368.47 224
355.722 365.37 224
357.589 362.537 224
357.507 359.145 224
359.324 356.281 224
359.183 352.891 224
359.98 349.753 224
361.722 346.842 224
362.466 343.682 224
361.23 340.083 224
361.915 336.927 224
364.532 334.165 224
363.202 330.599 224
362.821 327.245 224
364.379 324.25 224
364.926 321.068 224
365.445 317.881 224
366.925 314.837 224
366.399 311.494 224
367.826 308.425 224
368.235 305.214 224
366.628 301.772 224
367.973 298.676 224
369.292 295.559 224
370.584 292.422 224
371.85 289.265 224
370.096 285.88 224
369.31 282.588 224
370.492 279.417 224
370.647 276.183 224
369.775 272.913 224
371.873 269.738 224
371.943 266.492 224
372.986 263.255 224
371 260 224
371.986 256.754 224
373.943 253.473 224
372.872 250.236 224
370.774 247.052 224
373.644 243.686 224
373.487 240.426 224
373.302 237.168 224
374.087 233.841 224
371.85 230.735 224
372.577 227.404 224
372.278 224.154 224
371.951 220.906 224
370.602 217.775 224
372.205 214.299 224
372.783 210.922 224
372.341 207.671 224
370.881 204.571 224
372.359 201.024 224
370.843 197.942 224
371.273 194.535 224
371.67 191.115 224
369.092 188.256 224
369.432 184.838 224
367.783 181.825 224
367.087 178.619 224
0 260 224
0 260 224
0 260 224
0 260 224
0 260 224
0 260 224
0 260 224
70.9527 238.983 224
71.7229 238.072 224
70.5751 237.748 224
0 260 224
0 260 224
0 260 224
39.5909 245.98 224
37.5877 246.319 224
36.5302 246.342 224
35.4761 246.382 224
35.3559 246.073 224
35.233 245.765 224
35.1074 245.458 224
34.0587 245.543 224
33.9312 245.246 224
33.8012 244.951 224
31.8486 245.486 224
32.6271 244.786 224
33.3957 244.071 224
32.3566 244.219 224
33.1126 243.491 224
31.1852 244.11 224
31.9324 243.377 224
30.0202 244.038 224
29.8798 243.777 224
28.8625 244.001 224
28.7217 243.75 224
28.5788 243.5 224
29.2954 242.744 224
27.4294 243.519 224
28.9898 242.235 224
28.8336 241.983 224
28.6753 241.732 224
28.5148 241.482 224
28.3521 241.234 224
27.3582 241.547 224
25.5479 242.441 224
25.3937 242.219 224
26.0517 241.418 224
25.8885 241.191 224
24.9196 241.56 224
24.7577 241.344 224
35.7009 232.606 224
40.9766 227.986 224
33.6522 233.232 224
25.6458 239.232 224
27.0069 237.737 224
23.7474 240.074 224
0 260 224
0 260 224
0 260 224
0 260 224
0 260 224
0 260 224
0 260 224
0 260 224
0 260 224
0 260 224
0 260 224
