-0 260 254
-0 260 254
-0 260 254
-0 260 254
-0 260 254
-0 260 254
-0 260 254
-0 260 254
-15.8489 246.223 254
-22.8122 240.517 254
-26.8116 237.502 254
-26.2352 238.373 254
-34.1944 232.31 254
-40.6956 227.629 254
-39.4005 229.217 254
-27.7674 238.693 254
-26.355 240.14 254
-27.3311 239.776 254
-26.6976 240.603 254
-26.8658 240.837 254
-26.2129 241.646 254
-26.372 241.875 254
-26.5292 242.106 254
-26.6843 242.338 254
-26.8375 242.572 254
-26.9885 242.806 254
-27.1375 243.043 254
-27.2845 243.28 254
-29.1437 242.489 254
-28.4338 243.251 254
-27.7128 244 254
-27.8514 244.242 254
-27.9878 244.486 254
-29.001 244.254 254
-30.0202 244.038 254
-30.1584 244.301 254
-30.2942 244.564 254
-30.4278 244.829 254
-30.559 245.095 254
-30.6879 245.363 254
-31.7208 245.208 254
-31.8486 245.486 254
-31.9741 245.764 254
-33.0142 245.645 254
-33.1382 245.934 254
-36.0313 245.075 254
-35.233 245.765 254
-35.3559 246.073 254
-35.4761 246.382 254
-38.4036 245.642 254
-38.5274 245.977 254
-0 260 254
-0 260 254
-0 260 254
-71.3292 236.824 254
-71.5288 237.447 254
-0 260 254
-70.9527 238.983 254
-0 260 254
-0 260 254
-0 260 254
-0 260 254
-0 260 254
-0 260 254
-0 260 254
-0 260 254
-0 260 254
-0 260 254
-0 260 254
-0 260 254
-0 260 254
-0 260 254
-670.64 153.781 254
-671.542 159.638 254
-672.392 165.502 254
-673.191 171.373 254
-672.946 177.373 254
-672.648 183.362 254
-674.286 189.13 254
-675.874 194.921 254
-675.42 200.909 254
-676.907 206.726 254
-677.346 212.635 254
-676.735 218.609 254
-676.072 224.569 254
-677.355 230.426 254
-675.588 236.408 254
-676.768 242.278 254
-676.897 248.185 254
-676.974 254.092 254
-677 260 254
-675.974 265.899 254
-676.897 271.815 254
-676.768 277.722 254
-676.588 283.627 254
-675.357 289.487 254
-675.074 295.379 254
-674.739 301.269 254
-674.353 307.155 254
-673.916 313.038 254
-673.428 318.917 254
-672.888 324.792 254
-670.308 330.452 254
-670.661 336.412 254
-668.976 342.14 254
-668.234 347.975 254
-667.441 353.803 254
-666.597 359.624 254
-664.714 365.28 254
-663.77 371.077 254
-661.791 376.692 254
-661.731 382.645 254
-658.672 388.033 254
-657.529 393.776 254
-655.359 399.301 254
-654.118 405.015 254
-652.828 410.717 254
-651.488 416.408 254
-650.098 422.088 254
-646.723 427.254 254
-644.273 432.632 254
-641.778 437.981 254
-640.2 443.575 254
-638.574 449.154 254
-636.899 454.72 254
-634.222 459.969 254
-633.404 465.805 254
-630.635 471.008 254
-626.879 475.852 254
-625.914 481.648 254
-623.016 486.759 254
-620.077 491.837 254
-617.097 496.881 254
-615.006 502.257 254
-611.941 507.24 254
-607.913 511.806 254
-605.692 517.101 254
-603.425 522.377 254
-599.286 526.819 254
-596.025 531.624 254
-593.632 536.815 254
-590.291 541.554 254
-587.811 546.695 254
-584.392 551.367 254
-582.718 556.91 254
-578.331 561.06 254
-574.799 565.626 254
-571.231 570.153 254
-566.754 574.157 254
-563.99 579.091 254
-561.184 584 254
-557.474 588.377 254
-554.587 593.23 254
-549.953 597.012 254
-546.143 601.268 254
-541.457 604.946 254
-538.426 609.658 254
-532.853 612.688 254
-530.584 617.884 254
-525.792 621.367 254
-522.619 625.942 254
-519.406 630.489 254
-513.726 633.244 254
-510.449 637.713 254
-505.536 640.949 254
-502.193 645.346 254
-496.447 647.867 254
-493.043 652.184 254
-488.825 655.843 254
-485.352 660.093 254
-481.076 663.671 254
-476.014 666.555 254
-471.693 670.037 254
-466.599 672.812 254
-462.979 676.868 254
-457.849 679.542 254
-452.708 682.157 254
-449.007 686.092 254
-445.271 689.994 254
-440.789 693.162 254
-436.285 696.285 254
-431.059 698.649 254
-426.52 701.675 254
-421.273 703.929 254
-416.019 706.126 254
-412.11 709.739 254
-406.831 711.832 254
-402.873 715.365 254
-397.572 717.354 254
-392.916 720.046 254
-387.601 721.925 254
-382.919 724.518 254
-379.48 728.619 254
-372.886 728.782 254
-369.397 732.806 254
-363.431 733.632 254
-359.284 736.785 254
-353.92 738.295 254
-349.732 741.365 254
-343.776 741.956 254
-338.41 743.3 254
-334.18 746.234 254
-328.246 746.645 254
-323.987 749.491 254
-316.98 748.106 254
-300.35 731.456 254
-298.344 737.451 254
-294.689 740.889 254
-288.936 740.871 254
-283.714 741.651 254
-278 741.51 254
-272.31 741.307 254
-271.978 750.662 254
-272.458 761.805 254
-269.007 765.929 254
-263.658 766.483 254
-253.781 758.073 254
-240.054 741.475 254
-233.652 739.057 254
-228.601 739.273 254
-223.565 739.437 254
-229.74 764.119 254
-228.993 774.326 254
-223.299 773.554 254
-218.809 775.483 254
-213.537 775.525 254
-208.656 776.441 254
-203.408 776.382 254
-198.894 778.137 254
-193.665 777.98 254
-188.795 778.71 254
-183.594 778.453 254
-178.411 778.144 254
-173.566 778.733 254
-168.723 779.277 254
-163.885 779.776 254
-158.758 779.273 254
-153.936 779.68 254
-148.844 779.081 254
-144.309 780.36 254
-139.245 779.668 254
-134.204 778.927 254
-129.67 780.079 254
-124.66 779.246 254
-119.899 779.339 254
-115.146 779.389 254
-110.193 778.418 254
-105.466 778.38 254
-100.556 777.318 254
-95.8558 777.192 254
-91.1652 777.024 254
-86.4849 776.814 254
-81.9716 777.549 254
-77.0087 775.277 254
-72.37 774.939 254
-67.7431 774.56 254
-63.1283 774.139 254
-58.4128 772.683 254
-53.9366 773.173 254
-49.3605 772.629 254
-44.8852 773.04 254
-40.2495 771.419 254
-35.6455 769.755 254
-31.1347 769.049 254
-26.639 768.302 254
-22.115 766.517 254
-17.6591 765.692 254
-13.2193 764.827 254
-8.81343 764.923 254
-4.39814 763.981 254
3.78999e-05 762 254
4.37203 760.981 254
8.70879 758.924 254
13.0362 757.829 254
17.3102 755.698 254
21.6353 755.528 254
25.854 753.323 254
30.158 753.079 254
34.39 751.799 254
38.6019 750.483 254
42.7063 748.135 254
46.9645 747.744 254
50.9054 744.332 254
55.0168 742.876 254
59.2285 742.377 254
63.3052 740.851 254
67.3598 739.29 254
71.392 737.695 254
75.4014 736.066 254
79.3879 734.403 254
83.1775 731.723 254
87.1086 729.996 254
91.0159 728.236 254
95.0985 727.424 254
98.966 725.598 254
102.809 723.741 254
106.852 722.826 254
110.42 719.931 254
114.187 717.98 254
117.178 713.093 254
121.386 713.019 254
125.335 711.943 254
128.723 708.909 254
132.351 706.81 254
136.245 705.638 254
139.828 703.478 254
143.384 701.29 254
146.277 697.177 254
149.436 693.993 254
153.551 693.615 254
156.987 691.319 254
160.745 689.933 254
163.774 686.646 254
167.858 686.131 254
170.821 682.796 254
173.738 679.441 254
177.001 676.989 254
180.633 675.428 254
183.845 672.923 254
187.441 671.302 254
189.756 666.932 254
193.73 666.163 254
196.829 663.559 254
199.897 660.931 254
202.934 658.28 254
205.016 653.833 254
208.445 652.029 254
211.859 650.195 254
215.255 648.331 254
217.651 644.697 254
220.5 641.917 254
223.317 639.117 254
226.102 636.296 254
229.377 634.309 254
231.575 630.597 254
235.337 629.405 254
236.918 624.822 254
241.196 624.408 254
243.249 620.631 254
244.688 616.023 254
247.785 613.874 254
250.864 611.698 254
253.335 608.686 254
255.774 605.658 254
259.382 604.212 254
262.376 601.935 254
264.734 598.845 254
267.059 595.739 254
268.72 591.841 254
272.241 590.255 254
275.113 587.867 254
275.366 582.412 254
279.481 581.506 254
282.276 579.055 254
285.05 576.58 254
286.45 572.606 254
288.485 569.363 254
290.486 566.108 254
292.451 562.842 254
293.681 558.852 254
296.985 556.985 254
299.565 554.382 254
302.123 551.757 254
304.657 549.109 254
306.437 545.757 254
308.182 542.397 254
309.148 538.358 254
311.566 535.65 254
314.714 533.577 254
315.568 529.521 254
317.142 526.114 254
319.453 523.336 254
320.184 519.28 254
322.435 516.476 254
324.66 513.653 254
328.448 512.027 254
328.239 507.346 254
331.189 505.067 254
333.315 502.168 254
335.416 499.25 254
336.671 495.74 254
338.716 492.793 254
339.905 489.269 254
342.727 486.846 254
345.532 484.391 254
346.634 480.83 254
346.852 476.737 254
349.582 474.224 254
352.296 471.681 254
352.406 467.583 254
354.204 464.5 254
355.105 460.909 254
355.97 457.318 254
357.679 454.204 254
361.126 452.014 254
360.126 447.47 254
363.531 445.228 254
365.133 442.049 254
366.708 438.855 254
367.352 435.218 254
367.961 431.583 254
367.624 427.536 254
370.899 425.135 254
372.326 421.892 254
374.645 419.028 254
374.171 414.987 254
375.509 411.716 254
376.819 408.433 254
378.1 405.139 254
378.416 401.484 254
381.515 398.86 254
382.712 395.526 254
383.881 392.181 254
385.019 388.826 254
386.129 385.461 254
385.302 381.485 254
387.303 378.411 254
387.363 374.742 254
388.35 371.357 254
390.27 368.232 254
392.166 365.081 254
393.068 361.654 254
391.999 357.736 254
391.865 354.078 254
393.646 350.88 254
394.424 347.442 254
395.172 343.996 254
395.89 340.545 254
396.577 337.087 254
397.235 333.623 254
396.878 329.98 254
398.459 326.679 254
399.026 323.2 254
399.562 319.715 254
402.049 316.504 254
401.535 312.863 254
400.989 309.235 254
403.39 305.961 254
403.776 302.439 254
404.131 298.913 254
404.455 295.385 254
404.748 291.854 254
402.018 288.112 254
402.248 284.603 254
404.445 281.196 254
404.615 277.666 254
403.754 274.099 254
402.862 270.549 254
405.938 267.086 254
403.985 263.526 254
406 260 254
404.985 256.466 254
406.938 252.897 254
407.86 249.32 254
408.751 245.726 254
407.612 242.203 254
407.441 238.647 254
408.237 235.031 254
406.009 231.609 254
408.736 227.832 254
407.444 224.353 254
406.122 220.895 254
407.754 217.143 254
407.364 213.587 254
407.936 209.912 254
407.484 206.354 254
406.01 202.939 254
405.497 199.398 254
404.952 195.862 254
405.363 192.165 254
404.756 188.631 254
405.101 184.919 254
405.412 181.196 254
403.729 177.86 254
402.019 174.548 254
401.258 171.043 254
0 260 254
0 260 254
0 260 254
0 260 254
0 260 254
0 260 254
0 260 254
0 260 254
71.7229 238.072 254
71.5288 237.447 254
0 260 254
0 260 254
42.5483 245.349 254
38.6483 246.314 254
37.5877 246.319 254
37.4669 245.992 254
35.4761 246.382 254
36.2863 245.706 254
35.233 245.765 254
35.1074 245.458 254
34.9792 245.152 254
33.0142 245.645 254
32.8876 245.357 254
31.8486 245.486 254
32.6271 244.786 254
34.2982 243.641 254
33.2554 243.78 254
32.2176 243.937 254
31.1852 244.11 254
31.0454 243.839 254
30.9032 243.568 254
29.8798 243.777 254
28.8625 244.001 254
29.5921 243.258 254
29.4449 243 254
29.2954 242.744 254
28.2865 243.004 254
29.8424 241.713 254
28.8336 241.983 254
27.8319 242.269 254
27.6761 242.027 254
26.6843 242.338 254
27.3582 241.547 254
26.372 241.875 254
26.2129 241.646 254
25.2376 241.998 254
25.0795 241.779 254
24.9196 241.56 254
23.9591 241.946 254
34.1142 233.823 254
40.1885 228.601 254
32.8695 233.854 254
27.2001 237.974 254
26.2352 238.373 254
23.7474 240.074 254
0 260 254
0 260 254
0 260 254
0 260 254
0 260 254
0 260 254
0 260 254
0 260 254
0 260 254
0 260 254
0 260 254
