-0 260 134
-0 260 134
-0 260 134
-0 260 134
-0 260 134
-0 260 134
-0 260 134
-0 260 134
-15.8489 246.223 134
-23.5726 239.867 134
-26.0455 238.145 134
-27.0069 237.737 134
-34.1944 232.31 134
-43.8261 225.139 134
-40.9766 227.986 134
-27.7674 238.693 134
-25.5563 240.742 134
-24.9196 241.56 134
-26.6976 240.603 134
-26.0517 241.418 134
-26.2129 241.646 134
-26.372 241.875 134
-26.5292 242.106 134
-26.6843 242.338 134
-25.9988 243.116 134
-26.1451 243.344 134
-26.2895 243.573 134
-28.1371 242.758 134
-29.1437 242.489 134
-27.5721 243.759 134
-27.7128 244 134
-26.981 244.735 134
-27.9878 244.486 134
-29.001 244.254 134
-29.1373 244.507 134
-30.1584 244.301 134
-31.1852 244.11 134
-31.3227 244.383 134
-30.559 245.095 134
-31.5905 244.932 134
-32.6271 244.786 134
-32.7586 245.071 134
-32.8876 245.357 134
-33.0142 245.645 134
-34.9792 245.152 134
-34.1835 245.841 134
-34.3058 246.14 134
-35.3559 246.073 134
-37.3432 245.665 134
-37.4669 245.992 134
-39.4671 245.635 134
-0 260 134
-0 260 134
-0 260 134
-73.2314 236.206 134
-72.4825 237.146 134
-0 260 134
-0 260 134
-0 260 134
-0 260 134
-0 260 134
-0 260 134
-0 260 134
-0 260 134
-0 260 134
-0 260 134
-0 260 134
-0 260 134
-0 260 134
-0 260 134
-0 260 134
-0 260 134
-720.025 145.959 134
-720.993 152.247 134
-719.925 158.821 134
-721.772 164.977 134
-722.574 171.279 134
-723.32 177.588 134
-723.017 184.008 134
-721.662 190.512 134
-724.234 196.638 134
-723.762 203.039 134
-723.234 209.427 134
-724.646 215.679 134
-725.005 222.004 134
-725.309 228.332 134
-724.558 234.698 134
-723.752 241.048 134
-723.89 247.365 134
-723.972 253.682 134
-725 260 134
-723.972 266.318 134
-723.89 272.636 134
-723.752 278.952 134
-722.56 285.232 134
-722.312 291.537 134
-721.011 297.787 134
-720.653 304.077 134
-720.241 310.364 134
-718.777 316.569 134
-718.256 322.839 134
-717.681 329.105 134
-717.05 335.365 134
-715.372 341.506 134
-713.641 347.624 134
-712.849 353.848 134
-712.003 360.066 134
-710.113 366.127 134
-708.173 372.164 134
-707.167 378.339 134
-705.122 384.332 134
-704.01 390.481 134
-701.863 396.429 134
-700.646 402.548 134
-698.397 408.449 134
-697.075 414.538 134
-693.751 420.165 134
-693.3 426.447 134
-689.88 432.007 134
-688.353 438.02 134
-685.807 443.762 134
-683.214 449.472 134
-681.535 455.427 134
-678.844 461.083 134
-676.107 466.707 134
-673.324 472.298 134
-669.544 477.548 134
-666.671 483.065 134
-663.754 488.549 134
-661.734 494.333 134
-657.785 499.414 134
-655.67 505.145 134
-652.573 510.499 134
-649.431 515.818 134
-646.247 521.101 134
-642.096 525.965 134
-639.751 531.558 134
-636.44 536.732 134
-631.26 541.055 134
-628.783 546.553 134
-626.259 552.029 134
-622.784 557.053 134
-619.269 562.038 134
-616.61 567.43 134
-612.121 571.892 134
-608.489 576.76 134
-605.702 582.058 134
-601.111 586.377 134
-597.365 591.125 134
-593.583 595.833 134
-590.629 601 134
-585.908 605.126 134
-582.874 610.226 134
-577.237 613.732 134
-574.977 619.285 134
-569.289 622.677 134
-565.264 627.087 134
-561.205 631.454 134
-557.113 635.778 134
-552.989 640.059 134
-548.832 644.296 134
-543.829 647.91 134
-539.614 652.053 134
-534.565 655.557 134
-531.093 660.207 134
-525.2 663 134
-521.663 667.568 134
-517.304 671.482 134
-512.139 674.722 134
-506.957 677.903 134
-503.291 682.312 134
-498.066 685.389 134
-493.58 689.063 134
-487.57 691.366 134
-482.301 694.266 134
-479.23 699.134 134
-473.917 701.935 134
-468.592 704.677 134
-464.693 708.749 134
-460.046 712.087 134
-453.963 713.963 134
-449.283 717.194 134
-443.887 719.658 134
-439.17 722.789 134
-433.751 725.141 134
-427.649 726.697 134
-422.89 729.668 134
-419.438 734.089 134
-413.317 735.467 134
-407.204 736.775 134
-403.028 740.31 134
-397.549 742.265 134
-391.437 743.385 134
-387.827 747.565 134
-382.326 749.355 134
-377.432 751.879 134
-371.922 753.557 134
-367.006 755.98 134
-362.076 758.355 134
-355.39 758.239 134
-350.455 760.502 134
-344.375 761.069 134
-338.871 762.397 134
-335.026 766.169 134
-329.507 767.396 134
-323.454 767.722 134
-317.952 768.829 134
-312.977 770.731 134
-307.993 772.586 134
-292.85 757.16 134
-279.5 744.108 134
-273.295 743.047 134
-269.069 745.414 134
-270.549 758.289 134
-275.58 778.29 134
-270.585 779.788 134
-265.13 780.348 134
-260.133 781.747 134
-255.132 783.098 134
-249.696 783.499 134
-244.273 783.846 134
-238.863 784.138 134
-233.06 783.462 134
-228.084 784.558 134
-222.717 784.688 134
-218.13 786.611 134
-212.402 785.713 134
-207.073 785.686 134
-202.119 786.539 134
-197.167 787.346 134
-191.873 787.168 134
-186.598 786.937 134
-181.341 786.654 134
-176.421 787.268 134
-170.886 785.934 134
-165.99 786.452 134
-160.804 785.968 134
-155.64 785.433 134
-151.049 786.771 134
-145.912 786.142 134
-140.798 785.464 134
-135.456 783.768 134
-130.88 784.93 134
-125.827 784.107 134
-121.024 784.211 134
-116.012 783.295 134
-111.233 783.309 134
-106.263 782.3 134
-101.32 781.244 134
-96.4025 780.142 134
-91.8598 780.963 134
-86.98 779.773 134
-82.1281 778.536 134
-77.4521 778.244 134
-72.7875 777.91 134
-68.0041 776.543 134
-63.2501 775.131 134
-58.6392 774.67 134
-53.9366 773.173 134
-49.3605 772.629 134
-44.7109 771.048 134
-40.171 770.422 134
-35.6455 769.755 134
-31.1347 769.049 134
-26.5343 766.305 134
-22.0714 765.518 134
-17.5893 763.693 134
-13.167 762.828 134
-8.74362 760.924 134
-4.36323 759.981 134
3.7598e-05 758 134
4.34585 757.981 134
8.63898 754.925 134
12.9314 753.831 134
17.1706 751.7 134
21.4172 750.533 134
25.54 747.331 134
29.7917 747.09 134
33.9714 745.814 134
38.0527 743.505 134
42.2706 743.154 134
46.2935 740.776 134
50.2782 738.365 134
54.4508 737.908 134
58.3754 735.43 134
62.3916 733.911 134
66.1073 730.377 134
70.0617 728.794 134
74.15 728.164 134
77.9025 725.527 134
81.7883 723.844 134
85.6507 722.13 134
89.2986 719.402 134
93.1049 717.625 134
96.8869 715.817 134
100.428 713.001 134
104.152 711.133 134
107.618 708.263 134
110.558 703.425 134
114.674 703.412 134
118.28 701.428 134
121.861 699.415 134
125.139 696.413 134
128.375 693.387 134
131.86 691.293 134
135.618 690.126 134
138.44 686.073 134
142.153 684.849 134
145.855 683.592 134
148.544 679.475 134
152.199 678.163 134
155.492 675.882 134
158.757 673.576 134
161.627 670.314 134
164.827 667.961 134
167.233 663.735 134
170.75 662.261 134
173.855 659.838 134
176.93 657.392 134
180.392 655.833 134
182.994 652.431 134
185.981 649.917 134
188.061 645.583 134
191.419 643.927 134
194.308 641.351 134
197.167 638.754 134
199.995 636.136 134
202.315 632.618 134
204.59 629.09 134
207.803 627.29 134
211.5 626.329 134
213.166 621.884 134
215.801 619.153 134
218.404 616.404 134
221.506 614.484 134
224.591 612.538 134
226.57 608.887 134
229.054 606.063 134
231.506 603.222 134
233.359 599.54 134
236.887 598.31 134
238.669 594.601 134
241.58 592.506 134
243.877 589.581 134
245.541 585.843 134
248.375 583.688 134
249.343 579.144 134
251.496 576.174 134
254.245 573.967 134
257.612 572.508 134
259.686 569.482 134
261.078 565.683 134
263.736 563.393 134
265.711 560.331 134
266.314 555.772 134
268.885 553.436 134
270.753 550.347 134
273.277 547.974 134
275.779 545.578 134
277.56 542.447 134
279.307 539.307 134
280.307 535.457 134
283.42 533.695 134
283.621 529.147 134
286.691 527.343 134
288.275 524.156 134
289.083 520.292 134
289.846 516.434 134
292.073 513.895 134
295.798 512.635 134
297.225 509.402 134
297.847 505.526 134
299.201 502.288 134
302.087 500.291 134
304.172 497.645 134
303.854 493.156 134
307.475 491.699 134
307.877 487.817 134
309.854 485.122 134
310.992 481.829 134
312.097 478.533 134
313.992 475.801 134
315.863 473.052 134
316.043 469.184 134
318.695 466.963 134
320.489 464.174 134
322.258 461.369 134
323.151 458.027 134
326.581 456.229 134
327.419 452.865 134
329.09 450 134
330.735 447.121 134
328.857 442.288 134
332.193 440.366 134
333.754 437.46 134
335.29 434.541 134
335.018 430.7 134
335.6 427.324 134
336.149 423.951 134
338.469 421.442 134
338.959 418.059 134
341.235 415.51 134
342.58 412.526 134
343.898 409.531 134
344.269 406.133 134
345.531 403.124 134
344.912 399.354 134
345.185 395.972 134
348.226 393.671 134
348.442 390.277 134
348.626 386.889 134
349.72 383.842 134
348.896 380.135 134
351.828 377.72 134
351.891 374.336 134
351.922 370.96 134
353.833 368.178 134
354.763 365.086 134
356.628 362.261 134
356.543 358.878 134
356.427 355.504 134
358.215 352.641 134
358.039 349.269 134
356.86 345.674 134
358.568 342.782 134
360.253 339.866 134
360.936 336.719 134
361.592 333.567 134
360.257 330.027 134
361.838 327.063 134
362.409 323.903 134
362.953 320.738 134
360.506 317.099 134
363.958 314.394 134
363.428 311.077 134
361.877 307.642 134
363.272 304.604 134
365.634 301.659 134
365.984 298.466 134
365.31 295.175 134
364.607 291.899 134
366.866 288.873 134
365.108 285.531 134
367.314 282.466 134
365.498 279.155 134
365.652 275.965 134
367.776 272.843 134
367.874 269.633 134
366.944 266.405 134
366.986 263.203 134
367 260 134
368.986 256.78 134
367.944 253.578 134
366.874 250.393 134
367.776 247.157 134
367.65 243.948 134
367.496 240.74 134
367.314 237.534 134
367.104 234.33 134
366.866 231.127 134
367.596 227.84 134
367.301 224.633 134
365.984 221.534 134
367.622 218.115 134
367.242 214.908 134
364.852 211.966 134
366.399 208.506 134
365.936 205.311 134
366.432 201.963 134
364.926 198.932 134
363.394 195.924 134
364.788 192.391 134
363.202 189.401 134
361.592 186.433 134
361.915 183.073 134
361.23 179.917 134
0 260 134
0 260 134
0 260 134
0 260 134
0 260 134
0 260 134
0 260 134
0 260 134
70.7666 238.364 134
72.4825 237.146 134
72.2803 236.515 134
0 260 134
0 260 134
38.6483 246.314 134
38.5274 245.977 134
36.5302 246.342 134
35.4761 246.382 134
37.2167 245.34 134
36.1602 245.39 134
35.1074 245.458 134
34.0587 245.543 134
33.0142 245.645 134
32.8876 245.357 134
32.7586 245.071 134
32.6271 244.786 134
34.2982 243.641 134
32.3566 244.219 134
33.1126 243.491 134
32.0762 243.656 134
31.9324 243.377 134
30.9032 243.568 134
29.8798 243.777 134
29.7371 243.516 134
29.5921 243.258 134
28.5788 243.5 134
28.4338 243.251 134
28.2865 243.004 134
29.8424 241.713 134
28.8336 241.983 134
27.8319 242.269 134
28.5148 241.482 134
28.3521 241.234 134
27.3582 241.547 134
25.5479 242.441 134
26.2129 241.646 134
26.0517 241.418 134
26.6976 240.603 134
24.9196 241.56 134
24.7577 241.344 134
35.7009 232.606 134
40.9766 227.986 134
32.8695 233.854 134
27.9773 237.344 134
27.0069 237.737 134
22.2153 241.359 134
0 260 134
0 260 134
0 260 134
0 260 134
0 260 134
0 260 134
0 260 134
0 260 134
0 260 134
0 260 134
0 260 134
