-0 260 26
-0 260 26
-0 260 26
-0 260 26
-0 260 26
-0 260 26
-0 260 26
-0 260 26
-17.3583 244.911 26
-23.5726 239.867 26
-25.2795 238.788 26
-27.7785 237.101 26
-34.9716 231.681 26
-43.8261 225.139 26
-41.7646 227.37 26
-27.7674 238.693 26
-26.355 240.14 26
-27.3311 239.776 26
-26.6976 240.603 26
-26.0517 241.418 26
-26.2129 241.646 26
-26.372 241.875 26
-25.7002 242.665 26
-27.5182 241.786 26
-26.8375 242.572 26
-26.9885 242.806 26
-27.9856 242.513 26
-27.2845 243.28 26
-27.4294 243.519 26
-28.4338 243.251 26
-28.5788 243.5 26
-27.8514 244.242 26
-27.9878 244.486 26
-28.1222 244.731 26
-30.0202 244.038 26
-30.1584 244.301 26
-31.1852 244.11 26
-29.5328 245.275 26
-30.559 245.095 26
-31.5905 244.932 26
-30.8145 245.631 26
-31.8486 245.486 26
-32.8876 245.357 26
-33.9312 245.246 26
-34.0587 245.543 26
-34.1835 245.841 26
-34.3058 246.14 26
-35.3559 246.073 26
-36.4096 246.024 26
-36.5302 246.342 26
-38.5274 245.977 26
-0 260 26
-0 260 26
-0 260 26
-72.2803 236.515 26
-70.5751 237.748 26
-0 260 26
-0 260 26
-0 260 26
-0 260 26
-0 260 26
-0 260 26
-0 260 26
-0 260 26
-0 260 26
-0 260 26
-0 260 26
-0 260 26
-0 260 26
-0 260 26
-0 260 26
-0 260 26
-649.899 157.066 26
-652.75 162.446 26
-854.601 139.894 26
-838.762 149.575 26
-842.672 156.533 26
-846.523 163.551 26
-848.327 170.837 26
-846.087 178.531 26
-844.773 186.092 26
-839.404 193.938 26
-837.954 201.405 26
-839.431 208.658 26
-837.85 216.09 26
-838.201 223.403 26
-847.483 230.405 26
-840.712 237.985 26
-833.873 245.445 26
-829.968 252.757 26
-827 260 26
-828.968 267.234 26
-836.873 274.608 26
-845.71 282.146 26
-868.471 290.328 26
-882.16 298.516 26
-910.75 307.731 26
-1057.02 324.651 26
-978.61 328.431 26
-1072.68 344.422 26
-894.583 338.266 26
-885.903 345.303 26
-880.152 352.508 26
-850.497 356.902 26
-863.515 366.026 26
-858.591 373.036 26
-866.485 381.777 26
-1142.31 430.72 26
-1143.74 441.151 26
-1133.24 449.64 26
-1167 465.773 26
-1162.21 475.403 26
-904.079 435.735 26
-889.772 441.026 26
-906.743 452.734 26
-907.955 461.289 26
-924.677 473.479 26
-928.613 482.94 26
-0 260 26
-0 260 26
-0 260 26
-0 260 26
-0 260 26
-0 260 26
-0 260 26
-0 260 26
-0 260 26
-0 260 26
-0 260 26
-0 260 26
-0 260 26
-0 260 26
-0 260 26
-0 260 26
-0 260 26
-0 260 26
-0 260 26
-0 260 26
-0 260 26
-0 260 26
-0 260 26
-0 260 26
-0 260 26
-0 260 26
-0 260 26
-0 260 26
-0 260 26
-0 260 26
-0 260 26
-0 260 26
-0 260 26
-0 260 26
-0 260 26
-0 260 26
-0 260 26
-0 260 26
-0 260 26
-0 260 26
-0 260 26
-0 260 26
-0 260 26
-0 260 26
-0 260 26
-0 260 26
-0 260 26
-0 260 26
-0 260 26
-0 260 26
-0 260 26
-0 260 26
-0 260 26
-0 260 26
-0 260 26
-0 260 26
-0 260 26
-0 260 26
-0 260 26
-0 260 26
-0 260 26
-0 260 26
-0 260 26
-0 260 26
-0 260 26
-0 260 26
-0 260 26
-0 260 26
-0 260 26
-0 260 26
-0 260 26
-0 260 26
-0 260 26
-0 260 26
-0 260 26
-0 260 26
-0 260 26
-0 260 26
-0 260 26
-0 260 26
-0 260 26
-0 260 26
-0 260 26
-0 260 26
-0 260 26
-0 260 26
-0 260 26
-0 260 26
-0 260 26
-0 260 26
-0 260 26
-0 260 26
-0 260 26
-0 260 26
-0 260 26
-0 260 26
-0 260 26
-0 260 26
-0 260 26
-0 260 26
-0 260 26
-0 260 26
-0 260 26
-0 260 26
-0 260 26
-0 260 26
-0 260 26
-0 260 26
-0 260 26
-0 260 26
-0 260 26
-0 260 26
-0 260 26
-0 260 26
-0 260 26
-0 260 26
-0 260 26
-0 260 26
-0 260 26
-0 260 26
-0 260 26
-0 260 26
-0 260 26
-0 260 26
-0 260 26
-0 260 26
-0 260 26
-0 260 26
-0 260 26
-0 260 26
-0 260 26
-0 260 26
-0 260 26
-0 260 26
0 260 26
0 260 26
0 260 26
0 260 26
0 260 26
0 260 26
0 260 26
0 260 26
0 260 26
0 260 26
0 260 26
0 260 26
0 260 26
0 260 26
0 260 26
0 260 26
0 260 26
0 260 26
0 260 26
0 260 26
0 260 26
0 260 26
0 260 26
0 260 26
0 260 26
0 260 26
0 260 26
0 260 26
0 260 26
0 260 26
0 260 26
0 260 26
0 260 26
0 260 26
0 260 26
0 260 26
0 260 26
0 260 26
0 260 26
0 260 26
0 260 26
0 260 26
0 260 26
0 260 26
0 260 26
0 260 26
0 260 26
0 260 26
0 260 26
0 260 26
0 260 26
0 260 26
0 260 26
0 260 26
0 260 26
0 260 26
0 260 26
0 260 26
0 260 26
0 260 26
0 260 26
0 260 26
0 260 26
0 260 26
0 260 26
0 260 26
0 260 26
0 260 26
0 260 26
0 260 26
0 260 26
0 260 26
0 260 26
0 260 26
0 260 26
0 260 26
0 260 26
0 260 26
0 260 26
0 260 26
0 260 26
0 260 26
0 260 26
0 260 26
0 260 26
0 260 26
0 260 26
0 260 26
0 260 26
0 260 26
0 260 26
0 260 26
0 260 26
0 260 26
0 260 26
0 260 26
0 260 26
0 260 26
0 260 26
0 260 26
0 260 26
0 260 26
0 260 26
0 260 26
0 260 26
0 260 26
0 260 26
0 260 26
0 260 26
0 260 26
0 260 26
0 260 26
0 260 26
0 260 26
0 260 26
0 260 26
0 260 26
0 260 26
0 260 26
0 260 26
0 260 26
0 260 26
0 260 26
0 260 26
0 260 26
0 260 26
0 260 26
0 260 26
0 260 26
0 260 26
0 260 26
0 260 26
0 260 26
0 260 26
0 260 26
0 260 26
0 260 26
0 260 26
0 260 26
0 260 26
0 260 26
0 260 26
0 260 26
0 260 26
0 260 26
0 260 26
0 260 26
0 260 26
0 260 26
0 260 26
0 260 26
0 260 26
0 260 26
0 260 26
0 260 26
0 260 26
0 260 26
0 260 26
0 260 26
0 260 26
0 260 26
0 260 26
676.567 367.158 26
662.641 359.032 26
676.353 355.055 26
681.123 349.671 26
681.879 343.724 26
675.629 336.978 26
683.237 331.811 26
671.892 324.696 26
674.424 319.004 26
654.975 311.548 26
649.414 305.411 26
648.788 299.682 26
646.113 293.861 26
640.39 287.96 26
641.609 282.405 26
648.778 276.989 26
656.9 271.466 26
647.975 265.655 26
657 260 26
653.975 254.293 26
649.901 248.656 26
614.789 243.901 26
608.629 238.746 26
606.422 233.523 26
623.145 227.342 26
631.819 221.356 26
616.495 216.891 26
615.098 211.591 26
626.606 205.179 26
640.04 198.371 26
656.384 191.011 26
687.552 181.663 26
661.036 178.835 26
674.183 171.242 26
944.325 76.4418 26
955.427 65.6163 26
946.847 58.7415 26
917.718 56.5468 26
0 260 26
0 260 26
0 260 26
0 260 26
0 260 26
0 260 26
0 260 26
0 260 26
71.7229 238.072 26
70.5751 237.748 26
0 260 26
0 260 26
0 260 26
39.5909 245.98 26
37.5877 246.319 26
37.4669 245.992 26
35.4761 246.382 26
36.2863 245.706 26
35.233 245.765 26
35.1074 245.458 26
34.0587 245.543 26
33.9312 245.246 26
32.8876 245.357 26
31.8486 245.486 26
32.6271 244.786 26
32.4931 244.502 26
32.3566 244.219 26
33.1126 243.491 26
31.1852 244.11 26
31.0454 243.839 26
30.0202 244.038 26
29.8798 243.777 26
29.7371 243.516 26
29.5921 243.258 26
28.5788 243.5 26
29.2954 242.744 26
29.1437 242.489 26
29.8424 241.713 26
28.8336 241.983 26
28.6753 241.732 26
27.6761 242.027 26
27.5182 241.786 26
27.3582 241.547 26
27.1962 241.309 26
25.3937 242.219 26
26.0517 241.418 26
24.2705 242.366 26
24.9196 241.56 26
23.9591 241.946 26
34.1142 233.823 26
39.4005 229.217 26
32.8695 233.854 26
27.2001 237.974 26
26.2352 238.373 26
23.7474 240.074 26
0 260 26
0 260 26
0 260 26
0 260 26
0 260 26
0 260 26
0 260 26
0 260 26
0 260 26
0 260 26
0 260 26
