-0 260 28
-0 260 28
-0 260 28
-0 260 28
-0 260 28
-0 260 28
-0 260 28
-0 260 28
-15.8489 246.223 28
-22.8122 240.517 28
-26.8116 237.502 28
-27.0069 237.737 28
-32.6401 233.569 28
-42.2608 226.384 28
-40.9766 227.986 28
-27.7674 238.693 28
-26.355 240.14 28
-25.7234 240.966 28
-25.8885 241.191 28
-26.0517 241.418 28
-25.3937 242.219 28
-26.372 241.875 28
-25.7002 242.665 28
-26.6843 242.338 28
-26.8375 242.572 28
-26.9885 242.806 28
-27.1375 243.043 28
-27.2845 243.28 28
-27.4294 243.519 28
-28.4338 243.251 28
-26.8468 244.5 28
-26.981 244.735 28
-27.9878 244.486 28
-29.001 244.254 28
-30.0202 244.038 28
-30.1584 244.301 28
-30.2942 244.564 28
-30.4278 244.829 28
-31.4578 244.657 28
-29.7853 245.793 28
-32.6271 244.786 28
-32.7586 245.071 28
-31.9741 245.764 28
-33.0142 245.645 28
-34.0587 245.543 28
-34.1835 245.841 28
-34.3058 246.14 28
-35.3559 246.073 28
-35.4761 246.382 28
-37.4669 245.992 28
-39.4671 245.635 28
-0 260 28
-0 260 28
-0 260 28
-72.2803 236.515 28
-71.5288 237.447 28
-0 260 28
-0 260 28
-0 260 28
-0 260 28
-0 260 28
-0 260 28
-0 260 28
-0 260 28
-0 260 28
-0 260 28
-0 260 28
-0 260 28
-0 260 28
-0 260 28
-0 260 28
-0 260 28
-643.973 158.005 28
-870.334 129.928 28
-870.446 137.667 28
-879.412 144.223 28
-877.411 152.268 28
-857.453 162.306 28
-872.196 168.329 28
-863.009 176.902 28
-860.712 184.698 28
-858.346 192.447 28
-848.927 200.637 28
-843.424 208.414 28
-839.847 215.986 28
-834.205 223.578 28
-839.488 230.685 28
-842.711 237.933 28
-843.871 245.27 28
-843.968 252.635 28
-851 260 28
-865.967 267.557 28
-571.913 269.983 28
-562.807 274.738 28
-563.656 279.683 28
-634.396 287.698 28
-617.153 292.344 28
-574.926 295.164 28
-560.631 299.203 28
-566.249 304.565 28
-588.751 311.509 28
-614.159 319.137 28
-616.604 324.808 28
-615.021 330.073 28
-628.282 337.143 28
-645.431 344.973 28
-645.655 350.741 28
-641.871 355.928 28
-635.084 360.587 28
-626.278 381.736 28
-633.031 388.792 28
-640.687 396.182 28
-632.64 400.253 28
-634.315 406.443 28
-651.488 416.408 28
-653.979 423.055 28
-680.608 436.017 28
-742.797 459.032 28
-731.395 462.834 28
-725.753 468.106 28
-711.444 470.739 28
-742.092 486.881 28
-760.112 499.663 28
-763.698 508.141 28
-770.987 517.969 28
-660.792 493.999 28
-644.629 494.626 28
-638.81 498.842 28
-642.303 506.557 28
-637.336 511.053 28
-1192.73 754.044 28
-1187.61 788.758 28
-1171.12 793.71 28
-651.667 570.829 28
-664.209 583.956 28
-667.621 592.864 28
-662.018 597.315 28
-652.84 599.847 28
-650.732 606.001 28
-863.25 738.507 28
-855.56 744.052 28
-1073.59 892.393 28
-0 260 28
-0 260 28
-0 260 28
-0 260 28
-0 260 28
-0 260 28
-0 260 28
-0 260 28
-0 260 28
-0 260 28
-0 260 28
-0 260 28
-0 260 28
-0 260 28
-0 260 28
-0 260 28
-0 260 28
-0 260 28
-0 260 28
-0 260 28
-0 260 28
-0 260 28
-0 260 28
-0 260 28
-0 260 28
-0 260 28
-0 260 28
-0 260 28
-0 260 28
-0 260 28
-0 260 28
-0 260 28
-0 260 28
-0 260 28
-0 260 28
-0 260 28
-0 260 28
-0 260 28
-0 260 28
-0 260 28
-0 260 28
-0 260 28
-0 260 28
-0 260 28
-0 260 28
-0 260 28
-0 260 28
-0 260 28
-0 260 28
-0 260 28
-0 260 28
-0 260 28
-0 260 28
-0 260 28
-0 260 28
-0 260 28
-0 260 28
-0 260 28
-0 260 28
-0 260 28
-0 260 28
-0 260 28
-0 260 28
-0 260 28
-0 260 28
-0 260 28
-0 260 28
-0 260 28
-0 260 28
-0 260 28
-0 260 28
-0 260 28
-0 260 28
-0 260 28
-0 260 28
-0 260 28
-0 260 28
-0 260 28
-0 260 28
-0 260 28
-0 260 28
-0 260 28
-0 260 28
-0 260 28
-0 260 28
-0 260 28
-0 260 28
-0 260 28
-0 260 28
-0 260 28
-0 260 28
-0 260 28
-0 260 28
-0 260 28
-0 260 28
-0 260 28
-0 260 28
-0 260 28
-0 260 28
-0 260 28
0 260 28
0 260 28
0 260 28
0 260 28
0 260 28
0 260 28
0 260 28
0 260 28
0 260 28
0 260 28
0 260 28
0 260 28
0 260 28
0 260 28
0 260 28
0 260 28
0 260 28
0 260 28
0 260 28
0 260 28
0 260 28
0 260 28
0 260 28
0 260 28
0 260 28
0 260 28
0 260 28
0 260 28
0 260 28
0 260 28
0 260 28
0 260 28
0 260 28
0 260 28
0 260 28
0 260 28
0 260 28
0 260 28
0 260 28
0 260 28
0 260 28
0 260 28
0 260 28
0 260 28
0 260 28
0 260 28
0 260 28
0 260 28
0 260 28
0 260 28
0 260 28
0 260 28
0 260 28
0 260 28
0 260 28
0 260 28
0 260 28
0 260 28
0 260 28
0 260 28
0 260 28
0 260 28
0 260 28
0 260 28
0 260 28
0 260 28
0 260 28
0 260 28
0 260 28
0 260 28
0 260 28
0 260 28
0 260 28
0 260 28
0 260 28
0 260 28
0 260 28
0 260 28
0 260 28
0 260 28
0 260 28
0 260 28
0 260 28
0 260 28
0 260 28
0 260 28
0 260 28
0 260 28
0 260 28
0 260 28
0 260 28
0 260 28
0 260 28
0 260 28
0 260 28
0 260 28
0 260 28
0 260 28
0 260 28
0 260 28
0 260 28
0 260 28
0 260 28
0 260 28
0 260 28
0 260 28
0 260 28
0 260 28
0 260 28
0 260 28
0 260 28
0 260 28
0 260 28
0 260 28
0 260 28
0 260 28
0 260 28
0 260 28
0 260 28
0 260 28
0 260 28
0 260 28
0 260 28
0 260 28
0 260 28
0 260 28
0 260 28
0 260 28
0 260 28
0 260 28
0 260 28
0 260 28
0 260 28
0 260 28
0 260 28
0 260 28
0 260 28
0 260 28
0 260 28
0 260 28
0 260 28
0 260 28
0 260 28
0 260 28
0 260 28
0 260 28
0 260 28
0 260 28
513.314 407.19 28
511.688 401.904 28
511.941 397.174 28
516.023 393.453 28
518.138 389.186 28
512.439 383.026 28
513.493 378.549 28
494.982 369.735 28
502.768 366.867 28
503.681 362.475 28
490.814 355.404 28
487.694 350.389 28
487.48 345.956 28
481.307 340.543 28
478.041 335.714 28
494.508 333.905 28
491.173 329.03 28
493.74 325.002 28
488.333 319.96 28
487.844 315.583 28
495.272 312.055 28
488.74 307.06 28
497.101 303.491 28
480.514 297.817 28
499.78 294.948 28
528.013 292.295 28
518.289 287.162 28
482.54 281.068 28
493.699 277.24 28
512.824 273.429 28
531.919 269.285 28
519.98 264.538 28
488 260 28
471.982 255.881 28
474.928 251.71 28
472.838 247.618 28
470.713 243.562 28
469.553 239.499 28
465.361 235.611 28
478.107 230.758 28
459.877 227.842 28
470.545 222.967 28
468.212 219.037 28
457.882 215.911 28
455.491 212.126 28
462.011 207.361 28
467.489 202.6 28
473.911 197.608 28
468.397 194.171 28
469.783 189.791 28
478.041 184.286 28
482.294 179.292 28
475.662 176.128 28
472.946 172.345 28
467.255 169.175 28
1020.1 52.458 28
1010.43 45.2272 28
1008.51 36.4179 28
0 260 28
0 260 28
0 260 28
0 260 28
0 260 28
0 260 28
0 260 28
0 260 28
72.6792 237.78 28
71.5288 237.447 28
73.2314 236.206 28
0 260 28
0 260 28
38.6483 246.314 28
38.5274 245.977 28
36.5302 246.342 28
35.4761 246.382 28
35.3559 246.073 28
36.1602 245.39 28
35.1074 245.458 28
34.0587 245.543 28
33.9312 245.246 28
31.9741 245.764 28
31.8486 245.486 28
33.5334 244.363 28
33.3957 244.071 28
32.3566 244.219 28
33.1126 243.491 28
31.1852 244.11 28
31.0454 243.839 28
29.1373 244.507 28
29.8798 243.777 28
28.8625 244.001 28
28.7217 243.75 28
28.5788 243.5 28
29.2954 242.744 28
29.1437 242.489 28
28.9898 242.235 28
28.8336 241.983 28
27.8319 242.269 28
27.6761 242.027 28
28.3521 241.234 28
27.3582 241.547 28
26.372 241.875 28
27.032 241.072 28
26.8658 240.837 28
25.0795 241.779 28
23.3118 242.75 28
23.9591 241.946 28
34.1142 233.823 28
39.4005 229.217 28
33.6522 233.232 28
26.423 238.603 28
26.2352 238.373 28
22.9813 240.716 28
0 260 28
0 260 28
0 260 28
0 260 28
0 260 28
0 260 28
0 260 28
0 260 28
0 260 28
0 260 28
0 260 28
