-0 260 229
-0 260 229
-0 260 229
-0 260 229
-0 260 229
-0 260 229
-0 260 229
-0 260 229
-17.3583 244.911 229
-23.5726 239.867 229
-26.0455 238.145 229
-27.0069 237.737 229
-31.863 234.198 229
-43.8261 225.139 229
-41.7646 227.37 229
-27.7674 238.693 229
-25.5563 240.742 229
-28.135 239.181 229
-27.5066 240.015 229
-26.0517 241.418 229
-26.2129 241.646 229
-26.372 241.875 229
-27.3582 241.547 229
-27.5182 241.786 229
-26.8375 242.572 229
-27.8319 242.269 229
-27.1375 243.043 229
-27.2845 243.28 229
-28.2865 243.004 229
-28.4338 243.251 229
-27.7128 244 229
-27.8514 244.242 229
-27.9878 244.486 229
-29.001 244.254 229
-30.0202 244.038 229
-31.0454 243.839 229
-30.2942 244.564 229
-31.3227 244.383 229
-31.4578 244.657 229
-31.5905 244.932 229
-31.7208 245.208 229
-31.8486 245.486 229
-32.8876 245.357 229
-33.9312 245.246 229
-34.0587 245.543 229
-34.1835 245.841 229
-35.233 245.765 229
-35.3559 246.073 229
-36.4096 246.024 229
-37.4669 245.992 229
-39.4671 245.635 229
-0 260 229
-0 260 229
-0 260 229
-71.3292 236.824 229
-72.4825 237.146 229
-0 260 229
-72.8703 238.415 229
-0 260 229
-0 260 229
-0 260 229
-0 260 229
-0 260 229
-0 260 229
-0 260 229
-0 260 229
-0 260 229
-0 260 229
-0 260 229
-0 260 229
-0 260 229
-0 260 229
-718.049 146.272 229
-717.037 152.838 229
-716.954 159.239 229
-718.798 165.369 229
-718.603 171.767 229
-718.352 178.154 229
-719.039 184.426 229
-720.667 190.608 229
-720.249 196.987 229
-720.771 203.274 229
-720.241 209.636 229
-720.653 215.923 229
-720.012 222.266 229
-720.314 228.551 229
-720.561 234.838 229
-719.753 241.153 229
-719.89 247.434 229
-719.973 253.717 229
-719 260 229
-718.973 266.274 229
-718.89 272.548 229
-717.754 278.795 229
-717.563 285.058 229
-716.318 291.275 229
-717.016 297.577 229
-715.663 303.772 229
-713.258 309.876 229
-712.796 316.098 229
-712.279 322.316 229
-710.713 328.434 229
-710.089 334.633 229
-708.417 340.714 229
-706.693 346.771 229
-704.917 352.804 229
-704.081 358.952 229
-701.212 364.797 229
-701.259 371.069 229
-699.276 377.019 229
-697.244 382.943 229
-696.144 389.023 229
-694.992 395.093 229
-691.827 400.754 229
-689.594 406.578 229
-688.289 412.59 229
-685.957 418.366 229
-683.576 424.112 229
-681.148 429.829 229
-678.671 435.516 229
-677.114 441.432 229
-673.578 446.8 229
-670.961 452.395 229
-668.297 457.959 229
-665.588 463.491 229
-663.787 469.291 229
-660.033 474.458 229
-657.188 479.892 229
-655.244 485.619 229
-651.365 490.661 229
-648.388 495.994 229
-645.367 501.293 229
-641.37 506.199 229
-639.197 511.786 229
-635.121 516.606 229
-632.857 522.138 229
-628.705 526.869 229
-625.435 531.947 229
-622.124 536.988 229
-619.684 542.406 229
-615.383 546.958 229
-611.05 551.456 229
-608.484 556.777 229
-604.081 561.184 229
-600.538 565.99 229
-596.958 570.757 229
-594.224 575.954 229
-590.565 580.651 229
-586.87 585.307 229
-583.138 589.924 229
-578.505 594 229
-573.845 598.021 229
-570.873 603.015 229
-567.006 607.462 229
-562.256 611.337 229
-558.325 615.692 229
-554.361 620.006 229
-551.198 624.83 229
-547.165 629.067 229
-542.275 632.695 229
-537.364 636.266 229
-534.06 640.941 229
-529.097 644.412 229
-524.918 648.419 229
-519.912 651.782 229
-515.68 655.695 229
-512.207 660.18 229
-507.913 664.012 229
-502.813 667.17 229
-497.698 670.271 229
-494.099 674.598 229
-488.941 677.595 229
-485.278 681.846 229
-480.081 684.74 229
-474.869 687.575 229
-470.383 691.027 229
-465.872 694.433 229
-460.613 697.105 229
-456.061 700.413 229
-450.774 702.975 229
-445.477 705.477 229
-440.872 708.635 229
-436.245 711.745 229
-431.598 714.81 229
-426.931 717.827 229
-422.244 720.798 229
-416.199 722.236 229
-410.824 724.353 229
-406.1 727.165 229
-402.008 730.691 229
-395.957 731.883 229
-391.188 734.549 229
-387.032 737.945 229
-380.979 738.956 229
-375.553 740.687 229
-370.127 742.359 229
-365.302 744.772 229
-360.463 747.137 229
-355.022 748.646 229
-350.745 751.726 229
-345.293 753.13 229
-339.277 753.652 229
-335.516 757.423 229
-330.058 758.664 229
-324.06 759.009 229
-319.156 760.975 229
-314.772 763.741 229
-308.274 763.058 229
-303.872 765.729 229
-296.402 763.191 229
-279 743.242 229
-271.325 739.566 229
-264.706 737.542 229
-261.483 741.592 229
-267.129 762.397 229
-267.352 773.579 229
-261.952 774.111 229
-257.01 775.482 229
-251.625 775.908 229
-247.113 778.084 229
-241.315 777.502 229
-236.375 778.678 229
-231.026 778.894 229
-226.489 780.89 229
-221.154 781.006 229
-215.451 780.144 229
-210.903 782.005 229
-205.607 781.964 229
-200.328 781.871 229
-195.065 781.726 229
-190.163 782.469 229
-184.929 782.223 229
-179.714 781.926 229
-175.152 783.475 229
-169.959 783.081 229
-165.087 783.591 229
-159.635 782.142 229
-155.072 783.516 229
-150.222 783.888 229
-144.843 782.288 229
-139.762 781.6 229
-134.955 781.832 229
-130.154 782.019 229
-125.127 781.19 229
-120.349 781.288 229
-115.146 779.389 229
-110.401 779.396 229
-105.864 780.34 229
-100.938 779.281 229
-96.2203 779.159 229
-91.3389 778.009 229
-86.6499 777.8 229
-81.8152 776.561 229
-77.0087 775.277 229
-72.37 774.939 229
-67.6125 773.568 229
-63.0064 773.146 229
-58.4128 772.683 229
-53.6231 770.19 229
-49.1688 770.638 229
-44.6237 770.052 229
-40.0141 768.428 229
-35.4362 766.763 229
-30.8905 765.056 229
-26.482 765.307 229
-22.0278 764.519 229
-17.5544 762.694 229
-13.1408 761.828 229
-8.74362 760.924 229
-4.3545 758.981 229
3.73715e-05 755 229
4.3284 755.981 229
8.62153 753.925 229
12.8791 751.831 229
17.1706 751.7 229
21.4172 750.533 229
25.54 747.331 229
29.7307 746.092 229
33.9714 745.814 229
38.0527 743.505 229
42.0963 741.162 229
46.2935 740.776 229
50.2782 738.365 229
54.2244 735.921 229
58.3754 735.43 229
62.261 732.919 229
66.2464 731.368 229
70.0617 728.794 229
73.9935 727.177 229
77.7375 724.541 229
81.7883 723.844 229
85.104 719.18 229
89.4894 720.383 229
93.3042 718.605 229
96.8869 715.817 229
100.212 712.025 229
103.927 710.159 229
107.852 709.235 229
111.284 706.336 229
114.924 704.38 229
118.798 703.36 229
122.395 701.343 229
125.691 698.335 229
128.943 695.304 229
132.444 693.206 229
135.919 691.08 229
139.058 687.975 229
142.787 686.746 229
146.18 684.538 229
149.545 682.303 229
152.883 680.043 229
156.193 677.756 229
159.115 674.51 229
161.994 671.245 229
164.827 667.961 229
167.998 665.583 229
171.922 665.022 229
174.652 661.672 229
177.337 658.306 229
181.221 657.653 229
184.684 656.056 229
186.842 651.722 229
188.938 647.38 229
193.204 647.507 229
195.67 644.024 229
198.552 641.415 229
202.342 640.55 229
204.701 637.013 229
207.014 633.463 229
209.772 630.772 229
212.5 628.061 229
215.196 625.331 229
218.376 623.439 229
220.494 619.814 229
223.096 617.028 229
226.74 615.911 229
229.293 613.08 229
231.262 609.398 229
233.743 606.538 229
236.191 603.661 229
239.181 601.586 229
241.572 598.672 229
243.931 595.742 229
246.257 592.797 229
247.948 589.038 229
250.81 586.862 229
254.268 585.448 229
255.231 580.869 229
257.392 577.853 229
260.156 575.594 229
262.9 573.312 229
265.624 571.006 229
267.672 567.921 229
269.024 564.076 229
270.998 560.974 229
272.938 557.86 229
274.163 554.004 229
276.719 551.6 229
278.558 548.455 229
280.364 545.3 229
284.257 544.257 229
284.587 539.663 229
286.297 536.474 229
288.699 533.965 229
291.079 531.435 229
291.962 527.534 229
295.029 525.645 229
297.335 523.06 229
298.865 519.799 229
300.36 516.532 229
302.588 513.901 229
302.477 509.343 229
304.641 506.694 229
306 503.403 229
308.9 501.339 229
310.201 498.026 229
311.468 494.708 229
314.308 492.576 229
314.708 488.648 229
316.691 485.893 229
317.831 482.548 229
319.761 479.766 229
321.667 476.967 229
322.714 473.6 229
324.566 470.775 229
327.236 468.472 229
327.347 464.549 229
328.266 461.162 229
330.867 458.805 229
331.727 455.402 229
332.554 452 229
334.217 449.091 229
335.854 446.167 229
338.345 443.706 229
338.169 439.808 229
338.838 436.388 229
339.473 432.97 229
341.865 430.448 229
341.542 426.581 229
343.885 424.025 229
344.397 420.595 229
345.785 417.583 229
347.147 414.56 229
348.483 411.525 229
348.871 408.087 229
349.226 404.654 229
350.475 401.601 229
350.767 398.171 229
352.893 395.463 229
354.999 392.729 229
356.144 389.626 229
355.376 385.845 229
355.515 382.414 229
357.518 379.624 229
358.548 376.499 229
358.598 373.065 229
359.571 369.932 229
361.475 367.074 229
362.396 363.915 229
361.361 360.214 229
361.256 356.798 229
363.055 353.892 229
363.861 350.721 229
363.666 347.309 229
366.363 344.582 229
367.087 341.381 229
368.762 338.383 229
368.452 334.962 229
368.11 331.553 229
368.721 328.338 229
369.303 325.118 229
366.898 321.398 229
369.395 318.506 229
370.881 315.429 229
372.341 312.329 229
371.792 308.947 229
373.197 305.823 229
372.589 302.451 229
372.946 299.198 229
371.283 295.75 229
372.577 292.596 229
373.844 289.422 229
374.087 286.159 229
375.299 282.954 229
374.486 279.626 229
374.643 276.357 229
375.771 273.122 229
375.871 269.843 229
376.943 266.58 229
373.986 263.264 229
375 260 229
376.986 256.71 229
373.943 253.473 229
376.871 250.131 229
375.771 246.878 229
376.641 243.555 229
373.487 240.426 229
375.299 237.046 229
376.082 233.702 229
375.838 230.421 229
372.577 227.404 229
373.274 224.058 229
374.935 220.593 229
375.57 217.209 229
373.197 214.177 229
373.775 210.792 229
374.321 207.393 229
374.837 203.98 229
374.334 200.711 229
372.816 197.612 229
373.242 194.187 229
370.687 191.297 229
371.055 187.874 229
370.412 184.639 229
368.762 181.617 229
369.04 178.186 229
0 260 229
0 260 229
0 260 229
0 260 229
0 260 229
0 260 229
0 260 229
0 260 229
71.7229 238.072 229
71.5288 237.447 229
0 260 229
0 260 229
0 260 229
39.5909 245.98 229
38.5274 245.977 229
36.5302 246.342 229
35.4761 246.382 229
36.2863 245.706 229
36.1602 245.39 229
35.1074 245.458 229
34.0587 245.543 229
34.8483 244.848 229
33.8012 244.951 229
32.7586 245.071 229
32.6271 244.786 229
33.3957 244.071 229
33.2554 243.78 229
33.1126 243.491 229
31.1852 244.11 229
32.8194 242.915 229
30.9032 243.568 229
29.8798 243.777 229
29.7371 243.516 229
28.7217 243.75 229
29.4449 243 229
28.4338 243.251 229
29.1437 242.489 229
29.8424 241.713 229
29.6817 241.453 229
27.8319 242.269 229
28.5148 241.482 229
28.3521 241.234 229
26.5292 242.106 229
28.0203 240.742 229
27.032 241.072 229
26.8658 240.837 229
25.8885 241.191 229
24.9196 241.56 229
24.7577 241.344 229
35.7009 232.606 229
40.1885 228.601 229
32.0869 234.477 229
26.423 238.603 229
25.4636 239.009 229
23.7474 240.074 229
0 260 229
0 260 229
0 260 229
0 260 229
0 260 229
0 260 229
0 260 229
0 260 229
0 260 229
0 260 229
0 260 229
