-0 260 130
-0 260 130
-0 260 130
-0 260 130
-0 260 130
-0 260 130
-0 260 130
-0 260 130
-16.6036 245.567 130
-22.8122 240.517 130
-27.5776 236.86 130
-27.0069 237.737 130
-34.1944 232.31 130
-43.8261 225.139 130
-41.7646 227.37 130
-27.7674 238.693 130
-27.1536 239.538 130
-27.3311 239.776 130
-25.8885 241.191 130
-26.8658 240.837 130
-26.2129 241.646 130
-27.1962 241.309 130
-25.7002 242.665 130
-27.5182 241.786 130
-25.9988 243.116 130
-26.9885 242.806 130
-27.9856 242.513 130
-28.1371 242.758 130
-28.2865 243.004 130
-28.4338 243.251 130
-28.5788 243.5 130
-28.7217 243.75 130
-27.9878 244.486 130
-29.001 244.254 130
-30.9032 243.569 130
-30.1584 244.301 130
-30.2942 244.564 130
-31.3227 244.383 130
-31.4578 244.657 130
-32.4931 244.502 130
-31.7208 245.208 130
-30.9387 245.9 130
-32.8876 245.357 130
-33.9312 245.246 130
-33.1382 245.934 130
-35.1074 245.458 130
-35.233 245.765 130
-35.3559 246.073 130
-36.4096 246.024 130
-38.4036 245.642 130
-39.4671 245.635 130
-0 260 130
-0 260 130
-0 260 130
-72.2803 236.515 130
-72.4825 237.146 130
-0 260 130
-0 260 130
-0 260 130
-0 260 130
-0 260 130
-0 260 130
-0 260 130
-0 260 130
-0 260 130
-0 260 130
-0 260 130
-0 260 130
-0 260 130
-0 260 130
-0 260 130
-0 260 130
-703.234 148.619 130
-704.179 154.76 130
-706.061 160.77 130
-705.909 167.065 130
-705.7 173.351 130
-707.423 179.399 130
-708.1 185.576 130
-707.727 191.854 130
-707.298 198.12 130
-708.808 204.216 130
-708.27 210.473 130
-708.676 216.656 130
-710.026 222.789 130
-707.326 229.118 130
-708.568 235.256 130
-709.757 241.414 130
-708.892 247.626 130
-708.973 253.813 130
-709 260 130
-708.973 266.187 130
-708.892 272.374 130
-707.757 278.533 130
-707.569 284.709 130
-708.325 290.926 130
-707.03 297.054 130
-705.681 303.161 130
-705.278 309.318 130
-704.821 315.471 130
-703.313 321.532 130
-702.75 327.667 130
-701.138 333.693 130
-700.468 339.808 130
-699.745 345.918 130
-696.986 351.76 130
-697.149 357.978 130
-696.267 364.058 130
-694.345 369.974 130
-693.359 376.029 130
-691.335 381.901 130
-689.262 387.747 130
-688.121 393.757 130
-685.947 399.558 130
-682.747 405.122 130
-681.455 411.075 130
-680.11 417.016 130
-677.742 422.712 130
-676.296 428.62 130
-673.831 434.265 130
-672.284 440.138 130
-669.723 445.731 130
-668.077 451.568 130
-664.462 456.823 130
-661.763 462.321 130
-659.972 468.089 130
-657.18 473.531 130
-655.292 479.258 130
-652.408 484.642 130
-649.48 489.993 130
-647.448 495.652 130
-644.43 500.943 130
-640.436 505.84 130
-638.266 511.42 130
-634.194 516.231 130
-631.01 521.373 130
-627.784 526.479 130
-625.435 531.947 130
-621.211 536.581 130
-617.864 541.577 130
-615.383 546.958 130
-610.148 551.026 130
-609.382 557.216 130
-603.186 560.737 130
-601.429 566.444 130
-598.732 571.68 130
-595.107 576.424 130
-591.444 581.128 130
-587.744 585.792 130
-583.138 589.924 130
-578.505 594 130
-575.568 599.036 130
-571.731 603.53 130
-567.858 607.984 130
-564.8 612.926 130
-560.012 616.767 130
-556.039 621.096 130
-552.032 625.382 130
-547.165 629.067 130
-544.747 634.395 130
-539.821 637.987 130
-535.688 642.103 130
-532.333 646.763 130
-526.526 649.609 130
-523.106 654.189 130
-518.853 658.13 130
-514.571 662.027 130
-509.478 665.257 130
-504.368 668.429 130
-500.784 672.815 130
-495.631 675.884 130
-491.983 680.193 130
-486.033 682.502 130
-482.327 686.727 130
-477.099 689.582 130
-471.857 692.378 130
-467.335 695.797 130
-462.063 698.482 130
-457.5 701.803 130
-453.627 705.778 130
-446.891 706.892 130
-443.676 711.488 130
-439.719 715.342 130
-433.663 716.986 130
-428.977 720.022 130
-423.595 722.273 130
-418.207 724.466 130
-414.137 728.097 130
-408.725 730.184 130
-403.307 732.212 130
-399.171 735.714 130
-393.732 737.636 130
-388.291 739.499 130
-382.846 741.304 130
-379.247 745.415 130
-372.562 745.532 130
-367.709 747.966 130
-362.842 750.353 130
-358.549 753.5 130
-351.906 753.354 130
-347.014 755.587 130
-342.676 758.596 130
-336.075 758.252 130
-331.714 761.165 130
-325.694 761.525 130
-321.305 764.348 130
-315.832 765.437 130
-310.364 766.468 130
-305.933 769.157 130
-300.463 770.084 130
-294.5 770.089 130
-280.189 755.232 130
-268.1 743.665 130
-262.914 744.228 130
-257.74 744.738 130
-258.579 756.726 130
-262.86 775.893 130
-258.795 779.062 130
-252.94 778.604 130
-248.405 780.792 130
-243.005 781.127 130
-237.619 781.408 130
-232.247 781.634 130
-227.686 783.641 130
-222.326 783.767 130
-216.981 783.84 130
-212.027 784.786 130
-206.707 784.756 130
-201.403 784.672 130
-196.466 785.473 130
-191.189 785.288 130
-186.264 785.994 130
-181.341 786.654 130
-176.104 786.32 130
-171.195 786.885 130
-165.99 786.452 130
-160.804 785.968 130
-155.924 786.392 130
-151.049 786.771 130
-145.912 786.142 130
-140.798 785.464 130
-136.207 786.672 130
-131.122 785.9 130
-126.06 785.08 130
-121.249 785.185 130
-116.444 785.247 130
-111.441 784.287 130
-106.462 783.28 130
-101.892 784.189 130
-96.9493 783.092 130
-92.2071 782.933 130
-87.3101 781.745 130
-82.5974 781.499 130
-77.7477 780.222 130
-73.0658 779.891 130
-68.1346 777.534 130
-63.6158 778.109 130
-59.092 778.645 130
-54.3548 777.151 130
-49.6481 775.615 130
-45.0595 775.033 130
-40.4849 774.409 130
-35.785 771.75 130
-31.3179 772.043 130
-26.7436 770.3 130
-22.2458 769.515 130
-17.694 766.691 130
-13.2455 765.827 130
-8.81343 764.923 130
-4.39814 763.981 130
3.79754e-05 763 130
4.38076 761.981 130
8.74369 760.924 130
13.0362 757.829 130
17.38 757.697 130
21.6353 755.528 130
25.8017 752.324 130
30.097 752.08 130
34.39 751.799 130
38.5235 749.486 130
42.7063 748.135 130
46.8686 746.749 130
51.0099 745.327 130
55.0168 742.876 130
58.8629 739.4 130
63.0442 738.868 130
67.2206 738.299 130
71.2442 736.706 130
74.9321 733.103 130
78.5627 729.472 130
82.6566 728.768 130
86.7441 728.029 130
90.6343 726.273 130
93.9023 721.545 130
98.1343 721.686 130
102.16 720.812 130
105.727 717.954 130
109.486 716.041 130
113.219 714.098 130
116.927 712.125 130
120.351 709.156 130
123.999 707.125 130
127.62 705.064 130
131.215 702.975 130
134.491 699.9 130
138.325 698.71 130
142.148 697.486 130
145.008 693.384 130
148.459 691.156 130
151.548 687.959 130
154.593 684.741 130
157.944 682.439 130
161.982 681.978 130
165.292 679.618 130
168.573 677.233 130
171.825 674.822 130
173.875 669.625 130
177.842 669.009 130
180.998 666.528 130
183.709 663.113 130
187.643 662.401 130
190.286 658.943 130
193.322 656.368 130
195.435 651.981 130
199.302 651.152 130
201.784 647.624 130
204.69 644.965 130
207.564 642.285 130
209.438 637.836 130
213.219 636.864 130
216.5 634.989 130
219.257 632.224 130
222.496 630.296 130
225.197 627.488 130
226.805 622.965 130
229.427 620.128 130
231.472 616.435 130
234.573 614.401 130
237.657 612.341 130
241.289 611.078 130
242.049 605.682 130
244.476 602.743 130
247.458 600.596 130
249.826 597.62 130
252.161 594.628 130
255.071 592.415 130
256.731 588.6 130
260.211 587.13 130
262.427 584.07 130
263.972 580.224 130
266.757 577.908 130
268.872 574.808 130
270.952 571.695 130
272.337 567.821 130
276.351 566.919 130
277.668 563.021 130
280.301 560.586 130
282.914 558.129 130
284.115 554.21 130
285.971 551.006 130
287.792 547.792 130
289.58 544.569 130
290.613 540.642 130
295.227 540.16 130
296.93 536.891 130
297.123 532.263 130
299.487 529.66 130
301.08 526.373 130
302.639 523.08 130
304.162 519.779 130
306.418 517.115 130
308.65 514.431 130
310.081 511.099 130
313.043 509.006 130
315.204 506.265 130
315.755 502.287 130
317.058 498.921 130
319.935 496.739 130
320.371 492.763 130
321.576 489.378 130
322.746 485.989 130
326.354 484.297 130
328.299 481.44 130
329.385 478.015 130
329.598 474.043 130
331.453 471.159 130
332.435 467.728 130
335.94 465.864 130
336.01 461.895 130
336.035 457.94 130
337.75 455 130
338.568 451.553 130
341.102 449.076 130
343.617 446.569 130
344.35 443.094 130
344.16 439.158 130
346.602 436.602 130
348.129 433.571 130
349.631 430.526 130
351.106 427.469 130
351.647 423.976 130
352.155 420.486 130
352.629 417 130
355.819 414.715 130
354.394 410.431 130
356.618 407.716 130
358.82 404.973 130
360.072 401.836 130
358.495 397.613 130
359.682 394.48 130
361.782 391.678 130
361.974 388.182 130
361.188 384.367 130
362.26 381.21 130
365.206 378.663 130
366.227 375.471 130
367.221 372.271 130
367.228 368.778 130
368.163 365.569 130
369.07 362.352 130
369.95 359.128 130
369.832 355.645 130
372.594 352.898 130
372.418 349.41 130
373.184 346.156 130
373.921 342.896 130
372.674 339.214 130
373.351 335.959 130
374.982 332.889 130
375.603 329.614 130
376.197 326.334 130
376.761 323.048 130
378.285 319.914 130
375.826 316.168 130
377.292 313.025 130
378.732 309.861 130
377.168 306.31 130
377.557 303.017 130
378.913 299.825 130
379.246 296.517 130
378.554 293.119 130
379.826 289.893 130
380.072 286.577 130
380.289 283.259 130
380.478 279.94 130
378.639 276.532 130
380.768 273.297 130
381.869 270 130
381.942 266.667 130
381.985 263.334 130
381 260 130
379.986 256.684 130
381.942 253.333 130
380.869 250.027 130
380.768 246.703 130
379.638 243.425 130
380.478 240.06 130
383.284 236.557 130
380.072 233.423 130
381.819 229.95 130
380.546 226.707 130
379.246 223.483 130
378.913 220.175 130
380.538 216.643 130
380.145 213.324 130
380.715 209.878 130
379.273 206.697 130
379.782 203.241 130
379.272 199.929 130
377.747 196.787 130
377.181 193.493 130
375.603 190.386 130
376.945 186.729 130
377.271 183.243 130
374.631 180.37 130
373.921 177.104 130
0 260 130
0 260 130
0 260 130
0 260 130
0 260 130
0 260 130
0 260 130
0 260 130
72.6792 237.78 130
71.5288 237.447 130
0 260 130
0 260 130
42.5483 245.349 130
39.5909 245.98 130
39.4671 245.635 130
35.5935 246.692 130
35.4761 246.382 130
36.2863 245.706 130
36.1602 245.39 130
36.0313 245.075 130
34.9792 245.152 130
33.9312 245.246 130
32.8876 245.357 130
33.6686 244.656 130
33.5334 244.363 130
33.3957 244.071 130
33.2554 243.78 130
34.0075 243.044 130
31.1852 244.11 130
31.0454 243.839 130
31.7861 243.099 130
29.8798 243.777 130
30.6117 243.032 130
28.7217 243.75 130
29.4449 243 130
29.2954 242.744 130
29.1437 242.489 130
28.9898 242.235 130
29.6817 241.453 130
28.6753 241.732 130
28.5148 241.482 130
28.3521 241.234 130
26.5292 242.106 130
27.1962 241.309 130
27.032 241.072 130
26.8658 240.837 130
25.0795 241.779 130
24.1157 242.155 130
24.7577 241.344 130
34.9075 233.214 130
40.1885 228.601 130
33.6522 233.232 130
25.6458 239.232 130
25.4636 239.009 130
23.7474 240.074 130
0 260 130
0 260 130
0 260 130
0 260 130
0 260 130
0 260 130
0 260 130
0 260 130
0 260 130
0 260 130
0 260 130
