-0 260 247
-0 260 247
-0 260 247
-0 260 247
-0 260 247
-0 260 247
-0 260 247
-0 260 247
-16.6036 245.567 247
-23.5726 239.867 247
-26.8116 237.502 247
-26.2352 238.373 247
-33.4173 232.939 247
-43.0435 225.762 247
-40.9766 227.986 247
-28.5607 238.085 247
-26.355 240.14 247
-27.3311 239.776 247
-26.6976 240.603 247
-26.0517 241.418 247
-27.032 241.072 247
-26.372 241.875 247
-25.7002 242.665 247
-27.5182 241.786 247
-26.8375 242.572 247
-26.9885 242.806 247
-26.2895 243.573 247
-27.2845 243.28 247
-28.2865 243.004 247
-28.4338 243.251 247
-28.5788 243.5 247
-27.8514 244.242 247
-27.9878 244.486 247
-29.001 244.254 247
-29.1373 244.507 247
-30.1584 244.301 247
-29.4032 245.018 247
-31.3227 244.383 247
-30.559 245.095 247
-32.4931 244.502 247
-32.6271 244.786 247
-32.7586 245.071 247
-33.8012 244.951 247
-33.0142 245.645 247
-33.1382 245.934 247
-35.1074 245.458 247
-34.3058 246.14 247
-34.4255 246.439 247
-36.4096 246.024 247
-37.4669 245.992 247
-38.5274 245.977 247
-0 260 247
-0 260 247
-0 260 247
-72.2803 236.515 247
-72.4825 237.146 247
-0 260 247
-0 260 247
-0 260 247
-0 260 247
-0 260 247
-0 260 247
-0 260 247
-0 260 247
-0 260 247
-0 260 247
-0 260 247
-0 260 247
-0 260 247
-0 260 247
-0 260 247
-0 260 247
-685.456 151.435 247
-684.399 157.716 247
-686.256 163.553 247
-686.08 169.676 247
-686.842 175.667 247
-687.552 181.663 247
-688.209 187.666 247
-686.823 193.867 247
-687.374 199.863 247
-687.873 205.863 247
-688.319 211.868 247
-688.713 217.877 247
-689.054 223.888 247
-689.343 229.903 247
-690.579 235.885 247
-689.764 241.938 247
-688.895 247.975 247
-688.974 253.988 247
-690 260 247
-688.974 266.013 247
-688.895 272.025 247
-688.764 278.036 247
-687.581 284.011 247
-688.344 290.054 247
-687.057 296.007 247
-686.717 302.001 247
-686.324 307.993 247
-683.885 313.823 247
-684.386 319.876 247
-682.842 325.75 247
-682.242 331.707 247
-681.59 337.658 247
-679.894 343.481 247
-678.148 349.28 247
-678.334 355.334 247
-676.487 361.102 247
-675.579 367.001 247
-673.633 372.728 247
-672.624 378.602 247
-669.597 384.102 247
-668.488 389.941 247
-667.329 395.77 247
-665.14 401.38 247
-663.881 407.179 247
-662.572 412.967 247
-661.212 418.743 247
-658.831 424.265 247
-656.404 429.758 247
-654.898 435.479 247
-652.378 440.92 247
-649.813 446.331 247
-647.203 451.71 247
-645.506 457.351 247
-642.805 462.676 247
-641.012 468.278 247
-638.222 473.546 247
-635.388 478.782 247
-633.455 484.318 247
-629.594 489.154 247
-627.57 494.639 247
-624.565 499.748 247
-621.519 504.823 247
-618.432 509.863 247
-616.228 515.25 247
-613.056 520.227 247
-610.762 525.567 247
-605.681 529.666 247
-603.304 534.942 247
-600.882 540.196 247
-595.706 544.137 247
-593.204 549.325 247
-590.657 554.491 247
-587.173 559.18 247
-583.653 563.831 247
-580.097 568.443 247
-576.504 573.016 247
-572.876 577.55 247
-569.213 582.045 247
-565.515 586.5 247
-561.782 590.915 247
-558.873 595.805 247
-555.921 600.669 247
-551.231 604.448 247
-547.361 608.708 247
-543.458 612.926 247
-538.69 616.551 247
-534.729 620.679 247
-532.385 625.898 247
-527.534 629.383 247
-523.476 633.392 247
-517.771 636.183 247
-515.272 641.281 247
-511.127 645.162 247
-506.953 648.999 247
-501.175 651.561 247
-497.739 655.919 247
-494.265 660.248 247
-489.21 663.274 247
-484.906 666.885 247
-480.577 670.451 247
-476.976 674.629 247
-471.842 677.451 247
-467.438 680.883 247
-462.273 683.595 247
-457.827 686.931 247
-452.634 689.533 247
-448.149 692.772 247
-443.642 695.966 247
-439.82 699.82 247
-434.564 702.215 247
-430.688 705.991 247
-424.715 707.556 247
-420.793 711.245 247
-415.488 713.426 247
-410.846 716.291 247
-406.186 719.11 247
-402.164 722.637 247
-397.462 725.368 247
-391.458 726.521 247
-387.372 729.919 247
-381.368 730.95 247
-377.244 734.261 247
-372.475 736.747 247
-367.083 738.392 247
-362.293 740.779 247
-358.083 743.922 247
-352.671 745.41 247
-347.841 747.655 247
-342.999 749.853 247
-337.578 751.179 247
-332.161 752.448 247
-327.299 754.494 247
-321.337 754.816 247
-317.007 757.601 247
-312.122 759.5 247
-307.752 762.205 247
-302.327 763.157 247
-296.91 764.053 247
-292.5 766.625 247
-287.083 767.417 247
-282.159 769.029 247
-276.275 768.835 247
-271.824 771.227 247
-264.582 768.257 247
-248.333 747.381 247
-241.839 745.054 247
-235.405 742.652 247
-230.754 743.786 247
-235.821 765.72 247
-236.375 778.678 247
-231.026 778.894 247
-226.091 779.973 247
-221.154 781.006 247
-215.451 780.144 247
-211.278 782.932 247
-205.607 781.964 247
-200.686 782.805 247
-195.416 782.663 247
-190.505 783.409 247
-185.597 784.109 247
-180.69 784.763 247
-175.469 784.423 247
-170.577 784.983 247
-165.99 786.452 247
-160.512 785.011 247
-155.64 785.433 247
-150.774 785.81 247
-145.645 785.179 247
-140.539 784.498 247
-135.956 785.704 247
-130.88 784.93 247
-126.06 785.08 247
-121.024 784.211 247
-116.228 784.271 247
-111.441 784.287 247
-106.662 784.26 247
-101.892 784.189 247
-96.767 782.108 247
-92.3808 783.918 247
-87.4752 782.731 247
-82.7538 782.487 247
-78.0433 782.2 247
-73.205 780.881 247
-68.5262 780.509 247
-63.8595 780.094 247
-59.092 778.645 247
-54.4593 778.146 247
-49.7439 776.611 247
-45.2338 777.025 247
-40.5633 775.406 247
-35.9943 774.743 247
-31.3789 773.041 247
-26.9006 773.296 247
-22.3767 772.512 247
-17.8336 770.689 247
-13.324 768.826 247
-8.86578 767.923 247
-4.43304 767.981 247
3.82774e-05 767 247
4.40694 764.981 247
8.79605 763.923 247
13.167 762.828 247
17.5196 761.694 247
21.8533 760.523 247
26.0633 757.318 247
30.3412 756.073 247
34.669 755.789 247
38.8373 753.474 247
43.055 752.12 247
47.252 750.73 247
51.428 749.305 247
55.5828 747.844 247
59.716 746.348 247
63.6968 743.825 247
67.499 740.28 247
71.8354 740.662 247
76.0272 740.017 247
79.8831 737.362 247
83.8721 735.662 247
87.8376 733.929 247
91.7792 732.163 247
95.6966 730.364 247
99.3818 727.555 247
103.242 725.693 247
107.077 723.8 247
110.653 720.903 247
114.671 719.92 247
118.68 718.902 247
121.904 714.951 247
125.068 710.979 247
129.55 711.793 247
132.919 708.728 247
136.538 706.594 247
140.129 704.432 247
144.002 703.192 247
147.547 700.97 247
150.738 697.775 247
153.885 694.558 247
156.987 691.319 247
161.095 690.869 247
164.491 688.513 247
168.224 687.062 247
171.195 683.723 247
175.269 683.137 247
177.783 678.83 247
181.431 677.262 247
183.845 672.923 247
187.441 671.302 247
191.023 669.651 247
194.161 667.066 247
196.39 662.66 247
200.789 662.72 247
203.388 659.171 247
206.402 656.494 247
208.915 652.912 247
211.859 650.195 247
215.74 649.206 247
218.636 646.438 247
221.5 643.649 247
224.84 641.702 247
227.132 638.011 247
229.899 635.162 247
232.105 631.445 247
236.412 631.092 247
238.007 626.499 247
240.645 623.574 247
243.808 621.46 247
246.953 619.319 247
249.506 616.331 247
252.025 613.326 247
253.335 608.686 247
257.558 608.07 247
258.78 603.413 247
261.767 601.142 247
264.734 598.845 247
267.681 596.521 247
269.978 593.396 247
272.878 591.027 247
274.47 587.101 247
276.665 583.933 247
280.137 582.261 247
282.939 579.804 247
284.381 575.837 247
286.45 572.606 247
289.167 570.094 247
291.174 566.833 247
291.757 562.123 247
295.784 560.992 247
296.278 556.278 247
299.565 554.382 247
301.403 551.062 247
303.932 548.421 247
306.437 545.757 247
308.919 543.072 247
309.148 538.358 247
312.315 536.313 247
313.959 532.921 247
316.329 530.17 247
317.908 526.757 247
320.224 523.972 247
321.738 520.539 247
324 517.721 247
324.66 513.653 247
326.862 510.81 247
329.038 507.948 247
331.993 505.662 247
333.315 502.168 247
332.973 497.507 247
335.033 494.593 247
337.068 491.66 247
339.076 488.71 247
341.893 486.294 247
341.339 481.668 247
344.947 479.756 247
346.852 476.737 247
347.025 472.657 247
348.867 469.62 247
352.406 467.583 247
350.74 462.5 247
352.494 459.432 247
355.096 456.833 247
356.8 453.726 247
355.828 449.197 247
358.352 446.546 247
360.858 443.866 247
362.448 440.71 247
364.012 437.54 247
363.742 433.496 247
364.336 429.893 247
365.804 426.707 247
366.332 423.101 247
366.824 419.5 247
369.122 416.683 247
370.476 413.456 247
370.874 409.843 247
373.097 406.967 247
374.366 403.706 247
374.669 400.083 247
375.877 396.808 247
376.114 393.189 247
378.207 390.227 247
380.278 387.239 247
380.423 383.607 247
381.487 380.282 247
381.566 376.656 247
383.528 373.606 247
383.543 369.979 247
382.561 366.094 247
385.404 363.269 247
384.355 359.401 247
388.118 356.769 247
387.976 353.145 247
387.799 349.531 247
389.542 346.359 247
391.259 343.165 247
389.03 339.149 247
389.706 335.751 247
391.335 332.53 247
389.984 328.765 247
393.528 325.854 247
392.112 322.104 247
394.617 318.976 247
394.127 315.391 247
392.612 311.688 247
396.026 308.626 247
394.448 304.942 247
395.82 301.602 247
397.163 298.242 247
395.489 294.601 247
394.779 291.07 247
396.033 287.693 247
395.261 284.175 247
398.453 280.882 247
398.62 277.404 247
397.758 273.89 247
398.863 270.445 247
396.94 266.929 247
397.985 263.473 247
397 260 247
397.985 256.527 247
398.939 253.036 247
398.863 249.555 247
396.758 246.145 247
398.62 242.596 247
397.455 239.17 247
398.256 235.642 247
398.028 232.167 247
399.764 228.538 247
395.489 225.399 247
397.163 221.758 247
399.798 217.98 247
398.422 214.606 247
398.011 211.13 247
398.561 207.528 247
398.088 204.052 247
396.595 200.728 247
395.075 197.426 247
396.487 193.651 247
394.908 190.367 247
396.252 186.559 247
394.614 183.295 247
394.91 179.655 247
392.237 176.627 247
391.495 173.208 247
0 260 247
0 260 247
0 260 247
0 260 247
0 260 247
0 260 247
0 260 247
0 260 247
72.6792 237.78 247
73.4362 236.846 247
0 260 247
0 260 247
0 260 247
39.5909 245.98 247
38.5274 245.977 247
35.5935 246.692 247
35.4761 246.382 247
36.2863 245.706 247
35.233 245.765 247
35.1074 245.458 247
34.9792 245.152 247
34.8483 244.848 247
32.8876 245.357 247
32.7586 245.071 247
32.6271 244.786 247
34.2982 243.641 247
34.1542 243.342 247
33.1126 243.491 247
31.1852 244.11 247
31.9324 243.377 247
30.9032 243.568 247
29.8798 243.777 247
29.7371 243.516 247
27.8514 244.242 247
28.5788 243.5 247
28.4338 243.251 247
29.1437 242.489 247
28.9898 242.235 247
28.8336 241.983 247
28.6753 241.732 247
27.6761 242.027 247
28.3521 241.234 247
26.5292 242.106 247
28.0203 240.742 247
26.2129 241.646 247
26.0517 241.418 247
26.6976 240.603 247
24.1157 242.155 247
24.7577 241.344 247
35.7009 232.606 247
39.4005 229.217 247
32.0869 234.477 247
27.2001 237.974 247
27.0069 237.737 247
22.9813 240.716 247
0 260 247
0 260 247
0 260 247
0 260 247
0 260 247
0 260 247
0 260 247
0 260 247
0 260 247
0 260 247
0 260 247
