-0 260 151
-0 260 151
-0 260 151
-0 260 151
-0 260 151
-0 260 151
-0 260 151
-0 260 151
-16.6036 245.567 151
-22.8122 240.517 151
-27.5776 236.86 151
-27.7785 237.101 151
-34.1944 232.31 151
-43.0435 225.762 151
-41.7646 227.37 151
-28.5607 238.085 151
-25.5563 240.742 151
-26.5273 240.371 151
-26.6976 240.603 151
-27.6799 240.256 151
-26.2129 241.646 151
-26.372 241.875 151
-27.3582 241.547 151
-27.5182 241.786 151
-26.8375 242.572 151
-26.9885 242.806 151
-27.9856 242.513 151
-28.9898 242.235 151
-28.2865 243.004 151
-28.4338 243.251 151
-29.4449 243 151
-26.981 244.735 151
-27.9878 244.486 151
-29.001 244.254 151
-29.1373 244.507 151
-31.0454 243.839 151
-31.1852 244.11 151
-31.3227 244.383 151
-30.559 245.095 151
-31.5905 244.932 151
-31.7208 245.208 151
-32.7586 245.071 151
-32.8876 245.357 151
-33.0142 245.645 151
-34.9792 245.152 151
-35.1074 245.458 151
-35.233 245.765 151
-36.2863 245.706 151
-36.4096 246.024 151
-36.5302 246.342 151
-40.4068 245.293 151
-0 260 151
-0 260 151
-0 260 151
-73.2314 236.206 151
-70.5751 237.748 151
-0 260 151
-0 260 151
-0 260 151
-0 260 151
-0 260 151
-0 260 151
-0 260 151
-0 260 151
-0 260 151
-0 260 151
-0 260 151
-0 260 151
-0 260 151
-0 260 151
-0 260 151
-0 260 151
-726.939 144.864 151
-726.927 151.36 151
-725.867 157.986 151
-728.712 164.063 151
-728.529 170.548 151
-729.282 176.909 151
-728.985 183.381 151
-729.625 189.745 151
-730.211 196.115 151
-730.74 202.49 151
-730.217 208.938 151
-730.635 215.313 151
-729.998 221.743 151
-731.303 228.071 151
-731.554 234.454 151
-731.749 240.839 151
-730.889 247.242 151
-731.972 253.612 151
-732 260 151
-730.972 266.379 151
-730.889 272.758 151
-730.75 279.135 151
-729.555 285.477 151
-729.305 291.842 151
-729.998 298.258 151
-727.64 304.504 151
-728.222 310.922 151
-726.753 317.197 151
-725.23 323.449 151
-725.644 329.872 151
-724.012 336.097 151
-723.32 342.412 151
-720.588 348.477 151
-719.789 354.762 151
-719.925 361.179 151
-717.036 367.162 151
-716.074 373.415 151
-714.071 379.495 151
-713.986 385.895 151
-710.893 391.756 151
-709.716 397.955 151
-708.486 404.143 151
-706.223 410.112 151
-703.909 416.053 151
-702.521 422.19 151
-699.134 427.847 151
-696.672 433.7 151
-696.098 440.023 151
-692.569 445.573 151
-689.959 451.343 151
-688.263 457.356 151
-686.515 463.355 151
-682.802 468.753 151
-680 474.403 151
-677.152 480.02 151
-673.31 485.286 151
-672.264 491.479 151
-668.333 496.669 151
-665.302 502.15 151
-663.164 507.947 151
-660.041 513.366 151
-656.875 518.75 151
-652.737 523.723 151
-649.487 529.027 151
-647.115 534.684 151
-643.776 539.922 151
-639.482 544.716 151
-636.063 549.871 151
-633.509 555.41 151
-630.004 560.497 151
-625.561 565.106 151
-621.979 570.108 151
-618.358 575.069 151
-613.811 579.53 151
-611.883 585.344 151
-605.505 588.762 151
-603.488 594.519 151
-598.805 598.787 151
-594.959 603.5 151
-591.078 608.171 151
-587.16 612.801 151
-582.353 616.867 151
-578.369 621.405 151
-574.35 625.901 151
-569.457 629.81 151
-563.707 633.109 151
-559.6 637.455 151
-557.109 642.891 151
-551.289 646.017 151
-547.9 650.813 151
-542.041 653.816 151
-537.78 657.937 151
-533.488 662.012 151
-526.787 664.218 151
-524.815 670.031 151
-519.652 673.35 151
-514.471 676.61 151
-510.044 680.448 151
-505.589 684.24 151
-500.347 687.337 151
-495.844 691.031 151
-489.817 693.354 151
-484.53 696.273 151
-480.705 700.485 151
-475.38 703.299 151
-470.043 706.054 151
-466.132 710.139 151
-460.76 712.787 151
-454.67 714.67 151
-449.283 717.194 151
-444.581 720.378 151
-438.482 722.064 151
-435.115 726.604 151
-429 728.171 151
-423.56 730.411 151
-418.113 732.591 151
-414.629 736.977 151
-409.152 739.056 151
-402.385 739.544 151
-398.185 743.037 151
-392.696 744.939 151
-387.204 746.782 151
-382.326 749.355 151
-376.823 751.086 151
-371.32 752.758 151
-366.411 755.176 151
-360.312 755.927 151
-354.809 757.425 151
-349.882 759.683 151
-343.809 760.245 151
-338.871 762.397 151
-334.474 765.335 151
-327.873 764.88 151
-322.38 766.035 151
-313.182 761.196 151
-295.734 742.594 151
-288.421 740.014 151
-283.714 741.651 151
-278.5 742.376 151
-287.083 767.417 151
-285.553 775.151 151
-279.615 774.987 151
-274.641 776.524 151
-269.199 777.127 151
-264.222 778.566 151
-258.795 779.062 151
-252.94 778.604 151
-247.544 778.987 151
-242.583 780.221 151
-237.619 781.408 151
-232.653 782.548 151
-226.888 781.807 151
-221.154 781.006 151
-216.599 782.916 151
-210.903 782.005 151
-205.974 782.895 151
-200.328 781.871 151
-195.416 782.663 151
-190.847 784.349 151
-185.597 784.109 151
-180.365 783.817 151
-174.518 781.578 151
-169.65 782.13 151
-164.486 781.683 151
-159.635 782.142 151
-154.504 781.598 151
-149.12 780.043 151
-144.309 780.36 151
-138.986 778.702 151
-134.454 779.895 151
-129.428 779.108 151
-124.66 779.246 151
-119.674 778.365 151
-114.929 778.413 151
-109.985 777.44 151
-105.266 777.4 151
-100.556 777.318 151
-95.4914 775.226 151
-90.6443 774.07 151
-85.8247 772.869 151
-81.3459 773.598 151
-76.4174 771.321 151
-71.8133 770.978 151
-67.2209 770.594 151
-62.3971 768.184 151
-57.7336 766.722 151
-53.3095 767.206 151
-48.6896 765.661 151
-44.1008 764.075 151
-39.5433 762.446 151
-35.0875 761.775 151
-30.5853 760.066 151
-26.0633 757.318 151
-21.7224 757.526 151
-17.3101 755.698 151
-12.9576 754.83 151
-8.62145 753.925 151
-4.29342 751.981 151
3.70695e-05 751 151
4.26731 748.981 151
8.49936 746.926 151
12.6959 744.834 151
16.8565 742.706 151
21.0246 741.541 151
25.1736 740.341 151
29.2423 738.107 151
33.3436 736.836 151
37.425 735.53 151
41.399 733.192 151
45.2392 729.827 151
49.1284 727.425 151
53.2055 726.979 151
57.1568 725.504 151
61.0863 723.996 151
64.8547 721.465 151
68.7314 719.892 151
72.4292 717.3 151
76.252 715.664 151
80.0518 713.996 151
83.4639 710.331 151
87.3905 709.585 151
90.7124 705.866 151
94.8078 706.035 151
98.2636 703.238 151
101.903 701.39 151
105.517 699.511 151
108.865 696.633 151
111.67 691.794 151
115.433 690.803 151
119.188 689.779 151
122.383 686.8 151
126.103 685.716 151
128.936 681.73 151
132.611 680.589 151
135.349 676.563 151
138.345 673.469 151
141.297 670.355 151
145.206 670.049 151
148.437 667.827 151
151.29 664.642 151
154.815 663.307 151
157.962 661.01 151
160.706 657.762 151
163.406 654.497 151
166.842 653.056 151
169.468 649.751 151
172.456 647.343 151
175.415 644.914 151
178.768 643.368 151
180.815 639.086 151
183.678 636.595 151
186.065 633.188 151
188.86 630.659 151
191.626 628.109 151
194.361 625.54 151
197.544 623.83 151
200.226 621.218 151
201.894 616.846 151
205 615.07 151
207.076 611.545 151
209.621 608.867 151
212.657 607.025 151
215.147 604.308 151
218.144 602.417 151
219.49 597.984 151
223.534 597.724 151
225.914 594.931 151
227.129 590.475 151
229.431 587.661 151
231.7 584.832 151
233.939 581.989 151
236.739 579.935 151
238.921 577.058 151
241.678 574.961 151
243.802 572.052 151
245.271 568.348 151
247.323 565.418 151
249.979 563.248 151
251.33 559.523 151
252.635 555.798 151
255.863 554.337 151
259.084 552.842 151
260.961 549.826 151
261.453 545.326 151
262.569 541.571 151
265.705 539.994 151
266.749 536.226 151
267.747 532.462 151
271.529 531.529 151
273.175 528.448 151
275.507 526.054 151
276.368 522.263 151
277.914 519.159 151
280.165 516.724 151
281.652 513.6 151
283.105 510.47 151
286.035 508.646 151
287.433 505.491 151
288.799 502.331 151
289.359 498.529 151
291.43 495.995 151
294.261 494.065 151
294.716 490.257 151
295.921 487.068 151
297.891 484.477 151
299.839 481.869 151
301.763 479.244 151
302.851 476.021 151
303.905 472.797 151
304.927 469.57 151
306.744 466.901 151
307.704 463.665 151
310.308 461.516 151
309.525 457.189 151
312.93 455.54 151
314.624 452.802 151
313.723 448.504 151
316.218 446.267 151
318.697 444 151
318.55 440.227 151
320.111 437.44 151
320.768 434.163 151
322.276 431.357 151
322.872 428.076 151
324.326 425.253 151
324.861 421.97 151
327.161 419.567 151
327.638 416.276 151
327.177 412.565 151
328.496 409.704 151
330.703 407.239 151
331.059 403.948 151
332.302 401.054 151
334.444 398.531 151
335.641 395.608 151
335.881 392.307 151
334.222 388.296 151
337.202 386.075 151
337.35 382.785 151
339.351 380.17 151
339.441 376.879 151
339.5 373.595 151
340.478 370.628 151
342.384 367.953 151
340.444 364.084 151
343.257 361.677 151
342.209 358.127 151
344.016 355.404 151
345.801 352.657 151
344.661 349.135 151
347.366 346.608 151
347.136 343.34 151
346.876 340.083 151
345.609 336.62 151
346.264 333.601 151
349.833 331.174 151
350.441 328.119 151
350.039 324.876 151
349.607 321.645 151
350.131 318.592 151
351.617 315.691 151
350.112 312.325 151
351.545 309.406 151
351.963 306.337 151
353.346 303.385 151
353.712 300.3 151
353.055 297.108 151
353.366 294.025 151
354.645 291.027 151
352.909 287.775 151
353.138 284.694 151
355.336 281.733 151
355.512 278.632 151
354.662 275.485 151
353.784 272.354 151
355.878 269.319 151
354.946 266.196 151
353.987 263.089 151
354 260 151
356.986 256.885 151
356.946 253.769 151
354.878 250.707 151
355.783 247.576 151
354.662 244.515 151
356.511 241.316 151
355.336 238.267 151
354.135 235.236 151
355.899 231.99 151
355.642 228.885 151
356.352 225.687 151
354.05 222.788 151
354.705 219.586 151
355.332 216.371 151
354.937 213.272 151
355.506 210.037 151
354.068 207.084 151
355.568 203.684 151
354.077 200.748 151
353.546 197.66 151
352.005 194.76 151
351.423 191.69 151
351.793 188.427 151
349.199 185.776 151
349.514 182.515 151
0 260 151
0 260 151
0 260 151
0 260 151
0 260 151
0 260 151
0 260 151
0 260 151
70.7666 238.364 151
71.5288 237.447 151
0 260 151
0 260 151
42.5483 245.349 151
39.5909 245.98 151
38.5274 245.977 151
38.4036 245.641 151
36.4096 246.024 151
36.2863 245.706 151
36.1602 245.39 151
36.0313 245.075 151
34.0587 245.543 151
34.8483 244.848 151
34.7147 244.544 151
32.7586 245.071 151
32.6271 244.786 151
34.2982 243.641 151
33.2554 243.78 151
34.0075 243.044 151
31.1852 244.11 151
31.0454 243.839 151
31.7861 243.099 151
29.8798 243.777 151
29.7371 243.516 151
30.4624 242.765 151
28.5788 243.5 151
29.2954 242.744 151
29.1437 242.489 151
29.8424 241.713 151
28.8336 241.983 151
29.5187 241.195 151
28.5148 241.482 151
29.186 240.682 151
28.1873 240.987 151
28.0203 240.742 151
26.2129 241.646 151
26.8658 240.837 151
25.8885 241.191 151
24.1157 242.155 151
24.7577 241.344 151
36.4943 231.997 151
40.1885 228.601 151
34.4348 232.609 151
27.2001 237.974 151
27.0069 237.737 151
23.7474 240.074 151
0 260 151
0 260 151
0 260 151
0 260 151
0 260 151
0 260 151
0 260 151
0 260 151
0 260 151
0 260 151
0 260 151
