-0 260 40
-0 260 40
-0 260 40
-0 260 40
-0 260 40
-0 260 40
-0 260 40
-0 260 40
-15.8489 246.223 40
-23.5726 239.867 40
-26.8116 237.502 40
-27.7785 237.101 40
-33.4173 232.939 40
-43.0435 225.762 40
-40.1886 228.601 40
-27.7674 238.693 40
-26.355 240.14 40
-28.135 239.181 40
-26.6976 240.603 40
-26.8658 240.837 40
-26.2129 241.646 40
-26.372 241.875 40
-25.7002 242.665 40
-26.6843 242.338 40
-27.6761 242.027 40
-26.9885 242.806 40
-27.9856 242.513 40
-27.2845 243.28 40
-28.2865 243.004 40
-28.4338 243.251 40
-27.7128 244 40
-26.981 244.735 40
-27.9878 244.486 40
-29.001 244.254 40
-30.0202 244.038 40
-31.0454 243.839 40
-30.2942 244.564 40
-30.4278 244.829 40
-30.559 245.095 40
-30.6879 245.363 40
-31.7208 245.208 40
-32.7586 245.071 40
-32.8876 245.357 40
-33.0142 245.645 40
-34.0587 245.543 40
-35.1074 245.458 40
-35.233 245.765 40
-34.4255 246.439 40
-36.4096 246.024 40
-37.4669 245.992 40
-39.4671 245.635 40
-0 260 40
-0 260 40
-0 260 40
-71.3292 236.824 40
-71.5288 237.447 40
-0 260 40
-72.8703 238.415 40
-0 260 40
-0 260 40
-0 260 40
-0 260 40
-0 260 40
-0 260 40
-0 260 40
-0 260 40
-0 260 40
-0 260 40
-0 260 40
-0 260 40
-0 260 40
-0 260 40
-697.308 149.557 40
-696.267 155.942 40
-696.158 162.161 40
-696.986 168.24 40
-696.767 174.448 40
-698.481 180.418 40
-698.154 186.621 40
-698.768 192.716 40
-699.329 198.817 40
-699.836 204.922 40
-698.295 211.171 40
-699.693 217.205 40
-700.039 223.313 40
-700.333 229.423 40
-699.574 235.57 40
-699.76 241.676 40
-699.893 247.783 40
-699.973 253.892 40
-699 260 40
-698.973 266.1 40
-697.894 272.182 40
-697.761 278.272 40
-698.574 284.395 40
-697.336 290.446 40
-696.045 296.478 40
-695.7 302.551 40
-696.3 308.69 40
-692.858 314.529 40
-694.348 320.748 40
-691.8 326.613 40
-691.193 332.647 40
-690.532 338.676 40
-689.82 344.699 40
-688.063 350.585 40
-686.256 356.447 40
-684.399 362.284 40
-684.468 368.409 40
-682.51 374.213 40
-679.517 379.817 40
-679.429 385.925 40
-677.323 391.658 40
-675.168 397.365 40
-673.944 403.251 40
-672.668 409.127 40
-670.367 414.766 40
-666.073 419.91 40
-665.623 425.959 40
-663.181 431.51 40
-662.625 437.55 40
-659.123 442.791 40
-655.58 447.985 40
-654.874 453.983 40
-652.2 459.398 40
-649.481 464.781 40
-644.816 469.514 40
-644.86 475.767 40
-642.007 481.061 40
-638.168 485.987 40
-636.172 491.548 40
-633.19 496.74 40
-630.167 501.898 40
-627.101 507.022 40
-623.995 512.11 40
-620.847 517.163 40
-617.659 522.181 40
-615.347 527.561 40
-610.248 531.7 40
-608.764 537.43 40
-605.414 542.309 40
-601.122 546.72 40
-596.799 551.079 40
-594.236 556.275 40
-590.737 560.996 40
-587.201 565.678 40
-582.745 569.851 40
-580.898 575.402 40
-578.124 580.459 40
-574.435 585 40
-568.979 588.5 40
-566.09 593.453 40
-561.445 597.35 40
-558.479 602.237 40
-555.471 607.097 40
-550.735 610.857 40
-546.813 615.105 40
-543.694 619.863 40
-538.874 623.475 40
-534.858 627.598 40
-531.63 632.251 40
-525.919 635.134 40
-521.816 639.122 40
-518.488 643.661 40
-515.12 648.171 40
-510.92 652.042 40
-506.691 655.87 40
-501.652 659.032 40
-498.151 663.394 40
-492.296 665.818 40
-487.97 669.456 40
-483.618 673.049 40
-479.995 677.254 40
-474.089 679.439 40
-471.154 684.229 40
-466.697 687.649 40
-462.215 691.023 40
-456.26 692.975 40
-451.745 696.246 40
-447.208 699.47 40
-442.649 702.649 40
-438.068 705.782 40
-434.161 709.587 40
-428.845 711.908 40
-423.521 714.171 40
-418.19 716.375 40
-413.523 719.264 40
-410.162 723.604 40
-403.476 724.146 40
-398.761 726.889 40
-394.029 729.585 40
-390.552 733.778 40
-384.515 734.836 40
-380.356 738.174 40
-374.322 739.111 40
-369.518 741.566 40
-364.098 743.175 40
-359.273 745.53 40
-354.434 747.837 40
-350.164 750.912 40
-344.719 752.31 40
-340.41 755.3 40
-334.397 755.765 40
-329.506 757.83 40
-324.06 759.009 40
-319.156 760.975 40
-313.182 761.196 40
-309.319 764.763 40
-304.902 767.443 40
-299.448 768.361 40
-294.5 770.089 40
-289.053 770.899 40
-283.614 771.653 40
-278.661 773.229 40
-273.232 773.876 40
-267.814 774.466 40
-262.86 775.893 40
-257.902 777.272 40
-253.817 780.402 40
-247.544 778.987 40
-242.16 779.314 40
-237.619 781.408 40
-232.247 781.634 40
-226.888 781.807 40
-222.326 783.767 40
-216.599 782.916 40
-212.402 785.713 40
-206.707 784.756 40
-201.761 785.606 40
-197.167 787.346 40
-191.531 786.228 40
-186.264 785.994 40
-181.341 786.654 40
-176.104 786.32 40
-171.504 787.836 40
-166.29 787.405 40
-161.097 786.924 40
-155.924 786.392 40
-151.049 786.771 40
-146.447 788.07 40
-141.315 787.396 40
-136.207 786.672 40
-131.364 786.871 40
-126.527 787.025 40
-121.698 787.134 40
-116.877 787.2 40
-111.856 786.243 40
-107.061 786.22 40
-101.892 784.189 40
-97.496 786.041 40
-92.3808 783.918 40
-87.8053 784.704 40
-82.9102 783.475 40
-78.1911 783.189 40
-73.6225 783.852 40
-68.7873 782.491 40
-64.1032 782.079 40
-59.4316 781.625 40
-54.6683 780.135 40
-50.0314 779.597 40
-45.4081 779.017 40
-40.7987 778.397 40
-36.1338 776.738 40
-31.5621 776.036 40
-27.0053 775.293 40
-22.4639 774.51 40
-17.8685 771.688 40
-13.3764 770.825 40
-8.88324 768.922 40
-4.44177 768.981 40
3.83529e-05 768 40
4.42439 766.981 40
8.83096 765.923 40
13.2194 764.827 40
17.5894 763.693 40
21.897 761.522 40
26.1157 758.316 40
30.4633 758.069 40
34.7388 756.787 40
38.9942 755.468 40
43.3164 755.109 40
47.4437 752.721 40
51.6371 751.294 40
55.8092 749.831 40
59.9598 748.333 40
63.9579 745.808 40
68.0557 744.241 40
72.131 742.64 40
76.0272 740.017 40
80.3782 740.321 40
84.0457 736.647 40
88.202 735.895 40
92.1608 734.126 40
95.896 731.344 40
99.5897 728.533 40
103.891 728.622 40
107.752 726.723 40
110.887 721.876 40
115.155 721.861 40
118.931 719.87 40
122.68 717.849 40
125.602 712.906 40
130.101 713.716 40
133.487 710.645 40
137.415 709.463 40
141.031 707.293 40
144.62 705.094 40
147.547 700.97 40
151.715 700.612 40
155.22 698.328 40
157.671 693.198 40
161.095 690.869 40
164.849 689.447 40
168.591 687.992 40
172.319 686.505 40
175.269 683.137 40
178.955 681.591 40
181.83 678.179 40
184.658 674.75 40
187.856 672.212 40
191.869 671.464 40
195.452 669.774 40
198.144 666.255 40
201.235 663.615 40
204.296 660.953 40
207.325 658.268 40
210.323 655.561 40
213.29 652.831 40
216.225 650.08 40
219.129 647.308 40
222 644.515 40
224.332 640.84 40
228.162 639.725 40
231.467 637.72 40
233.694 633.989 40
236.412 631.092 40
238.552 627.338 40
241.748 625.242 40
244.367 622.289 40
247.52 620.143 40
250.653 617.969 40
253.187 614.954 40
254.511 610.304 40
257.558 608.07 40
260.586 605.809 40
263.594 603.522 40
265.35 599.633 40
268.926 598.087 40
269.349 592.618 40
271.605 589.484 40
274.47 587.101 40
277.314 584.693 40
280.137 582.261 40
281.614 578.306 40
284.381 575.837 40
287.801 574.08 40
289.849 570.825 40
290.486 566.108 40
293.841 564.281 40
296.485 561.705 40
299.106 559.106 40
299.565 554.382 40
302.842 552.451 40
304.657 549.109 40
307.169 546.439 40
308.919 543.072 40
309.148 538.358 40
311.566 535.65 40
313.204 532.264 40
315.568 529.521 40
317.908 526.757 40
319.453 523.336 40
322.516 521.168 40
324.782 518.344 40
326.236 514.884 40
326.862 510.81 40
329.836 508.55 40
330.385 504.472 40
332.506 501.58 40
333.787 498.088 40
336.671 495.74 40
338.716 492.793 40
340.734 489.828 40
342.727 486.846 40
343.855 483.302 40
344.947 479.756 40
346.852 476.737 40
347.025 472.657 40
349.724 470.136 40
352.406 467.583 40
353.338 464 40
353.364 459.924 40
355.97 457.318 40
358.557 454.681 40
357.594 450.136 40
359.239 447.008 40
360.858 443.866 40
363.343 441.156 40
364.012 437.54 40
364.644 433.926 40
366.148 430.738 40
366.714 427.121 40
368.159 423.915 40
369.575 420.696 40
370.963 417.465 40
374.171 414.987 40
372.728 410.592 40
374.958 407.7 40
376.233 404.422 40
376.542 400.783 40
375.877 396.808 40
377.057 393.523 40
379.153 390.553 40
379.329 386.922 40
380.423 383.607 40
382.44 380.583 40
380.609 376.364 40
382.569 373.322 40
384.505 370.255 40
386.416 367.163 40
385.404 363.269 40
387.259 360.152 40
388.118 356.769 40
386.031 352.678 40
387.799 349.531 40
389.542 346.359 40
391.259 343.165 40
391.97 339.747 40
391.669 336.133 40
391.335 332.53 40
390.969 328.938 40
391.555 325.524 40
394.088 322.417 40
394.617 318.976 40
393.136 315.252 40
392.612 311.688 40
395.033 308.504 40
395.442 305.055 40
395.82 301.602 40
396.168 298.147 40
396.485 294.688 40
397.77 291.305 40
397.03 287.763 40
396.26 284.236 40
398.453 280.882 40
398.62 277.404 40
399.756 273.96 40
399.863 270.471 40
398.939 266.964 40
398.985 263.482 40
399 260 40
398.985 256.518 40
398.939 253.036 40
399.863 249.529 40
399.756 246.04 40
400.618 242.509 40
397.455 239.17 40
398.256 235.642 40
398.028 232.167 40
398.767 228.616 40
397.482 225.225 40
398.158 221.662 40
399.798 217.98 40
399.416 214.492 40
396.026 211.374 40
397.569 207.659 40
398.088 204.052 40
396.595 200.728 40
396.063 197.27 40
394.514 193.981 40
394.908 190.367 40
395.268 186.741 40
393.633 183.486 40
392.95 180.053 40
391.259 176.835 40
390.518 173.424 40
0 260 40
0 260 40
0 260 40
0 260 40
0 260 40
0 260 40
0 260 40
0 260 40
73.6355 237.487 40
71.5288 237.447 40
0 260 40
0 260 40
42.5483 245.349 40
39.5909 245.98 40
37.5877 246.319 40
36.5302 246.342 40
36.4096 246.024 40
36.2863 245.706 40
35.233 245.765 40
36.0313 245.075 40
34.9792 245.152 40
33.9312 245.246 40
33.8012 244.951 40
32.7586 245.071 40
32.6271 244.786 40
34.2982 243.641 40
33.2554 243.78 40
33.1126 243.491 40
32.9672 243.202 40
31.0454 243.839 40
30.9032 243.568 40
29.8798 243.777 40
28.8625 244.001 40
29.5921 243.258 40
29.4449 243 40
28.4338 243.251 40
28.2865 243.004 40
29.8424 241.713 40
28.8336 241.983 40
28.6753 241.732 40
26.8375 242.572 40
28.3521 241.234 40
28.1873 240.987 40
26.372 241.875 40
27.032 241.072 40
25.2376 241.998 40
25.8885 241.191 40
24.1157 242.155 40
23.9591 241.946 40
34.1142 233.823 40
39.4005 229.217 40
34.4348 232.609 40
26.423 238.603 40
26.2352 238.373 40
22.9813 240.716 40
0 260 40
0 260 40
0 260 40
0 260 40
0 260 40
0 260 40
0 260 40
0 260 40
0 260 40
0 260 40
0 260 40
