-0 260 186
-0 260 186
-0 260 186
-0 260 186
-0 260 186
-0 260 186
-0 260 186
-0 260 186
-16.6036 245.567 186
-23.5726 239.867 186
-26.0455 238.145 186
-27.7785 237.101 186
-33.4173 232.939 186
-43.8261 225.139 186
-41.7646 227.37 186
-26.1807 239.911 186
-26.355 240.14 186
-27.3311 239.776 186
-26.6976 240.603 186
-26.8658 240.837 186
-26.2129 241.646 186
-25.5479 242.441 186
-26.5292 242.106 186
-27.5182 241.786 186
-25.9988 243.116 186
-26.9885 242.806 186
-26.2895 243.573 186
-28.1371 242.758 186
-28.2865 243.004 186
-26.7105 244.266 186
-28.5788 243.5 186
-27.8514 244.242 186
-27.9878 244.486 186
-29.001 244.254 186
-30.0202 244.038 186
-31.0454 243.839 186
-30.2942 244.564 186
-29.5328 245.275 186
-31.4578 244.657 186
-31.5905 244.932 186
-31.7208 245.208 186
-31.8486 245.486 186
-32.8876 245.357 186
-33.0142 245.645 186
-34.0587 245.543 186
-34.1835 245.841 186
-34.3058 246.14 186
-35.3559 246.073 186
-36.4096 246.024 186
-37.4669 245.992 186
-39.4671 245.635 186
-0 260 186
-0 260 186
-0 260 186
-71.3292 236.824 186
-72.4825 237.146 186
-0 260 186
-69.9938 239.267 186
-0 260 186
-0 260 186
-0 260 186
-0 260 186
-0 260 186
-0 260 186
-0 260 186
-0 260 186
-0 260 186
-0 260 186
-0 260 186
-0 260 186
-0 260 186
-0 260 186
-719.037 146.116 186
-719.015 152.543 186
-721.905 158.543 186
-720.78 165.108 186
-721.581 171.401 186
-723.32 177.588 186
-724.012 183.903 186
-724.648 190.224 186
-724.234 196.638 186
-724.759 202.96 186
-725.229 209.287 186
-724.646 215.679 186
-726.004 221.952 186
-724.31 228.376 186
-725.558 234.663 186
-724.752 241.022 186
-724.89 247.347 186
-724.972 253.673 186
-725 260 186
-723.972 266.318 186
-723.89 272.636 186
-723.752 278.952 186
-723.559 285.267 186
-723.311 291.581 186
-723.008 297.891 186
-721.651 304.138 186
-721.239 310.434 186
-719.774 316.648 186
-719.253 322.927 186
-718.676 329.201 186
-717.05 335.365 186
-716.365 341.62 186
-714.633 347.746 186
-713.84 353.979 186
-712.993 360.205 186
-711.102 366.275 186
-710.148 372.476 186
-709.139 378.669 186
-707.092 384.679 186
-704.994 390.663 186
-703.827 396.81 186
-700.646 402.548 186
-700.354 408.865 186
-698.052 414.754 186
-696.675 420.84 186
-694.272 426.68 186
-691.821 432.49 186
-689.321 438.271 186
-685.807 443.762 186
-686.105 450.274 186
-683.457 455.978 186
-679.803 461.367 186
-677.064 466.999 186
-675.232 472.9 186
-672.397 478.475 186
-669.516 484.017 186
-666.591 489.526 186
-663.62 495 186
-660.604 500.44 186
-655.67 505.145 186
-653.506 510.858 186
-652.223 516.917 186
-648.101 521.85 186
-644.868 527.113 186
-642.512 532.73 186
-639.191 537.928 186
-634.914 542.682 186
-632.423 548.212 186
-628.071 552.875 186
-625.492 558.344 186
-621.067 562.915 186
-617.505 567.877 186
-614.794 573.254 186
-610.263 577.683 186
-606.585 582.527 186
-602.868 587.331 186
-599.989 592.579 186
-593.583 595.833 186
-590.629 601 186
-587.631 606.141 186
-582.874 610.226 186
-578.943 614.777 186
-574.977 619.285 186
-570.133 623.215 186
-566.941 628.176 186
-561.205 631.454 186
-557.113 635.778 186
-553.813 640.625 186
-548.832 644.296 186
-543.829 647.91 186
-540.423 652.641 186
-535.369 656.152 186
-531.093 660.207 186
-526.787 664.218 186
-520.875 666.952 186
-516.521 670.86 186
-512.916 675.352 186
-505.414 676.631 186
-503.291 682.312 186
-498.066 685.389 186
-492.071 687.751 186
-488.319 692.028 186
-483.044 694.935 186
-477.756 697.783 186
-473.917 701.935 186
-467.866 703.989 186
-462.535 706.665 186
-458.62 710.685 186
-453.963 713.963 186
-448.582 716.48 186
-442.497 718.22 186
-437.105 720.613 186
-433.751 725.141 186
-428.324 727.434 186
-422.89 729.668 186
-418.113 732.591 186
-412.661 734.712 186
-407.853 737.535 186
-402.385 739.544 186
-396.277 740.722 186
-391.437 743.385 186
-385.959 745.217 186
-381.71 748.567 186
-376.215 750.292 186
-370.718 751.96 186
-365.816 754.372 186
-359.725 755.118 186
-354.809 757.425 186
-348.734 758.044 186
-343.809 760.245 186
-338.312 761.568 186
-333.922 764.501 186
-327.873 764.88 186
-322.917 766.878 186
-317.952 768.829 186
-311.932 769.026 186
-306.963 770.872 186
-301.478 771.808 186
-286.5 756.233 186
-274.28 744.788 186
-270.039 747.163 186
-263.392 745.107 186
-267.129 762.397 186
-269.661 778.014 186
-264.222 778.566 186
-258.795 779.062 186
-253.378 779.503 186
-248.405 780.792 186
-242.583 780.221 186
-238.034 782.318 186
-232.653 782.548 186
-228.084 784.558 186
-222.326 783.767 186
-216.599 782.916 186
-211.653 783.859 186
-206.707 784.756 186
-201.044 783.739 186
-195.766 783.6 186
-190.847 784.349 186
-185.597 784.109 186
-180.365 783.817 186
-175.787 785.371 186
-170.268 784.032 186
-165.388 784.544 186
-160.22 784.055 186
-155.072 783.516 186
-150.222 783.888 186
-145.378 784.215 186
-140.021 782.566 186
-135.456 783.768 186
-129.912 781.049 186
-125.127 781.19 186
-120.124 780.314 186
-115.579 781.342 186
-110.609 780.375 186
-105.466 778.38 186
-100.938 779.281 186
-95.8558 777.192 186
-91.1652 777.024 186
-86.3199 775.827 186
-81.6587 775.573 186
-76.8609 774.288 186
-72.2308 773.949 186
-67.482 772.577 186
-62.8845 772.154 186
-58.1864 770.696 186
-53.5185 769.195 186
-48.9771 768.647 186
-44.3622 767.063 186
-39.7787 765.437 186
-35.2967 764.767 186
-30.8295 764.058 186
-26.3249 762.311 186
-21.8969 761.522 186
-17.4497 759.695 186
-13.0361 757.829 186
-8.67381 756.924 186
-4.3196 754.981 186
3.7296e-05 754 186
4.29349 751.981 186
8.55172 749.925 186
12.7482 746.833 186
16.9961 746.703 186
21.1991 745.537 186
25.383 744.335 186
29.4865 742.099 186
33.5529 739.828 186
37.6604 738.52 186
41.7476 737.177 186
45.6226 733.809 186
49.7556 733.392 186
53.7716 731.947 186
57.6442 729.474 186
61.4779 726.971 186
65.4114 725.426 186
69.1748 722.859 186
73.0549 721.25 186
76.7472 718.623 186
80.7464 717.936 186
84.1928 714.264 186
87.963 712.53 186
91.9086 711.745 186
95.2236 707.992 186
99.1294 707.144 186
102.803 705.287 186
106.218 702.428 186
109.833 700.514 186
113.422 698.571 186
116.986 696.598 186
119.456 690.743 186
123.761 691.606 186
127.239 689.551 186
130.398 686.512 186
133.814 684.404 186
137.204 682.269 186
139.931 678.211 186
143.25 676.028 186
146.875 674.762 186
150.489 673.465 186
152.69 668.389 186
155.532 665.174 186
159.428 664.732 186
162.579 662.398 186
165.319 659.116 186
168.014 655.817 186
171.861 655.253 186
174.49 651.911 186
177.074 648.553 186
180.881 647.9 186
183.828 645.404 186
185.869 641.089 186
188.295 637.662 186
191.13 635.114 186
194.858 634.319 186
197.178 630.838 186
199.93 628.224 186
203.135 626.466 186
205.833 623.809 186
208.5 621.133 186
210.628 617.576 186
212.711 614.01 186
215.269 611.288 186
218.857 610.244 186
221.367 607.477 186
223.847 604.694 186
226.846 602.727 186
228.151 598.247 186
231.094 596.243 186
232.872 592.576 186
235.765 590.531 186
237.465 586.843 186
240.903 585.562 186
243.133 582.649 186
245.94 580.515 186
248.112 577.568 186
249.006 573.043 186
252.987 572.413 186
253.795 567.878 186
255.829 564.886 186
258.48 562.642 186
260.455 559.62 186
263.06 557.335 186
264.976 554.285 186
265.507 549.75 186
267.343 546.691 186
269.835 544.347 186
273.001 542.701 186
274.056 538.881 186
276.479 536.479 186
277.454 532.654 186
279.104 529.527 186
282.171 527.77 186
283.034 523.933 186
284.589 520.778 186
286.111 517.615 186
287.599 514.446 186
290.563 512.583 186
292.756 510.037 186
294.161 506.83 186
294.761 502.982 186
297.647 501.03 186
298.956 497.801 186
301.02 495.183 186
303.061 492.547 186
304.28 489.292 186
303.858 484.843 186
307.426 483.358 186
308.55 480.086 186
309.639 476.812 186
311.52 474.102 186
314.205 471.934 186
314.375 468.08 186
316.179 465.329 186
317.959 462.562 186
318.018 458.72 186
319.74 455.937 186
321.438 453.139 186
323.111 450.327 186
323.027 446.5 186
326.383 444.659 186
327.108 441.319 186
328.678 438.457 186
330.222 435.582 186
329.968 431.77 186
330.563 428.43 186
332.916 425.986 186
333.453 422.636 186
333.957 419.289 186
334.428 415.946 186
336.686 413.436 186
338.012 410.493 186
338.395 407.138 186
339.666 404.18 186
340.912 401.21 186
342.131 398.23 186
340.533 394.139 186
342.624 391.521 186
344.695 388.876 186
345.807 385.863 186
345.949 382.507 186
346.06 379.158 186
348.035 376.451 186
348.087 373.1 186
347.153 369.457 186
349.051 366.716 186
350.928 363.95 186
350.861 360.608 186
352.689 357.809 186
351.597 354.21 186
352.406 351.138 186
355.128 348.543 186
355.887 345.441 186
354.671 341.882 186
355.372 338.784 186
357.024 335.888 186
357.673 332.769 186
357.312 329.454 186
357.905 326.334 186
358.47 323.208 186
357.035 319.747 186
357.543 316.629 186
361.98 314.098 186
358.477 310.381 186
362.869 307.773 186
362.279 304.482 186
360.667 301.093 186
363 298.153 186
362.324 294.888 186
360.622 291.55 186
360.884 288.402 186
364.111 285.461 186
365.317 282.344 186
363.501 279.05 186
363.654 275.877 186
364.778 272.738 186
363.875 269.528 186
362.945 266.335 186
364.986 263.185 186
365 260 186
366.986 256.797 186
364.944 253.63 186
364.875 250.445 186
365.777 247.227 186
365.652 244.035 186
366.497 240.793 186
363.321 237.778 186
365.108 234.469 186
365.869 231.206 186
364.607 228.101 186
364.315 224.92 186
364.99 221.638 186
364.641 218.454 186
362.279 215.518 186
365.843 211.836 186
365.409 208.645 186
365.936 205.311 186
362.482 202.589 186
363.939 199.097 186
362.409 196.097 186
362.821 192.755 186
361.239 189.782 186
361.592 186.433 186
358.002 183.904 186
357.324 180.783 186
0 260 186
0 260 186
0 260 186
0 260 186
0 260 186
0 260 186
0 260 186
0 260 186
72.6792 237.78 186
69.6213 238.048 186
74.1824 235.897 186
0 260 186
0 260 186
39.5909 245.98 186
38.5274 245.977 186
36.5302 246.342 186
36.4096 246.024 186
36.2863 245.706 186
35.233 245.765 186
35.1074 245.458 186
34.9792 245.152 186
34.8483 244.848 186
33.8012 244.951 186
32.7586 245.071 186
32.6271 244.786 186
34.2982 243.641 186
33.2554 243.78 186
34.0075 243.044 186
32.0762 243.656 186
31.9324 243.377 186
30.0202 244.038 186
29.8798 243.777 186
30.6117 243.032 186
29.5921 243.258 186
28.5788 243.5 186
28.4338 243.251 186
29.1437 242.489 186
29.8424 241.713 186
29.6817 241.453 186
28.6753 241.732 186
27.6761 242.027 186
28.3521 241.234 186
26.5292 242.106 186
25.5479 242.441 186
26.2129 241.646 186
26.0517 241.418 186
25.8885 241.191 186
24.9196 241.56 186
24.7577 241.344 186
34.9075 233.214 186
41.7646 227.37 186
32.8695 233.854 186
26.423 238.603 186
26.2352 238.373 186
23.7474 240.074 186
0 260 186
0 260 186
0 260 186
0 260 186
0 260 186
0 260 186
0 260 186
0 260 186
0 260 186
0 260 186
0 260 186
