-0 260 9
-0 260 9
-0 260 9
-0 260 9
-0 260 9
-0 260 9
-0 260 9
-0 260 9
-16.6036 245.567 9
-23.5726 239.867 9
-27.5776 236.86 9
-27.7785 237.101 9
-34.1944 232.31 9
-43.0435 225.762 9
-40.9766 227.986 9
-27.7674 238.693 9
-25.5563 240.742 9
-25.7234 240.966 9
-26.6976 240.603 9
-26.8658 240.837 9
-26.2129 241.646 9
-26.372 241.875 9
-25.7002 242.665 9
-26.6843 242.338 9
-27.6761 242.027 9
-26.1451 243.344 9
-27.1375 243.043 9
-26.4318 243.803 9
-28.2865 243.004 9
-28.4338 243.251 9
-27.7128 244 9
-27.8514 244.242 9
-27.9878 244.486 9
-28.1222 244.731 9
-29.1373 244.507 9
-29.2714 244.762 9
-31.1852 244.11 9
-31.3227 244.383 9
-31.4578 244.657 9
-31.5905 244.932 9
-31.7208 245.208 9
-31.8486 245.486 9
-33.8012 244.951 9
-33.0142 245.645 9
-33.1382 245.934 9
-36.0313 245.075 9
-34.3058 246.14 9
-35.3559 246.073 9
-36.4096 246.024 9
-36.5302 246.342 9
-39.4671 245.635 9
-0 260 9
-0 260 9
-0 260 9
-71.3292 236.824 9
-71.5288 237.447 9
-0 260 9
-0 260 9
-0 260 9
-0 260 9
-0 260 9
-0 260 9
-0 260 9
-0 260 9
-0 260 9
-0 260 9
-0 260 9
-0 260 9
-0 260 9
-0 260 9
-0 260 9
-0 260 9
-882.993 120.148 9
-884.18 127.859 9
-886.29 135.44 9
-878.42 144.354 9
-875.426 152.511 9
-881.298 159.589 9
-888.108 166.656 9
-888.889 174.41 9
-887.609 182.344 9
-866.321 191.819 9
-872.869 198.963 9
-867.379 206.949 9
-857.823 215.044 9
-855.185 222.662 9
-858.477 230.021 9
-855.707 237.593 9
-856.869 245.043 9
-841.968 252.652 9
-853 260 9
-872.967 267.618 9
-901.863 275.742 9
-878.699 283.01 9
-878.465 290.677 9
-874.167 298.167 9
-862.816 305.218 9
-805.495 309.266 9
-797.054 315.736 9
-796.537 322.689 9
-806.918 330.596 9
-807.266 337.731 9
-820.481 346.236 9
-847.517 356.562 9
-833.739 362.37 9
-836.779 370.164 9
-826.874 376.21 9
-793.191 378.543 9
-802.003 387.025 9
-820.59 397.32 9
-816.406 403.954 9
-848.549 417.269 9
-884.446 431.919 9
-903.491 443.817 9
-1115.09 497.019 9
-1108.1 505.659 9
-1112.73 516.894 9
-1088.08 521.226 9
-869.385 476.762 9
-926.517 499.614 9
-903.141 501.996 9
-0 260 9
-0 260 9
-0 260 9
-0 260 9
-0 260 9
-0 260 9
-0 260 9
-0 260 9
-0 260 9
-0 260 9
-0 260 9
-0 260 9
-0 260 9
-0 260 9
-0 260 9
-0 260 9
-0 260 9
-0 260 9
-0 260 9
-0 260 9
-0 260 9
-0 260 9
-0 260 9
-0 260 9
-0 260 9
-0 260 9
-0 260 9
-0 260 9
-0 260 9
-0 260 9
-0 260 9
-0 260 9
-0 260 9
-0 260 9
-0 260 9
-0 260 9
-0 260 9
-0 260 9
-0 260 9
-0 260 9
-0 260 9
-0 260 9
-0 260 9
-0 260 9
-0 260 9
-0 260 9
-0 260 9
-0 260 9
-0 260 9
-0 260 9
-0 260 9
-0 260 9
-0 260 9
-0 260 9
-0 260 9
-0 260 9
-0 260 9
-0 260 9
-0 260 9
-0 260 9
-0 260 9
-0 260 9
-0 260 9
-0 260 9
-0 260 9
-0 260 9
-0 260 9
-0 260 9
-0 260 9
-0 260 9
-0 260 9
-0 260 9
-0 260 9
-0 260 9
-0 260 9
-0 260 9
-0 260 9
-0 260 9
-0 260 9
-0 260 9
-0 260 9
-0 260 9
-0 260 9
-0 260 9
-0 260 9
-0 260 9
-0 260 9
-0 260 9
-0 260 9
-0 260 9
-0 260 9
-0 260 9
-0 260 9
-0 260 9
-0 260 9
-0 260 9
-0 260 9
-0 260 9
-0 260 9
-0 260 9
-0 260 9
-0 260 9
-0 260 9
-0 260 9
-0 260 9
-0 260 9
-0 260 9
-0 260 9
-0 260 9
-0 260 9
-0 260 9
-0 260 9
-0 260 9
-0 260 9
-0 260 9
-0 260 9
-0 260 9
-0 260 9
-0 260 9
-0 260 9
-0 260 9
-0 260 9
-0 260 9
-0 260 9
-0 260 9
-0 260 9
-0 260 9
-0 260 9
-0 260 9
-0 260 9
-0 260 9
-0 260 9
-0 260 9
-0 260 9
-0 260 9
-0 260 9
-0 260 9
-0 260 9
-0 260 9
-0 260 9
-0 260 9
-0 260 9
0 260 9
0 260 9
0 260 9
0 260 9
0 260 9
0 260 9
0 260 9
0 260 9
0 260 9
0 260 9
0 260 9
0 260 9
0 260 9
0 260 9
0 260 9
0 260 9
0 260 9
0 260 9
0 260 9
0 260 9
0 260 9
0 260 9
0 260 9
0 260 9
0 260 9
0 260 9
0 260 9
0 260 9
0 260 9
0 260 9
0 260 9
0 260 9
0 260 9
0 260 9
0 260 9
0 260 9
0 260 9
0 260 9
0 260 9
0 260 9
0 260 9
0 260 9
0 260 9
0 260 9
0 260 9
0 260 9
0 260 9
0 260 9
0 260 9
0 260 9
0 260 9
0 260 9
0 260 9
0 260 9
0 260 9
0 260 9
0 260 9
0 260 9
0 260 9
0 260 9
0 260 9
0 260 9
0 260 9
0 260 9
0 260 9
0 260 9
0 260 9
0 260 9
0 260 9
0 260 9
0 260 9
0 260 9
0 260 9
0 260 9
0 260 9
0 260 9
0 260 9
0 260 9
0 260 9
0 260 9
0 260 9
0 260 9
0 260 9
0 260 9
0 260 9
0 260 9
0 260 9
0 260 9
0 260 9
0 260 9
0 260 9
0 260 9
0 260 9
0 260 9
0 260 9
0 260 9
0 260 9
0 260 9
0 260 9
0 260 9
0 260 9
0 260 9
0 260 9
0 260 9
0 260 9
0 260 9
0 260 9
0 260 9
0 260 9
0 260 9
0 260 9
0 260 9
0 260 9
0 260 9
0 260 9
0 260 9
0 260 9
0 260 9
0 260 9
0 260 9
0 260 9
0 260 9
0 260 9
0 260 9
0 260 9
0 260 9
0 260 9
0 260 9
0 260 9
0 260 9
0 260 9
0 260 9
0 260 9
0 260 9
0 260 9
0 260 9
0 260 9
0 260 9
0 260 9
0 260 9
0 260 9
0 260 9
0 260 9
0 260 9
0 260 9
0 260 9
0 260 9
0 260 9
0 260 9
0 260 9
0 260 9
0 260 9
0 260 9
0 260 9
0 260 9
0 260 9
0 260 9
0 260 9
0 260 9
0 260 9
0 260 9
0 260 9
0 260 9
0 260 9
0 260 9
0 260 9
0 260 9
0 260 9
0 260 9
0 260 9
0 260 9
0 260 9
0 260 9
0 260 9
0 260 9
0 260 9
1092.33 298.145 9
1159.6 290.365 9
1152.82 280.123 9
1139.96 269.948 9
1137 260 9
1150.96 249.956 9
1194.59 228.719 9
1185.28 218.609 9
1191.86 207.962 9
0 260 9
0 260 9
0 260 9
0 260 9
0 260 9
438.165 210.077 9
439.698 206.012 9
439.21 202.177 9
446.611 197.233 9
461.87 190.973 9
456.312 187.727 9
435.938 187.049 9
434.3 183.421 9
430.666 180.181 9
1114.15 43.4318 9
1073.02 41.6921 9
1053.46 36.0791 9
1033.9 30.7905 9
0 260 9
0 260 9
0 260 9
0 260 9
0 260 9
0 260 9
0 260 9
0 260 9
70.7666 238.364 9
70.5751 237.748 9
0 260 9
0 260 9
0 260 9
39.5909 245.98 9
38.5274 245.977 9
36.5302 246.342 9
36.4096 246.024 9
36.2863 245.706 9
35.233 245.765 9
35.1074 245.458 9
34.9792 245.152 9
33.9312 245.246 9
33.8012 244.951 9
31.8486 245.486 9
32.6271 244.786 9
33.3957 244.071 9
33.2554 243.78 9
34.0075 243.044 9
31.1852 244.11 9
30.1584 244.301 9
30.9032 243.568 9
29.8798 243.777 9
28.8625 244.001 9
28.7217 243.75 9
28.5788 243.5 9
29.2954 242.744 9
28.2865 243.004 9
28.9898 242.235 9
28.8336 241.983 9
28.6753 241.732 9
27.6761 242.027 9
28.3521 241.234 9
26.5292 242.106 9
27.1962 241.309 9
25.3937 242.219 9
25.2376 241.998 9
25.0795 241.779 9
24.9196 241.56 9
24.7577 241.344 9
35.7009 232.606 9
40.9766 227.986 9
35.2174 231.987 9
25.6458 239.232 9
25.4636 239.009 9
23.7474 240.074 9
0 260 9
0 260 9
0 260 9
0 260 9
0 260 9
0 260 9
0 260 9
0 260 9
0 260 9
0 260 9
0 260 9
