-0 260 138
-0 260 138
-0 260 138
-0 260 138
-0 260 138
-0 260 138
-0 260 138
-0 260 138
-15.8489 246.223 138
-22.0518 241.166 138
-26.0455 238.145 138
-27.0069 237.737 138
-33.4173 232.939 138
-43.0435 225.762 138
-41.7646 227.37 138
-28.5607 238.085 138
-26.355 240.14 138
-27.3311 239.776 138
-27.5066 240.015 138
-26.0517 241.418 138
-26.2129 241.646 138
-26.372 241.875 138
-26.5292 242.106 138
-26.6843 242.338 138
-27.6761 242.027 138
-26.9885 242.806 138
-27.1375 243.043 138
-27.2845 243.28 138
-26.5722 244.034 138
-27.5721 243.759 138
-28.5788 243.5 138
-27.8514 244.242 138
-27.9878 244.486 138
-29.001 244.254 138
-30.0202 244.038 138
-31.0454 243.839 138
-30.2942 244.564 138
-31.3227 244.383 138
-31.4578 244.657 138
-32.4931 244.502 138
-32.6271 244.786 138
-31.8486 245.486 138
-33.8012 244.951 138
-33.9312 245.246 138
-34.0587 245.543 138
-34.1835 245.841 138
-34.3058 246.14 138
-35.3559 246.073 138
-36.4096 246.024 138
-38.4036 245.642 138
-40.4068 245.293 138
-0 260 138
-0 260 138
-0 260 138
-72.2803 236.515 138
-71.5288 237.447 138
-0 260 138
-0 260 138
-0 260 138
-0 260 138
-0 260 138
-0 260 138
-0 260 138
-0 260 138
-0 260 138
-0 260 138
-0 260 138
-0 260 138
-0 260 138
-0 260 138
-0 260 138
-0 260 138
-725.951 145.021 138
-725.938 151.508 138
-727.847 157.708 138
-728.712 164.063 138
-728.529 170.548 138
-729.282 176.909 138
-730.974 183.172 138
-731.616 189.553 138
-731.207 196.028 138
-731.737 202.411 138
-730.217 208.938 138
-731.633 215.252 138
-731.995 221.638 138
-731.303 228.071 138
-731.554 234.454 138
-732.749 240.812 138
-731.889 247.225 138
-732.972 253.604 138
-732 260 138
-730.972 266.379 138
-731.889 272.775 138
-731.749 279.162 138
-729.555 285.477 138
-730.304 291.886 138
-729 298.205 138
-728.638 304.566 138
-728.222 310.922 138
-726.753 317.197 138
-726.226 323.537 138
-724.648 329.776 138
-724.012 336.097 138
-723.32 342.412 138
-720.588 348.477 138
-721.772 355.023 138
-719.925 361.179 138
-717.036 367.162 138
-717.062 373.572 138
-715.057 379.66 138
-713.001 385.721 138
-711.877 391.939 138
-709.716 397.955 138
-708.486 404.143 138
-706.223 410.112 138
-703.909 416.053 138
-702.521 422.19 138
-701.079 428.314 138
-697.643 433.942 138
-696.098 440.023 138
-692.569 445.573 138
-689.959 451.343 138
-688.263 457.356 138
-686.515 463.355 138
-682.802 468.753 138
-680 474.403 138
-677.152 480.02 138
-674.258 485.604 138
-672.264 491.479 138
-669.275 497.003 138
-666.242 502.492 138
-663.164 507.947 138
-659.108 513.008 138
-656.875 518.75 138
-654.592 524.472 138
-650.411 529.409 138
-647.115 534.684 138
-643.776 539.922 138
-640.395 545.122 138
-636.973 550.285 138
-633.509 555.41 138
-630.004 560.497 138
-626.459 565.545 138
-621.979 570.108 138
-618.358 575.069 138
-615.585 580.454 138
-611 584.874 138
-608.141 590.194 138
-604.362 595.004 138
-600.545 599.772 138
-594.959 603.5 138
-591.078 608.171 138
-587.16 612.801 138
-584.058 617.912 138
-578.369 621.405 138
-574.35 625.901 138
-571.135 630.899 138
-566.208 634.765 138
-562.087 639.133 138
-557.109 642.891 138
-552.928 647.164 138
-548.714 651.394 138
-544.468 655.58 138
-539.388 659.126 138
-535.086 663.216 138
-529.96 666.653 138
-524.815 670.031 138
-520.434 673.972 138
-516.025 677.869 138
-510.815 681.084 138
-506.355 684.883 138
-501.868 688.636 138
-496.599 691.687 138
-490.566 694.016 138
-487.503 698.95 138
-482.179 701.836 138
-476.843 704.663 138
-471.493 707.431 138
-465.413 709.444 138
-461.473 713.488 138
-456.791 716.791 138
-452.086 720.047 138
-445.276 721.097 138
-441.924 725.69 138
-436.479 728.066 138
-430.351 729.646 138
-425.567 732.64 138
-420.101 734.838 138
-414.629 736.977 138
-409.802 739.816 138
-404.313 741.842 138
-399.457 744.58 138
-393.955 746.493 138
-387.827 747.565 138
-383.557 750.931 138
-377.432 751.879 138
-371.922 753.557 138
-367.006 755.98 138
-361.488 757.545 138
-356.552 759.867 138
-351.029 761.321 138
-344.941 761.893 138
-339.989 764.055 138
-333.922 764.501 138
-328.962 766.557 138
-323.992 768.565 138
-317.952 768.829 138
-301.482 751.973 138
-290.996 744.3 138
-285.237 744.236 138
-279 743.242 138
-286.098 765.677 138
-286.522 776.9 138
-280.569 776.744 138
-275.11 777.407 138
-269.661 778.014 138
-264.222 778.566 138
-259.687 780.852 138
-254.255 781.301 138
-248.405 780.792 138
-243.428 782.033 138
-238.034 782.318 138
-232.247 781.634 138
-227.287 782.724 138
-221.935 782.847 138
-216.981 783.84 138
-210.903 782.005 138
-206.34 783.825 138
-201.403 784.672 138
-196.116 784.536 138
-190.505 783.409 138
-185.597 784.109 138
-181.016 785.708 138
-175.152 783.475 138
-170.268 784.032 138
-165.087 783.591 138
-160.22 784.055 138
-154.788 782.557 138
-149.671 781.965 138
-144.843 782.288 138
-139.762 781.6 138
-134.955 781.832 138
-129.67 780.079 138
-125.127 781.19 138
-119.899 779.339 138
-115.146 779.389 138
-110.193 778.418 138
-105.665 779.36 138
-100.747 778.299 138
-95.8558 777.192 138
-90.9916 776.039 138
-86.1548 774.841 138
-81.3459 773.598 138
-76.713 773.299 138
-72.0916 772.959 138
-67.3515 771.586 138
-62.7627 771.161 138
-58.0732 769.702 138
-53.5185 769.195 138
-48.8813 767.652 138
-44.1879 765.071 138
-39.7003 764.44 138
-35.1572 762.772 138
-30.7684 763.06 138
-26.2726 761.312 138
-21.8097 759.524 138
-17.3799 757.697 138
-13.0099 756.83 138
-8.65636 755.924 138
-4.28469 750.981 138
3.72205e-05 753 138
4.28477 750.981 138
8.53426 748.926 138
12.7744 747.833 138
16.9612 745.704 138
21.1118 743.539 138
25.2783 742.338 138
29.3033 739.105 138
33.3436 736.836 138
37.5035 736.526 138
41.6605 736.181 138
45.6226 733.809 138
49.6511 732.398 138
53.4319 728.966 138
57.5224 728.482 138
61.4779 726.971 138
65.2722 724.436 138
69.027 721.87 138
72.8985 720.263 138
76.7472 718.623 138
80.3991 715.966 138
84.1928 714.264 138
87.7722 711.548 138
90.9118 706.846 138
95.2236 707.992 138
98.4801 704.215 138
102.128 702.364 138
105.751 700.484 138
109.349 698.574 138
112.921 696.635 138
116.469 694.667 138
119.723 691.706 138
122.659 687.761 138
125.819 684.757 138
129.228 682.687 138
132.912 681.543 138
135.968 678.465 138
139.297 676.314 138
143.25 676.028 138
146.207 672.877 138
149.121 669.706 138
152.34 667.452 138
154.815 663.307 138
157.596 660.08 138
161.455 659.616 138
164.554 657.268 138
166.842 653.056 138
169.468 649.751 138
173.27 649.17 138
176.245 646.734 138
178.345 642.462 138
181.245 639.988 138
184.554 638.392 138
187.849 636.767 138
190.676 634.223 138
193.011 630.771 138
195.3 627.306 138
198.021 624.709 138
200.711 622.093 138
203.371 619.457 138
205 615.07 138
209.106 614.991 138
211.681 612.296 138
214.224 609.582 138
217.267 607.7 138
219.218 604.104 138
221.123 600.5 138
223.534 597.724 138
226.473 595.76 138
227.695 591.299 138
230.578 589.299 138
233.443 587.274 138
235.114 583.607 138
237.334 580.739 138
240.124 578.656 138
242.287 575.755 138
245.033 573.628 138
245.893 569.13 138
248.582 566.973 138
251.251 564.792 138
253.258 561.821 138
255.883 559.6 138
257.175 555.846 138
258.422 552.093 138
260.961 549.826 138
262.129 546.064 138
263.933 543.034 138
267.082 541.445 138
268.833 538.384 138
271.252 536.028 138
271.529 531.529 138
273.175 528.448 138
275.507 526.054 138
277.818 523.64 138
278.646 519.841 138
281.64 518.075 138
281.652 513.6 138
283.854 511.133 138
285.28 507.99 138
287.433 505.491 138
288.799 502.331 138
292.446 501.074 138
292.207 496.624 138
294.261 494.065 138
296.292 491.489 138
296.714 487.677 138
297.891 484.477 138
299.839 481.869 138
301.763 479.244 138
303.665 476.602 138
304.725 473.37 138
307.399 471.27 138
306.744 466.901 138
310.206 465.321 138
311.985 462.606 138
312.898 459.338 138
312.93 455.54 138
314.624 452.802 138
317.152 450.564 138
317.941 447.282 138
320.429 445 138
320.291 441.212 138
320.985 437.925 138
323.405 435.594 138
323.159 431.827 138
324.646 429 138
326.108 426.161 138
326.651 422.862 138
326.262 419.129 138
329.444 417.137 138
329.896 413.833 138
332.136 411.363 138
332.531 408.052 138
332.893 404.746 138
332.302 401.054 138
335.368 398.914 138
334.713 395.233 138
336.811 392.673 138
337.023 389.371 138
339.075 386.775 138
338.289 383.127 138
339.351 380.17 138
340.387 377.205 138
340.448 373.912 138
340.478 370.628 138
341.431 367.653 138
342.357 364.669 138
343.257 361.677 138
344.132 358.678 138
344.016 355.404 138
343.87 352.14 138
344.661 349.135 138
347.366 346.608 138
347.136 343.34 138
347.85 340.308 138
348.538 337.269 138
350.177 334.432 138
348.853 330.975 138
352.404 328.5 138
352.005 325.24 138
351.576 321.992 138
352.104 318.922 138
351.617 315.691 138
353.079 312.768 138
353.526 309.685 138
353.946 306.598 138
355.332 303.629 138
355.699 300.527 138
357.033 297.526 138
354.361 294.121 138
356.638 291.202 138
355.899 288.01 138
358.125 285.043 138
357.332 281.855 138
356.511 278.684 138
356.66 275.572 138
357.782 272.494 138
356.878 269.345 138
356.946 266.231 138
357.986 263.124 138
357 260 138
357.986 256.876 138
358.945 253.735 138
356.878 250.655 138
358.781 247.471 138
357.659 244.384 138
357.509 241.264 138
357.332 238.145 138
357.128 235.027 138
359.887 231.676 138
357.634 228.711 138
357.347 225.591 138
358.028 222.37 138
357.686 219.247 138
357.317 216.127 138
357.912 212.88 138
358.477 209.619 138
357.035 206.641 138
356.555 203.527 138
355.063 200.583 138
355.516 197.313 138
353.972 194.395 138
354.367 191.118 138
352.773 188.228 138
354.089 184.736 138
352.443 181.865 138
0 260 138
0 260 138
0 260 138
0 260 138
0 260 138
0 260 138
0 260 138
0 260 138
71.7229 238.072 138
72.4825 237.146 138
0 260 138
0 260 138
0 260 138
39.5909 245.98 138
39.4671 245.635 138
37.4669 245.992 138
36.4096 246.024 138
36.2863 245.706 138
36.1602 245.39 138
35.1074 245.458 138
34.9792 245.152 138
34.8483 244.848 138
33.8012 244.951 138
32.7586 245.071 138
32.6271 244.786 138
33.3957 244.071 138
33.2554 243.78 138
33.1126 243.491 138
32.0762 243.656 138
31.0454 243.839 138
30.9032 243.568 138
29.8798 243.777 138
28.8625 244.001 138
28.7217 243.75 138
28.5788 243.5 138
29.2954 242.744 138
29.1437 242.489 138
29.8424 241.713 138
28.8336 241.983 138
28.6753 241.732 138
29.3535 240.938 138
28.3521 241.234 138
27.3582 241.547 138
26.372 241.875 138
26.2129 241.646 138
25.2376 241.998 138
25.0795 241.779 138
24.1157 242.155 138
25.5563 240.742 138
35.7009 232.606 138
40.9766 227.986 138
32.0869 234.477 138
26.423 238.603 138
26.2352 238.373 138
23.7474 240.074 138
0 260 138
0 260 138
0 260 138
0 260 138
0 260 138
0 260 138
0 260 138
0 260 138
0 260 138
0 260 138
0 260 138
