-0 260 102
-0 260 102
-0 260 102
-0 260 102
-0 260 102
-0 260 102
-0 260 102
-0 260 102
-15.8489 246.223 102
-23.5726 239.867 102
-26.0455 238.145 102
-26.2352 238.373 102
-34.1944 232.31 102
-42.2608 226.384 102
-41.7646 227.37 102
-26.974 239.302 102
-25.5563 240.742 102
-26.5273 240.371 102
-26.6976 240.603 102
-26.0517 241.418 102
-26.2129 241.646 102
-26.372 241.875 102
-26.5292 242.106 102
-27.5182 241.786 102
-26.8375 242.572 102
-26.9885 242.806 102
-27.1375 243.043 102
-27.2845 243.28 102
-27.4294 243.519 102
-28.4338 243.251 102
-26.8468 244.5 102
-28.7217 243.75 102
-28.8625 244.001 102
-29.001 244.254 102
-30.9032 243.569 102
-31.0454 243.839 102
-30.2942 244.564 102
-31.3227 244.383 102
-30.559 245.095 102
-31.5905 244.932 102
-32.6271 244.786 102
-32.7586 245.071 102
-33.8012 244.951 102
-33.0142 245.645 102
-34.0587 245.543 102
-35.1074 245.458 102
-35.233 245.765 102
-35.3559 246.073 102
-37.3432 245.665 102
-37.4669 245.992 102
-39.4671 245.635 102
-0 260 102
-0 260 102
-0 260 102
-71.3292 236.824 102
-71.5288 237.447 102
-0 260 102
-0 260 102
-0 260 102
-0 260 102
-0 260 102
-0 260 102
-0 260 102
-0 260 102
-0 260 102
-0 260 102
-0 260 102
-0 260 102
-0 260 102
-0 260 102
-0 260 102
-0 260 102
-710.148 147.524 102
-709.124 154.021 102
-710.022 160.213 102
-710.866 166.413 102
-711.656 172.62 102
-711.397 178.947 102
-712.078 185.158 102
-712.704 191.375 102
-713.275 197.597 102
-712.796 203.902 102
-712.261 210.194 102
-712.668 216.411 102
-713.021 222.632 102
-714.319 228.812 102
-713.565 235.082 102
-712.756 241.336 102
-712.891 247.557 102
-712.973 253.778 102
-713 260 102
-712.973 266.222 102
-711.892 272.426 102
-711.756 278.638 102
-710.567 284.814 102
-711.322 291.057 102
-710.026 297.211 102
-709.674 303.406 102
-709.268 309.597 102
-708.808 315.785 102
-707.298 321.881 102
-705.736 327.955 102
-705.116 334.111 102
-704.442 340.261 102
-702.723 346.284 102
-700.952 352.282 102
-700.12 358.395 102
-699.234 364.501 102
-697.308 370.443 102
-694.345 376.194 102
-694.289 382.422 102
-693.195 388.476 102
-691.066 394.33 102
-688.887 400.156 102
-686.66 405.954 102
-685.36 411.941 102
-683.033 417.691 102
-680.659 423.412 102
-678.237 429.103 102
-677.703 435.266 102
-674.216 440.656 102
-671.65 446.265 102
-669.999 452.119 102
-667.339 457.675 102
-664.632 463.198 102
-661.88 468.69 102
-659.082 474.149 102
-657.188 479.892 102
-655.244 485.619 102
-652.308 490.994 102
-648.388 495.994 102
-645.367 501.293 102
-642.303 506.557 102
-638.266 511.42 102
-636.048 516.98 102
-633.781 522.521 102
-630.546 527.651 102
-626.352 532.346 102
-622.124 536.988 102
-620.594 542.821 102
-616.289 547.38 102
-611.953 551.887 102
-610.281 557.654 102
-604.976 561.63 102
-602.32 566.898 102
-599.619 572.142 102
-595.99 576.893 102
-590.565 580.651 102
-587.744 585.792 102
-584.009 590.416 102
-581.103 595.5 102
-575.568 599.036 102
-572.588 604.046 102
-568.711 608.507 102
-564.8 612.926 102
-561.699 617.842 102
-556.877 621.64 102
-552.866 625.934 102
-547.165 629.067 102
-543.099 633.262 102
-539.002 637.413 102
-535.688 642.103 102
-531.524 646.175 102
-528.134 650.799 102
-523.106 654.189 102
-518.853 658.13 102
-514.571 662.027 102
-510.26 665.88 102
-504.368 668.429 102
-500.784 672.815 102
-496.397 676.526 102
-491.222 679.543 102
-486.788 683.158 102
-482.327 686.727 102
-477.842 690.251 102
-471.857 692.378 102
-467.335 695.797 102
-462.063 698.482 102
-458.939 703.192 102
-452.201 704.377 102
-449.013 709.013 102
-442.975 710.774 102
-439.719 715.342 102
-433.663 716.986 102
-429.659 720.753 102
-424.271 723.01 102
-419.545 725.952 102
-412.812 726.599 102
-408.069 729.429 102
-403.957 732.973 102
-399.171 735.714 102
-394.368 738.407 102
-388.92 740.276 102
-384.714 743.652 102
-378.632 744.627 102
-373.171 746.326 102
-368.311 748.765 102
-362.247 749.549 102
-357.961 752.691 102
-352.487 754.168 102
-348.161 757.225 102
-342.676 758.596 102
-337.752 760.739 102
-331.714 761.165 102
-326.783 763.202 102
-321.842 765.192 102
-316.892 767.133 102
-311.932 769.026 102
-306.448 770.015 102
-300.97 770.946 102
-294.5 770.089 102
-276.742 749.14 102
-268.1 743.665 102
-262.914 744.228 102
-257.74 744.738 102
-265.967 770.918 102
-264.222 778.566 102
-259.241 779.957 102
-253.817 780.402 102
-248.835 781.694 102
-243.428 782.033 102
-238.034 782.318 102
-232.653 782.548 102
-227.686 783.641 102
-222.326 783.767 102
-216.981 783.84 102
-212.027 784.786 102
-207.44 786.616 102
-202.119 786.539 102
-196.466 785.473 102
-191.531 786.228 102
-186.264 785.994 102
-181.341 786.654 102
-176.104 786.32 102
-171.504 787.836 102
-165.99 786.452 102
-161.097 786.924 102
-155.924 786.392 102
-151.049 786.771 102
-146.179 787.106 102
-141.056 786.43 102
-135.956 785.704 102
-131.122 785.9 102
-126.294 786.052 102
-121.474 786.16 102
-116.228 784.271 102
-111.649 785.265 102
-106.662 784.26 102
-101.892 784.189 102
-97.1315 784.075 102
-92.0335 781.948 102
-87.1451 780.759 102
-82.5974 781.499 102
-77.7477 780.222 102
-73.205 780.881 102
-68.2652 778.526 102
-63.6158 778.109 102
-58.9788 777.651 102
-54.2502 776.157 102
-49.6481 775.615 102
-45.0595 775.033 102
-40.3279 772.416 102
-35.8548 772.748 102
-31.2568 771.045 102
-26.7436 770.3 102
-22.2022 768.516 102
-17.7638 768.69 102
-13.2455 765.827 102
-8.83088 765.923 102
-4.38941 762.981 102
3.78999e-05 762 102
4.37203 760.981 102
8.70879 758.924 102
13.0362 757.829 102
17.3102 755.698 102
21.6353 755.528 102
25.854 753.323 102
30.0359 751.082 102
34.2505 749.804 102
38.3665 747.493 102
42.6192 747.139 102
46.7728 745.753 102
50.8009 743.338 102
54.6772 739.895 102
58.6192 737.415 102
62.9137 737.876 102
67.0815 737.309 102
70.9485 734.728 102
74.6193 731.127 102
78.7277 730.458 102
82.4829 727.784 102
86.5619 727.046 102
90.0619 723.328 102
94.1017 722.524 102
97.7185 719.729 102
101.077 715.93 102
105.277 716.005 102
108.786 713.124 102
112.736 712.158 102
116.427 710.189 102
120.092 708.19 102
123.464 705.197 102
127.069 703.142 102
130.647 701.057 102
133.906 697.988 102
137.423 695.849 102
140.912 693.682 102
144.056 690.539 102
148.134 690.211 102
151.215 687.017 102
154.251 683.801 102
157.243 680.566 102
161.266 680.111 102
164.559 677.757 102
167.075 673.524 102
170.294 671.126 102
173.485 668.704 102
177.443 668.092 102
179.778 663.787 102
182.88 661.293 102
185.529 657.869 102
189.855 658.04 102
192.445 654.571 102
195.881 652.876 102
198.848 650.261 102
200.399 644.963 102
204.22 644.082 102
207.087 641.407 102
209.923 638.71 102
211.742 634.253 102
215.5 633.257 102
218.242 630.501 102
220.951 627.725 102
224.152 625.783 102
226.805 622.965 102
228.89 619.285 102
231.472 616.435 102
234.021 613.568 102
237.657 612.341 102
240.156 609.429 102
242.049 605.682 102
245.057 603.557 102
248.045 601.405 102
248.636 596.012 102
252.161 594.628 102
253.854 590.828 102
256.115 587.812 102
259.589 586.348 102
261.797 583.293 102
263.972 580.224 102
266.114 577.142 102
268.222 574.048 102
270.296 570.94 102
272.337 567.821 102
274.344 564.689 102
276.316 561.546 102
278.255 558.392 102
281.537 556.678 102
282.031 552.052 102
285.27 550.293 102
286.378 546.378 102
289.58 544.569 102
290.613 540.642 102
293.051 538.095 102
295.467 535.527 102
296.385 531.587 102
298.001 528.321 102
301.08 526.373 102
301.884 522.424 102
303.402 519.13 102
305.652 516.472 102
306.335 512.523 102
307.75 509.211 102
310.695 507.138 102
313.628 505.033 102
314.961 501.678 102
313.864 496.513 102
316.72 494.36 102
319.562 492.175 102
321.576 489.378 102
321.108 484.842 102
323.057 482.031 102
325.812 479.763 102
327.717 476.911 102
327.92 472.954 102
328.923 469.547 102
329.891 466.139 102
333.382 464.297 102
332.581 459.835 102
334.312 456.925 102
336.884 454.5 102
338.568 451.553 102
340.227 448.591 102
340.102 444.66 102
342.584 442.155 102
343.273 438.697 102
345.711 436.148 102
345.445 432.232 102
346.935 429.211 102
346.593 425.316 102
349.835 423.131 102
349.425 419.242 102
351.715 416.594 102
352.151 413.12 102
351.633 409.259 102
355.694 407.333 102
355.111 403.474 102
354.489 399.637 102
358.495 397.613 102
357.809 393.779 102
358.023 390.31 102
360.089 387.514 102
359.297 383.716 102
359.415 380.258 102
360.45 377.117 102
363.366 374.569 102
364.352 371.394 102
365.31 368.21 102
363.357 364.191 102
366.18 361.551 102
366.086 358.092 102
367.896 355.144 102
368.712 351.93 102
367.556 348.242 102
369.286 345.256 102
370.016 342.031 102
369.74 338.591 102
369.432 335.162 102
371.055 332.126 102
372.654 329.067 102
370.288 325.292 102
370.843 322.058 102
373.346 319.132 102
371.87 315.576 102
372.341 312.329 102
374.766 309.339 102
374.19 305.945 102
373.583 302.564 102
376.924 299.616 102
375.264 296.134 102
376.562 292.945 102
376.835 289.658 102
377.079 286.368 102
377.295 283.076 102
376.483 279.731 102
377.64 276.488 102
377.77 273.192 102
375.871 269.843 102
376.943 266.58 102
377.986 263.299 102
378 260 102
376.986 256.71 102
376.943 253.42 102
377.87 250.105 102
376.77 246.843 102
375.642 243.599 102
376.483 240.269 102
377.295 236.924 102
379.074 233.493 102
377.832 230.264 102
375.565 227.142 102
377.255 223.674 102
377.918 220.279 102
377.557 216.983 102
377.168 213.69 102
376.749 210.4 102
377.292 206.975 102
374.837 203.98 102
375.322 200.555 102
374.789 197.282 102
373.242 194.187 102
372.654 190.933 102
371.055 187.874 102
372.371 184.24 102
369.74 181.409 102
368.064 178.402 102
0 260 102
0 260 102
0 260 102
0 260 102
0 260 102
0 260 102
0 260 102
0 260 102
71.7229 238.072 102
70.5751 237.748 102
0 260 102
0 260 102
0 260 102
39.5909 245.98 102
38.5274 245.977 102
35.5935 246.692 102
36.4096 246.024 102
36.2863 245.706 102
36.1602 245.39 102
36.0313 245.075 102
34.9792 245.152 102
33.9312 245.246 102
33.8012 244.951 102
32.7586 245.071 102
33.5334 244.363 102
33.3957 244.071 102
33.2554 243.78 102
34.0075 243.044 102
32.0762 243.656 102
31.0454 243.839 102
30.0202 244.038 102
29.8798 243.777 102
28.8625 244.001 102
29.5921 243.258 102
28.5788 243.5 102
28.4338 243.251 102
29.1437 242.489 102
29.8424 241.713 102
28.8336 241.983 102
28.6753 241.732 102
28.5148 241.482 102
28.3521 241.234 102
26.5292 242.106 102
27.1962 241.309 102
26.2129 241.646 102
26.0517 241.418 102
25.0795 241.779 102
24.1157 242.155 102
23.9591 241.946 102
34.9075 233.214 102
40.1885 228.601 102
33.6522 233.232 102
27.2001 237.974 102
27.0069 237.737 102
23.7474 240.074 102
0 260 102
0 260 102
0 260 102
0 260 102
0 260 102
0 260 102
0 260 102
0 260 102
0 260 102
0 260 102
0 260 102
