-0 260 99
-0 260 99
-0 260 99
-0 260 99
-0 260 99
-0 260 99
-0 260 99
-0 260 99
-15.8489 246.223 99
-22.8122 240.517 99
-26.8116 237.502 99
-28.5501 236.465 99
-33.4173 232.939 99
-43.0435 225.762 99
-40.9766 227.986 99
-28.5607 238.085 99
-25.5563 240.742 99
-26.5273 240.371 99
-25.8885 241.191 99
-27.6799 240.256 99
-27.032 241.072 99
-26.372 241.875 99
-26.5292 242.106 99
-27.5182 241.786 99
-26.8375 242.572 99
-26.9885 242.806 99
-27.9856 242.513 99
-27.2845 243.28 99
-28.2865 243.004 99
-28.4338 243.251 99
-27.7128 244 99
-27.8514 244.242 99
-27.9878 244.486 99
-29.001 244.254 99
-29.1373 244.507 99
-30.1584 244.301 99
-30.2942 244.564 99
-31.3227 244.383 99
-31.4578 244.657 99
-31.5905 244.932 99
-32.6271 244.786 99
-31.8486 245.486 99
-32.8876 245.357 99
-33.0142 245.645 99
-34.0587 245.543 99
-35.1074 245.458 99
-35.233 245.765 99
-35.3559 246.073 99
-36.4096 246.024 99
-36.5302 246.342 99
-39.4671 245.635 99
-0 260 99
-0 260 99
-0 260 99
-71.3292 236.824 99
-71.5288 237.447 99
-0 260 99
-0 260 99
-0 260 99
-0 260 99
-0 260 99
-0 260 99
-0 260 99
-0 260 99
-0 260 99
-0 260 99
-0 260 99
-0 260 99
-0 260 99
-0 260 99
-0 260 99
-0 260 99
-713.111 147.054 99
-715.058 153.134 99
-714.974 159.517 99
-714.832 165.891 99
-715.626 172.132 99
-715.372 178.494 99
-717.05 184.635 99
-716.685 190.991 99
-717.26 197.248 99
-717.78 203.51 99
-718.246 209.775 99
-717.659 216.106 99
-718.015 222.371 99
-719.315 228.594 99
-718.562 234.907 99
-717.754 241.205 99
-718.89 247.452 99
-717.973 253.734 99
-718 260 99
-717.973 266.266 99
-715.891 272.496 99
-717.754 278.795 99
-716.563 285.023 99
-715.319 291.232 99
-715.019 297.473 99
-713.666 303.65 99
-712.261 309.806 99
-711.799 316.02 99
-710.287 322.142 99
-710.713 328.434 99
-709.094 334.529 99
-709.41 340.827 99
-706.693 346.771 99
-705.909 352.935 99
-704.081 358.952 99
-703.19 365.093 99
-701.259 371.069 99
-699.276 377.019 99
-698.229 383.117 99
-697.128 389.205 99
-694.992 395.093 99
-691.827 400.754 99
-690.572 406.786 99
-689.265 412.806 99
-686.931 418.591 99
-684.548 424.346 99
-682.118 430.071 99
-680.608 436.017 99
-678.08 441.691 99
-675.505 447.334 99
-673.844 453.222 99
-671.174 458.811 99
-667.501 464.076 99
-664.741 469.592 99
-662.886 475.385 99
-659.085 480.527 99
-656.19 485.944 99
-654.193 491.662 99
-652.147 497.362 99
-649.114 502.694 99
-645.104 507.632 99
-641.988 512.886 99
-639.757 518.479 99
-635.629 523.286 99
-632.387 528.432 99
-629.103 533.542 99
-624.865 538.208 99
-621.504 543.236 99
-619.008 548.648 99
-615.563 553.609 99
-612.079 558.531 99
-608.555 563.415 99
-604.993 568.26 99
-601.393 573.066 99
-597.755 577.832 99
-593.202 582.082 99
-589.494 586.762 99
-586.62 591.894 99
-582.835 596.5 99
-579.015 601.066 99
-575.159 605.591 99
-570.416 609.552 99
-566.496 613.986 99
-563.385 618.916 99
-557.716 622.185 99
-554.534 627.038 99
-551.31 631.863 99
-547.22 636.094 99
-542.279 639.708 99
-538.13 643.845 99
-533.951 647.938 99
-528.938 651.393 99
-524.703 655.393 99
-520.44 659.348 99
-516.147 663.258 99
-511.826 667.125 99
-506.699 670.317 99
-502.328 674.087 99
-497.163 677.169 99
-492.743 680.842 99
-488.297 684.47 99
-483.076 687.39 99
-477.842 690.251 99
-474.069 694.405 99
-468.798 697.161 99
-464.24 700.547 99
-458.939 703.192 99
-455.054 707.18 99
-449.72 709.72 99
-443.676 711.488 99
-439.719 715.342 99
-433.663 716.986 99
-429.659 720.753 99
-424.946 723.747 99
-420.214 726.695 99
-414.137 728.097 99
-410.037 731.694 99
-405.256 734.493 99
-399.814 736.48 99
-395.005 739.179 99
-388.291 739.499 99
-384.091 742.869 99
-379.247 745.415 99
-374.388 747.912 99
-368.311 748.765 99
-364.031 751.96 99
-357.961 752.691 99
-352.487 754.168 99
-347.587 756.406 99
-343.242 759.421 99
-337.193 759.91 99
-331.714 761.165 99
-327.328 764.041 99
-321.842 765.192 99
-316.362 766.285 99
-310.887 767.321 99
-305.418 768.3 99
-300.97 770.946 99
-295.5 771.821 99
-281.666 757.843 99
-268.584 744.539 99
-261.96 742.471 99
-256.801 742.972 99
-259.503 758.5 99
-263.314 776.784 99
-258.348 778.167 99
-253.378 779.503 99
-247.544 778.987 99
-243.005 781.127 99
-238.034 782.318 99
-232.247 781.634 99
-227.287 782.724 99
-221.935 782.847 99
-217.747 785.687 99
-211.653 783.859 99
-206.34 783.825 99
-201.044 783.739 99
-196.466 785.473 99
-190.847 784.349 99
-185.93 785.051 99
-181.016 785.708 99
-175.787 785.371 99
-170.886 785.934 99
-165.689 785.498 99
-160.22 784.055 99
-155.924 786.392 99
-150.774 785.81 99
-145.912 786.142 99
-140.798 785.464 99
-135.706 784.736 99
-130.88 784.93 99
-126.06 785.08 99
-121.024 784.211 99
-115.795 782.318 99
-111.025 782.331 99
-106.064 781.32 99
-101.32 781.244 99
-96.4025 780.142 99
-91.8598 780.963 99
-86.815 778.786 99
-82.2845 779.524 99
-77.5999 779.233 99
-72.9267 778.9 99
-68.1346 777.534 99
-63.372 776.124 99
-58.7524 775.664 99
-54.1457 775.162 99
-49.5522 774.62 99
-44.8852 773.04 99
-40.2495 771.419 99
-35.785 771.75 99
-31.1958 770.047 99
-26.5866 767.304 99
-22.1586 767.516 99
-17.6591 765.692 99
-13.2193 764.827 99
-8.77852 762.923 99
-4.38068 761.981 99
3.78244e-05 761 99
4.35458 758.981 99
8.69134 757.924 99
12.9838 755.83 99
17.3102 755.698 99
21.5044 752.531 99
25.7493 751.326 99
29.9749 750.084 99
34.111 747.809 99
38.2881 746.496 99
42.2706 743.154 99
46.3894 741.772 99
50.5918 741.349 99
54.6772 739.895 99
58.4973 736.422 99
62.5221 734.902 99
66.8031 735.329 99
70.6529 732.75 99
74.3064 729.152 99
78.0675 726.513 99
82.3093 726.799 99
86.1974 725.08 99
89.8711 722.346 99
93.3042 718.605 99
97.5106 718.751 99
101.294 716.907 99
104.602 713.082 99
108.085 710.207 99
112.252 710.217 99
115.676 707.284 99
119.574 706.258 99
123.197 704.234 99
126.518 701.219 99
130.079 699.139 99
133.322 696.075 99
136.52 692.987 99
139.676 689.878 99
144.056 690.539 99
147.157 687.374 99
150.881 686.074 99
153.909 682.862 99
156.893 679.629 99
160.19 677.31 99
162.727 673.105 99
165.951 670.742 99
170.294 671.126 99
173.094 667.784 99
176.247 665.341 99
179.371 662.874 99
182.465 660.383 99
185.529 657.869 99
188.133 654.43 99
190.691 650.975 99
193.65 648.402 99
197.032 646.697 99
199.937 644.076 99
202.812 641.433 99
205.178 637.891 99
207.983 635.212 99
211.742 634.253 99
213.5 629.793 99
215.704 626.192 99
218.891 624.296 99
222.062 622.372 99
224.686 619.572 99
226.203 615.068 99
229.293 613.08 99
232.365 611.066 99
235.42 609.025 99
237.324 605.309 99
240.329 603.225 99
242.734 600.3 99
245.106 597.36 99
248.041 595.208 99
249.753 591.434 99
252.027 588.448 99
254.884 586.236 99
257.099 583.217 99
258.021 578.63 99
260.792 576.366 99
264.186 574.844 99
266.923 572.527 99
267.016 567.167 99
269.686 564.825 99
272.336 562.46 99
274.29 559.335 99
277.573 557.661 99
278.784 553.777 99
280.642 550.613 99
283.868 548.866 99
284.964 544.964 99
286.727 541.766 99
288.455 538.558 99
290.875 536.03 99
292.541 532.799 99
293.436 528.885 99
295.772 526.314 99
298.084 523.723 99
300.374 521.111 99
301.121 517.181 99
303.354 514.544 99
304.792 511.251 99
306.973 508.582 99
308.348 505.271 99
309.688 501.955 99
310.995 498.634 99
313.065 495.911 99
315.112 493.171 99
316.326 489.824 99
318.319 487.055 99
320.288 484.268 99
322.233 481.465 99
323.325 478.085 99
324.382 474.703 99
325.404 471.32 99
326.392 467.935 99
328.195 465.079 99
329.972 462.207 99
330.867 458.805 99
331.727 455.402 99
333.42 452.5 99
335.087 449.583 99
338.478 447.621 99
338.345 443.706 99
339.052 440.277 99
341.499 437.773 99
341.256 433.878 99
340.97 430.001 99
344.238 427.896 99
345.69 424.886 99
346.21 421.44 99
347.605 418.413 99
348.061 414.967 99
347.566 411.126 99
349.792 408.478 99
350.15 405.037 99
353.257 402.725 99
352.628 398.904 99
355.694 396.538 99
355.935 393.079 99
357.083 389.968 99
357.261 386.513 99
357.406 383.065 99
357.518 379.624 99
358.548 376.499 99
361.459 373.967 99
361.483 370.516 99
362.434 367.358 99
363.357 364.191 99
363.289 360.749 99
365.12 357.834 99
364.024 354.143 99
363.861 350.721 99
366.583 348.009 99
367.338 344.807 99
369.04 341.814 99
367.783 338.175 99
368.452 334.962 99
370.073 331.935 99
370.687 328.703 99
368.318 324.944 99
370.843 322.058 99
371.371 318.819 99
372.859 315.724 99
371.351 312.19 99
371.792 308.947 99
374.19 305.945 99
373.583 302.564 99
371.951 299.094 99
373.274 295.942 99
374.569 292.771 99
375.838 289.579 99
374.087 286.159 99
376.297 283.015 99
374.486 279.626 99
376.641 276.445 99
373.772 273.052 99
375.871 269.843 99
375.943 266.562 99
376.986 263.29 99
377 260 99
375.986 256.719 99
373.943 253.473 99
374.871 250.184 99
373.772 246.948 99
374.643 243.643 99
375.485 240.322 99
375.299 237.046 99
375.084 233.772 99
374.841 230.499 99
374.569 227.229 99
376.26 223.77 99
374.935 220.593 99
374.577 217.322 99
374.19 214.055 99
374.766 210.661 99
376.302 207.114 99
372.859 204.276 99
375.322 200.555 99
371.83 197.777 99
372.257 194.361 99
371.67 191.115 99
371.055 187.874 99
372.371 184.24 99
369.74 181.409 99
368.064 178.402 99
0 260 99
0 260 99
0 260 99
0 260 99
0 260 99
0 260 99
0 260 99
0 260 99
72.6792 237.78 99
70.5751 237.748 99
0 260 99
0 260 99
0 260 99
39.5909 245.98 99
38.5274 245.977 99
37.4669 245.992 99
35.4761 246.382 99
36.2863 245.706 99
36.1602 245.39 99
35.1074 245.458 99
34.9792 245.152 99
33.9312 245.246 99
33.8012 244.951 99
32.7586 245.071 99
32.6271 244.786 99
34.2982 243.641 99
33.2554 243.78 99
32.2176 243.937 99
32.0762 243.656 99
31.9324 243.377 99
30.9032 243.568 99
29.8798 243.777 99
28.8625 244.001 99
27.8514 244.242 99
28.5788 243.5 99
30.157 242.236 99
29.1437 242.489 99
29.8424 241.713 99
28.8336 241.983 99
28.6753 241.732 99
28.5148 241.482 99
28.3521 241.234 99
27.3582 241.547 99
27.1962 241.309 99
26.2129 241.646 99
26.8658 240.837 99
25.8885 241.191 99
24.9196 241.56 99
23.9591 241.946 99
34.1142 233.823 99
41.7646 227.37 99
33.6522 233.232 99
27.9773 237.344 99
24.692 239.645 99
23.7474 240.074 99
0 260 99
0 260 99
0 260 99
0 260 99
0 260 99
0 260 99
0 260 99
0 260 99
0 260 99
0 260 99
0 260 99
