-0 260 198
-0 260 198
-0 260 198
-0 260 198
-0 260 198
-0 260 198
-0 260 198
-0 260 198
-15.8489 246.223 198
-22.8122 240.517 198
-26.0455 238.145 198
-27.0069 237.737 198
-34.1944 232.31 198
-40.6956 227.629 198
-41.7646 227.37 198
-27.7674 238.693 198
-24.7577 241.344 198
-26.5273 240.371 198
-26.6976 240.603 198
-26.8658 240.837 198
-26.2129 241.646 198
-27.1962 241.309 198
-26.5292 242.106 198
-26.6843 242.338 198
-27.6761 242.027 198
-26.1451 243.344 198
-27.1375 243.043 198
-26.4318 243.803 198
-27.4294 243.519 198
-28.4338 243.251 198
-27.7128 244 198
-26.981 244.735 198
-27.9878 244.486 198
-29.8798 243.777 198
-29.1373 244.507 198
-30.1584 244.301 198
-30.2942 244.564 198
-29.5328 245.275 198
-30.559 245.095 198
-29.7853 245.793 198
-31.7208 245.208 198
-32.7586 245.071 198
-32.8876 245.357 198
-32.0971 246.044 198
-34.0587 245.543 198
-34.1835 245.841 198
-34.3058 246.14 198
-35.3559 246.073 198
-36.4096 246.024 198
-37.4669 245.992 198
-39.4671 245.635 198
-42.4189 244.979 198
-0 260 198
-0 260 198
-70.3782 237.133 198
-70.5751 237.748 198
-0 260 198
-0 260 198
-0 260 198
-0 260 198
-0 260 198
-0 260 198
-0 260 198
-0 260 198
-0 260 198
-0 260 198
-0 260 198
-0 260 198
-0 260 198
-0 260 198
-0 260 198
-0 260 198
-729.902 144.395 198
-731.872 150.621 198
-731.808 157.151 198
-731.686 163.672 198
-732.499 170.061 198
-734.25 176.343 198
-734.952 182.754 198
-734.602 189.266 198
-734.196 195.766 198
-734.728 202.176 198
-735.205 208.59 198
-735.625 215.007 198
-735.99 221.429 198
-735.299 227.896 198
-734.552 234.349 198
-735.748 240.734 198
-735.888 247.155 198
-735.972 253.577 198
-734 260 198
-733.972 266.405 198
-733.888 272.81 198
-733.748 279.214 198
-733.553 285.616 198
-733.301 292.017 198
-731.995 298.362 198
-730.635 304.688 198
-730.217 311.062 198
-727.75 317.275 198
-727.222 323.624 198
-726.639 329.968 198
-726.001 336.306 198
-723.32 342.412 198
-723.566 348.843 198
-721.772 355.023 198
-718.935 361.04 198
-718.026 367.31 198
-717.062 373.572 198
-714.071 379.495 198
-713.986 385.895 198
-710.893 391.756 198
-709.716 397.955 198
-707.506 403.944 198
-705.244 409.904 198
-702.933 415.837 198
-700.572 421.74 198
-699.134 427.847 198
-696.672 433.7 198
-695.13 439.773 198
-691.603 445.315 198
-689.959 451.343 198
-687.302 457.081 198
-684.597 462.787 198
-681.845 468.461 198
-678.093 473.802 198
-676.201 479.711 198
-674.258 485.604 198
-670.373 490.828 198
-667.39 496.335 198
-664.363 501.808 198
-661.291 507.246 198
-657.241 512.291 198
-654.084 517.65 198
-651.81 523.349 198
-647.64 528.261 198
-644.353 533.512 198
-641.025 538.726 198
-637.655 543.902 198
-634.243 549.041 198
-630.79 554.142 198
-626.394 558.775 198
-623.763 564.23 198
-618.4 568.323 198
-616.576 574.162 198
-612.037 578.607 198
-608.351 583.466 198
-604.626 588.285 198
-599.989 592.579 198
-597.064 597.803 198
-590.629 601 198
-587.631 606.141 198
-582.017 609.711 198
-579.795 615.299 198
-576.673 620.345 198
-570.976 623.752 198
-566.941 628.176 198
-562.873 632.558 198
-558.771 636.896 198
-552.165 639.492 198
-548.832 644.296 198
-544.643 648.49 198
-541.232 653.228 198
-535.369 656.152 198
-531.891 660.809 198
-527.58 664.826 198
-522.451 668.184 198
-518.087 672.105 198
-511.362 674.093 198
-508.501 679.176 198
-503.291 682.312 198
-498.826 686.038 198
-493.58 689.063 198
-489.068 692.691 198
-482.301 694.266 198
-479.23 699.134 198
-472.454 700.571 198
-467.866 703.989 198
-463.255 707.36 198
-458.62 710.685 198
-453.963 713.963 198
-448.582 716.48 198
-443.192 718.939 198
-438.482 722.064 198
-432.387 723.678 198
-427.649 726.697 198
-422.89 729.668 198
-417.451 731.842 198
-412.005 733.958 198
-406.554 736.014 198
-402.385 739.544 198
-396.913 741.494 198
-390.808 742.608 198
-385.959 745.217 198
-379.863 746.203 198
-374.388 747.912 198
-370.116 751.161 198
-364.626 752.764 198
-359.137 754.309 198
-354.229 756.611 198
-348.734 758.044 198
-343.809 760.245 198
-337.752 760.739 198
-332.266 761.999 198
-326.783 763.202 198
-322.38 766.035 198
-316.362 766.285 198
-309.842 765.616 198
-292.542 746.871 198
-281.684 738.204 198
-276.5 738.912 198
-272.31 741.307 198
-281.674 768.154 198
-280.092 775.866 198
-273.702 774.758 198
-268.738 776.24 198
-263.314 776.784 198
-257.456 776.377 198
-252.502 777.705 198
-247.113 778.084 198
-242.16 779.314 198
-236.79 779.588 198
-231.026 778.894 198
-226.888 781.807 198
-220.763 780.085 198
-215.833 781.068 198
-210.903 782.005 198
-205.607 781.964 198
-200.328 781.871 198
-195.065 781.726 198
-190.163 782.469 198
-184.595 781.281 198
-180.039 782.872 198
-174.518 781.578 198
-169.65 782.13 198
-164.486 781.683 198
-159.635 782.142 198
-154.504 781.598 198
-149.395 781.004 198
-144.309 780.36 198
-139.245 779.668 198
-134.454 779.895 198
-129.428 779.108 198
-124.66 779.246 198
-119.674 778.365 198
-114.713 777.437 198
-109.777 776.462 198
-105.067 776.42 198
-100.175 775.354 198
-95.1269 773.259 198
-90.4707 773.085 198
-85.8247 772.869 198
-81.1894 772.61 198
-76.5652 772.31 198
-71.6741 769.988 198
-66.9599 768.611 198
-62.5189 769.176 198
-57.8468 767.715 198
-53.1004 765.217 198
-48.6896 765.661 198
-43.9265 762.082 198
-39.4649 761.449 198
-35.0875 761.775 198
-30.5853 760.066 198
-26.1156 758.316 198
-21.7224 757.526 198
-17.3101 755.698 198
-12.9052 752.831 198
-8.58655 751.925 198
-4.28469 750.981 198
3.69185e-05 749 198
4.25859 747.981 198
8.447 743.926 198
12.6959 744.834 198
16.8914 743.705 198
21.0246 741.541 198
25.0166 737.345 198
29.2423 738.107 198
33.2739 735.838 198
37.3466 734.533 198
41.3119 732.196 198
45.3351 730.822 198
49.1284 727.425 198
53.3187 727.972 198
56.913 723.519 198
60.8252 722.013 198
64.5764 719.484 198
68.7314 719.892 198
72.5856 718.287 198
76.252 715.664 198
80.0518 713.996 198
83.6461 711.314 198
87.1997 708.604 198
90.5131 704.886 198
93.9761 702.123 198
98.0472 702.262 198
101.453 699.441 198
105.05 697.566 198
108.381 694.692 198
112.17 693.73 198
115.433 690.803 198
118.654 687.852 198
121.832 684.878 198
125.819 684.757 198
128.936 681.73 198
132.611 680.589 198
135.658 677.514 198
138.979 675.366 198
141.297 670.355 198
144.872 669.106 198
147.753 665.947 198
150.939 663.706 198
154.457 662.373 198
157.962 661.01 198
160.706 657.762 198
163.789 655.42 198
166.842 653.056 198
169.867 650.668 198
173.27 649.17 198
175.415 644.914 198
178.768 643.368 198
180.815 639.086 198
183.239 635.696 198
187.403 635.872 198
188.406 629.768 198
192.087 628.996 198
194.831 626.423 198
197.544 623.83 198
199.742 620.343 198
202.879 618.587 198
205.5 615.936 198
209.106 614.991 198
210.651 610.581 198
212.657 607.025 198
215.677 605.156 198
217.606 601.574 198
220.579 599.662 198
222.983 596.89 198
225.355 594.102 198
227.695 591.299 198
230.004 588.48 198
232.281 585.646 198
233.939 581.989 198
236.739 579.935 198
237.717 575.461 198
241.07 574.168 198
243.802 572.052 198
245.893 569.13 198
248.582 566.973 198
249.343 562.477 198
251.973 560.289 198
253.934 557.319 198
255.863 554.337 198
257.097 550.595 198
259.623 548.34 198
262.805 546.801 198
263.933 543.034 198
266.393 540.72 198
268.138 537.665 198
269.85 534.601 198
270.822 530.822 198
272.462 527.747 198
274.068 524.665 198
276.368 522.263 198
279.377 520.523 198
281.64 518.075 198
280.909 512.931 198
283.854 511.133 198
285.28 507.99 198
288.194 506.141 198
289.565 502.974 198
290.902 499.801 198
292.207 496.624 198
294.261 494.065 198
295.504 490.873 198
296.714 487.677 198
299.488 485.681 198
299.035 481.274 198
301.763 479.244 198
303.665 476.602 198
304.725 473.37 198
306.575 470.703 198
307.573 467.461 198
308.538 464.217 198
310.308 461.516 198
311.211 458.264 198
312.082 455.01 198
314.624 452.802 198
315.438 449.534 198
317.08 446.774 198
318.697 444 198
318.55 440.227 198
320.985 437.925 198
321.647 434.64 198
322.276 431.357 198
323.759 428.538 198
325.217 425.707 198
326.651 422.862 198
328.06 420.005 198
328.541 416.706 198
328.99 413.41 198
331.226 410.948 198
332.531 408.052 198
333.81 405.145 198
333.223 401.445 198
334.444 398.531 198
335.641 395.608 198
337.742 393.04 198
336.089 389.012 198
336.265 385.724 198
339.229 383.469 198
338.408 379.837 198
340.387 377.205 198
342.345 374.547 198
341.429 370.937 198
344.292 368.555 198
344.27 365.254 198
345.175 362.246 198
346.054 359.229 198
344.98 355.671 198
344.836 352.398 198
347.565 349.886 198
348.336 346.85 198
348.108 343.573 198
348.824 340.532 198
350.49 337.702 198
349.199 334.224 198
350.813 331.374 198
352.404 328.5 198
351.022 325.058 198
350.592 321.819 198
353.09 319.087 198
351.617 315.691 198
353.079 312.768 198
354.516 309.824 198
354.937 306.728 198
353.346 303.385 198
355.699 300.527 198
356.039 297.421 198
356.352 294.313 198
357.634 291.289 198
355.899 288.01 198
358.125 285.043 198
357.332 281.855 198
355.512 278.632 198
357.659 275.616 198
358.781 272.529 198
358.877 269.398 198
358.945 266.265 198
357.986 263.124 198
359 260 198
358.986 256.867 198
356.946 253.769 198
356.878 250.655 198
356.783 247.541 198
360.656 244.253 198
359.507 241.159 198
358.33 238.084 198
358.125 234.957 198
359.887 231.676 198
359.626 228.537 198
358.343 225.496 198
359.022 222.265 198
358.679 219.134 198
359.302 215.883 198
357.912 212.88 198
356.497 209.898 198
358.024 206.493 198
357.543 203.371 198
355.063 200.583 198
357.485 196.966 198
356.922 193.849 198
354.367 191.118 198
355.713 187.629 198
353.111 184.944 198
352.443 181.865 198
0 260 198
0 260 198
0 260 198
0 260 198
0 260 198
0 260 198
0 260 198
0 260 198
72.6792 237.78 198
72.4825 237.146 198
0 260 198
0 260 198
42.5483 245.349 198
38.6483 246.314 198
37.5877 246.319 198
37.4669 245.992 198
36.4096 246.024 198
36.2863 245.706 198
35.233 245.765 198
35.1074 245.458 198
34.0587 245.543 198
33.9312 245.246 198
32.8876 245.357 198
31.8486 245.486 198
32.6271 244.786 198
33.3957 244.071 198
33.2554 243.78 198
33.1126 243.491 198
32.0762 243.656 198
31.0454 243.839 198
30.9032 243.568 198
29.001 244.254 198
29.7371 243.516 198
28.7217 243.75 198
28.5788 243.5 198
29.2954 242.744 198
29.1437 242.489 198
28.9898 242.235 198
28.8336 241.983 198
27.8319 242.269 198
26.8375 242.572 198
27.5182 241.786 198
27.3582 241.547 198
27.1962 241.309 198
26.2129 241.646 198
24.4235 242.579 198
24.2705 242.366 198
24.9196 241.56 198
24.7577 241.344 198
34.1142 233.823 198
40.1885 228.601 198
35.2174 231.987 198
26.423 238.603 198
27.0069 237.737 198
22.9813 240.716 198
0 260 198
0 260 198
0 260 198
0 260 198
0 260 198
0 260 198
0 260 198
0 260 198
0 260 198
0 260 198
0 260 198
