-0 260 111
-0 260 111
-0 260 111
-0 260 111
-0 260 111
-0 260 111
-0 260 111
-0 260 111
-15.8489 246.223 111
-22.8122 240.517 111
-26.0455 238.145 111
-27.7785 237.101 111
-34.1944 232.31 111
-43.8261 225.139 111
-40.1886 228.601 111
-27.7674 238.693 111
-25.5563 240.742 111
-27.3311 239.776 111
-26.6976 240.603 111
-26.8658 240.837 111
-25.3937 242.219 111
-25.5479 242.441 111
-26.5292 242.106 111
-27.5182 241.786 111
-26.8375 242.572 111
-27.8319 242.269 111
-27.9856 242.513 111
-27.2845 243.28 111
-28.2865 243.004 111
-28.4338 243.251 111
-27.7128 244 111
-27.8514 244.242 111
-28.8625 244.001 111
-28.1222 244.731 111
-30.0202 244.038 111
-31.0454 243.839 111
-30.2942 244.564 111
-31.3227 244.383 111
-30.559 245.095 111
-31.5905 244.932 111
-31.7208 245.208 111
-32.7586 245.071 111
-32.8876 245.357 111
-33.0142 245.645 111
-34.9792 245.152 111
-34.1835 245.841 111
-34.3058 246.14 111
-35.3559 246.073 111
-36.4096 246.024 111
-37.4669 245.992 111
-39.4671 245.635 111
-0 260 111
-0 260 111
-0 260 111
-71.3292 236.824 111
-71.5288 237.447 111
-0 260 111
-70.9527 238.983 111
-0 260 111
-0 260 111
-0 260 111
-0 260 111
-0 260 111
-0 260 111
-0 260 111
-0 260 111
-0 260 111
-0 260 111
-0 260 111
-0 260 111
-0 260 111
-0 260 111
-695.333 149.87 111
-695.278 156.09 111
-695.168 162.301 111
-696.986 168.24 111
-697.76 174.326 111
-697.487 180.531 111
-697.16 186.726 111
-697.773 192.812 111
-698.332 198.904 111
-698.839 205 111
-698.295 211.171 111
-698.694 217.266 111
-699.041 223.365 111
-699.334 229.467 111
-698.574 235.605 111
-699.76 241.676 111
-698.894 247.801 111
-698.973 253.9 111
-699 260 111
-698.973 266.1 111
-698.894 272.199 111
-697.761 278.272 111
-697.575 284.36 111
-696.337 290.403 111
-695.046 296.426 111
-695.7 302.551 111
-695.302 308.62 111
-693.854 314.608 111
-693.352 320.66 111
-692.796 326.709 111
-690.198 332.543 111
-689.539 338.563 111
-688.827 344.577 111
-688.063 350.585 111
-686.256 356.447 111
-685.388 362.432 111
-683.48 368.253 111
-682.51 374.213 111
-681.487 380.165 111
-679.429 385.925 111
-678.304 391.849 111
-675.168 397.365 111
-674.922 403.459 111
-672.668 409.127 111
-671.341 414.991 111
-668.99 420.611 111
-665.623 425.959 111
-665.117 432.011 111
-661.659 437.291 111
-660.087 443.058 111
-657.503 448.536 111
-655.833 454.267 111
-652.2 459.398 111
-649.481 464.781 111
-645.767 469.823 111
-645.808 476.085 111
-642.953 481.386 111
-638.168 485.987 111
-638.051 492.232 111
-634.127 497.09 111
-631.1 502.257 111
-628.032 507.388 111
-625.849 512.86 111
-622.695 517.929 111
-618.579 522.571 111
-616.264 527.959 111
-612.075 532.514 111
-609.674 537.845 111
-606.32 542.732 111
-602.927 547.581 111
-600.394 552.832 111
-596.921 557.614 111
-593.41 562.358 111
-589.862 567.063 111
-587.16 572.199 111
-582.656 576.356 111
-578.998 580.944 111
-576.175 585.984 111
-572.443 590.5 111
-568.675 594.975 111
-564.016 598.895 111
-561.037 603.804 111
-556.32 607.627 111
-552.421 611.931 111
-549.329 616.739 111
-545.361 620.967 111
-541.361 625.153 111
-536.506 628.731 111
-534.087 633.972 111
-529.175 637.457 111
-525.052 641.473 111
-520.095 644.85 111
-515.918 648.773 111
-512.506 653.26 111
-507.479 656.486 111
-503.217 660.277 111
-498.928 664.024 111
-494.611 667.726 111
-490.268 671.384 111
-485.899 674.997 111
-480.75 677.91 111
-476.336 681.426 111
-471.897 684.898 111
-467.434 688.324 111
-462.947 691.705 111
-458.437 695.04 111
-453.184 697.635 111
-449.348 701.573 111
-443.356 703.356 111
-440.171 707.921 111
-434.161 709.587 111
-428.845 711.908 111
-425.567 716.365 111
-420.217 718.587 111
-415.53 721.493 111
-410.824 724.353 111
-406.1 727.165 111
-400.06 728.41 111
-395.314 731.117 111
-390.552 733.778 111
-385.144 735.613 111
-380.979 738.956 111
-376.169 741.475 111
-371.344 743.946 111
-366.505 746.369 111
-360.463 747.137 111
-355.022 748.646 111
-350.164 750.912 111
-346.44 754.768 111
-340.41 755.3 111
-335.516 757.423 111
-330.058 758.664 111
-325.694 761.525 111
-319.693 761.818 111
-315.302 764.589 111
-309.842 765.616 111
-303.872 765.729 111
-299.448 768.361 111
-293.5 768.357 111
-286.098 765.677 111
-270.039 747.163 111
-262.437 743.349 111
-257.74 744.738 111
-252.115 744.308 111
-260.59 771.438 111
-257.902 777.272 111
-253.817 780.402 111
-247.544 778.987 111
-243.005 781.127 111
-237.619 781.408 111
-233.06 783.462 111
-227.686 783.641 111
-222.326 783.767 111
-216.981 783.84 111
-212.027 784.786 111
-206.707 784.756 111
-201.761 785.606 111
-196.816 786.41 111
-191.189 785.288 111
-186.598 786.937 111
-181.341 786.654 111
-176.104 786.32 111
-171.195 786.885 111
-165.99 786.452 111
-161.097 786.924 111
-155.924 786.392 111
-151.325 787.733 111
-146.447 788.07 111
-141.315 787.396 111
-136.207 786.672 111
-131.364 786.871 111
-126.527 787.025 111
-121.474 786.16 111
-116.444 785.247 111
-111.649 785.265 111
-107.061 786.22 111
-102.274 786.152 111
-97.3137 785.058 111
-92.5544 784.903 111
-87.8053 784.704 111
-82.9102 783.475 111
-78.1911 783.189 111
-73.4834 782.862 111
-68.7873 782.491 111
-64.1032 782.079 111
-59.2052 779.638 111
-54.7729 781.129 111
-49.9356 778.601 111
-45.3209 778.021 111
-40.6418 776.403 111
-36.0641 775.741 111
-31.44 774.039 111
-26.953 774.294 111
-22.4203 773.511 111
-17.8685 771.688 111
-13.3764 770.825 111
-8.90069 769.922 111
-4.43304 767.981 111
3.83529e-05 768 111
4.41566 765.981 111
8.79605 763.923 111
13.167 762.828 111
17.5196 761.694 111
21.8533 760.523 111
26.1157 758.316 111
30.4022 757.071 111
34.669 755.789 111
38.9157 754.471 111
43.055 752.12 111
47.0603 748.74 111
51.428 749.305 111
55.5828 747.844 111
59.716 746.348 111
63.8273 744.817 111
67.9165 743.251 111
71.9832 741.651 111
75.8707 739.029 111
79.553 735.39 111
83.6985 734.677 111
87.6553 732.946 111
91.97 733.144 111
95.6966 730.364 111
99.3818 727.555 111
103.242 725.693 111
107.077 723.8 111
110.887 721.876 111
114.187 717.98 111
118.43 717.934 111
121.645 713.985 111
125.869 713.87 111
129.274 710.832 111
133.203 709.686 111
136.83 707.551 111
140.129 704.432 111
143.693 702.241 111
147.229 700.022 111
150.738 697.775 111
153.551 693.615 111
156.987 691.319 111
161.095 690.869 111
164.849 689.447 111
167.858 686.131 111
170.821 682.796 111
174.504 681.289 111
177.001 676.989 111
181.032 676.345 111
184.252 673.836 111
187.856 672.212 111
190.178 667.838 111
193.73 666.163 111
196.39 662.66 111
199.004 659.141 111
202.026 656.498 111
205.94 655.607 111
207.976 651.146 111
211.381 649.316 111
214.771 647.457 111
217.651 644.697 111
221 642.783 111
223.824 639.978 111
226.617 637.154 111
229.377 634.309 111
231.575 630.597 111
234.263 627.719 111
236.918 624.822 111
240.645 623.574 111
243.249 620.631 111
245.82 617.671 111
246.638 612.235 111
249.702 610.07 111
252.16 607.068 111
256.369 606.462 111
259.382 604.212 111
259.941 598.762 111
262.272 595.693 111
265.814 594.174 111
268.72 591.841 111
270.333 587.94 111
273.185 585.569 111
276.665 583.933 111
279.481 581.506 111
280.951 577.557 111
283.042 574.35 111
284.423 570.394 111
285.757 566.437 111
288.421 563.932 111
290.367 560.684 111
293.681 558.852 111
294.156 554.156 111
296.712 551.578 111
299.245 548.978 111
300.305 544.979 111
302.049 541.665 111
303.758 538.343 111
306.176 535.682 111
309.319 533.662 111
310.94 530.296 111
311.766 526.274 111
315.61 524.828 111
317.138 521.428 111
318.63 518.021 111
321.652 515.854 111
322.296 511.806 111
323.688 508.375 111
325.843 505.541 111
327.974 502.688 111
330.079 499.816 111
330.531 495.765 111
332.576 492.872 111
333.771 489.395 111
337.418 487.592 111
338.558 484.086 111
340.5 481.123 111
340.73 477.069 111
342.611 474.087 111
344.467 471.089 111
345.438 467.56 111
347.237 464.538 111
349.874 462 111
350.753 458.447 111
351.597 454.893 111
354.163 452.295 111
353.179 447.789 111
355.691 445.161 111
358.185 442.504 111
357.974 438.479 111
359.518 435.348 111
359.229 431.343 111
360.711 428.202 111
363.075 425.463 111
363.591 421.881 111
366.824 419.5 111
367.281 415.902 111
367.704 412.308 111
368.092 408.719 111
369.376 405.501 111
369.698 401.914 111
371.859 399.032 111
373.998 396.124 111
375.171 392.855 111
375.371 389.251 111
374.588 385.335 111
375.667 382.062 111
376.718 378.779 111
378.697 375.779 111
378.734 372.186 111
380.66 369.152 111
378.707 365.025 111
380.575 361.975 111
381.45 358.65 111
381.326 355.075 111
383.114 351.977 111
382.927 348.406 111
384.661 345.277 111
385.39 341.917 111
386.09 338.551 111
388.724 335.56 111
387.402 331.801 111
388.014 328.417 111
389.583 325.194 111
387.174 321.322 111
388.683 318.089 111
391.156 314.973 111
391.621 311.558 111
391.063 308.017 111
392.461 304.715 111
391.842 301.184 111
394.177 297.955 111
393.497 294.427 111
392.785 290.913 111
392.043 287.414 111
394.263 284.114 111
395.457 280.725 111
394.624 277.23 111
394.759 273.785 111
394.865 270.34 111
393.94 266.876 111
396.985 263.464 111
395 260 111
395.985 256.544 111
393.94 253.124 111
395.864 249.634 111
394.759 246.215 111
394.624 242.77 111
395.457 239.275 111
394.263 235.886 111
396.033 232.307 111
395.776 228.852 111
396.485 225.312 111
395.172 221.949 111
395.82 218.398 111
394.448 215.058 111
394.041 211.618 111
395.587 207.92 111
394.127 204.609 111
393.628 201.172 111
394.088 197.583 111
393.528 194.146 111
392.938 190.714 111
391.335 187.47 111
390.688 184.058 111
389.03 180.851 111
388.325 177.459 111
388.566 173.857 111
0 260 111
0 260 111
0 260 111
0 260 111
0 260 111
0 260 111
0 260 111
0 260 111
71.7229 238.072 111
72.4825 237.146 111
73.2314 236.206 111
0 260 111
0 260 111
39.5909 245.98 111
38.5274 245.977 111
36.5302 246.342 111
36.4096 246.024 111
36.2863 245.706 111
36.1602 245.39 111
36.0313 245.075 111
34.0587 245.543 111
33.9312 245.246 111
33.8012 244.951 111
31.8486 245.486 111
32.6271 244.786 111
34.2982 243.641 111
33.2554 243.78 111
33.1126 243.491 111
32.0762 243.656 111
31.9324 243.377 111
30.9032 243.568 111
30.7586 243.299 111
30.6117 243.032 111
29.5921 243.258 111
29.4449 243 111
29.2954 242.744 111
29.1437 242.489 111
29.8424 241.713 111
28.8336 241.983 111
28.6753 241.732 111
27.6761 242.027 111
29.186 240.682 111
28.1873 240.987 111
27.1962 241.309 111
26.2129 241.646 111
26.0517 241.418 111
24.2705 242.366 111
24.1157 242.155 111
24.7577 241.344 111
34.9075 233.214 111
41.7646 227.37 111
32.0869 234.477 111
26.423 238.603 111
27.7785 237.101 111
23.7474 240.074 111
0 260 111
0 260 111
0 260 111
0 260 111
0 260 111
0 260 111
0 260 111
0 260 111
0 260 111
0 260 111
0 260 111
