-0 260 154
-0 260 154
-0 260 154
-0 260 154
-0 260 154
-0 260 154
-0 260 154
-0 260 154
-16.6036 245.567 154
-22.8122 240.517 154
-26.8116 237.502 154
-27.7785 237.101 154
-34.1944 232.31 154
-42.2608 226.384 154
-40.1886 228.601 154
-26.974 239.302 154
-25.5563 240.742 154
-26.5273 240.371 154
-26.6976 240.603 154
-27.6799 240.256 154
-25.3937 242.219 154
-26.372 241.875 154
-26.5292 242.106 154
-27.5182 241.786 154
-26.8375 242.572 154
-26.1451 243.344 154
-27.1375 243.043 154
-28.1371 242.758 154
-27.4294 243.519 154
-27.5721 243.759 154
-28.5788 243.5 154
-27.8514 244.242 154
-27.9878 244.486 154
-28.1222 244.731 154
-30.0202 244.038 154
-31.0454 243.839 154
-31.1852 244.11 154
-30.4278 244.829 154
-30.559 245.095 154
-32.4931 244.502 154
-31.7208 245.208 154
-32.7586 245.071 154
-32.8876 245.357 154
-33.9312 245.246 154
-34.9792 245.152 154
-35.1074 245.458 154
-35.233 245.765 154
-36.2863 245.706 154
-36.4096 246.024 154
-37.4669 245.992 154
-39.4671 245.635 154
-0 260 154
-0 260 154
-0 260 154
-72.2803 236.515 154
-72.4825 237.146 154
-0 260 154
-0 260 154
-0 260 154
-0 260 154
-0 260 154
-0 260 154
-0 260 154
-0 260 154
-0 260 154
-0 260 154
-0 260 154
-0 260 154
-0 260 154
-0 260 154
-0 260 154
-0 260 154
-723.976 145.334 154
-721.982 152.099 154
-723.886 158.265 154
-724.746 164.585 154
-724.559 171.035 154
-725.307 177.362 154
-726.996 183.59 154
-725.644 190.129 154
-727.222 196.376 154
-725.756 202.882 154
-726.227 209.217 154
-727.64 215.496 154
-727.002 221.9 154
-726.308 228.289 154
-727.557 234.593 154
-728.75 240.917 154
-727.889 247.295 154
-726.972 253.656 154
-728 260 154
-727.972 266.353 154
-726.889 272.688 154
-726.751 279.031 154
-725.558 285.337 154
-724.31 291.624 154
-725.005 297.996 154
-723.648 304.26 154
-722.236 310.504 154
-720.771 316.726 154
-720.249 323.014 154
-719.671 329.297 154
-718.045 335.47 154
-716.365 341.62 154
-715.626 347.868 154
-714.832 354.109 154
-712.993 360.205 154
-711.102 366.275 154
-710.148 372.476 154
-708.153 378.504 154
-707.092 384.679 154
-704.994 390.663 154
-702.845 396.619 154
-700.646 402.548 154
-700.354 408.865 154
-696.099 414.322 154
-695.7 420.615 154
-693.3 426.447 154
-690.851 432.248 154
-688.353 438.02 154
-685.807 443.762 154
-683.214 449.472 154
-680.573 455.151 154
-677.886 460.799 154
-675.151 466.415 154
-673.324 472.298 154
-671.446 478.166 154
-667.62 483.383 154
-664.7 488.875 154
-661.734 494.333 154
-658.724 499.756 154
-655.67 505.145 154
-652.573 510.499 154
-650.362 516.184 154
-646.247 521.101 154
-643.02 526.348 154
-638.83 531.167 154
-636.44 536.732 154
-632.173 541.462 154
-628.783 546.553 154
-626.259 552.029 154
-622.784 557.053 154
-617.471 561.161 154
-614.82 566.538 154
-611.23 571.438 154
-607.602 576.298 154
-603.936 581.119 154
-599.353 585.422 154
-596.491 590.64 154
-591.842 594.848 154
-588.031 599.5 154
-584.185 604.111 154
-580.302 608.681 154
-576.385 613.209 154
-571.584 617.166 154
-567.602 621.603 154
-564.425 626.542 154
-559.537 630.35 154
-553.797 633.541 154
-550.516 638.359 154
-546.374 642.576 154
-541.387 646.168 154
-537.187 650.289 154
-533.761 654.962 154
-528.697 658.402 154
-524.407 662.391 154
-519.299 665.721 154
-515.739 670.237 154
-509.808 672.834 154
-504.642 675.995 154
-500.993 680.383 154
-495.785 683.44 154
-491.316 687.094 154
-485.323 689.378 154
-481.558 693.597 154
-476.281 696.431 154
-470.992 699.207 154
-466.416 702.612 154
-461.816 705.971 154
-456.48 708.582 154
-451.841 711.841 154
-447.18 715.054 154
-442.497 718.22 154
-437.793 721.338 154
-432.387 723.678 154
-426.297 725.222 154
-421.552 728.181 154
-417.451 731.842 154
-412.005 733.958 154
-406.554 736.014 154
-399.814 736.48 154
-396.277 740.722 154
-390.179 741.831 154
-385.337 744.434 154
-379.863 746.203 154
-374.997 748.706 154
-368.913 749.564 154
-365.221 753.568 154
-359.137 754.309 154
-354.229 756.611 154
-349.308 758.864 154
-343.809 760.245 154
-338.871 762.397 154
-332.266 761.999 154
-327.873 764.88 154
-321.842 765.192 154
-316.892 767.133 154
-306.184 759.647 154
-289.451 741.728 154
-283.206 740.789 154
-277.5 740.644 154
-274.28 744.788 154
-283.129 770.778 154
-280.092 775.866 154
-274.641 776.524 154
-269.199 777.127 154
-264.222 778.566 154
-258.795 779.062 154
-253.817 780.402 154
-247.974 779.889 154
-242.583 780.221 154
-237.619 781.408 154
-232.247 781.634 154
-226.888 781.807 154
-221.935 782.847 154
-216.599 782.916 154
-212.027 784.786 154
-206.34 783.825 154
-201.044 783.739 154
-196.116 784.536 154
-191.189 785.288 154
-185.597 784.109 154
-180.69 784.763 154
-175.469 784.423 154
-170.577 784.983 154
-165.689 785.498 154
-160.512 785.011 154
-155.356 784.474 154
-150.222 783.888 154
-145.11 783.251 154
-140.28 783.532 154
-135.205 782.8 154
-130.154 782.019 154
-125.36 782.163 154
-120.574 782.262 154
-115.579 781.342 154
-110.609 780.375 154
-105.864 780.34 154
-100.938 779.281 154
-96.2203 779.159 154
-91.3389 778.009 154
-86.4849 776.814 154
-81.6587 775.573 154
-77.0087 775.277 154
-72.37 774.939 154
-67.7431 774.56 154
-62.8845 772.154 154
-58.2996 771.69 154
-53.6231 770.19 154
-49.073 769.643 154
-44.4494 768.059 154
-39.8572 766.434 154
-35.4362 766.763 154
-30.8905 765.056 154
-26.3773 763.309 154
-21.9405 762.521 154
-17.4846 760.695 154
-13.0884 759.829 154
-8.69126 757.924 154
-4.32832 755.981 154
3.7296e-05 754 154
4.30222 752.981 154
8.60407 752.925 154
12.8529 750.832 154
17.1008 749.702 154
21.2427 746.536 154
25.4353 745.334 154
29.6086 744.095 154
33.6227 740.826 154
37.6604 738.52 154
41.6605 736.181 154
45.8143 735.799 154
49.9646 735.381 154
53.8848 732.94 154
57.888 731.459 154
61.8694 729.945 154
65.6897 727.407 154
69.4705 724.837 154
73.3678 723.226 154
77.4074 722.568 154
81.0937 719.905 154
84.9218 718.197 154
88.7262 716.457 154
92.3074 713.705 154
96.0552 711.904 154
99.1294 707.144 154
102.803 705.287 154
106.685 704.373 154
110.558 703.425 154
114.173 701.475 154
117.245 697.564 154
120.792 695.561 154
124.037 692.568 154
127.807 691.469 154
130.69 687.468 154
134.716 687.265 154
138.131 685.122 154
141.201 682.004 154
144.552 679.81 154
147.876 677.59 154
150.831 674.404 154
154.091 672.136 154
156.248 667.041 154
160.161 666.592 154
162.954 663.325 154
166.085 660.964 154
169.968 660.42 154
172.658 657.087 154
175.304 653.738 154
178.318 651.283 154
181.726 649.712 154
184.689 647.209 154
187.623 644.684 154
190.526 642.137 154
192.946 638.678 154
195.781 636.093 154
199.056 634.37 154
200.884 629.982 154
203.62 627.34 154
207.31 626.42 154
210 623.731 154
212.151 620.161 154
215.286 618.296 154
217.882 615.551 154
220.446 612.788 154
222.442 609.164 154
224.936 606.371 154
226.294 601.893 154
229.269 599.905 154
232.793 598.716 154
234.593 595.033 154
238.088 593.787 154
239.816 590.079 154
242.688 587.974 154
244.337 584.246 154
245.94 580.515 154
248.112 577.568 154
249.628 573.826 154
252.987 572.413 154
256.34 570.965 154
257.115 566.418 154
260.429 564.923 154
261.768 561.129 154
263.723 558.084 154
266.983 556.515 154
266.858 551.225 154
268.707 548.153 154
272.588 547.248 154
274.39 544.139 154
276.158 541.021 154
277.186 537.186 154
278.881 534.056 154
280.543 530.917 154
282.171 527.77 154
284.497 525.297 154
286.064 522.129 154
289.083 520.292 154
290.595 517.097 154
292.827 514.551 154
292.756 510.037 154
294.161 506.83 154
296.304 504.254 154
297.647 501.03 154
300.522 499.046 154
301.808 495.798 154
303.061 492.547 154
305.079 489.893 154
306.269 486.627 154
309.044 484.534 154
309.364 480.667 154
309.639 476.812 154
313.168 475.234 154
314.205 471.934 154
316.043 469.184 154
317.017 465.874 154
317.959 462.562 154
319.714 459.78 154
320.593 456.459 154
322.295 453.654 154
323.111 450.327 154
323.894 447 154
326.383 444.659 154
327.982 441.804 154
328.678 438.457 154
329.339 435.113 154
330.855 432.232 154
331.454 428.884 154
332.916 425.986 154
336.149 423.951 154
334.859 419.72 154
337.147 417.214 154
335.776 413.022 154
338.012 410.493 154
340.229 407.936 154
339.666 404.18 154
339.988 400.827 154
342.131 398.23 154
344.255 395.605 154
345.425 392.596 154
344.695 388.876 154
345.807 385.863 154
346.892 382.841 154
347.005 379.484 154
348.983 376.768 154
349.038 373.409 154
350.014 370.359 154
350.008 367.008 154
350.928 363.95 154
350.861 360.608 154
351.725 357.542 154
352.563 354.469 154
352.406 351.138 154
352.217 347.818 154
353.943 344.974 154
354.671 341.882 154
356.348 339 154
357.024 335.888 154
355.713 332.371 154
358.294 329.645 154
358.888 326.516 154
359.455 323.382 154
359.008 320.077 154
359.519 316.942 154
360.991 313.95 154
360.458 310.659 154
359.894 307.381 154
360.294 304.239 154
361.66 301.206 154
360.017 297.839 154
361.329 294.792 154
363.611 291.812 154
363.875 288.638 154
361.118 285.252 154
362.323 282.161 154
363.501 279.05 154
363.654 275.877 154
363.778 272.703 154
362.876 269.502 154
363.945 266.353 154
363.986 263.176 154
365 260 154
362.986 256.832 154
364.944 253.63 154
363.875 250.472 154
362.779 247.331 154
362.655 244.166 154
364.5 240.897 154
365.317 237.656 154
365.108 234.469 154
363.875 231.362 154
364.607 228.101 154
364.315 224.92 154
364.99 221.638 154
361.66 218.794 154
363.272 215.396 154
363.86 212.097 154
363.428 208.923 154
361.98 205.902 154
360.506 202.901 154
361.967 199.428 154
361.424 196.271 154
360.855 193.12 154
358.294 190.355 154
357.673 187.231 154
358.98 183.696 154
356.348 181 154
0 260 154
0 260 154
0 260 154
0 260 154
0 260 154
0 260 154
0 260 154
0 260 154
73.6355 237.487 154
71.5288 237.447 154
74.1824 235.897 154
0 260 154
0 260 154
39.5909 245.98 154
38.5274 245.977 154
37.4669 245.992 154
36.4096 246.024 154
37.2167 245.34 154
36.1602 245.39 154
35.1074 245.458 154
34.9792 245.152 154
34.8483 244.848 154
32.8876 245.357 154
32.7586 245.071 154
33.5334 244.363 154
33.3957 244.071 154
34.1542 243.342 154
34.0075 243.044 154
32.9672 243.202 154
30.1584 244.301 154
30.9032 243.568 154
30.7586 243.299 154
30.6117 243.032 154
28.7217 243.75 154
27.7128 244 154
27.5721 243.759 154
30.0009 241.974 154
29.8424 241.713 154
28.8336 241.983 154
29.5187 241.195 154
28.5148 241.482 154
28.3521 241.234 154
26.5292 242.106 154
26.372 241.875 154
26.2129 241.646 154
26.0517 241.418 154
25.0795 241.779 154
24.9196 241.56 154
24.7577 241.344 154
34.9075 233.214 154
40.1885 228.601 154
33.6522 233.232 154
27.2001 237.974 154
26.2352 238.373 154
24.5134 239.431 154
0 260 154
0 260 154
0 260 154
0 260 154
0 260 154
0 260 154
0 260 154
0 260 154
0 260 154
0 260 154
0 260 154
