-0 260 83
-0 260 83
-0 260 83
-0 260 83
-0 260 83
-0 260 83
-0 260 83
-0 260 83
-15.8489 246.223 83
-22.8122 240.517 83
-26.0455 238.145 83
-27.0069 237.737 83
-32.6401 233.569 83
-43.0435 225.762 83
-40.9766 227.986 83
-27.7674 238.693 83
-26.355 240.14 83
-26.5273 240.371 83
-26.6976 240.603 83
-26.8658 240.837 83
-26.2129 241.646 83
-24.7238 243.008 83
-27.3582 241.547 83
-26.6843 242.338 83
-27.6761 242.027 83
-26.9885 242.806 83
-27.1375 243.043 83
-28.1371 242.758 83
-27.4294 243.519 83
-27.5721 243.759 83
-27.7128 244 83
-28.7217 243.75 83
-27.9878 244.486 83
-28.1222 244.731 83
-29.1373 244.507 83
-30.1584 244.301 83
-30.2942 244.564 83
-29.5328 245.275 83
-30.559 245.095 83
-31.5905 244.932 83
-31.7208 245.208 83
-31.8486 245.486 83
-33.8012 244.951 83
-33.0142 245.645 83
-34.9792 245.152 83
-34.1835 245.841 83
-34.3058 246.14 83
-35.3559 246.073 83
-36.4096 246.024 83
-37.4669 245.992 83
-38.5274 245.977 83
-0 260 83
-0 260 83
-0 260 83
-71.3292 236.824 83
-71.5288 237.447 83
-0 260 83
-0 260 83
-0 260 83
-0 260 83
-0 260 83
-0 260 83
-0 260 83
-0 260 83
-0 260 83
-0 260 83
-0 260 83
-0 260 83
-0 260 83
-0 260 83
-0 260 83
-0 260 83
-692.37 150.34 83
-692.311 156.534 83
-692.197 162.718 83
-693.02 168.762 83
-692.797 174.935 83
-694.507 180.871 83
-694.176 187.039 83
-693.791 193.196 83
-694.348 199.253 83
-694.851 205.314 83
-694.305 211.45 83
-695.7 217.449 83
-695.046 223.574 83
-694.339 229.685 83
-695.576 235.71 83
-694.762 241.807 83
-694.894 247.871 83
-693.974 253.944 83
-694 260 83
-693.974 266.056 83
-693.894 272.112 83
-692.763 278.141 83
-692.578 284.185 83
-692.34 290.228 83
-691.052 296.217 83
-689.711 302.185 83
-689.317 308.202 83
-686.876 314.058 83
-687.374 320.138 83
-685.828 326.038 83
-685.226 332.02 83
-684.571 337.997 83
-682.872 343.846 83
-682.114 349.802 83
-680.314 355.612 83
-678.465 361.397 83
-675.579 367.001 83
-674.619 372.893 83
-674.593 378.949 83
-671.563 384.467 83
-670.451 390.323 83
-669.289 396.168 83
-667.097 401.796 83
-664.858 407.395 83
-663.546 413.192 83
-659.267 418.276 83
-657.86 424.023 83
-655.436 429.507 83
-653.932 435.221 83
-650.451 440.386 83
-649.813 446.331 83
-647.203 451.71 83
-644.549 457.059 83
-641.851 462.375 83
-639.11 467.66 83
-637.273 473.229 83
-633.497 478.131 83
-632.512 483.984 83
-629.594 489.154 83
-626.634 494.289 83
-622.698 499.032 83
-619.658 504.09 83
-617.504 509.488 83
-613.456 514.102 83
-610.295 519.055 83
-607.094 523.972 83
-603.854 528.853 83
-600.574 533.698 83
-597.257 538.506 83
-594.804 543.707 83
-590.508 548.01 83
-586.182 552.26 83
-583.609 557.364 83
-580.992 562.445 83
-576.565 566.565 83
-573.868 571.585 83
-570.252 576.096 83
-566.602 580.568 83
-563.782 585.5 83
-559.197 589.392 83
-553.73 592.715 83
-550.806 597.534 83
-546.143 601.268 83
-543.144 606.021 83
-526.685 602.033 83
-517.843 602.753 83
-513.174 606.14 83
-506.838 608.34 83
-500.502 610.455 83
-507.194 621.778 83
-516.153 635.007 83
-512.057 638.902 83
-507.932 642.754 83
-504.573 647.172 83
-498.811 649.714 83
-475.043 637.866 83
-455.407 628.782 83
-453.715 634.014 83
-459.627 645.673 83
-478.295 668.503 83
-473.203 671.349 83
-470.344 676.125 83
-465.209 678.876 83
-460.798 682.244 83
-456.365 685.567 83
-451.183 688.157 83
-445.991 690.688 83
-442.928 695.265 83
-437.699 697.699 83
-432.461 700.076 83
-428.604 703.833 83
-423.338 706.105 83
-419.429 709.783 83
-413.461 711.214 83
-409.508 714.805 83
-404.198 716.863 83
-399.54 719.618 83
-394.215 721.566 83
-388.886 723.457 83
-384.191 726.061 83
-380.109 729.396 83
-376.621 733.478 83
-370.628 734.383 83
-364.648 735.219 83
-360.487 738.383 83
-355.109 739.903 83
-350.32 742.174 83
-345.518 744.399 83
-340.704 746.576 83
-335.879 748.707 83
-330.483 749.961 83
-325.643 751.993 83
-321.882 755.654 83
-315.395 755.071 83
-310.533 756.956 83
-305.662 758.795 83
-300.782 760.586 83
-295.895 762.33 83
-291 764.027 83
-286.59 766.547 83
-280.705 766.405 83
-274.843 766.199 83
-269.946 767.695 83
-265.505 770.031 83
-260.137 770.547 83
-255.225 771.902 83
-250.31 773.211 83
-244.961 773.571 83
-240.47 775.689 83
-234.716 775.038 83
-229.806 776.153 83
-224.894 777.222 83
-219.591 777.324 83
-215.068 779.22 83
-209.78 779.223 83
-204.874 780.103 83
-199.611 780.004 83
-194.715 780.79 83
-189.821 781.529 83
-184.595 781.281 83
-179.714 781.926 83
-174.518 781.578 83
-169.959 783.081 83
-164.787 782.637 83
-159.635 782.142 83
-155.072 783.516 83
-149.947 782.926 83
-145.11 783.251 83
-140.28 783.532 83
-135.456 783.768 83
-130.638 783.96 83
-125.594 783.135 83
-120.799 783.237 83
-116.012 783.295 83
-111.025 782.331 83
-106.263 782.3 83
-101.51 782.226 83
-96.767 782.108 83
-91.8598 780.963 83
-86.98 779.773 83
-82.4409 780.512 83
-77.7477 780.222 83
-72.7875 777.91 83
-68.2652 778.526 83
-63.6158 778.109 83
-58.9788 777.651 83
-54.2502 776.157 83
-49.7439 776.611 83
-45.0595 775.033 83
-40.4064 773.412 83
-35.785 771.75 83
-31.3179 772.043 83
-26.7436 770.3 83
-22.2458 769.515 83
-17.7987 769.689 83
-13.2979 767.826 83
-8.84833 766.923 83
-4.40686 764.981 83
3.80509e-05 764 83
4.37203 760.981 83
8.76115 761.924 83
13.1147 760.828 83
17.4498 759.695 83
21.7661 758.525 83
26.0633 757.318 83
30.2801 755.075 83
34.5992 754.792 83
38.7588 752.477 83
42.9678 751.124 83
47.0603 748.74 83
51.3235 748.31 83
55.3564 745.857 83
59.2285 742.377 83
63.5663 742.834 83
67.499 740.28 83
71.6876 739.673 83
75.4014 736.066 83
79.718 736.376 83
83.6985 734.677 83
87.4731 731.962 83
91.5883 731.181 83
95.4973 729.384 83
99.3818 727.555 83
103.025 724.717 83
107.077 723.8 83
110.887 721.876 83
114.429 718.95 83
118.179 716.966 83
121.645 713.985 83
125.335 711.943 83
129.274 710.832 83
132.919 708.728 83
136.538 706.594 83
139.828 703.478 83
143.075 700.339 83
147.229 700.022 83
150.738 697.775 83
154.219 695.5 83
153.225 680.982 83
145.336 648.719 83
149.081 648.369 83
152.465 647.054 83
155.836 645.708 83
160.344 647.106 83
166.061 651.215 83
181.032 676.345 83
183.845 672.923 83
187.856 672.212 83
191.446 670.557 83
195.022 668.871 83
197.705 665.356 83
199.897 660.931 83
203.842 660.062 83
206.402 656.494 83
209.854 654.678 83
213.29 652.831 83
215.74 649.206 83
218.636 646.438 83
221 642.783 83
223.824 639.978 83
227.647 638.868 83
229.899 635.162 83
233.694 633.989 83
236.949 631.936 83
239.097 628.176 83
242.3 626.076 83
244.367 622.289 83
245.82 617.671 83
248.932 615.512 83
252.606 614.14 83
254.511 610.304 83
257.558 608.07 83
260.586 605.809 83
261.767 601.142 83
264.734 598.845 83
268.304 597.304 83
270.608 594.173 83
272.241 590.255 83
274.47 587.101 83
277.314 584.693 83
279.481 581.506 83
282.276 579.055 83
285.05 576.58 83
285.775 571.868 83
288.485 569.363 83
290.486 566.108 83
292.451 562.842 83
294.382 559.565 83
298.399 558.399 83
300.992 555.784 83
302.842 552.451 83
303.932 548.421 83
305.706 545.075 83
307.445 541.721 83
309.148 538.358 83
312.315 536.313 83
314.714 533.577 83
315.568 529.521 83
318.674 527.4 83
320.996 524.609 83
323.293 521.797 83
323.217 517.099 83
324.66 513.653 83
328.448 512.027 83
329.836 508.55 83
331.993 505.662 83
331.697 500.992 83
333.787 498.088 83
336.671 495.74 83
338.716 492.793 83
339.076 488.71 83
341.059 485.742 83
343.855 483.302 83
346.634 480.83 83
347.7 477.267 83
349.582 474.224 83
350.581 470.651 83
352.406 467.583 83
352.472 463.5 83
355.975 461.401 83
355.97 457.318 83
358.557 454.681 83
361.126 452.014 83
361.013 447.932 83
362.64 444.774 83
363.343 441.156 83
364.012 437.54 83
367.352 435.218 83
367.055 431.16 83
368.534 427.951 83
369.072 424.322 83
369.575 420.696 83
370.963 417.465 83
372.323 414.221 83
373.655 410.966 83
374.958 407.7 83
378.1 405.139 83
378.416 401.484 83
379.636 398.176 83
380.827 394.858 83
380.098 390.878 83
380.278 387.239 83
383.276 384.534 83
382.44 380.583 83
385.391 377.826 83
384.487 373.89 83
384.505 370.255 83
387.379 367.43 83
389.268 364.304 83
388.227 360.402 83
389.089 357.011 83
389.92 353.612 83
389.748 349.98 83
390.518 346.576 83
393.215 343.58 83
391.97 339.747 83
394.614 336.705 83
394.285 333.076 83
393.923 329.459 83
396.487 326.349 83
396.063 322.73 83
395.606 319.124 83
397.097 315.808 83
397.569 312.341 83
399.996 309.113 83
399.416 305.508 83
397.809 301.811 83
398.158 298.338 83
401.466 295.124 83
399.764 291.462 83
398.028 287.833 83
400.252 284.48 83
402.448 281.091 83
398.62 277.404 83
400.756 273.995 83
401.862 270.523 83
401.939 267.016 83
399.985 263.491 83
402 260 83
401.985 256.492 83
403.938 252.949 83
402.862 249.451 83
402.755 245.936 83
401.617 242.465 83
401.449 238.961 83
401.25 235.458 83
401.021 231.958 83
401.758 228.381 83
402.463 224.789 83
404.131 221.087 83
400.792 217.875 83
400.409 214.379 83
402.974 210.521 83
400.544 207.267 83
399.078 203.913 83
399.562 200.285 83
401.001 196.488 83
400.432 192.991 83
400.817 189.325 83
399.201 186.012 83
397.559 182.722 83
397.849 179.057 83
397.128 175.588 83
396.376 172.126 83
0 260 83
0 260 83
0 260 83
0 260 83
0 260 83
0 260 83
0 260 83
0 260 83
72.6792 237.78 83
72.4825 237.146 83
74.1824 235.897 83
0 260 83
0 260 83
38.6483 246.314 83
38.5274 245.977 83
36.5302 246.342 83
36.4096 246.024 83
35.3559 246.073 83
35.233 245.765 83
35.1074 245.458 83
33.1382 245.934 83
33.0142 245.645 83
33.8012 244.951 83
31.8486 245.486 83
33.5334 244.363 83
33.3957 244.071 83
33.2554 243.78 83
32.2176 243.937 83
31.1852 244.11 83
31.0454 243.839 83
30.0202 244.038 83
29.001 244.254 83
29.7371 243.516 83
28.7217 243.75 83
28.5788 243.5 83
29.2954 242.744 83
28.2865 243.004 83
29.8424 241.713 83
27.9856 242.513 83
27.8319 242.269 83
28.5148 241.482 83
28.3521 241.234 83
27.3582 241.547 83
26.372 241.875 83
26.2129 241.646 83
26.0517 241.418 83
25.0795 241.779 83
24.1157 242.155 83
23.9591 241.946 83
36.4943 231.997 83
40.9766 227.986 83
32.0869 234.477 83
25.6458 239.232 83
26.2352 238.373 83
23.7474 240.074 83
0 260 83
0 260 83
0 260 83
0 260 83
0 260 83
0 260 83
0 260 83
0 260 83
0 260 83
0 260 83
0 260 83
