-0 260 231
-0 260 231
-0 260 231
-0 260 231
-0 260 231
-0 260 231
-0 260 231
-0 260 231
-15.8489 246.223 231
-23.5726 239.867 231
-26.8116 237.502 231
-24.692 239.646 231
-33.4173 232.939 231
-43.0435 225.762 231
-40.9766 227.986 231
-27.7674 238.693 231
-26.355 240.14 231
-27.3311 239.776 231
-27.5066 240.015 231
-26.8658 240.837 231
-26.2129 241.646 231
-25.5479 242.441 231
-26.5292 242.106 231
-26.6843 242.338 231
-27.6761 242.027 231
-26.9885 242.806 231
-27.1375 243.043 231
-27.2845 243.28 231
-28.2865 243.004 231
-28.4338 243.251 231
-28.5788 243.5 231
-27.8514 244.242 231
-28.8625 244.001 231
-29.001 244.254 231
-30.9032 243.569 231
-30.1584 244.301 231
-30.2942 244.564 231
-31.3227 244.383 231
-31.4578 244.657 231
-30.6879 245.363 231
-31.7208 245.208 231
-31.8486 245.486 231
-32.8876 245.357 231
-33.9312 245.246 231
-34.0587 245.543 231
-35.1074 245.458 231
-35.233 245.765 231
-36.2863 245.706 231
-35.4761 246.382 231
-37.4669 245.992 231
-39.4671 245.635 231
-0 260 231
-0 260 231
-0 260 231
-70.3782 237.133 231
-71.5288 237.447 231
-0 260 231
-71.9115 238.699 231
-0 260 231
-0 260 231
-0 260 231
-0 260 231
-0 260 231
-0 260 231
-0 260 231
-0 260 231
-0 260 231
-0 260 231
-0 260 231
-0 260 231
-0 260 231
-0 260 231
-712.123 147.211 231
-711.102 153.725 231
-712.993 159.795 231
-712.849 166.152 231
-712.648 172.498 231
-714.378 178.607 231
-714.067 184.949 231
-713.699 191.279 231
-715.268 197.422 231
-714.79 203.745 231
-714.256 210.054 231
-715.663 216.228 231
-715.019 222.528 231
-715.319 228.769 231
-716.563 234.977 231
-715.755 241.257 231
-715.891 247.504 231
-715.973 253.752 231
-715 260 231
-713.973 266.231 231
-713.891 272.461 231
-712.756 278.664 231
-712.566 284.883 231
-712.321 291.101 231
-711.024 297.263 231
-711.67 303.528 231
-711.263 309.736 231
-708.808 315.785 231
-708.294 321.968 231
-706.731 328.051 231
-706.111 334.215 231
-706.43 340.488 231
-704.708 346.527 231
-701.943 352.413 231
-701.11 358.535 231
-700.223 364.649 231
-698.296 370.599 231
-696.318 376.524 231
-696.259 382.769 231
-693.195 388.476 231
-692.047 394.52 231
-689.867 400.355 231
-688.616 406.37 231
-686.336 412.157 231
-685.957 418.366 231
-682.604 423.879 231
-679.207 429.345 231
-677.703 435.266 231
-675.182 440.915 231
-673.578 446.8 231
-670.961 452.395 231
-668.297 457.959 231
-665.588 463.491 231
-663.787 469.291 231
-658.131 473.84 231
-657.188 479.892 231
-655.244 485.619 231
-651.365 490.661 231
-649.328 496.336 231
-646.304 501.643 231
-643.237 506.916 231
-640.127 512.153 231
-636.975 517.355 231
-632.857 522.138 231
-630.546 527.651 231
-627.269 532.744 231
-623.038 537.394 231
-620.594 542.821 231
-617.196 547.803 231
-612.855 552.317 231
-609.382 557.216 231
-606.765 562.522 231
-602.32 566.898 231
-599.619 572.142 231
-595.99 576.893 231
-591.444 581.128 231
-588.619 586.277 231
-584.879 590.909 231
-580.237 595 231
-576.43 599.543 231
-573.445 604.561 231
-569.564 609.029 231
-564.8 612.926 231
-560.012 616.767 231
-556.039 621.096 231
-552.866 625.934 231
-547.994 629.627 231
-543.923 633.828 231
-539.821 637.987 231
-534.874 641.522 231
-529.906 644.999 231
-526.526 649.609 231
-522.308 653.587 231
-516.473 656.304 231
-512.995 660.796 231
-509.478 665.257 231
-503.591 667.8 231
-499.241 671.543 231
-494.865 675.241 231
-489.701 678.245 231
-485.278 681.846 231
-480.83 685.402 231
-475.613 688.244 231
-471.12 691.702 231
-465.872 694.433 231
-460.613 697.105 231
-455.342 699.719 231
-451.487 703.676 231
-445.477 705.477 231
-441.573 709.348 231
-436.245 711.745 231
-430.91 714.084 231
-426.931 717.827 231
-422.244 720.798 231
-416.199 722.236 231
-410.824 724.353 231
-406.757 727.92 231
-402.008 730.691 231
-397.243 733.416 231
-391.188 734.549 231
-386.403 737.168 231
-381.601 739.739 231
-376.169 741.475 231
-370.127 742.359 231
-365.302 744.772 231
-361.057 747.941 231
-355.022 748.646 231
-350.164 750.912 231
-345.293 753.13 231
-340.41 755.3 231
-334.956 756.594 231
-328.954 756.996 231
-324.06 759.009 231
-318.619 760.131 231
-314.242 762.893 231
-308.274 763.058 231
-302.842 764.014 231
-298.433 766.638 231
-283.5 751.036 231
-270.833 738.696 231
-263.736 735.793 231
-259.574 738.077 231
-259.148 747.387 231
-265.505 770.031 231
-261.498 773.22 231
-256.117 773.692 231
-251.625 775.908 231
-246.252 776.279 231
-240.47 775.689 231
-235.546 776.858 231
-229.806 776.153 231
-224.894 777.222 231
-220.372 779.165 231
-214.685 778.296 231
-209.78 779.223 231
-204.874 780.103 231
-199.253 779.071 231
-194.365 779.853 231
-188.795 778.71 231
-184.261 780.338 231
-179.062 780.035 231
-174.2 780.63 231
-168.723 779.277 231
-163.885 779.776 231
-159.05 780.23 231
-153.936 779.68 231
-149.12 780.043 231
-144.041 779.397 231
-139.245 779.668 231
-134.454 779.895 231
-129.428 779.108 231
-124.66 779.246 231
-119.899 779.339 231
-114.713 777.437 231
-109.985 777.44 231
-105.266 777.4 231
-100.365 776.336 231
-95.6736 776.209 231
-90.9916 776.039 231
-86.1548 774.841 231
-81.6587 775.573 231
-76.713 773.299 231
-72.2308 773.949 231
-67.482 772.577 231
-62.7627 771.161 231
-58.1864 770.696 231
-53.5185 769.195 231
-48.9771 768.647 231
-44.4494 768.059 231
-39.8572 766.434 231
-35.2967 764.767 231
-30.8295 764.058 231
-26.3773 763.309 231
-21.8969 761.522 231
-17.5195 761.694 231
-13.1146 760.828 231
-8.69126 757.924 231
-4.33705 756.981 231
3.73715e-05 755 231
4.31967 754.981 231
8.60407 752.925 231
12.8529 750.832 231
17.1357 750.701 231
21.3299 748.535 231
25.54 747.331 231
29.7307 746.092 231
33.6924 741.823 231
37.8173 740.514 231
42.0091 740.166 231
46.1018 738.786 231
50.1737 737.371 231
54.1112 734.927 231
58.1317 733.445 231
62.261 732.919 231
66.1073 730.377 231
69.9139 727.804 231
73.8371 726.189 231
77.2423 721.582 231
81.2674 720.89 231
85.2863 720.163 231
89.1078 718.42 231
92.7061 715.665 231
96.679 714.839 231
99.7787 710.072 231
103.927 710.159 231
107.618 708.263 231
111.042 705.366 231
114.424 702.443 231
117.763 699.496 231
121.861 699.415 231
124.864 695.452 231
128.659 694.345 231
131.567 690.337 231
135.618 690.126 231
138.749 687.024 231
142.153 684.849 231
145.855 683.592 231
149.212 681.361 231
152.199 678.163 231
155.492 675.882 231
158.757 673.576 231
162.36 672.175 231
165.202 668.888 231
167.998 665.583 231
170.359 661.34 231
174.652 661.672 231
177.337 658.306 231
179.562 654.013 231
183.416 653.338 231
185.981 649.917 231
189.376 648.279 231
192.311 645.717 231
194.308 641.351 231
198.552 641.415 231
200.464 637.019 231
203.747 635.255 231
206.529 632.588 231
209.28 629.901 231
211 625.463 231
214.689 624.469 231
217.861 622.582 231
219.449 618.109 231
222.036 615.332 231
225.666 614.224 231
227.114 609.726 231
230.158 607.73 231
232.624 604.88 231
235.625 602.836 231
238.608 600.767 231
240.992 597.858 231
243.343 594.933 231
245.662 591.993 231
247.346 588.239 231
250.201 586.068 231
251.806 582.296 231
255.231 580.869 231
256.763 577.076 231
258.884 574.051 231
260.972 571.014 231
263.676 568.725 231
265.704 565.657 231
268.361 563.327 231
268.991 558.744 231
271.587 556.385 231
273.481 553.273 231
276.03 550.875 231
277.863 547.736 231
279.663 544.587 231
282.136 542.136 231
283.874 538.962 231
285.578 535.779 231
286.523 531.9 231
288.885 529.389 231
291.225 526.858 231
293.542 524.307 231
295.089 521.072 231
295.091 516.519 231
298.079 514.584 231
300.289 511.973 231
301.705 508.707 231
303.864 506.064 231
304.435 502.158 231
306.536 499.492 231
309.408 497.417 231
309.871 493.504 231
311.093 490.196 231
312.281 486.885 231
314.249 484.151 231
316.193 481.4 231
318.937 479.199 231
320.838 476.408 231
321.88 473.048 231
322.888 469.686 231
323.862 466.323 231
325.65 463.489 231
326.561 460.117 231
329.152 457.775 231
328.281 453.372 231
331.688 451.5 231
332.476 448.106 231
334.979 445.682 231
333.951 441.32 231
335.52 438.399 231
337.064 435.464 231
339.473 432.97 231
339.18 429.109 231
341.542 426.581 231
342.982 423.594 231
344.397 420.595 231
344.875 417.169 231
345.32 413.746 231
346.649 410.727 231
347.03 407.306 231
348.303 404.272 231
350.475 401.601 231
350.767 398.171 231
350.093 394.388 231
353.125 392.028 231
353.324 388.6 231
353.491 385.178 231
354.569 382.088 231
354.673 378.672 231
357.597 376.19 231
357.644 372.765 231
358.614 369.639 231
359.557 366.506 231
359.512 363.088 231
360.398 359.947 231
361.256 356.798 231
362.087 353.642 231
362.891 350.479 231
362.694 347.075 231
364.414 344.132 231
366.111 341.165 231
364.849 337.551 231
364.532 334.165 231
367.129 331.363 231
365.771 327.792 231
367.333 324.771 231
367.885 321.563 231
368.408 318.35 231
367.914 314.985 231
369.37 311.912 231
367.826 308.425 231
369.227 305.335 231
369.609 302.112 231
368.968 298.78 231
370.287 295.655 231
371.581 292.509 231
372.847 289.344 231
372.091 286.019 231
372.304 282.771 231
372.489 279.521 231
372.645 276.27 231
370.774 272.948 231
371.873 269.738 231
372.943 266.51 231
373.986 263.264 231
375 260 231
372.986 256.745 231
373.943 253.473 231
374.871 250.184 231
371.773 247.017 231
374.643 243.643 231
374.486 240.374 231
372.304 237.229 231
374.087 233.841 231
371.85 230.735 231
372.577 227.404 231
373.274 224.058 231
371.951 220.906 231
371.596 217.662 231
372.205 214.299 231
372.783 210.922 231
372.341 207.671 231
371.87 204.424 231
370.383 201.337 231
370.843 197.942 231
370.288 194.708 231
369.704 191.479 231
368.11 188.447 231
369.432 184.838 231
367.783 181.825 231
367.087 178.619 231
0 260 231
0 260 231
0 260 231
0 260 231
0 260 231
0 260 231
0 260 231
0 260 231
71.7229 238.072 231
69.6213 238.048 231
0 260 231
0 260 231
0 260 231
38.6483 246.314 231
37.5877 246.319 231
36.5302 246.342 231
37.3432 245.665 231
36.2863 245.706 231
36.1602 245.39 231
35.1074 245.458 231
34.9792 245.152 231
33.9312 245.246 231
33.8012 244.951 231
32.7586 245.071 231
34.4397 243.941 231
33.3957 244.071 231
33.2554 243.78 231
33.1126 243.491 231
32.0762 243.656 231
31.0454 243.839 231
30.9032 243.568 231
29.8798 243.777 231
29.7371 243.516 231
29.5921 243.258 231
28.5788 243.5 231
28.4338 243.251 231
29.1437 242.489 231
28.9898 242.235 231
28.8336 241.983 231
28.6753 241.732 231
28.5148 241.482 231
28.3521 241.234 231
27.3582 241.547 231
27.1962 241.309 231
26.2129 241.646 231
26.8658 240.837 231
25.8885 241.191 231
24.9196 241.56 231
23.9591 241.946 231
35.7009 232.606 231
40.9766 227.986 231
33.6522 233.232 231
27.2001 237.974 231
27.0069 237.737 231
22.9813 240.716 231
0 260 231
0 260 231
0 260 231
0 260 231
0 260 231
0 260 231
0 260 231
0 260 231
0 260 231
0 260 231
0 260 231
