-0 260 249
-0 260 249
-0 260 249
-0 260 249
-0 260 249
-0 260 249
-0 260 249
-0 260 249
-15.8489 246.223 249
-21.2914 241.815 249
-26.8116 237.502 249
-26.2352 238.373 249
-34.1944 232.31 249
-43.0435 225.762 249
-39.4005 229.217 249
-27.7674 238.693 249
-25.5563 240.742 249
-26.5273 240.371 249
-26.6976 240.603 249
-26.0517 241.418 249
-26.2129 241.646 249
-26.372 241.875 249
-26.5292 242.106 249
-27.5182 241.786 249
-26.8375 242.572 249
-26.1451 243.344 249
-26.2895 243.573 249
-27.2845 243.28 249
-27.4294 243.519 249
-26.7105 244.266 249
-28.5788 243.5 249
-26.981 244.735 249
-27.1132 244.971 249
-28.1222 244.731 249
-30.0202 244.038 249
-30.1584 244.301 249
-30.2942 244.564 249
-30.4278 244.829 249
-29.6602 245.534 249
-30.6879 245.363 249
-30.8145 245.631 249
-32.7586 245.071 249
-33.8012 244.951 249
-33.0142 245.645 249
-33.1382 245.934 249
-34.1835 245.841 249
-35.233 245.765 249
-36.2863 245.706 249
-36.4096 246.024 249
-37.4669 245.992 249
-39.4671 245.635 249
-42.4189 244.979 249
-0 260 249
-0 260 249
-73.2314 236.206 249
-72.4825 237.146 249
-0 260 249
-71.9115 238.699 249
-0 260 249
-0 260 249
-0 260 249
-0 260 249
-0 260 249
-0 260 249
-0 260 249
-0 260 249
-0 260 249
-0 260 249
-0 260 249
-0 260 249
-0 260 249
-0 260 249
-683.48 151.747 249
-683.41 157.864 249
-685.266 163.692 249
-685.088 169.807 249
-685.849 175.788 249
-686.558 181.777 249
-687.215 187.771 249
-685.828 193.962 249
-686.378 199.95 249
-687.873 205.863 249
-688.319 211.868 249
-688.713 217.877 249
-689.054 223.888 249
-688.344 229.946 249
-688.58 235.954 249
-688.764 241.964 249
-688.895 247.975 249
-687.974 253.996 249
-688 260 249
-688.974 266.013 249
-686.895 271.99 249
-687.764 278.01 249
-687.581 284.011 249
-687.345 290.01 249
-686.058 295.955 249
-685.719 301.94 249
-685.326 307.923 249
-684.882 313.901 249
-682.393 319.702 249
-682.842 325.75 249
-681.247 331.602 249
-680.597 337.544 249
-678.902 343.359 249
-678.148 349.28 249
-677.343 355.194 249
-675.498 360.954 249
-674.591 366.845 249
-672.647 372.563 249
-671.639 378.428 249
-670.58 384.285 249
-668.488 389.941 249
-667.329 395.77 249
-664.162 401.172 249
-662.905 406.963 249
-660.623 412.517 249
-660.239 418.509 249
-656.89 423.781 249
-655.436 429.507 249
-652.966 434.962 249
-650.451 440.386 249
-648.852 446.055 249
-646.244 451.426 249
-645.506 457.351 249
-641.851 462.375 249
-640.061 467.969 249
-637.273 473.229 249
-633.497 478.131 249
-632.512 483.984 249
-628.654 488.812 249
-626.634 494.289 249
-622.698 499.032 249
-620.588 504.456 249
-617.504 509.488 249
-615.304 514.867 249
-611.215 519.446 249
-608.011 524.371 249
-605.681 529.666 249
-601.484 534.112 249
-599.069 539.351 249
-595.706 544.137 249
-592.305 548.887 249
-590.657 554.491 249
-585.391 558.272 249
-583.653 563.831 249
-580.097 568.443 249
-576.504 573.016 249
-572.876 577.55 249
-569.213 582.045 249
-564.649 586 249
-561.782 590.915 249
-558.873 595.805 249
-553.363 599.102 249
-551.231 604.448 249
-547.361 608.708 249
-543.458 612.926 249
-539.524 617.103 249
-535.558 621.239 249
-529.913 624.199 249
-527.534 629.383 249
-522.662 632.811 249
-519.389 637.358 249
-515.272 641.281 249
-511.127 645.162 249
-506.953 648.999 249
-501.175 651.561 249
-497.739 655.919 249
-494.265 660.248 249
-489.21 663.274 249
-484.906 666.885 249
-480.577 670.451 249
-476.222 673.973 249
-472.591 678.113 249
-467.438 680.883 249
-461.536 682.92 249
-457.827 686.931 249
-452.634 689.533 249
-450.307 694.856 249
-444.355 696.667 249
-439.82 699.82 249
-435.265 702.929 249
-430.688 705.991 249
-424.715 707.556 249
-420.111 710.514 249
-415.488 713.426 249
-411.515 717.034 249
-406.186 719.11 249
-400.852 721.128 249
-395.514 723.087 249
-392.1 727.287 249
-387.372 729.919 249
-381.368 730.95 249
-375.999 732.695 249
-372.475 736.747 249
-366.474 737.599 249
-361.691 739.98 249
-356.894 742.314 249
-352.671 745.41 249
-347.26 746.841 249
-341.852 748.215 249
-337.012 750.355 249
-331.601 751.619 249
-326.747 753.66 249
-321.882 755.654 249
-317.007 757.601 249
-311.592 758.652 249
-307.229 761.352 249
-301.297 761.443 249
-295.895 762.33 249
-291 764.027 249
-285.606 764.806 249
-281.19 767.279 249
-275.798 767.956 249
-270.885 769.461 249
-262.735 764.709 249
-248.333 747.381 249
-240.054 741.475 249
-235.844 743.551 249
-229.893 741.981 249
-234.976 763.907 249
-235.131 775.948 249
-229.806 776.153 249
-224.894 777.222 249
-220.372 779.165 249
-215.068 779.22 249
-210.154 780.15 249
-204.874 780.103 249
-200.328 781.871 249
-195.065 781.726 249
-189.479 780.59 249
-184.595 781.281 249
-179.714 781.926 249
-174.835 782.526 249
-169.959 783.081 249
-164.787 782.637 249
-159.927 783.099 249
-154.788 782.557 249
-149.947 782.926 249
-145.11 783.251 249
-140.021 782.566 249
-135.205 782.8 249
-130.396 782.989 249
-125.594 783.135 249
-120.574 782.262 249
-115.579 781.342 249
-111.025 782.331 249
-106.064 781.32 249
-101.32 781.244 249
-96.4025 780.142 249
-91.8598 780.963 249
-87.1451 780.759 249
-82.2845 779.524 249
-77.5999 779.233 249
-72.9267 778.9 249
-68.3957 779.517 249
-63.6158 778.109 249
-58.8656 776.657 249
-54.1457 775.162 249
-49.6481 775.615 249
-44.9723 774.036 249
-40.3279 772.416 249
-35.8548 772.748 249
-31.2568 771.045 249
-26.6913 769.301 249
-22.2458 769.515 249
-17.7289 767.691 249
-13.2717 766.826 249
-8.83088 765.923 249
-4.41559 765.981 249
3.81264e-05 765 249
4.38076 761.981 249
8.76115 761.924 249
13.0362 757.829 249
17.4498 759.695 249
21.6353 755.528 249
26.011 756.319 249
30.2801 755.075 249
34.5992 754.792 249
38.7588 752.477 249
42.8807 750.128 249
47.1561 749.735 249
51.219 747.316 249
55.3564 745.857 249
59.4723 744.363 249
63.5663 742.834 249
67.6382 741.27 249
71.6876 739.673 249
75.7143 738.041 249
79.718 736.376 249
83.6985 734.677 249
87.6553 732.946 249
91.3975 730.199 249
95.4973 729.384 249
99.1739 726.576 249
103.242 725.693 249
107.077 723.8 249
110.42 719.931 249
114.671 719.92 249
118.179 716.966 249
121.904 714.951 249
125.869 713.87 249
129.274 710.832 249
132.919 708.728 249
136.538 706.594 249
140.129 704.432 249
143.693 702.241 249
147.229 700.022 249
150.087 695.884 249
153.217 692.672 249
157.671 693.198 249
161.095 690.869 249
164.491 688.513 249
167.125 684.27 249
170.821 682.796 249
174.504 681.289 249
177.783 678.83 249
180.235 674.511 249
184.658 674.75 249
187.441 671.302 249
191.023 669.651 249
193.3 665.261 249
197.267 664.457 249
200.343 661.826 249
202.934 658.28 249
205.478 654.72 249
208.445 652.029 249
212.336 651.074 249
214.771 647.457 249
218.144 645.568 249
221 642.783 249
222.809 638.255 249
226.102 636.296 249
228.854 633.456 249
233.164 633.141 249
234.263 627.719 249
238.007 626.499 249
241.196 624.408 249
243.808 621.46 249
246.387 618.495 249
248.932 615.512 249
250.864 611.698 249
253.923 609.495 249
255.774 605.658 249
259.382 604.212 249
261.159 600.349 249
264.119 598.057 249
267.681 596.521 249
269.978 593.396 249
271.605 589.484 249
273.828 586.335 249
276.015 583.173 249
278.169 579.997 249
280.951 577.557 249
283.042 574.35 249
285.775 571.868 249
287.121 567.9 249
289.797 565.383 249
293.146 563.561 249
295.083 560.278 249
295.571 555.571 249
298.852 553.681 249
301.403 551.062 249
303.206 547.732 249
305.706 545.075 249
307.445 541.721 249
308.405 537.689 249
309.319 533.662 249
312.45 531.608 249
314.048 528.222 249
317.142 526.114 249
317.909 522.064 249
320.961 519.909 249
323.217 517.099 249
323.872 513.037 249
325.275 509.592 249
328.239 507.346 249
327.974 502.688 249
331.697 500.992 249
332.159 496.927 249
335.852 495.166 249
337.892 492.227 249
337.418 487.592 249
339.392 484.638 249
341.339 481.668 249
342.417 478.144 249
343.459 474.617 249
346.172 472.134 249
349.724 470.136 249
350.683 466.568 249
350.74 462.5 249
352.494 459.432 249
353.346 455.863 249
354.163 452.295 249
357.594 450.136 249
356.578 445.623 249
359.967 443.412 249
360.659 439.818 249
363.113 437.102 249
363.742 433.496 249
364.336 429.893 249
365.804 426.707 249
366.332 423.101 249
368.658 420.297 249
370.043 417.074 249
369.552 413.073 249
371.801 410.217 249
372.167 406.6 249
373.432 403.347 249
374.669 400.083 249
374.937 396.466 249
377.057 393.523 249
378.207 390.227 249
379.329 386.922 249
380.423 383.607 249
380.533 379.982 249
381.566 376.656 249
381.61 373.038 249
381.621 369.428 249
382.561 366.094 249
384.438 363.01 249
387.259 360.152 249
387.148 356.527 249
386.031 352.678 249
386.825 349.306 249
388.566 346.143 249
388.325 342.541 249
390.01 339.348 249
389.706 335.751 249
392.319 332.712 249
391.953 329.112 249
391.555 325.524 249
391.125 321.948 249
392.639 318.68 249
393.136 315.252 249
395.587 312.08 249
393.048 308.26 249
395.442 305.055 249
395.82 301.602 249
395.172 298.051 249
395.489 294.601 249
395.776 291.148 249
396.033 287.693 249
395.261 284.175 249
398.453 280.882 249
396.622 277.317 249
397.758 273.89 249
398.863 270.445 249
397.939 266.946 249
397.985 263.473 249
398 260 249
398.985 256.518 249
397.939 253.054 249
397.864 249.582 249
398.757 246.075 249
399.619 242.552 249
396.456 239.223 249
398.256 235.642 249
399.026 232.097 249
399.764 228.538 249
398.478 225.138 249
398.158 221.662 249
398.803 218.084 249
397.429 214.719 249
396.026 211.374 249
397.569 207.659 249
399.078 203.913 249
395.606 200.876 249
395.075 197.426 249
396.487 193.651 249
394.908 190.367 249
396.252 186.559 249
395.596 183.104 249
394.91 179.655 249
393.215 176.42 249
392.471 172.991 249
0 260 249
0 260 249
0 260 249
0 260 249
0 260 249
0 260 249
0 260 249
0 260 249
71.7229 238.072 249
71.5288 237.447 249
0 260 249
0 260 249
0 260 249
39.5909 245.98 249
38.5274 245.977 249
36.5302 246.342 249
35.4761 246.382 249
36.2863 245.706 249
35.233 245.765 249
35.1074 245.458 249
33.1382 245.934 249
33.0142 245.645 249
32.8876 245.357 249
32.7586 245.071 249
32.6271 244.786 249
33.3957 244.071 249
33.2554 243.78 249
33.1126 243.491 249
32.0762 243.656 249
30.1584 244.301 249
30.0202 244.038 249
29.001 244.254 249
28.8625 244.001 249
28.7217 243.75 249
29.4449 243 249
28.4338 243.251 249
29.1437 242.489 249
28.1371 242.758 249
28.8336 241.983 249
27.8319 242.269 249
28.5148 241.482 249
26.6843 242.338 249
26.5292 242.106 249
26.372 241.875 249
26.2129 241.646 249
26.0517 241.418 249
24.2705 242.366 249
23.3118 242.75 249
23.9591 241.946 249
35.7009 232.606 249
40.1885 228.601 249
33.6522 233.232 249
26.423 238.603 249
26.2352 238.373 249
22.9813 240.716 249
0 260 249
0 260 249
0 260 249
0 260 249
0 260 249
0 260 249
0 260 249
0 260 249
0 260 249
0 260 249
0 260 249
