-0 260 255
-0 260 255
-0 260 255
-0 260 255
-0 260 255
-0 260 255
-0 260 255
-0 260 255
-15.8489 246.223 255
-23.5726 239.867 255
-26.0455 238.145 255
-27.0069 237.737 255
-34.1944 232.31 255
-42.2608 226.384 255
-41.7646 227.37 255
-27.7674 238.693 255
-25.5563 240.742 255
-26.5273 240.371 255
-26.6976 240.603 255
-26.0517 241.418 255
-25.3937 242.219 255
-25.5479 242.441 255
-27.3582 241.547 255
-27.5182 241.786 255
-26.8375 242.572 255
-26.9885 242.806 255
-27.1375 243.043 255
-28.1371 242.758 255
-27.4294 243.519 255
-27.5721 243.759 255
-27.7128 244 255
-27.8514 244.242 255
-27.1132 244.971 255
-28.1222 244.731 255
-30.9032 243.569 255
-29.2714 244.762 255
-30.2942 244.564 255
-30.4278 244.829 255
-30.559 245.095 255
-31.5905 244.932 255
-31.7208 245.208 255
-31.8486 245.486 255
-32.8876 245.357 255
-33.9312 245.246 255
-34.0587 245.543 255
-34.1835 245.841 255
-35.233 245.765 255
-34.4255 246.439 255
-37.3432 245.665 255
-38.4036 245.642 255
-39.4671 245.635 255
-0 260 255
-0 260 255
-0 260 255
-72.2803 236.515 255
-71.5288 237.447 255
-0 260 255
-0 260 255
-0 260 255
-0 260 255
-0 260 255
-0 260 255
-0 260 255
-0 260 255
-0 260 255
-0 260 255
-0 260 255
-0 260 255
-0 260 255
-0 260 255
-0 260 255
-0 260 255
-670.64 153.781 255
-671.542 159.638 255
-670.411 165.78 255
-672.2 171.503 255
-672.946 177.373 255
-673.642 183.248 255
-673.291 189.234 255
-674.879 195.017 255
-675.42 200.909 255
-675.91 206.805 255
-675.351 212.775 255
-675.737 218.67 255
-677.071 224.516 255
-676.356 230.47 255
-675.588 236.408 255
-677.768 242.252 255
-676.897 248.185 255
-675.974 254.101 255
-677 260 255
-675.974 265.899 255
-675.897 271.798 255
-674.769 277.67 255
-675.588 283.592 255
-675.357 289.487 255
-674.075 295.327 255
-674.739 301.269 255
-672.358 307.016 255
-672.919 312.96 255
-671.435 318.743 255
-669.902 324.504 255
-670.308 330.452 255
-668.674 336.186 255
-668.976 342.14 255
-667.242 347.844 255
-665.46 353.524 255
-664.619 359.328 255
-663.727 365.124 255
-662.784 370.912 255
-660.806 376.518 255
-660.747 382.462 255
-658.672 388.033 255
-657.529 393.776 255
-656.337 399.509 255
-654.118 405.015 255
-651.854 410.492 255
-650.515 416.175 255
-648.158 421.604 255
-647.691 427.504 255
-644.273 432.632 255
-642.741 438.248 255
-641.162 443.85 255
-639.533 449.438 255
-636.899 454.72 255
-634.222 459.969 255
-631.501 465.187 255
-627.79 470.056 255
-625.933 475.526 255
-624.971 481.314 255
-622.076 486.417 255
-620.077 491.837 255
-617.097 496.881 255
-615.006 502.257 255
-611.014 506.866 255
-607.913 511.806 255
-605.692 517.101 255
-602.508 521.978 255
-600.199 527.226 255
-596.935 532.039 255
-591.819 535.97 255
-590.291 541.554 255
-587.811 546.695 255
-584.392 551.367 255
-580.936 556.002 255
-576.557 560.137 255
-573.916 565.157 255
-571.231 570.153 255
-568.503 575.126 255
-564.861 579.583 255
-559.452 583 255
-556.612 587.87 255
-553.73 592.715 255
-549.1 596.489 255
-544.447 600.208 255
-542.301 605.484 255
-538.426 609.658 255
-534.521 613.792 255
-530.584 617.884 255
-524.968 620.801 255
-523.438 626.515 255
-516.963 628.746 255
-514.535 633.831 255
-508.841 636.523 255
-505.536 640.949 255
-501.399 644.737 255
-498.811 649.714 255
-493.826 652.807 255
-488.825 655.843 255
-483.809 658.821 255
-480.31 663.028 255
-475.254 665.905 255
-471.693 670.037 255
-466.599 672.812 255
-462.236 676.199 255
-458.586 680.217 255
-453.439 682.839 255
-449.732 686.78 255
-444.552 689.299 255
-440.075 692.461 255
-435.578 695.578 255
-431.059 698.649 255
-425.131 700.236 255
-421.273 703.929 255
-417.383 707.589 255
-411.434 709.002 255
-406.162 711.089 255
-401.548 713.867 255
-396.916 716.599 255
-392.267 719.285 255
-388.244 722.691 255
-382.919 724.518 255
-378.222 727.065 255
-374.131 730.348 255
-368.166 731.23 255
-364.648 735.219 255
-358.682 735.987 255
-353.92 738.295 255
-349.144 740.556 255
-343.195 741.142 255
-339.557 744.938 255
-334.746 747.059 255
-329.365 748.303 255
-325.091 751.159 255
-319.158 751.461 255
-313.783 752.541 255
-309.473 755.26 255
-304.617 757.089 255
-298.722 757.157 255
-294.372 759.745 255
-289.5 761.429 255
-284.128 762.195 255
-279.735 764.656 255
-274.366 765.32 255
-269.007 765.929 255
-264.12 767.37 255
-258.775 767.874 255
-242.732 746.844 255
-233.213 738.158 255
-228.601 739.273 255
-223.988 740.343 255
-223.52 750.469 255
-228.179 772.499 255
-223.698 774.471 255
-218.809 775.483 255
-213.537 775.525 255
-208.656 776.441 255
-203.775 777.312 255
-198.894 778.137 255
-194.015 778.916 255
-189.137 779.65 255
-183.928 779.395 255
-178.737 779.09 255
-173.883 779.681 255
-169.032 780.228 255
-163.885 779.776 255
-159.343 781.186 255
-154.22 780.639 255
-149.12 780.043 255
-144.309 780.36 255
-139.503 780.634 255
-134.454 779.895 255
-129.912 781.049 255
-124.893 780.218 255
-120.124 780.314 255
-115.362 780.366 255
-110.401 779.396 255
-105.665 779.36 255
-100.938 779.281 255
-96.2203 779.159 255
-91.5125 778.994 255
-86.6499 777.8 255
-82.1281 778.536 255
-77.1565 776.266 255
-72.5091 775.93 255
-67.8736 775.551 255
-63.1283 774.139 255
-58.526 773.677 255
-54.0412 774.168 255
-49.4564 773.624 255
-44.8852 773.04 255
-40.3279 772.416 255
-35.6455 769.755 255
-31.1347 769.049 255
-26.639 768.302 255
-22.2022 768.516 255
-17.7289 767.691 255
-13.2455 765.827 255
-8.81343 764.923 255
-4.39814 763.981 255
3.79754e-05 763 255
4.38076 761.981 255
8.72624 759.924 255
13.0623 758.829 255
17.38 757.697 255
21.7225 757.526 255
25.9063 754.322 255
30.2191 754.077 255
34.2505 749.804 255
38.6019 750.483 255
42.7935 749.132 255
46.8686 746.749 255
50.9054 744.332 255
55.3564 745.857 255
59.4723 744.363 255
63.5663 742.834 255
67.499 740.28 255
71.5398 738.684 255
75.245 735.078 255
79.553 735.39 255
83.5248 733.693 255
87.1086 729.996 255
91.3975 730.199 255
95.0985 727.424 255
98.5502 723.642 255
102.16 720.812 255
106.627 721.851 255
109.953 717.986 255
113.945 717.009 255
117.428 714.061 255
121.904 714.951 255
125.335 711.943 255
128.998 709.87 255
132.635 707.769 255
136.245 705.638 255
139.828 703.478 255
143.075 700.339 255
146.912 699.074 255
150.087 695.884 255
153.885 694.558 255
157.329 692.259 255
161.095 690.869 255
164.133 687.58 255
167.125 684.27 255
170.071 680.941 255
174.504 681.289 255
177.392 677.909 255
181.032 676.345 255
184.252 673.836 255
186.612 669.483 255
190.601 668.745 255
193.73 666.163 255
196.39 662.66 255
199.004 659.141 255
202.934 658.28 255
205.94 655.607 255
208.915 652.912 255
212.336 651.074 255
215.255 648.331 255
217.651 644.697 255
220 641.051 255
223.824 639.978 255
226.617 637.154 255
229.377 634.309 255
232.105 631.445 255
235.875 630.249 255
238.552 627.338 255
240.645 623.574 255
243.808 621.46 255
246.953 619.319 255
248.359 614.693 255
251.444 612.512 255
254.511 610.304 255
257.558 608.07 255
260.586 605.809 255
262.985 602.729 255
265.35 599.633 255
267.059 595.739 255
271.237 594.95 255
272.241 590.255 255
275.113 587.867 255
277.964 585.454 255
280.793 583.016 255
282.939 579.804 255
285.719 577.323 255
287.126 573.343 255
289.167 570.094 255
290.486 566.108 255
294.535 565 255
296.485 561.705 255
298.399 558.399 255
300.278 555.083 255
302.123 551.757 255
305.383 549.797 255
306.437 545.757 255
308.182 542.397 255
311.378 540.366 255
312.315 536.313 255
314.714 533.577 255
317.089 530.82 255
319.441 528.042 255
320.224 523.972 255
322.516 521.168 255
324 517.721 255
326.236 514.884 255
328.448 512.027 255
331.434 509.753 255
333.601 506.851 255
334.933 503.343 255
337.044 500.411 255
338.31 496.887 255
341.188 494.492 255
341.563 490.387 255
342.727 486.846 255
344.694 483.847 255
347.477 481.367 255
348.548 477.797 255
351.288 475.269 255
352.296 471.681 255
354.13 468.598 255
355.07 465 255
357.716 462.386 255
358.594 458.772 255
360.315 455.635 255
362.891 452.953 255
361.013 447.932 255
362.64 444.774 255
365.133 442.049 255
368.506 439.732 255
367.352 435.218 255
367.961 431.583 255
370.354 428.78 255
372.727 425.949 255
374.161 422.69 255
375.566 419.418 255
377.867 416.518 255
377.364 412.465 255
377.75 408.799 255
380.901 406.214 255
381.226 402.534 255
380.576 398.518 255
381.77 395.192 255
384.826 392.506 255
384.071 388.508 255
385.178 385.152 255
386.255 381.786 255
386.347 378.118 255
388.322 375.026 255
390.272 371.909 255
390.27 368.232 255
392.166 365.081 255
391.132 361.154 255
393.94 358.22 255
394.782 354.779 255
393.646 350.88 255
395.4 347.658 255
395.172 343.996 255
397.849 340.943 255
398.541 337.468 255
398.218 333.805 255
398.847 330.328 255
399.446 326.844 255
401.001 323.512 255
400.551 319.863 255
402.049 316.504 255
403.518 313.124 255
403.966 309.601 255
404.384 306.074 255
403.776 302.439 255
403.135 298.818 255
405.451 295.472 255
404.748 291.854 255
406.009 288.391 255
407.239 284.908 255
407.441 281.353 255
406.613 277.753 255
408.751 274.274 255
407.86 270.68 255
407.938 267.121 255
406.985 263.552 255
409 260 255
408.984 256.431 255
408.938 252.862 255
408.86 249.294 255
409.75 245.691 255
409.61 242.116 255
407.441 238.647 255
410.233 234.909 255
408.004 231.47 255
408.736 227.832 255
409.436 224.179 255
410.103 220.512 255
408.748 217.039 255
409.352 213.36 255
408.929 209.79 255
407.484 206.354 255
407.99 202.661 255
408.464 198.955 255
408.903 195.236 255
406.35 192 255
407.71 188.11 255
406.084 184.737 255
405.412 181.196 255
406.669 177.262 255
405.931 173.717 255
404.187 170.394 255
0 260 255
0 260 255
0 260 255
0 260 255
0 260 255
0 260 255
0 260 255
0 260 255
71.7229 238.072 255
72.4825 237.146 255
0 260 255
0 260 255
0 260 255
39.5909 245.98 255
38.5274 245.977 255
37.4669 245.992 255
35.4761 246.382 255
37.2167 245.34 255
36.1602 245.39 255
35.1074 245.458 255
34.0587 245.543 255
33.0142 245.645 255
32.8876 245.357 255
32.7586 245.071 255
33.5334 244.363 255
33.3957 244.071 255
33.2554 243.78 255
33.1126 243.491 255
32.0762 243.656 255
30.1584 244.301 255
30.9032 243.568 255
29.8798 243.777 255
29.7371 243.516 255
29.5921 243.258 255
28.5788 243.5 255
29.2954 242.744 255
29.1437 242.489 255
29.8424 241.713 255
28.8336 241.983 255
27.8319 242.269 255
28.5148 241.482 255
27.5182 241.786 255
27.3582 241.547 255
27.1962 241.309 255
26.2129 241.646 255
26.8658 240.837 255
25.8885 241.191 255
23.3118 242.75 255
23.9591 241.946 255
34.9075 233.214 255
40.1885 228.601 255
32.8695 233.854 255
27.2001 237.974 255
26.2352 238.373 255
24.5134 239.431 255
0 260 255
0 260 255
0 260 255
0 260 255
0 260 255
0 260 255
0 260 255
0 260 255
0 260 255
0 260 255
0 260 255
