-0 260 65
-0 260 65
-0 260 65
-0 260 65
-0 260 65
-0 260 65
-0 260 65
-0 260 65
-15.8489 246.223 65
-22.0518 241.166 65
-26.0455 238.145 65
-27.0069 237.737 65
-32.6401 233.569 65
-42.2608 226.384 65
-40.9766 227.986 65
-26.974 239.302 65
-25.5563 240.742 65
-26.5273 240.371 65
-27.5066 240.015 65
-26.0517 241.418 65
-25.3937 242.219 65
-25.5479 242.441 65
-26.5292 242.106 65
-25.8505 242.89 65
-26.8375 242.572 65
-26.1451 243.344 65
-26.2895 243.573 65
-27.2845 243.28 65
-28.2865 243.004 65
-28.4338 243.251 65
-27.7128 244 65
-27.8514 244.242 65
-27.9878 244.486 65
-28.1222 244.731 65
-29.1373 244.507 65
-30.1584 244.301 65
-30.2942 244.564 65
-30.4278 244.829 65
-31.4578 244.657 65
-30.6879 245.363 65
-31.7208 245.208 65
-31.8486 245.486 65
-31.9741 245.764 65
-33.9312 245.246 65
-33.1382 245.934 65
-35.1074 245.458 65
-35.233 245.765 65
-34.4255 246.439 65
-36.4096 246.024 65
-38.4036 245.642 65
-39.4671 245.635 65
-0 260 65
-0 260 65
-0 260 65
-72.2803 236.515 65
-71.5288 237.447 65
-0 260 65
-69.9938 239.267 65
-0 260 65
-0 260 65
-0 260 65
-0 260 65
-0 260 65
-0 260 65
-0 260 65
-0 260 65
-0 260 65
-0 260 65
-0 260 65
-0 260 65
-0 260 65
-0 260 65
-702.246 148.775 65
-704.179 154.76 65
-703.09 161.187 65
-704.917 167.196 65
-704.708 173.473 65
-705.436 179.626 65
-706.111 185.785 65
-705.736 192.045 65
-705.306 198.294 65
-705.817 204.451 65
-707.273 210.543 65
-707.678 216.717 65
-707.03 222.946 65
-707.326 229.118 65
-707.569 235.291 65
-707.757 241.467 65
-706.892 247.661 65
-706.973 253.83 65
-706 260 65
-706.973 266.17 65
-705.892 272.322 65
-704.758 278.455 65
-704.571 284.604 65
-704.329 290.752 65
-703.035 296.845 65
-702.687 302.978 65
-701.288 309.039 65
-700.833 315.157 65
-699.329 321.183 65
-699.764 327.38 65
-698.154 333.379 65
-696.494 339.356 65
-694.782 345.309 65
-694.011 351.368 65
-693.188 357.421 65
-691.322 363.319 65
-689.406 369.191 65
-688.427 375.203 65
-686.411 381.033 65
-685.329 387.018 65
-683.213 392.803 65
-682.028 398.76 65
-679.813 404.499 65
-677.549 410.209 65
-675.238 415.891 65
-673.852 421.778 65
-670.474 427.168 65
-669.958 433.263 65
-667.455 438.844 65
-664.905 444.395 65
-662.309 449.914 65
-660.627 455.687 65
-656.981 460.859 65
-655.204 466.585 65
-653.376 472.295 65
-648.653 477.036 65
-645.789 482.363 65
-643.824 487.99 65
-640.87 493.258 65
-637.874 498.491 65
-634.835 503.69 65
-631.753 508.854 65
-628.631 513.983 65
-625.466 519.077 65
-623.182 524.525 65
-619.016 529.156 65
-615.73 534.141 65
-613.314 539.503 65
-608.132 543.577 65
-605.635 548.873 65
-602.192 553.709 65
-598.711 558.506 65
-595.192 563.266 65
-591.636 567.986 65
-588.043 572.668 65
-584.413 577.311 65
-580.747 581.914 65
-576.175 585.984 65
-573.309 591 65
-567.814 594.468 65
-565.73 599.925 65
-561.037 603.804 65
-556.32 607.627 65
-553.265 612.469 65
-549.329 616.739 65
-544.527 620.415 65
-540.532 624.594 65
-535.682 628.164 65
-533.268 633.398 65
-528.361 636.876 65
-525.052 641.473 65
-520.899 645.445 65
-515.12 648.171 65
-495.052 639.867 65
-470.442 627.55 65
-465.652 630.396 65
-473.282 643.256 65
-492.296 665.818 65
-489.502 670.741 65
-483.618 673.049 65
-479.995 677.254 65
-474.838 680.101 65
-471.154 684.229 65
-465.222 686.297 65
-460.753 689.659 65
-456.986 693.663 65
-451.745 696.246 65
-447.921 700.171 65
-441.235 701.235 65
-438.068 705.782 65
-432.772 708.149 65
-427.468 710.458 65
-423.521 714.171 65
-417.515 715.637 65
-412.184 717.777 65
-408.174 721.357 65
-402.82 723.392 65
-397.462 725.368 65
-393.386 728.819 65
-388.644 731.463 65
-382.627 732.505 65
-378.489 735.826 65
-373.091 737.535 65
-368.301 739.979 65
-363.496 742.376 65
-358.678 744.726 65
-353.847 747.028 65
-347.841 747.655 65
-342.425 749.034 65
-338.144 752.003 65
-332.161 752.448 65
-327.851 755.328 65
-322.426 756.493 65
-317.007 757.601 65
-312.652 760.348 65
-307.229 761.352 65
-301.812 762.3 65
-296.402 763.191 65
-291.5 764.893 65
-287.083 767.417 65
-281.19 767.279 65
-275.798 767.956 65
-270.885 769.461 65
-265.967 770.918 65
-260.59 771.438 65
-255.225 771.902 65
-250.31 773.211 65
-244.961 773.571 65
-240.047 774.783 65
-234.716 775.038 65
-229.806 776.153 65
-225.293 778.139 65
-219.982 778.244 65
-214.303 777.373 65
-209.405 778.296 65
-204.141 778.243 65
-198.894 778.137 65
-194.015 778.916 65
-189.137 779.65 65
-184.261 780.338 65
-179.388 780.981 65
-173.883 779.681 65
-169.032 780.228 65
-163.885 779.776 65
-159.343 781.186 65
-154.22 780.639 65
-149.12 780.043 65
-144.309 780.36 65
-139.503 780.634 65
-134.204 778.927 65
-129.428 779.108 65
-124.66 779.246 65
-119.899 779.339 65
-114.929 778.413 65
-109.985 777.44 65
-105.466 778.38 65
-100.556 777.318 65
-95.8558 777.192 65
-90.9916 776.039 65
-86.1548 774.841 65
-81.5023 774.586 65
-76.8609 774.288 65
-72.0916 772.959 65
-67.6125 773.568 65
-62.8845 772.154 65
-58.4128 772.683 65
-53.6231 770.19 65
-49.073 769.643 65
-44.5365 769.055 65
-39.9356 767.431 65
-35.4362 766.763 65
-30.8295 764.058 65
-26.4296 764.308 65
-21.9841 763.52 65
-17.5195 761.694 65
-13.1146 760.828 65
-8.70871 758.924 65
-4.34578 757.981 65
3.7598e-05 758 65
4.31967 754.981 65
8.60407 752.925 65
12.9053 752.831 65
17.1706 751.7 65
21.3299 748.535 65
25.5923 748.33 65
29.7917 747.09 65
34.0412 746.811 65
38.0527 743.505 65
42.0091 740.166 65
46.1977 739.781 65
50.3828 739.36 65
54.2244 735.921 65
58.2536 734.437 65
62.261 732.919 65
66.2464 731.368 65
70.3573 730.772 65
74.15 728.164 65
77.7375 724.541 65
81.962 724.829 65
85.4685 721.147 65
89.4894 720.383 65
92.9055 716.645 65
97.0948 716.795 65
100.861 714.954 65
104.602 713.082 65
107.852 709.235 65
112.01 709.247 65
115.676 707.284 65
118.798 703.36 65
122.662 702.306 65
125.415 697.374 65
129.511 697.222 65
132.444 693.206 65
127.8 665.33 65
127.315 651.835 65
130.412 649.761 65
133.157 646.717 65
136.527 645.54 65
141.596 649.033 65
149.188 659.022 65
159.474 675.443 65
163.46 674.966 65
166.325 671.67 65
169.911 670.203 65
173.094 667.784 65
176.247 665.341 65
178.964 661.96 65
182.465 660.383 65
185.107 656.963 65
188.564 655.332 65
192.007 653.672 65
194.542 650.191 65
197.032 646.697 65
199.937 644.076 65
202.342 640.55 65
206.133 639.649 65
208.953 636.961 65
212.235 635.123 65
215 632.391 65
217.734 629.639 65
220.951 627.725 65
223.107 624.077 65
224.686 619.572 65
227.278 616.755 65
230.927 615.596 65
234.021 613.568 65
236.539 610.683 65
238.457 606.957 65
241.476 604.863 65
243.315 601.114 65
245.694 598.169 65
248.636 596.012 65
250.957 593.031 65
253.854 590.828 65
256.731 588.6 65
258.966 585.565 65
261.797 583.293 65
263.336 579.453 65
265.471 576.376 65
266.923 572.527 65
268.984 569.431 65
271.674 567.072 65
274.344 564.689 65
275.641 560.809 65
278.937 559.124 65
280.16 555.227 65
282.031 552.052 65
284.569 549.58 65
287.792 547.792 65
288.153 543.167 65
290.613 540.642 65
293.051 538.095 65
294.736 534.845 65
296.385 531.587 65
298.744 528.99 65
300.331 525.711 65
302.639 523.08 65
302.642 518.48 65
306.418 517.115 65
307.878 513.795 65
308.527 509.84 65
312.261 508.383 65
312.84 504.418 65
314.168 501.07 65
316.26 498.319 65
316.72 494.36 65
319.562 492.175 65
323.204 490.539 65
324.384 487.136 65
325.53 483.73 65
325.812 479.763 65
328.551 477.463 65
327.92 472.954 65
330.609 470.621 65
333.283 468.258 65
335.088 465.342 65
336.867 462.41 65
337.759 458.955 65
337.75 455 65
339.439 452.045 65
341.102 449.076 65
344.496 447.046 65
343.467 442.624 65
345.047 439.62 65
345.711 436.148 65
347.235 433.125 65
349.631 430.526 65
352.008 427.899 65
351.647 423.976 65
352.155 420.486 65
354.456 417.814 65
354.902 414.316 65
357.156 411.604 65
357.541 408.098 65
358.82 404.973 65
360.072 401.836 65
360.362 398.33 65
361.555 395.18 65
362.721 392.02 65
363.86 388.849 65
364.025 385.344 65
365.105 382.162 65
368.059 379.59 65
367.181 375.772 65
368.177 372.563 65
369.146 369.346 65
371.047 366.396 65
371.961 363.154 65
370.916 359.387 65
371.769 356.146 65
374.534 353.382 65
373.39 349.643 65
374.158 346.381 65
375.874 343.329 65
376.587 340.046 65
378.251 336.956 65
376.945 333.271 65
378.553 330.161 65
377.181 326.507 65
377.747 323.213 65
378.285 319.914 65
379.782 316.759 65
380.263 313.442 65
379.723 309.992 65
381.138 306.798 65
383.519 303.696 65
383.885 300.348 65
384.223 296.996 65
382.539 293.468 65
382.816 290.128 65
383.065 286.786 65
383.284 283.443 65
382.475 280.045 65
384.634 276.793 65
383.766 273.401 65
385.868 270.104 65
386.941 266.754 65
384.985 263.36 65
387 260 65
383.985 256.649 65
384.941 253.281 65
386.867 249.87 65
387.764 246.459 65
387.631 243.076 65
386.47 239.746 65
385.28 236.435 65
386.057 233.004 65
384.81 229.715 65
385.527 226.271 65
386.214 222.812 65
386.869 219.338 65
384.512 216.19 65
385.108 212.715 65
384.681 209.356 65
385.214 205.862 65
383.738 202.65 65
383.223 199.303 65
383.665 195.796 65
385.06 192.104 65
383.469 188.928 65
382.835 185.584 65
382.171 182.247 65
380.499 179.122 65
378.803 176.021 65
0 260 65
0 260 65
0 260 65
0 260 65
0 260 65
0 260 65
0 260 65
0 260 65
71.7229 238.072 65
71.5288 237.447 65
0 260 65
0 260 65
0 260 65
39.5909 245.98 65
37.5877 246.319 65
36.5302 246.342 65
36.4096 246.024 65
35.3559 246.073 65
35.233 245.765 65
34.1835 245.841 65
34.0587 245.543 65
33.0142 245.645 65
32.8876 245.357 65
32.7586 245.071 65
33.5334 244.363 65
33.3957 244.071 65
33.2554 243.78 65
33.1126 243.491 65
31.1852 244.11 65
31.0454 243.839 65
30.9032 243.568 65
29.001 244.254 65
28.8625 244.001 65
28.7217 243.75 65
28.5788 243.5 65
29.2954 242.744 65
29.1437 242.489 65
28.9898 242.235 65
27.9856 242.513 65
26.9885 242.806 65
29.3535 240.938 65
28.3521 241.234 65
27.3582 241.547 65
26.372 241.875 65
26.2129 241.646 65
26.0517 241.418 65
25.8885 241.191 65
24.1157 242.155 65
24.7577 241.344 65
36.4943 231.997 65
40.9766 227.986 65
33.6522 233.232 65
26.423 238.603 65
26.2352 238.373 65
22.9813 240.716 65
0 260 65
0 260 65
0 260 65
0 260 65
0 260 65
0 260 65
0 260 65
0 260 65
0 260 65
0 260 65
0 260 65
