-0 260 100
-0 260 100
-0 260 100
-0 260 100
-0 260 100
-0 260 100
-0 260 100
-0 260 100
-15.8489 246.223 100
-22.8122 240.517 100
-27.5776 236.86 100
-27.0069 237.737 100
-31.0858 234.827 100
-41.4782 227.007 100
-39.4005 229.217 100
-27.7674 238.693 100
-26.355 240.14 100
-27.3311 239.776 100
-27.5066 240.015 100
-26.8658 240.837 100
-26.2129 241.646 100
-25.5479 242.441 100
-26.5292 242.106 100
-25.8505 242.89 100
-27.6761 242.027 100
-27.8319 242.269 100
-27.1375 243.043 100
-28.1371 242.758 100
-28.2865 243.004 100
-27.5721 243.759 100
-28.5788 243.5 100
-28.7217 243.75 100
-27.1132 244.971 100
-29.8798 243.777 100
-30.0202 244.038 100
-30.1584 244.301 100
-31.1852 244.11 100
-31.3227 244.383 100
-31.4578 244.657 100
-31.5905 244.932 100
-30.8145 245.631 100
-32.7586 245.071 100
-33.8012 244.951 100
-33.0142 245.645 100
-34.0587 245.543 100
-35.1074 245.458 100
-34.3058 246.14 100
-35.3559 246.073 100
-36.4096 246.024 100
-37.4669 245.992 100
-39.4671 245.635 100
-0 260 100
-0 260 100
-0 260 100
-71.3292 236.824 100
-70.5751 237.748 100
-0 260 100
-0 260 100
-0 260 100
-0 260 100
-0 260 100
-0 260 100
-0 260 100
-0 260 100
-0 260 100
-0 260 100
-0 260 100
-0 260 100
-0 260 100
-0 260 100
-0 260 100
-0 260 100
-713.111 147.054 100
-713.08 153.43 100
-713.983 159.656 100
-713.84 166.021 100
-714.633 172.254 100
-714.378 178.607 100
-714.067 184.949 100
-715.69 191.087 100
-716.264 197.335 100
-716.784 203.588 100
-716.251 209.915 100
-717.659 216.106 100
-717.016 222.423 100
-718.316 228.638 100
-717.563 234.942 100
-716.754 241.231 100
-716.891 247.487 100
-716.973 253.743 100
-717 260 100
-715.973 266.248 100
-715.891 272.496 100
-715.755 278.743 100
-714.564 284.953 100
-714.319 291.188 100
-714.02 297.42 100
-712.668 303.589 100
-713.258 309.876 100
-711.799 316.02 100
-711.283 322.229 100
-709.717 328.338 100
-708.1 334.424 100
-707.423 340.601 100
-705.7 346.649 100
-704.917 352.804 100
-703.09 358.813 100
-702.201 364.945 100
-701.259 371.069 100
-700.263 377.184 100
-697.244 382.943 100
-696.144 389.023 100
-694.992 395.093 100
-691.827 400.754 100
-690.572 406.786 100
-688.289 412.59 100
-685.957 418.366 100
-684.548 424.346 100
-680.177 429.587 100
-680.608 436.017 100
-678.08 441.691 100
-675.505 447.334 100
-672.883 452.946 100
-670.215 458.527 100
-668.457 464.368 100
-664.741 469.592 100
-661.935 475.076 100
-658.137 480.21 100
-656.19 485.944 100
-654.193 491.662 100
-651.207 497.02 100
-648.177 502.344 100
-645.104 507.632 100
-641.988 512.886 100
-638.83 518.104 100
-636.553 523.669 100
-630.546 527.651 100
-628.186 533.143 100
-626.692 539.021 100
-623.323 544.065 100
-619.008 548.648 100
-616.466 554.039 100
-612.079 558.531 100
-608.555 563.415 100
-604.993 568.26 100
-602.28 573.527 100
-598.638 578.302 100
-594.08 582.559 100
-589.494 586.762 100
-587.49 592.386 100
-583.701 597 100
-579.015 601.066 100
-576.016 606.106 100
-571.269 610.074 100
-567.344 614.516 100
-563.385 618.916 100
-559.393 623.274 100
-555.368 627.59 100
-552.139 632.423 100
-547.22 636.094 100
-542.279 639.708 100
-537.316 643.264 100
-533.142 647.351 100
-528.938 651.393 100
-525.502 655.994 100
-521.233 659.956 100
-516.935 663.874 100
-511.826 667.125 100
-508.253 671.576 100
-502.328 674.087 100
-497.163 677.169 100
-492.743 680.842 100
-489.052 685.126 100
-484.574 688.715 100
-479.328 691.589 100
-474.069 694.405 100
-470.26 698.525 100
-464.965 701.235 100
-460.377 704.581 100
-455.767 707.881 100
-450.427 710.427 100
-445.778 713.627 100
-440.413 716.061 100
-435.728 719.162 100
-431.023 722.216 100
-426.297 725.222 100
-420.883 727.438 100
-414.8 728.846 100
-410.037 731.694 100
-405.256 734.493 100
-399.814 736.48 100
-395.641 739.951 100
-390.808 742.608 100
-384.714 743.652 100
-379.863 746.203 100
-374.997 748.706 100
-368.913 749.564 100
-363.437 751.157 100
-359.137 754.309 100
-353.067 754.982 100
-349.308 758.864 100
-343.809 760.245 100
-338.312 761.568 100
-333.37 763.667 100
-327.328 764.041 100
-321.842 765.192 100
-316.892 767.133 100
-312.454 769.879 100
-307.478 771.729 100
-301.478 771.808 100
-296 772.687 100
-284.621 763.066 100
-269.069 745.414 100
-262.914 744.228 100
-257.74 744.738 100
-258.117 755.839 100
-263.768 777.675 100
-258.795 779.062 100
-254.255 781.301 100
-249.266 782.597 100
-243.851 782.94 100
-238.449 783.228 100
-233.467 784.375 100
-228.483 785.475 100
-222.717 784.688 100
-218.13 786.611 100
-212.402 785.713 100
-207.44 786.616 100
-202.119 786.539 100
-197.167 787.346 100
-191.873 787.168 100
-186.932 787.879 100
-181.667 787.599 100
-176.739 788.216 100
-171.195 786.885 100
-166.29 787.405 100
-161.389 787.88 100
-156.208 787.351 100
-151.325 787.733 100
-146.179 787.106 100
-141.056 786.43 100
-136.207 786.672 100
-131.364 786.871 100
-126.06 785.08 100
-121.474 786.16 100
-116.661 786.224 100
-111.441 784.287 100
-106.662 784.26 100
-101.701 783.207 100
-96.9493 783.092 100
-92.0335 781.948 100
-87.3101 781.745 100
-82.4409 780.512 100
-77.7477 780.222 100
-72.9267 778.9 100
-68.2652 778.526 100
-63.6158 778.109 100
-58.8656 776.657 100
-54.2502 776.157 100
-49.5522 774.62 100
-44.8852 773.04 100
-40.4064 773.412 100
-35.785 771.75 100
-31.1958 770.047 100
-26.6913 769.301 100
-22.1586 767.516 100
-17.7289 767.691 100
-13.2455 765.827 100
-8.81343 764.923 100
-4.38941 762.981 100
3.78999e-05 762 100
4.35458 758.981 100
8.69134 757.924 100
13.0362 757.829 100
17.3102 755.698 100
21.548 753.53 100
25.697 750.327 100
30.097 752.08 100
34.1807 748.806 100
38.2096 745.499 100
42.4449 745.147 100
46.5811 743.763 100
50.6963 742.343 100
54.7904 740.889 100
58.7411 738.407 100
62.7831 736.885 100
66.8031 735.329 100
70.8007 733.739 100
74.7757 732.115 100
78.3976 728.486 100
82.4829 727.784 100
86.3797 726.063 100
90.0619 723.328 100
93.9023 721.545 100
97.5106 718.751 100
100.644 713.978 100
104.602 713.082 100
108.786 713.124 100
112.252 710.217 100
115.676 707.284 100
119.574 706.258 100
123.464 705.197 100
126.793 702.18 100
130.079 699.139 100
133.322 696.075 100
136.52 692.987 100
139.676 689.878 100
143.739 689.591 100
147.482 688.32 100
150.547 685.131 100
153.909 682.862 100
157.593 681.502 100
160.549 678.244 100
163.093 674.036 100
167.075 673.524 100
170.294 671.126 100
173.094 667.784 100
176.646 666.258 100
178.557 661.046 100
182.05 659.473 100
185.529 657.869 100
188.994 656.235 100
191.568 652.773 100
194.096 649.296 100
197.032 646.697 100
200.399 644.963 100
203.281 642.316 100
206.133 639.649 100
207.983 635.212 100
211.25 633.383 100
213 628.927 100
216.211 627.054 100
218.891 624.296 100
222.062 622.372 100
225.216 620.42 100
227.278 616.755 100
228.748 612.242 100
232.365 611.066 100
234.861 608.196 100
236.758 604.485 100
240.329 603.225 100
242.734 600.3 100
244.519 596.551 100
246.257 592.797 100
250.355 592.232 100
252.027 588.448 100
254.268 585.448 100
256.476 582.435 100
258.651 579.407 100
261.428 577.138 100
264.829 575.61 100
266.923 572.527 100
269.64 570.186 100
269.686 564.825 100
272.336 562.46 100
273.614 558.597 100
276.209 556.198 100
276.719 551.6 100
281.337 551.333 100
283.167 548.153 100
284.964 544.964 100
287.44 542.466 100
287.736 537.863 100
290.15 535.342 100
291.079 531.435 100
292.699 528.209 100
296.515 526.983 100
298.833 524.385 100
299.62 520.455 100
300.36 516.532 100
301.822 513.258 100
304.792 511.251 100
306.196 507.952 100
307.565 504.648 100
309.688 501.955 100
312.581 499.852 100
314.662 497.115 100
315.112 493.171 100
316.326 489.824 100
317.505 486.474 100
319.469 483.695 100
321.409 480.898 100
323.325 478.085 100
324.382 474.703 100
326.243 471.865 100
328.079 469.01 100
329.043 465.609 100
330.824 462.729 100
331.724 459.32 100
333.45 456.417 100
333.42 452.5 100
336.828 450.568 100
337.603 447.137 100
339.223 444.183 100
340.818 441.216 100
340.612 437.311 100
342.147 434.332 100
341.865 430.448 100
342.441 427.019 100
345.69 424.886 100
348.022 422.285 100
347.605 418.413 100
348.061 414.967 100
349.4 411.923 100
349.792 408.478 100
351.074 405.42 100
352.33 402.35 100
353.559 399.27 100
355.694 396.538 100
357.809 393.779 100
356.144 389.626 100
357.261 386.513 100
357.406 383.065 100
358.466 379.941 100
358.548 376.499 100
360.505 373.667 100
361.483 370.516 100
362.434 367.358 100
362.396 363.915 100
363.289 360.749 100
364.154 357.575 100
364.992 354.393 100
364.831 350.963 100
364.639 347.542 100
367.338 344.807 100
368.064 341.598 100
367.783 338.175 100
369.432 335.162 100
371.055 332.126 100
370.687 328.703 100
371.273 325.465 100
369.857 321.893 100
371.371 318.819 100
371.87 315.576 100
372.341 312.329 100
371.792 308.947 100
373.197 305.823 100
372.589 302.451 100
372.946 299.198 100
373.274 295.942 100
373.573 292.683 100
373.844 289.422 100
375.084 286.228 100
375.299 282.954 100
376.483 279.731 100
376.641 276.445 100
375.771 273.122 100
374.871 269.816 100
375.943 266.562 100
374.986 263.272 100
377 260 100
375.986 256.719 100
374.943 253.455 100
376.871 250.131 100
376.77 246.843 100
374.643 243.643 100
375.485 240.322 100
376.297 236.985 100
377.079 233.632 100
376.835 230.342 100
375.565 227.142 100
375.264 223.866 100
375.929 220.488 100
374.577 217.322 100
376.175 213.812 100
374.766 210.661 100
374.321 207.393 100
374.837 203.98 100
372.359 201.024 100
373.802 197.447 100
371.273 194.535 100
371.67 191.115 100
371.055 187.874 100
370.412 184.639 100
369.74 181.409 100
368.064 178.402 100
0 260 100
0 260 100
0 260 100
0 260 100
0 260 100
0 260 100
0 260 100
0 260 100
72.6792 237.78 100
70.5751 237.748 100
73.2314 236.206 100
0 260 100
0 260 100
39.5909 245.98 100
38.5274 245.977 100
36.5302 246.342 100
37.3432 245.665 100
36.2863 245.706 100
35.233 245.765 100
35.1074 245.458 100
35.8997 244.761 100
33.9312 245.246 100
32.8876 245.357 100
33.6686 244.656 100
33.5334 244.363 100
34.2982 243.641 100
33.2554 243.78 100
33.1126 243.491 100
32.0762 243.656 100
31.9324 243.377 100
30.9032 243.568 100
29.8798 243.777 100
29.7371 243.516 100
28.7217 243.75 100
28.5788 243.5 100
28.4338 243.251 100
30.0009 241.974 100
29.8424 241.713 100
29.6817 241.453 100
28.6753 241.732 100
28.5148 241.482 100
27.5182 241.786 100
27.3582 241.547 100
27.1962 241.309 100
27.032 241.072 100
26.8658 240.837 100
25.8885 241.191 100
24.9196 241.56 100
24.7577 241.344 100
34.9075 233.214 100
40.9766 227.986 100
33.6522 233.232 100
25.6458 239.232 100
26.2352 238.373 100
24.5134 239.431 100
0 260 100
0 260 100
0 260 100
0 260 100
0 260 100
0 260 100
0 260 100
0 260 100
0 260 100
0 260 100
0 260 100
