-0 260 286
-0 260 286
-0 260 286
-0 260 286
-0 260 286
-0 260 286
-0 260 286
-0 260 286
-17.3583 244.911 286
-23.5726 239.867 286
-26.0455 238.145 286
-27.0069 237.737 286
-34.9716 231.681 286
-43.0435 225.762 286
-40.9766 227.986 286
-27.7674 238.693 286
-25.5563 240.742 286
-27.3311 239.776 286
-27.5066 240.015 286
-26.8658 240.837 286
-26.2129 241.646 286
-26.372 241.875 286
-25.7002 242.665 286
-27.5182 241.786 286
-25.9988 243.116 286
-26.9885 242.806 286
-27.1375 243.043 286
-28.1371 242.758 286
-28.2865 243.004 286
-27.5721 243.759 286
-27.7128 244 286
-26.981 244.735 286
-27.9878 244.486 286
-29.001 244.254 286
-30.0202 244.038 286
-30.1584 244.301 286
-30.2942 244.564 286
-29.5328 245.275 286
-31.4578 244.657 286
-30.6879 245.363 286
-31.7208 245.208 286
-31.8486 245.486 286
-31.9741 245.764 286
-33.0142 245.645 286
-34.9792 245.152 286
-34.1835 245.841 286
-34.3058 246.14 286
-34.4255 246.439 286
-35.4761 246.382 286
-37.4669 245.992 286
-39.4671 245.635 286
-0 260 286
-0 260 286
-0 260 286
-71.3292 236.824 286
-71.5288 237.447 286
-0 260 286
-69.9938 239.267 286
-0 260 286
-0 260 286
-0 260 286
-0 260 286
-0 260 286
-0 260 286
-0 260 286
-0 260 286
-0 260 286
-0 260 286
-0 260 286
-0 260 286
-0 260 286
-0 260 286
-834.597 127.813 286
-840.664 134.362 286
-819.942 144.765 286
-844.711 148.792 286
-840.687 156.777 286
-830.626 165.362 286
-836.393 172.092 286
-839.119 179.202 286
-834.811 186.964 286
-829.435 194.722 286
-826.981 202.172 286
-826.456 209.452 286
-827.864 216.614 286
-853.187 222.749 286
-0 260 286
-0 260 286
-0 260 286
-0 260 286
-0 260 286
-0 260 286
-0 260 286
-0 260 286
-0 260 286
-0 260 286
-0 260 286
-0 260 286
-0 260 286
-0 260 286
-0 260 286
-0 260 286
-0 260 286
-0 260 286
-0 260 286
-0 260 286
-0 260 286
-0 260 286
-0 260 286
-0 260 286
-0 260 286
-0 260 286
-0 260 286
-0 260 286
-0 260 286
-0 260 286
-0 260 286
-0 260 286
-0 260 286
-0 260 286
-0 260 286
-0 260 286
-0 260 286
-0 260 286
-0 260 286
-0 260 286
-0 260 286
-0 260 286
-0 260 286
-0 260 286
-0 260 286
-0 260 286
-0 260 286
-0 260 286
-0 260 286
-0 260 286
-0 260 286
-0 260 286
-0 260 286
-0 260 286
-0 260 286
-0 260 286
-0 260 286
-0 260 286
-0 260 286
-0 260 286
-0 260 286
-0 260 286
-0 260 286
-0 260 286
-0 260 286
-0 260 286
-0 260 286
-0 260 286
-0 260 286
-0 260 286
-0 260 286
-0 260 286
-0 260 286
-0 260 286
-0 260 286
-0 260 286
-0 260 286
-0 260 286
-0 260 286
-0 260 286
-0 260 286
-0 260 286
-0 260 286
-0 260 286
-0 260 286
-0 260 286
-0 260 286
-0 260 286
-0 260 286
-0 260 286
-0 260 286
-0 260 286
-0 260 286
-0 260 286
-0 260 286
-0 260 286
-0 260 286
-0 260 286
-0 260 286
-0 260 286
-0 260 286
-0 260 286
-0 260 286
-0 260 286
-0 260 286
-0 260 286
-0 260 286
-0 260 286
-0 260 286
-0 260 286
-0 260 286
-0 260 286
-0 260 286
-0 260 286
-0 260 286
-0 260 286
-0 260 286
-0 260 286
-0 260 286
-0 260 286
-0 260 286
-0 260 286
-0 260 286
-0 260 286
-0 260 286
-0 260 286
-0 260 286
-0 260 286
-0 260 286
-0 260 286
-0 260 286
-0 260 286
-0 260 286
-0 260 286
-0 260 286
-0 260 286
-0 260 286
-0 260 286
-0 260 286
-0 260 286
-0 260 286
-0 260 286
-0 260 286
-0 260 286
-0 260 286
-0 260 286
-0 260 286
-0 260 286
-0 260 286
-0 260 286
-0 260 286
-0 260 286
-0 260 286
-0 260 286
-0 260 286
-0 260 286
-0 260 286
-0 260 286
-0 260 286
-0 260 286
-0 260 286
-0 260 286
-0 260 286
-0 260 286
-0 260 286
-0 260 286
-0 260 286
-0 260 286
-0 260 286
0 260 286
0 260 286
0 260 286
0 260 286
0 260 286
0 260 286
0 260 286
0 260 286
0 260 286
0 260 286
0 260 286
0 260 286
0 260 286
0 260 286
0 260 286
0 260 286
0 260 286
0 260 286
0 260 286
0 260 286
0 260 286
0 260 286
0 260 286
0 260 286
0 260 286
0 260 286
0 260 286
0 260 286
0 260 286
0 260 286
0 260 286
0 260 286
0 260 286
0 260 286
0 260 286
0 260 286
0 260 286
0 260 286
0 260 286
0 260 286
0 260 286
0 260 286
0 260 286
0 260 286
0 260 286
0 260 286
0 260 286
0 260 286
0 260 286
0 260 286
0 260 286
0 260 286
0 260 286
0 260 286
0 260 286
0 260 286
0 260 286
0 260 286
0 260 286
0 260 286
0 260 286
0 260 286
0 260 286
0 260 286
0 260 286
0 260 286
0 260 286
0 260 286
0 260 286
0 260 286
0 260 286
0 260 286
0 260 286
0 260 286
0 260 286
0 260 286
0 260 286
0 260 286
0 260 286
0 260 286
0 260 286
0 260 286
0 260 286
0 260 286
0 260 286
0 260 286
0 260 286
0 260 286
0 260 286
0 260 286
0 260 286
0 260 286
0 260 286
0 260 286
0 260 286
0 260 286
0 260 286
0 260 286
0 260 286
0 260 286
0 260 286
0 260 286
0 260 286
0 260 286
0 260 286
0 260 286
0 260 286
0 260 286
0 260 286
0 260 286
0 260 286
0 260 286
0 260 286
0 260 286
0 260 286
0 260 286
0 260 286
0 260 286
0 260 286
0 260 286
0 260 286
0 260 286
0 260 286
0 260 286
0 260 286
0 260 286
0 260 286
0 260 286
0 260 286
0 260 286
0 260 286
0 260 286
0 260 286
0 260 286
0 260 286
0 260 286
0 260 286
0 260 286
0 260 286
0 260 286
0 260 286
0 260 286
0 260 286
0 260 286
0 260 286
0 260 286
0 260 286
0 260 286
0 260 286
0 260 286
0 260 286
0 260 286
0 260 286
0 260 286
0 260 286
0 260 286
0 260 286
0 260 286
0 260 286
0 260 286
0 260 286
0 260 286
0 260 286
0 260 286
0 260 286
0 260 286
0 260 286
0 260 286
0 260 286
0 260 286
0 260 286
0 260 286
0 260 286
1119.96 250.226 286
1131.83 240.244 286
1134.61 230.289 286
1098.33 221.645 286
1094.96 212.193 286
1102.49 202.221 286
1109.93 192.114 286
1130.24 180.966 286
1123.53 171.577 286
1116.73 162.298 286
1108.87 153.228 286
1174.03 31.7925 286
1116.13 32.9199 286
1118.02 22.3569 286
0 260 286
0 260 286
0 260 286
0 260 286
0 260 286
0 260 286
0 260 286
0 260 286
0 260 286
73.6355 237.487 286
71.5288 237.447 286
0 260 286
0 260 286
0 260 286
39.5909 245.98 286
38.5274 245.977 286
36.5302 246.342 286
36.4096 246.024 286
37.2167 245.34 286
35.233 245.765 286
36.0313 245.075 286
34.0587 245.543 286
33.0142 245.645 286
33.8012 244.951 286
32.7586 245.071 286
31.7208 245.208 286
32.4931 244.502 286
33.2554 243.78 286
33.1126 243.491 286
31.1852 244.11 286
30.1584 244.301 286
30.9032 243.568 286
29.8798 243.777 286
28.8625 244.001 286
29.5921 243.258 286
29.4449 243 286
28.4338 243.251 286
29.1437 242.489 286
28.9898 242.235 286
27.9856 242.513 286
28.6753 241.732 286
28.5148 241.482 286
27.5182 241.786 286
27.3582 241.547 286
26.372 241.875 286
26.2129 241.646 286
26.0517 241.418 286
25.8885 241.191 286
24.1157 242.155 286
23.9591 241.946 286
34.9075 233.214 286
40.9766 227.986 286
33.6522 233.232 286
26.423 238.603 286
26.2352 238.373 286
23.7474 240.074 286
0 260 286
0 260 286
0 260 286
0 260 286
0 260 286
0 260 286
0 260 286
0 260 286
0 260 286
0 260 286
0 260 286
