-0 260 185
-0 260 185
-0 260 185
-0 260 185
-0 260 185
-0 260 185
-0 260 185
-0 260 185
-16.6036 245.567 185
-22.8122 240.517 185
-26.0455 238.145 185
-27.7785 237.101 185
-33.4173 232.939 185
-43.8261 225.139 185
-41.7646 227.37 185
-26.1807 239.911 185
-26.355 240.14 185
-26.5273 240.371 185
-26.6976 240.603 185
-26.0517 241.418 185
-26.2129 241.646 185
-26.372 241.875 185
-26.5292 242.106 185
-25.8505 242.89 185
-27.6761 242.027 185
-26.9885 242.806 185
-27.1375 243.043 185
-27.2845 243.28 185
-29.1437 242.489 185
-28.4338 243.251 185
-28.5788 243.5 185
-26.981 244.735 185
-27.9878 244.486 185
-29.001 244.254 185
-29.1373 244.507 185
-30.1584 244.301 185
-30.2942 244.564 185
-31.3227 244.383 185
-30.559 245.095 185
-30.6879 245.363 185
-31.7208 245.208 185
-31.8486 245.486 185
-32.8876 245.357 185
-32.0971 246.044 185
-34.0587 245.543 185
-34.1835 245.841 185
-36.1602 245.39 185
-35.3559 246.073 185
-36.4096 246.024 185
-37.4669 245.992 185
-39.4671 245.635 185
-0 260 185
-0 260 185
-0 260 185
-71.3292 236.824 185
-71.5288 237.447 185
-0 260 185
-72.8703 238.415 185
-0 260 185
-0 260 185
-0 260 185
-0 260 185
-0 260 185
-0 260 185
-0 260 185
-0 260 185
-0 260 185
-0 260 185
-0 260 185
-0 260 185
-0 260 185
-0 260 185
-721.013 145.803 185
-721.982 152.099 185
-723.886 158.265 185
-723.755 164.716 185
-725.551 170.914 185
-725.307 177.362 185
-726.996 183.59 185
-727.635 189.937 185
-727.222 196.376 185
-727.75 202.725 185
-728.222 209.078 185
-728.638 215.435 185
-729 221.795 185
-728.306 228.202 185
-729.555 234.523 185
-729.75 240.891 185
-728.889 247.277 185
-727.972 253.647 185
-729 260 185
-727.972 266.353 185
-728.889 272.723 185
-728.75 279.083 185
-727.557 285.407 185
-727.307 291.755 185
-728.001 298.153 185
-725.644 304.382 185
-724.231 310.643 185
-724.759 317.04 185
-723.237 323.275 185
-722.658 329.584 185
-722.023 335.888 185
-721.333 342.186 185
-718.603 348.234 185
-717.806 354.501 185
-716.954 360.761 185
-716.047 367.014 185
-714.099 373.102 185
-712.098 379.164 185
-711.031 385.374 185
-708.927 391.392 185
-708.735 397.764 185
-705.546 403.545 185
-703.288 409.489 185
-701.957 415.62 185
-700.572 421.74 185
-699.134 427.847 185
-695.702 433.458 185
-694.162 439.523 185
-690.637 445.056 185
-688.996 451.076 185
-685.38 456.53 185
-683.638 462.503 185
-681.845 468.461 185
-679.046 474.103 185
-677.152 480.02 185
-673.31 485.286 185
-671.318 491.153 185
-667.39 496.335 185
-664.363 501.808 185
-662.227 507.597 185
-658.174 512.649 185
-655.944 518.383 185
-652.737 523.723 185
-649.487 529.027 185
-645.274 533.903 185
-641.942 539.124 185
-639.482 544.716 185
-635.153 549.456 185
-632.603 554.988 185
-628.199 559.636 185
-625.561 565.106 185
-621.979 570.108 185
-618.358 575.069 185
-614.698 579.992 185
-610.117 584.405 185
-606.384 589.24 185
-603.488 594.519 185
-598.805 598.787 185
-594.959 603.5 185
-590.216 607.664 185
-586.302 612.286 185
-582.353 616.867 185
-578.369 621.405 185
-574.35 625.901 185
-569.457 629.81 185
-563.707 633.109 185
-560.429 638.014 185
-555.461 641.758 185
-552.108 646.591 185
-547.9 650.813 185
-542.85 654.404 185
-539.388 659.126 185
-533.488 662.012 185
-529.96 666.653 185
-524.027 669.415 185
-518.087 672.105 185
-515.248 677.239 185
-510.044 680.448 185
-505.589 684.24 185
-501.107 687.986 185
-494.335 689.719 185
-491.315 694.679 185
-485.274 696.942 185
-480.705 700.485 185
-476.843 704.663 185
-470.768 706.742 185
-464.693 708.749 185
-461.473 713.488 185
-454.67 714.67 185
-450.685 718.62 185
-445.971 721.816 185
-439.859 723.514 185
-435.115 726.604 185
-429.675 728.908 185
-424.898 731.897 185
-420.101 734.838 185
-413.973 736.222 185
-409.152 739.056 185
-404.956 742.608 185
-398.821 743.809 185
-392.696 744.939 185
-388.449 748.348 185
-382.326 749.355 185
-378.041 752.672 185
-372.523 754.355 185
-366.411 755.176 185
-363.251 759.973 185
-355.971 759.053 185
-349.882 759.683 185
-346.074 763.541 185
-339.989 764.055 185
-334.474 765.335 185
-329.507 767.396 185
-325.066 770.252 185
-318.481 769.677 185
-314.022 772.437 185
-308.508 773.443 185
-302.493 773.531 185
-286.5 756.233 185
-274.772 745.659 185
-268.1 743.665 185
-264.823 747.744 185
-270.416 768.578 185
-271.046 780.675 185
-265.13 780.348 185
-259.687 780.852 185
-254.255 781.301 185
-249.266 782.597 185
-243.851 782.94 185
-238.863 784.138 185
-233.467 784.375 185
-228.084 784.558 185
-222.717 784.688 185
-217.364 784.764 185
-212.402 785.713 185
-207.073 785.686 185
-201.761 785.606 185
-196.466 785.473 185
-191.189 785.288 185
-186.598 786.937 185
-181.667 787.599 185
-175.787 785.371 185
-170.886 785.934 185
-165.388 784.544 185
-160.512 785.011 185
-155.64 785.433 185
-150.222 783.888 185
-145.378 784.215 185
-140.539 784.498 185
-135.205 782.8 185
-130.638 783.96 185
-125.594 783.135 185
-120.574 782.262 185
-115.579 781.342 185
-110.609 780.375 185
-105.864 780.34 185
-101.129 780.262 185
-96.2203 779.159 185
-91.3389 778.009 185
-86.4849 776.814 185
-81.8152 776.561 185
-76.8609 774.288 185
-72.37 774.939 185
-67.6125 773.568 185
-62.7627 771.161 185
-58.1864 770.696 185
-53.5185 769.195 185
-48.9771 768.647 185
-44.4494 768.059 185
-39.8572 766.434 185
-35.227 763.77 185
-30.8295 764.058 185
-26.3773 763.309 185
-21.8097 759.524 185
-17.3799 757.697 185
-13.0361 757.829 185
-8.67381 756.924 185
-4.3196 754.981 185
3.7296e-05 754 185
4.29349 751.981 185
8.56917 750.925 185
12.7744 747.833 185
16.9263 744.705 185
21.1991 745.537 185
25.2783 742.338 185
29.4865 742.099 185
33.6227 740.826 185
37.6604 738.52 185
41.7476 737.177 185
45.7185 734.804 185
49.6511 732.398 185
53.6584 730.953 185
57.5224 728.482 185
61.0863 723.996 185
65.4114 725.426 185
69.1748 722.859 185
72.8985 720.263 185
76.9122 719.609 185
80.5728 716.951 185
83.8284 712.297 185
87.963 712.53 185
91.5099 709.785 185
95.2236 707.992 185
98.6965 705.191 185
102.128 702.364 185
105.751 700.484 185
109.591 699.544 185
112.671 695.666 185
115.951 692.735 185
119.723 691.706 185
123.486 690.645 185
126.671 687.634 185
130.105 685.556 185
133.213 682.497 185
136.586 680.367 185
139.614 677.262 185
142.924 675.083 185
145.54 670.992 185
149.121 669.706 185
152.34 667.452 185
155.532 665.174 185
158.329 661.94 185
161.83 660.543 185
164.554 657.268 185
167.233 653.976 185
169.867 650.668 185
174.083 650.997 185
176.659 647.643 185
179.613 645.181 185
182.106 641.794 185
185.431 640.19 185
188.295 637.662 185
191.13 635.114 185
192.549 629.884 185
195.3 627.306 185
198.975 626.467 185
201.196 622.967 185
203.863 620.327 185
207 618.535 185
209.613 615.853 185
212.196 613.153 185
214.224 609.582 185
216.207 606.004 185
219.756 604.947 185
222.213 602.178 185
224.638 599.392 185
227.592 597.418 185
229.395 593.771 185
231.151 590.118 185
233.443 587.274 185
236.877 586.034 185
237.929 581.543 185
241.93 581.051 185
242.896 576.548 185
245.033 573.628 185
247.761 571.478 185
249.211 567.75 185
251.887 565.563 185
253.258 561.821 185
254.584 558.079 185
257.831 556.601 185
259.747 553.591 185
261.63 550.57 185
262.805 546.801 185
264.615 543.765 185
268.458 542.896 185
269.527 539.104 185
270.551 535.315 185
272.943 532.943 185
275.315 530.551 185
277.665 528.138 185
279.269 525.017 185
279.377 520.523 185
282.377 518.751 185
283.881 515.608 185
286.85 513.783 185
287.544 509.958 185
288.954 506.79 185
291.097 504.259 185
293.989 502.346 185
294.538 498.512 185
296.608 495.933 185
297.868 492.72 185
299.094 489.503 185
300.287 486.282 185
301.446 483.059 185
305.808 482.183 185
304.479 477.183 185
307.182 475.091 185
309.871 472.969 185
310.889 469.697 185
311.873 466.424 185
311.985 462.606 185
313.742 459.875 185
316.322 457.66 185
317.182 454.369 185
319.723 452.109 185
320.526 448.804 185
322.161 446 185
322.902 442.689 185
322.735 438.895 185
325.162 436.549 185
325.808 433.235 185
328.194 430.847 185
327.89 427.068 185
329.336 424.201 185
329.857 420.882 185
333.054 418.859 185
333.521 415.524 185
333.956 412.192 185
335.271 409.272 185
336.561 406.341 185
336.905 403.008 185
336.292 399.297 185
338.422 396.731 185
340.533 394.139 185
341.69 391.163 185
341.885 387.826 185
341.108 384.153 185
344.064 381.839 185
345.114 378.832 185
344.241 375.182 185
347.136 372.791 185
347.153 369.457 185
348.095 366.423 185
349.01 363.382 185
347.977 359.781 185
350.761 357.275 185
349.665 353.692 185
351.438 350.888 185
350.277 347.334 185
351.026 344.274 185
352.722 341.432 185
351.467 337.918 185
354.089 335.264 185
353.753 331.972 185
354.367 328.882 185
355.938 325.969 185
355.516 322.687 185
356.049 319.582 185
357.543 316.629 185
356.046 313.211 185
355.506 309.963 185
357.912 307.12 185
359.302 304.117 185
359.673 300.98 185
359.022 297.735 185
359.338 294.6 185
360.622 291.55 185
360.884 288.402 185
359.123 285.112 185
360.327 282.039 185
361.504 278.946 185
362.655 275.834 185
362.779 272.669 185
360.876 269.45 185
361.945 266.318 185
361.986 263.159 185
362 260 185
363.986 256.824 185
361.945 253.682 185
361.876 250.524 185
363.778 247.297 185
363.654 244.123 185
363.501 240.95 185
363.321 237.778 185
361.118 234.748 185
360.884 231.598 185
363.611 228.188 185
362.324 225.112 185
363 221.847 185
363.647 218.568 185
362.279 215.518 185
362.869 212.227 185
361.448 209.202 185
360.002 206.197 185
362.482 202.589 185
361.967 199.428 185
362.409 196.097 185
358.888 193.484 185
360.257 189.973 185
358.652 187.031 185
358.002 183.904 185
356.348 181 185
0 260 185
0 260 185
0 260 185
0 260 185
0 260 185
0 260 185
0 260 185
0 260 185
72.6792 237.78 185
71.5288 237.447 185
0 260 185
0 260 185
0 260 185
39.5909 245.98 185
38.5274 245.977 185
37.4669 245.992 185
36.4096 246.024 185
36.2863 245.706 185
36.1602 245.39 185
36.0313 245.075 185
34.0587 245.543 185
33.9312 245.246 185
32.8876 245.357 185
32.7586 245.071 185
32.6271 244.786 185
33.3957 244.071 185
33.2554 243.78 185
33.1126 243.491 185
31.1852 244.11 185
31.0454 243.839 185
30.9032 243.568 185
29.8798 243.777 185
29.7371 243.516 185
29.5921 243.258 185
29.4449 243 185
28.4338 243.251 185
28.2865 243.004 185
29.8424 241.713 185
28.8336 241.983 185
28.6753 241.732 185
28.5148 241.482 185
27.5182 241.786 185
28.1873 240.987 185
27.1962 241.309 185
26.2129 241.646 185
26.0517 241.418 185
25.8885 241.191 185
24.1157 242.155 185
23.1604 242.547 185
35.7009 232.606 185
41.7646 227.37 185
32.0869 234.477 185
27.2001 237.974 185
26.2352 238.373 185
22.2153 241.359 185
0 260 185
0 260 185
0 260 185
0 260 185
0 260 185
0 260 185
0 260 185
0 260 185
0 260 185
0 260 185
0 260 185
