-0 260 49
-0 260 49
-0 260 49
-0 260 49
-0 260 49
-0 260 49
-0 260 49
-0 260 49
-15.8489 246.223 49
-22.8122 240.517 49
-26.8116 237.502 49
-27.0069 237.737 49
-33.4173 232.939 49
-40.6956 227.629 49
-40.1886 228.601 49
-26.974 239.302 49
-26.355 240.14 49
-27.3311 239.776 49
-26.6976 240.603 49
-26.0517 241.418 49
-26.2129 241.646 49
-26.372 241.875 49
-26.5292 242.106 49
-26.6843 242.338 49
-25.9988 243.116 49
-26.1451 243.344 49
-26.2895 243.573 49
-27.2845 243.28 49
-27.4294 243.519 49
-26.7105 244.266 49
-27.7128 244 49
-26.1107 245.227 49
-27.1132 244.971 49
-28.1222 244.731 49
-30.0202 244.038 49
-30.1584 244.301 49
-29.4032 245.018 49
-30.4278 244.829 49
-30.559 245.095 49
-31.5905 244.932 49
-30.8145 245.631 49
-30.9387 245.9 49
-32.8876 245.357 49
-33.0142 245.645 49
-33.1382 245.934 49
-35.1074 245.458 49
-34.3058 246.14 49
-34.4255 246.439 49
-34.5425 246.74 49
-36.5302 246.342 49
-39.4671 245.635 49
-0 260 49
-0 260 49
-0 260 49
-71.3292 236.824 49
-70.5751 237.748 49
-0 260 49
-73.8291 238.131 49
-0 260 49
-0 260 49
-0 260 49
-0 260 49
-0 260 49
-0 260 49
-0 260 49
-0 260 49
-0 260 49
-0 260 49
-0 260 49
-0 260 49
-0 260 49
-0 260 49
-714.099 146.898 49
-712.091 153.577 49
-714.974 159.517 49
-713.84 166.021 49
-714.633 172.254 49
-714.378 178.607 49
-716.056 184.74 49
-714.694 191.183 49
-715.268 197.422 49
-715.787 203.666 49
-716.251 209.915 49
-715.663 216.228 49
-715.019 222.528 49
-715.319 228.769 49
-716.563 234.977 49
-715.755 241.257 49
-714.891 247.522 49
-713.973 253.769 49
-714 260 49
-712.973 266.222 49
-712.891 272.444 49
-713.755 278.69 49
-711.566 284.849 49
-710.323 291.013 49
-710.026 297.211 49
-708.676 303.345 49
-707.273 309.457 49
-707.811 315.706 49
-706.302 321.794 49
-704.74 327.859 49
-703.127 333.902 49
-702.455 340.035 49
-700.738 346.04 49
-699.96 352.152 49
-698.139 358.117 49
-696.267 364.058 49
-695.333 370.13 49
-693.359 376.029 49
-690.35 381.727 49
-690.245 387.929 49
-687.139 393.566 49
-685.947 399.558 49
-683.725 405.33 49
-681.455 411.075 49
-679.136 416.791 49
-675.797 422.245 49
-675.326 428.378 49
-671.894 433.764 49
-670.352 439.621 49
-667.796 445.196 49
-665.193 450.741 49
-661.586 455.971 49
-658.894 461.444 49
-656.157 466.886 49
-654.327 472.604 49
-650.55 477.671 49
-646.735 482.689 49
-644.767 488.324 49
-641.81 493.6 49
-638.81 498.842 49
-634.835 503.69 49
-631.753 508.854 49
-628.631 513.983 49
-626.39 519.459 49
-620.42 523.353 49
-617.181 528.358 49
-614.816 533.734 49
-611.494 538.674 49
-608.132 543.577 49
-603.83 548.012 49
-601.293 553.27 49
-596.921 557.614 49
-593.41 562.358 49
-588.975 566.601 49
-588.043 572.668 49
-582.656 576.356 49
-580.747 581.914 49
-574.435 585 49
-572.443 590.5 49
-568.675 594.975 49
-564.016 598.895 49
-561.037 603.804 49
-557.168 608.157 49
-551.578 611.394 49
-547.652 615.649 49
-544.527 620.415 49
-540.532 624.594 49
-536.506 628.731 49
-531.63 632.251 49
-526.733 635.715 49
-523.434 640.297 49
-518.488 643.661 49
-504.738 640.347 49
-475.219 624.648 49
-470.442 627.55 49
-470.347 634.131 49
-490.379 657.101 49
-493.068 666.454 49
-487.204 668.813 49
-483.618 673.049 49
-476.976 674.629 49
-473.34 678.776 49
-469.667 682.891 49
-465.222 686.297 49
-460.021 688.977 49
-456.26 692.975 49
-451.026 695.551 49
-445.068 697.367 49
-440.527 700.528 49
-435.966 703.642 49
-431.383 706.71 49
-426.78 709.732 49
-422.157 712.708 49
-417.515 715.637 49
-412.184 717.777 49
-407.511 720.608 49
-401.508 721.882 49
-396.163 723.848 49
-391.458 726.521 49
-386.099 728.376 49
-382.627 732.505 49
-377.866 735.043 49
-373.091 737.535 49
-367.692 739.185 49
-361.691 739.98 49
-356.299 741.51 49
-352.671 745.41 49
-347.26 746.841 49
-341.852 748.215 49
-336.445 749.531 49
-331.601 751.619 49
-326.747 753.66 49
-320.248 753.138 49
-315.932 755.914 49
-311.063 757.804 49
-305.662 758.795 49
-299.752 758.871 49
-295.895 762.33 49
-290.5 763.161 49
-285.606 764.806 49
-280.22 765.53 49
-274.843 766.199 49
-269.477 766.812 49
-264.582 768.257 49
-259.229 768.765 49
-253.887 769.218 49
-249.433 771.414 49
-244.53 772.668 49
-238.779 772.064 49
-233.887 773.218 49
-228.586 773.413 49
-223.698 774.471 49
-218.419 774.562 49
-213.92 776.449 49
-208.656 776.441 49
-203.775 777.312 49
-198.177 776.27 49
-193.314 777.043 49
-188.453 777.771 49
-183.26 777.51 49
-178.086 777.199 49
-173.566 778.733 49
-168.105 777.375 49
-163.283 777.868 49
-158.465 778.317 49
-153.368 777.763 49
-148.568 778.12 49
-143.507 777.47 49
-138.986 778.702 49
-133.953 777.959 49
-128.944 777.168 49
-124.193 777.301 49
-118.999 775.442 49
-114.497 776.461 49
-109.569 775.484 49
-104.867 775.44 49
-100.175 775.354 49
-95.4914 775.226 49
-90.6443 774.07 49
-86.1548 774.841 49
-81.1894 772.61 49
-76.713 773.299 49
-71.9525 771.969 49
-67.2209 770.594 49
-62.6408 770.169 49
-58.1864 770.696 49
-53.5185 769.195 49
-48.8813 767.652 49
-44.4494 768.059 49
-39.7787 765.437 49
-35.2967 764.767 49
-30.7684 763.06 49
-26.3773 763.309 49
-21.9405 762.521 49
-17.4846 760.695 49
-13.0884 759.829 49
-8.69126 757.924 49
-4.33705 756.981 49
3.7447e-05 756 49
4.30222 752.981 49
8.60407 752.925 49
12.8791 751.831 49
17.1357 750.701 49
21.3735 749.534 49
25.4876 746.333 49
29.7307 746.092 49
33.7622 742.821 49
37.9742 742.508 49
42.0963 741.162 49
46.1977 739.781 49
50.1737 737.371 49
54.2244 735.921 49
58.1317 733.445 49
62.261 732.919 49
66.1073 730.377 49
69.7661 726.815 49
74.15 728.164 49
78.0675 726.513 49
81.7883 723.844 49
85.6507 722.13 49
89.4894 720.383 49
92.9055 716.645 49
96.8869 715.817 49
100.644 713.978 49
104.602 713.082 49
108.085 710.207 49
111.526 707.306 49
115.676 707.284 49
119.057 704.326 49
122.395 701.343 49
125.966 699.297 49
129.227 696.263 49
130.983 688.425 49
123.891 652.931 49
126.697 649.933 49
129.778 647.864 49
133.157 646.717 49
136.861 646.483 49
142.28 650.912 49
150.939 663.706 49
160.19 677.31 49
162.36 672.175 49
166.7 672.597 49
169.529 669.279 49
173.094 667.784 49
176.646 666.258 49
178.964 661.96 49
182.05 659.473 49
184.684 656.056 49
188.564 655.332 49
179.732 628.506 49
181.603 624.238 49
184.774 622.64 49
188.393 621.9 49
192.953 622.891 49
195.158 619.436 49
198.772 618.594 49
201.894 616.846 49
206 616.802 49
210.628 617.576 49
220.436 626.868 49
222.584 623.225 49
226.276 622.117 49
228.89 619.285 49
230.382 614.758 49
232.365 611.066 49
234.861 608.196 49
238.457 606.957 49
240.902 604.044 49
243.315 601.114 49
245.694 598.169 49
248.636 596.012 49
250.957 593.031 49
253.854 590.828 49
255.5 587.024 49
257.721 584 49
260.539 581.738 49
263.336 579.453 49
264.186 574.844 49
267.573 573.287 49
268.984 569.431 49
271.674 567.072 49
274.344 564.689 49
275.641 560.809 49
278.937 559.124 49
280.849 555.953 49
282.726 552.771 49
285.971 551.006 49
286.378 546.378 49
288.153 543.167 49
291.333 541.337 49
293.777 538.784 49
294.736 534.845 49
297.123 532.263 49
299.487 529.66 49
301.829 527.036 49
301.129 521.768 49
303.402 519.13 49
304.886 515.829 49
307.107 513.159 49
309.304 510.47 49
309.913 506.516 49
314.416 505.649 49
315.755 502.287 49
315.461 497.717 49
316.72 494.36 49
319.562 492.175 49
320.762 488.797 49
322.746 485.989 49
323.882 482.598 49
326.641 480.322 49
329.385 478.015 49
329.598 474.043 49
329.766 470.084 49
332.435 467.728 49
334.235 464.819 49
333.438 460.35 49
335.174 457.432 49
336.884 454.5 49
340.309 452.538 49
341.102 449.076 49
341.86 445.615 49
343.467 442.624 49
345.047 439.62 49
344.82 435.694 49
348.129 433.571 49
347.833 429.65 49
348.398 426.177 49
351.647 423.976 49
350.335 419.657 49
351.715 416.594 49
353.068 413.518 49
356.235 411.213 49
354.77 406.95 49
357.893 404.598 49
358.211 401.103 49
358.495 397.613 49
360.619 394.83 49
359.902 390.994 49
361.974 388.182 49
361.188 384.367 49
361.311 380.893 49
364.255 378.354 49
365.274 375.17 49
367.221 372.271 49
364.352 367.926 49
366.241 365.018 49
368.107 362.085 49
368.018 358.61 49
366.928 354.894 49
370.653 352.414 49
370.473 348.943 49
372.209 345.931 49
371.969 342.463 49
371.696 339.006 49
372.371 335.76 49
373.018 332.507 49
371.67 328.885 49
374.227 325.986 49
375.775 322.883 49
377.297 319.758 49
375.826 316.168 49
377.292 313.025 49
376.749 309.6 49
378.16 306.432 49
375.57 302.791 49
376.924 299.616 49
379.246 296.517 49
379.55 293.206 49
378.829 289.814 49
381.069 286.647 49
379.291 283.198 49
380.478 279.94 49
378.639 276.532 49
378.769 273.227 49
379.87 269.947 49
381.942 266.667 49
381.985 263.334 49
379 260 49
380.985 256.675 49
380.942 253.351 49
381.869 250 49
382.767 246.633 49
380.637 243.381 49
379.479 240.112 49
380.289 236.741 49
383.065 233.214 49
380.822 230.029 49
381.543 226.619 49
379.246 223.483 49
378.913 220.175 49
380.538 216.643 49
381.138 213.202 49
381.706 209.747 49
380.263 206.558 49
379.782 203.241 49
380.26 199.773 49
378.734 196.622 49
378.166 193.319 49
378.553 189.839 49
377.926 186.539 49
377.271 183.243 49
373.652 180.578 49
372.945 177.32 49
0 260 49
0 260 49
0 260 49
0 260 49
0 260 49
0 260 49
0 260 49
0 260 49
71.7229 238.072 49
70.5751 237.748 49
0 260 49
0 260 49
42.5483 245.349 49
38.6483 246.314 49
37.5877 246.319 49
35.5935 246.692 49
34.5425 246.74 49
36.2863 245.706 49
36.1602 245.39 49
35.1074 245.458 49
34.0587 245.543 49
33.9312 245.246 49
32.8876 245.357 49
31.8486 245.486 49
32.6271 244.786 49
33.3957 244.071 49
32.3566 244.219 49
33.1126 243.491 49
31.1852 244.11 49
31.0454 243.839 49
30.0202 244.038 49
29.001 244.254 49
28.8625 244.001 49
28.7217 243.75 49
28.5788 243.5 49
28.4338 243.251 49
28.2865 243.004 49
28.1371 242.758 49
27.1375 243.043 49
27.8319 242.269 49
26.8375 242.572 49
28.3521 241.234 49
26.5292 242.106 49
26.372 241.875 49
26.2129 241.646 49
25.2376 241.998 49
25.0795 241.779 49
24.1157 242.155 49
23.9591 241.946 49
34.9075 233.214 49
38.6125 229.833 49
32.0869 234.477 49
27.2001 237.974 49
24.692 239.645 49
23.7474 240.074 49
0 260 49
0 260 49
0 260 49
0 260 49
0 260 49
0 260 49
0 260 49
0 260 49
0 260 49
0 260 49
0 260 49
