-0 260 227
-0 260 227
-0 260 227
-0 260 227
-0 260 227
-0 260 227
-0 260 227
-0 260 227
-17.3583 244.911 227
-22.8122 240.517 227
-27.5776 236.86 227
-27.7785 237.101 227
-34.9716 231.681 227
-43.0435 225.762 227
-40.1886 228.601 227
-26.974 239.302 227
-26.355 240.14 227
-28.135 239.181 227
-27.5066 240.015 227
-27.6799 240.256 227
-27.032 241.072 227
-25.5479 242.441 227
-26.5292 242.106 227
-25.8505 242.89 227
-26.8375 242.572 227
-27.8319 242.269 227
-27.9856 242.513 227
-28.1371 242.758 227
-28.2865 243.004 227
-28.4338 243.251 227
-29.4449 243 227
-28.7217 243.75 227
-27.9878 244.486 227
-29.8798 243.777 227
-30.9032 243.569 227
-31.0454 243.839 227
-30.2942 244.564 227
-31.3227 244.383 227
-31.4578 244.657 227
-32.4931 244.502 227
-31.7208 245.208 227
-32.7586 245.071 227
-32.8876 245.357 227
-34.8483 244.848 227
-34.9792 245.152 227
-35.1074 245.458 227
-36.1602 245.39 227
-35.3559 246.073 227
-36.4096 246.024 227
-37.4669 245.992 227
-39.4671 245.635 227
-0 260 227
-0 260 227
-0 260 227
-72.2803 236.515 227
-72.4825 237.146 227
-0 260 227
-0 260 227
-0 260 227
-0 260 227
-0 260 227
-0 260 227
-0 260 227
-0 260 227
-0 260 227
-0 260 227
-0 260 227
-0 260 227
-0 260 227
-0 260 227
-0 260 227
-0 260 227
-719.037 146.116 227
-720.004 152.395 227
-718.935 158.96 227
-720.78 165.108 227
-721.581 171.401 227
-721.333 177.815 227
-722.023 184.112 227
-722.658 190.416 227
-723.237 196.725 227
-722.765 203.117 227
-723.234 209.427 227
-723.648 215.74 227
-722.009 222.161 227
-723.311 228.42 227
-722.56 234.768 227
-723.752 241.048 227
-721.89 247.399 227
-721.973 253.7 227
-722 260 227
-720.973 266.292 227
-720.89 272.583 227
-720.753 278.874 227
-719.561 285.128 227
-718.316 291.362 227
-717.016 297.577 227
-716.661 303.833 227
-717.249 310.155 227
-714.79 316.255 227
-714.272 322.491 227
-712.704 328.626 227
-712.078 334.842 227
-710.404 340.94 227
-708.678 347.015 227
-707.892 353.196 227
-706.061 359.231 227
-704.179 365.24 227
-703.234 371.381 227
-700.263 377.184 227
-699.213 383.29 227
-698.111 389.387 227
-695.974 395.284 227
-693.787 401.153 227
-692.528 407.202 227
-689.265 412.806 227
-686.931 418.591 227
-685.521 424.579 227
-683.088 430.313 227
-679.64 435.767 227
-679.046 441.95 227
-676.469 447.601 227
-673.844 453.222 227
-670.215 458.527 227
-667.501 464.076 227
-664.741 469.592 227
-662.886 475.385 227
-659.085 480.527 227
-656.19 485.944 227
-653.251 491.328 227
-650.267 496.678 227
-648.177 502.344 227
-644.17 507.274 227
-641.058 512.519 227
-636.975 517.355 227
-633.781 522.521 227
-629.625 527.26 227
-625.435 531.947 227
-623.038 537.394 227
-620.594 542.821 227
-617.196 547.803 227
-613.758 552.748 227
-610.281 557.654 227
-606.765 562.522 227
-603.211 567.352 227
-596.958 570.757 227
-595.107 576.424 227
-591.444 581.128 227
-586.87 585.307 227
-584.009 590.416 227
-581.103 595.5 227
-576.43 599.543 227
-572.588 604.046 227
-568.711 608.507 227
-563.952 612.396 227
-560.855 617.304 227
-556.039 621.096 227
-552.032 625.382 227
-548.823 630.186 227
-543.923 633.828 227
-539.002 637.413 227
-534.874 641.522 227
-530.715 645.587 227
-525.722 649.014 227
-522.308 653.587 227
-517.266 656.913 227
-513.783 661.411 227
-509.478 665.257 227
-503.591 667.8 227
-500.013 672.179 227
-493.333 673.955 227
-489.701 678.245 227
-485.278 681.846 227
-481.578 686.065 227
-476.356 688.913 227
-471.12 691.702 227
-466.604 695.115 227
-461.338 697.794 227
-456.781 701.108 227
-451.487 703.676 227
-447.599 707.599 227
-441.573 709.348 227
-436.94 712.465 227
-432.287 715.535 227
-427.613 718.559 227
-422.919 721.536 227
-417.537 723.722 227
-411.487 725.102 227
-406.757 727.92 227
-402.658 731.452 227
-396.6 732.649 227
-393.096 736.864 227
-387.032 737.945 227
-380.979 738.956 227
-376.785 742.263 227
-371.344 743.946 227
-366.505 746.369 227
-360.463 747.137 227
-355.61 749.455 227
-350.164 750.912 227
-345.293 753.13 227
-340.977 756.124 227
-336.075 758.252 227
-330.058 758.664 227
-324.605 759.848 227
-319.156 760.975 227
-314.242 762.893 227
-308.797 763.91 227
-302.842 764.014 227
-289.804 751.99 227
-276.5 738.912 227
-270.833 738.696 227
-265.191 738.417 227
-265.3 748.622 227
-271.355 770.344 227
-267.352 773.579 227
-261.952 774.111 227
-256.117 773.692 227
-252.063 776.807 227
-246.683 777.181 227
-241.315 777.502 227
-235.96 777.768 227
-231.026 778.894 227
-225.692 779.056 227
-220.372 779.165 227
-215.451 780.144 227
-210.154 780.15 227
-205.241 781.034 227
-200.328 781.871 227
-194.715 780.79 227
-189.821 781.529 227
-184.595 781.281 227
-179.714 781.926 227
-174.518 781.578 227
-169.65 782.13 227
-164.185 780.729 227
-159.343 781.186 227
-154.504 781.598 227
-149.395 781.004 227
-144.576 781.324 227
-139.503 780.634 227
-134.704 780.863 227
-129.67 780.079 227
-124.893 780.218 227
-120.349 781.288 227
-115.362 780.366 227
-110.193 778.418 227
-105.466 778.38 227
-100.747 778.299 227
-95.8558 777.192 227
-91.3389 778.009 227
-86.4849 776.814 227
-81.5023 774.586 227
-77.0087 775.277 227
-72.2308 773.949 227
-67.6125 773.568 227
-63.0064 773.146 227
-58.2996 771.69 227
-53.6231 770.19 227
-49.1688 770.638 227
-44.5365 769.055 227
-39.9356 767.431 227
-35.4362 766.763 227
-30.9516 766.054 227
-26.482 765.307 227
-21.9841 763.52 227
-17.5195 761.694 227
-13.1146 760.828 227
-8.72617 759.924 227
-4.34578 757.981 227
3.73715e-05 755 227
4.31967 754.981 227
8.62153 753.925 227
12.8791 751.831 227
17.1706 751.7 227
21.3735 749.534 227
25.54 747.331 227
29.7917 747.09 227
33.8319 743.819 227
37.9742 742.508 227
42.0963 741.162 227
46.1977 739.781 227
50.2782 738.365 227
54.3376 736.914 227
58.2536 734.437 227
62.261 732.919 227
66.2464 731.368 227
70.2095 729.783 227
73.9935 727.177 227
77.7375 724.541 227
81.7883 723.844 227
85.6507 722.13 227
89.4894 720.383 227
93.3042 718.605 227
96.8869 715.817 227
100.212 712.025 227
104.152 711.133 227
107.852 709.235 227
111.526 707.306 227
115.175 705.348 227
118.798 703.36 227
122.128 700.379 227
125.691 698.335 227
129.227 696.263 227
131.86 691.293 227
135.919 691.08 227
139.367 688.926 227
142.787 686.746 227
145.855 683.592 227
149.545 682.303 227
152.883 680.043 227
155.842 676.819 227
159.115 674.51 227
161.994 671.245 227
165.576 669.815 227
168.763 667.431 227
172.312 665.943 227
175.051 662.589 227
178.151 660.133 227
181.221 657.653 227
184.262 655.15 227
187.272 652.625 227
190.253 650.077 227
192.311 645.717 227
196.124 644.915 227
199.014 642.302 227
201.873 639.667 227
203.747 635.255 227
206.044 631.713 227
209.28 629.901 227
212 627.195 227
215.704 626.192 227
217.861 622.582 227
220.494 619.814 227
224.156 618.724 227
226.203 615.068 227
229.293 613.08 227
230.71 608.564 227
234.302 607.367 227
236.758 604.485 227
239.181 601.586 227
242.734 600.3 227
245.106 597.36 227
246.851 593.601 227
248.55 589.836 227
250.81 586.862 227
254.268 585.448 227
256.476 582.435 227
258.021 578.63 227
260.156 575.594 227
263.543 574.078 227
263.676 568.725 227
266.36 566.412 227
269.024 564.076 227
270.329 560.23 227
272.938 557.86 227
276.209 556.198 227
276.719 551.6 227
279.947 549.894 227
281.766 546.727 227
282.136 542.136 227
286.013 541.065 227
286.297 536.474 227
289.424 534.653 227
291.079 531.435 227
292.699 528.209 227
295.772 526.314 227
297.335 523.06 227
298.11 519.143 227
300.36 516.532 227
301.822 513.258 227
302.477 509.343 227
304.641 506.694 227
306.782 504.026 227
309.688 501.955 227
310.995 498.634 227
312.266 495.31 227
314.308 492.576 227
315.517 489.236 227
316.691 485.893 227
318.65 483.121 227
318.937 479.199 227
322.496 477.526 227
323.548 474.152 227
324.566 470.775 227
327.236 468.472 227
327.347 464.549 227
328.266 461.162 227
332.581 459.835 227
331.727 455.402 227
334.286 453 227
335.957 450.075 227
335.854 446.167 227
338.345 443.706 227
339.052 440.277 227
339.725 436.85 227
341.256 433.878 227
340.97 430.001 227
343.339 427.458 227
345.69 424.886 227
343.491 420.172 227
346.695 417.998 227
348.061 414.967 227
348.483 411.525 227
347.951 407.696 227
350.15 405.037 227
352.33 402.35 227
352.628 398.904 227
353.827 395.821 227
354.062 392.378 227
356.144 389.626 227
357.261 386.513 227
358.352 383.39 227
357.518 379.624 227
359.499 376.808 227
361.459 373.967 227
362.44 370.809 227
360.516 366.79 227
361.434 363.64 227
363.289 360.749 227
363.188 357.316 227
364.024 354.143 227
365.801 351.205 227
365.611 347.775 227
367.338 344.807 227
367.087 341.381 227
367.783 338.175 227
368.452 334.962 227
368.11 331.553 227
369.704 328.521 227
369.303 325.118 227
370.843 322.058 227
370.383 318.663 227
372.859 315.724 227
371.351 312.19 227
371.792 308.947 227
374.19 305.945 227
370.602 302.225 227
372.946 299.198 227
374.269 296.038 227
375.565 292.858 227
374.841 289.501 227
376.082 286.298 227
374.301 282.893 227
375.485 279.678 227
375.642 276.401 227
374.772 273.087 227
374.871 269.816 227
376.943 266.58 227
375.986 263.281 227
375 260 227
374.986 256.728 227
376.943 253.42 227
376.871 250.131 227
375.771 246.878 227
375.642 243.599 227
375.485 240.322 227
377.295 236.924 227
378.077 233.562 227
376.835 230.342 227
376.562 227.055 227
374.269 223.962 227
374.935 220.593 227
375.57 217.209 227
375.182 213.933 227
375.758 210.531 227
376.302 207.114 227
373.848 204.128 227
375.322 200.555 227
372.816 197.612 227
372.257 194.361 227
371.67 191.115 227
372.037 187.683 227
372.371 184.24 227
370.718 181.201 227
369.04 178.186 227
0 260 227
0 260 227
0 260 227
0 260 227
0 260 227
0 260 227
0 260 227
0 260 227
71.7229 238.072 227
71.5288 237.447 227
0 260 227
0 260 227
0 260 227
39.5909 245.98 227
38.5274 245.977 227
38.4036 245.641 227
36.4096 246.024 227
37.2167 245.34 227
37.0874 245.016 227
35.1074 245.458 227
34.9792 245.152 227
34.8483 244.848 227
33.8012 244.951 227
33.6686 244.656 227
32.6271 244.786 227
34.2982 243.641 227
34.1542 243.342 227
34.0075 243.044 227
32.0762 243.656 227
31.9324 243.377 227
30.9032 243.568 227
29.8798 243.777 227
29.7371 243.516 227
29.5921 243.258 227
28.5788 243.5 227
30.157 242.236 227
29.1437 242.489 227
29.8424 241.713 227
29.6817 241.453 227
27.8319 242.269 227
28.5148 241.482 227
28.3521 241.234 227
27.3582 241.547 227
28.0203 240.742 227
26.2129 241.646 227
26.8658 240.837 227
25.8885 241.191 227
24.9196 241.56 227
23.9591 241.946 227
35.7009 232.606 227
40.1885 228.601 227
32.8695 233.854 227
27.2001 237.974 227
26.2352 238.373 227
23.7474 240.074 227
0 260 227
0 260 227
0 260 227
0 260 227
0 260 227
0 260 227
0 260 227
0 260 227
0 260 227
0 260 227
0 260 227
