-0 260 155
-0 260 155
-0 260 155
-0 260 155
-0 260 155
-0 260 155
-0 260 155
-0 260 155
-16.6036 245.567 155
-22.8122 240.517 155
-26.8116 237.502 155
-27.7785 237.101 155
-33.4173 232.939 155
-43.0435 225.762 155
-39.4005 229.217 155
-26.974 239.302 155
-25.5563 240.742 155
-26.5273 240.371 155
-27.5066 240.015 155
-26.8658 240.837 155
-26.2129 241.646 155
-26.372 241.875 155
-27.3582 241.547 155
-26.6843 242.338 155
-26.8375 242.572 155
-27.8319 242.269 155
-27.9856 242.513 155
-28.9898 242.235 155
-28.2865 243.004 155
-28.4338 243.251 155
-28.5788 243.5 155
-28.7217 243.75 155
-27.9878 244.486 155
-29.001 244.254 155
-30.0202 244.038 155
-31.0454 243.839 155
-30.2942 244.564 155
-31.3227 244.383 155
-31.4578 244.657 155
-30.6879 245.363 155
-31.7208 245.208 155
-31.8486 245.486 155
-32.8876 245.357 155
-33.0142 245.645 155
-34.0587 245.543 155
-35.1074 245.458 155
-35.233 245.765 155
-35.3559 246.073 155
-35.4761 246.382 155
-37.4669 245.992 155
-39.4671 245.635 155
-0 260 155
-0 260 155
-0 260 155
-72.2803 236.515 155
-72.4825 237.146 155
-0 260 155
-70.9527 238.983 155
-0 260 155
-0 260 155
-0 260 155
-0 260 155
-0 260 155
-0 260 155
-0 260 155
-0 260 155
-0 260 155
-0 260 155
-0 260 155
-0 260 155
-0 260 155
-0 260 155
-718.049 146.272 155
-720.004 152.395 155
-721.905 158.543 155
-721.772 164.977 155
-722.574 171.279 155
-722.327 177.701 155
-723.017 184.008 155
-723.653 190.32 155
-723.237 196.725 155
-722.765 203.117 155
-724.232 209.357 155
-723.648 215.74 155
-725.005 222.004 155
-724.31 228.376 155
-723.559 234.733 155
-724.752 241.022 155
-723.89 247.365 155
-722.972 253.691 155
-723 260 155
-722.972 266.309 155
-722.89 272.618 155
-722.752 278.926 155
-721.56 285.198 155
-721.313 291.493 155
-720.012 297.734 155
-719.655 304.016 155
-719.244 310.295 155
-716.784 316.412 155
-716.264 322.665 155
-714.694 328.817 155
-715.061 335.156 155
-713.385 341.28 155
-712.648 347.502 155
-710.866 353.587 155
-709.032 359.648 155
-708.135 365.832 155
-706.197 371.851 155
-705.194 378.009 155
-703.153 383.985 155
-701.061 389.934 155
-699.9 396.047 155
-696.726 401.751 155
-696.441 408.033 155
-693.17 413.672 155
-690.828 419.49 155
-688.438 425.279 155
-687.94 431.523 155
-683.512 436.768 155
-681.944 442.726 155
-680.323 448.67 155
-677.689 454.324 155
-675.968 460.231 155
-673.239 465.83 155
-669.509 471.096 155
-666.691 476.621 155
-663.827 482.113 155
-659.972 487.247 155
-657.964 492.997 155
-654.966 498.388 155
-652.86 504.095 155
-649.772 509.424 155
-645.71 514.352 155
-642.538 519.602 155
-639.325 524.817 155
-636.069 529.995 155
-632.771 535.137 155
-629.433 540.242 155
-626.053 545.309 155
-622.633 550.339 155
-617.368 554.47 155
-615.674 560.284 155
-612.135 565.199 155
-607.666 569.622 155
-604.941 574.913 155
-601.287 579.71 155
-596.717 583.991 155
-593.867 589.186 155
-589.231 593.371 155
-586.299 598.5 155
-581.6 602.588 155
-577.731 607.136 155
-573.827 611.642 155
-568.192 615.046 155
-563.385 618.916 155
-561.071 624.364 155
-557.036 628.694 155
-552.968 632.982 155
-548.044 636.66 155
-544.736 641.428 155
-538.944 644.425 155
-534.76 648.526 155
-530.545 652.583 155
-525.502 655.994 155
-522.026 660.565 155
-516.935 663.874 155
-511.826 667.125 155
-508.253 671.576 155
-502.328 674.087 155
-498.695 678.455 155
-493.503 681.492 155
-489.052 685.126 155
-484.574 688.715 155
-480.072 692.258 155
-474.807 695.08 155
-470.26 698.525 155
-465.69 701.924 155
-460.377 704.581 155
-454.34 706.479 155
-449.013 709.013 155
-445.778 713.627 155
-440.413 716.061 155
-434.352 717.711 155
-430.341 721.484 155
-426.297 725.222 155
-420.883 727.438 155
-415.463 729.595 155
-410.037 731.694 155
-404.606 733.733 155
-399.171 735.714 155
-395.005 739.179 155
-389.549 741.053 155
-384.714 743.652 155
-379.863 746.203 155
-374.997 748.706 155
-368.311 748.765 155
-364.626 752.764 155
-358.549 753.5 155
-353.648 755.796 155
-348.734 758.044 155
-342.676 758.596 155
-337.193 759.91 155
-331.714 761.165 155
-327.328 764.041 155
-321.305 764.348 155
-316.362 766.285 155
-309.319 764.763 155
-292.027 746.014 155
-282.191 739.066 155
-278 741.51 155
-272.803 742.177 155
-278.281 762.032 155
-279.138 774.108 155
-274.171 775.641 155
-268.276 775.353 155
-263.768 777.675 155
-257.902 777.272 155
-252.502 777.705 155
-248.405 780.792 155
-243.428 782.033 155
-237.204 780.498 155
-231.84 780.721 155
-226.888 781.807 155
-222.326 783.767 155
-216.599 782.916 155
-210.903 782.005 155
-206.34 783.825 155
-201.044 783.739 155
-196.116 784.536 155
-190.847 784.349 155
-185.597 784.109 155
-180.69 784.763 155
-175.787 785.371 155
-170.577 784.983 155
-165.087 783.591 155
-160.512 785.011 155
-155.356 784.474 155
-150.498 784.849 155
-145.11 783.251 155
-140.539 784.498 155
-135.456 783.768 155
-130.638 783.96 155
-125.36 782.163 155
-120.349 781.288 155
-115.795 782.318 155
-110.817 781.353 155
-105.665 779.36 155
-101.129 780.262 155
-96.2203 779.159 155
-91.1652 777.024 155
-86.6499 777.8 155
-81.8152 776.561 155
-77.1565 776.266 155
-72.37 774.939 155
-67.7431 774.56 155
-63.0064 773.146 155
-58.526 773.677 155
-53.7276 771.184 155
-49.1688 770.638 155
-44.6237 770.052 155
-40.0141 768.428 155
-35.4362 766.763 155
-30.8905 765.056 155
-26.4296 764.308 155
-21.9841 763.52 155
-17.5195 761.694 155
-13.1146 760.828 155
-8.70871 758.924 155
-4.34578 757.981 155
3.7447e-05 756 155
4.31095 753.981 155
8.60407 752.925 155
12.8529 750.832 155
17.1357 750.701 155
21.3299 748.535 155
25.54 747.331 155
29.7307 746.092 155
33.8319 743.819 155
37.8958 741.511 155
42.0091 740.166 155
46.006 737.79 155
50.0692 736.376 155
54.2244 735.921 155
58.1317 733.445 155
62.1305 731.928 155
65.9681 729.387 155
69.6183 725.826 155
73.6807 725.201 155
77.2423 721.582 155
81.2674 720.89 155
84.9218 718.197 155
88.917 717.438 155
92.5068 714.685 155
96.2631 712.882 155
99.7787 710.072 155
103.028 706.261 155
106.685 704.373 155
110.8 704.395 155
114.173 701.475 155
118.022 700.462 155
121.326 697.488 155
124.312 693.529 155
128.659 694.345 155
131.86 691.293 155
134.716 687.265 155
138.44 686.073 155
141.835 683.901 155
145.203 681.701 155
148.544 679.475 155
151.515 676.284 155
154.792 674.009 155
158.399 672.643 155
161.261 669.384 155
164.827 667.961 155
167.233 663.735 155
170.75 662.261 155
173.855 659.838 155
176.93 657.392 155
179.977 654.923 155
182.994 652.431 155
185.55 649.014 155
188.061 645.583 155
191.419 643.927 155
194.762 642.242 155
197.167 638.754 155
200.464 637.019 155
202.792 633.497 155
206.044 631.713 155
207.803 627.29 155
210.5 624.597 155
212.659 621.023 155
216.316 620.01 155
218.927 617.256 155
220.976 613.636 155
224.591 612.538 155
226.025 608.048 155
228.502 605.229 155
232.065 604.051 155
233.926 600.364 155
236.314 597.491 155
238.669 594.601 155
240.992 591.697 155
243.283 588.777 155
245.541 585.843 155
248.375 583.688 155
250.574 580.72 155
253.986 579.304 155
256.133 576.298 155
257.612 572.508 155
260.972 571.014 155
263.676 568.725 155
264.392 564.148 155
266.373 561.08 155
268.321 558.001 155
270.236 554.911 155
272.799 552.541 155
273.965 548.699 155
276.474 546.297 155
278.962 543.874 155
280.721 540.721 155
281.734 536.859 155
284.859 535.085 155
285.798 531.212 155
286.691 527.343 155
289.013 524.831 155
291.313 522.299 155
293.591 519.747 155
295.091 516.519 155
296.558 513.285 155
296.459 508.759 155
299.39 506.798 155
300.755 503.547 155
302.869 500.913 155
304.172 497.645 155
306.234 494.982 155
309.072 492.902 155
308.681 488.412 155
311.472 486.297 155
313.434 483.571 155
313.735 479.68 155
314.816 476.367 155
317.521 474.171 155
318.544 470.84 155
319.533 467.507 155
323.019 465.786 155
322.258 461.369 155
324.856 459.072 155
324.866 455.199 155
328.281 453.372 155
327.358 449 155
329.865 446.629 155
330.606 443.258 155
332.193 440.366 155
332.871 436.991 155
334.403 434.079 155
335.909 431.154 155
334.705 426.878 155
337.048 424.389 155
338.469 421.442 155
340.772 418.904 155
342.145 415.925 155
340.752 411.713 155
342.063 408.733 155
344.269 406.133 155
345.531 403.124 155
344.912 399.354 155
347.046 396.705 155
347.292 393.313 155
349.379 390.627 155
349.566 387.231 155
348.777 383.509 155
349.842 380.46 155
350.88 377.403 155
351.891 374.336 155
352.875 371.261 155
353.833 368.178 155
355.722 365.37 155
354.706 361.71 155
353.652 358.076 155
356.427 355.504 155
356.278 352.14 155
357.069 349.027 155
357.832 345.908 155
358.568 342.782 155
359.277 339.65 155
358.98 336.304 155
359.632 333.168 155
360.257 330.027 155
360.855 326.88 155
360.44 323.555 155
361.967 320.572 155
362.482 317.411 155
363.958 314.394 155
363.428 311.077 155
363.86 307.903 155
364.264 304.726 155
363.647 301.432 155
365.984 298.466 155
365.31 295.175 155
366.6 292.073 155
366.866 288.873 155
366.106 285.601 155
365.317 282.344 155
366.497 279.207 155
365.652 275.965 155
367.776 272.843 155
365.875 269.581 155
366.944 266.405 155
367.986 263.211 155
369 260 155
368.986 256.78 155
366.944 253.595 155
367.874 250.367 155
366.776 247.192 155
365.652 244.035 155
366.497 240.793 155
367.314 237.534 155
365.108 234.469 155
366.866 231.127 155
365.603 228.014 155
367.301 224.633 155
365.984 221.534 155
366.628 218.228 155
366.25 215.03 155
365.843 211.836 155
366.399 208.506 155
365.936 205.311 155
364.457 202.276 155
364.926 198.932 155
363.394 195.924 155
363.804 192.573 155
361.239 189.782 155
362.572 186.234 155
360.936 183.281 155
358.301 180.567 155
0 260 155
0 260 155
0 260 155
0 260 155
0 260 155
0 260 155
0 260 155
0 260 155
70.7666 238.364 155
72.4825 237.146 155
73.2314 236.206 155
0 260 155
0 260 155
39.5909 245.98 155
37.5877 246.319 155
37.4669 245.992 155
36.4096 246.024 155
37.2167 245.34 155
36.1602 245.39 155
36.0313 245.075 155
34.9792 245.152 155
33.9312 245.246 155
33.8012 244.951 155
33.6686 244.656 155
33.5334 244.363 155
34.2982 243.641 155
33.2554 243.78 155
34.0075 243.044 155
31.1852 244.11 155
31.9324 243.377 155
30.0202 244.038 155
29.001 244.254 155
30.6117 243.032 155
29.5921 243.258 155
28.5788 243.5 155
29.2954 242.744 155
30.0009 241.974 155
29.8424 241.713 155
28.8336 241.983 155
27.8319 242.269 155
29.3535 240.938 155
28.3521 241.234 155
26.5292 242.106 155
27.1962 241.309 155
27.032 241.072 155
26.8658 240.837 155
25.8885 241.191 155
25.7234 240.966 155
24.7577 241.344 155
34.1142 233.823 155
40.1885 228.601 155
35.2174 231.987 155
27.2001 237.974 155
27.0069 237.737 155
24.5134 239.431 155
0 260 155
0 260 155
0 260 155
0 260 155
0 260 155
0 260 155
0 260 155
0 260 155
0 260 155
0 260 155
0 260 155
