-0 260 123
-0 260 123
-0 260 123
-0 260 123
-0 260 123
-0 260 123
-0 260 123
-0 260 123
-17.3583 244.911 123
-22.8122 240.517 123
-26.0455 238.145 123
-27.0069 237.737 123
-33.4173 232.939 123
-43.0435 225.762 123
-40.1886 228.601 123
-27.7674 238.693 123
-24.7577 241.344 123
-27.3311 239.776 123
-26.6976 240.603 123
-26.8658 240.837 123
-26.2129 241.646 123
-26.372 241.875 123
-25.7002 242.665 123
-26.6843 242.338 123
-26.8375 242.572 123
-27.8319 242.269 123
-27.9856 242.513 123
-28.1371 242.758 123
-27.4294 243.519 123
-28.4338 243.251 123
-28.5788 243.5 123
-27.8514 244.242 123
-26.2386 245.456 123
-29.001 244.254 123
-30.9032 243.569 123
-30.1584 244.301 123
-30.2942 244.564 123
-30.4278 244.829 123
-29.6602 245.534 123
-31.5905 244.932 123
-31.7208 245.208 123
-31.8486 245.486 123
-31.9741 245.764 123
-34.8483 244.848 123
-34.0587 245.543 123
-35.1074 245.458 123
-35.233 245.765 123
-35.3559 246.073 123
-36.4096 246.024 123
-36.5302 246.342 123
-39.4671 245.635 123
-0 260 123
-0 260 123
-0 260 123
-71.3292 236.824 123
-71.5288 237.447 123
-0 260 123
-0 260 123
-0 260 123
-0 260 123
-0 260 123
-0 260 123
-0 260 123
-0 260 123
-0 260 123
-0 260 123
-0 260 123
-0 260 123
-0 260 123
-0 260 123
-0 260 123
-0 260 123
-698.296 149.401 123
-699.234 155.499 123
-700.12 161.605 123
-698.969 167.979 123
-700.738 173.96 123
-700.468 180.192 123
-702.132 186.203 123
-701.754 192.429 123
-701.321 198.642 123
-701.83 204.765 123
-703.283 210.822 123
-702.687 217.022 123
-702.037 223.208 123
-703.33 229.292 123
-702.572 235.466 123
-702.759 241.598 123
-702.893 247.731 123
-701.973 253.874 123
-701 260 123
-701.973 266.126 123
-700.893 272.234 123
-699.76 278.324 123
-700.573 284.465 123
-699.334 290.534 123
-696.045 296.478 123
-696.698 302.612 123
-696.3 308.69 123
-694.851 314.686 123
-695.344 320.835 123
-693.791 326.805 123
-692.187 332.752 123
-692.52 338.903 123
-690.812 344.821 123
-689.054 350.716 123
-688.236 356.725 123
-686.377 362.58 123
-684.468 368.409 123
-683.496 374.378 123
-680.502 379.991 123
-679.429 385.925 123
-678.304 391.849 123
-677.128 397.763 123
-675.9 403.667 123
-673.644 409.343 123
-670.367 414.766 123
-668.99 420.611 123
-666.593 426.2 123
-663.181 431.51 123
-662.625 437.55 123
-660.087 443.058 123
-658.464 448.812 123
-654.874 453.983 123
-653.156 459.69 123
-650.435 465.081 123
-647.669 470.441 123
-644.86 475.767 123
-642.007 481.061 123
-640.054 486.655 123
-637.112 491.89 123
-633.19 496.74 123
-630.167 501.898 123
-628.032 507.388 123
-623.995 512.11 123
-620.847 517.163 123
-618.579 522.571 123
-613.513 526.763 123
-611.162 532.107 123
-607.854 537.015 123
-603.601 541.464 123
-602.024 547.151 123
-598.597 551.955 123
-595.131 556.722 123
-591.628 561.45 123
-588.088 566.139 123
-582.745 569.851 123
-580.898 575.402 123
-578.124 580.459 123
-573.564 584.507 123
-570.711 589.5 123
-566.952 593.96 123
-563.159 598.38 123
-559.332 602.759 123
-555.471 607.097 123
-551.578 611.394 123
-545.974 614.56 123
-543.694 619.863 123
-539.703 624.035 123
-535.682 628.164 123
-530.81 631.678 123
-527.547 636.296 123
-523.434 640.297 123
-517.684 643.066 123
-515.12 648.171 123
-510.126 651.434 123
-505.903 655.255 123
-502.434 659.654 123
-497.373 662.765 123
-492.296 665.818 123
-487.204 668.813 123
-484.379 673.698 123
-479.241 676.598 123
-475.587 680.764 123
-471.154 684.229 123
-465.959 686.973 123
-461.484 690.341 123
-456.986 693.663 123
-452.465 696.94 123
-447.208 699.47 123
-441.942 701.942 123
-437.367 705.068 123
-433.467 708.868 123
-428.156 711.183 123
-423.521 714.171 123
-419.541 717.849 123
-414.861 720.75 123
-408.837 722.106 123
-404.132 724.901 123
-400.06 728.41 123
-394.029 729.585 123
-389.28 732.234 123
-384.515 734.836 123
-380.356 738.174 123
-374.938 739.899 123
-370.127 742.359 123
-364.098 743.175 123
-360.463 747.137 123
-354.434 747.837 123
-349.002 749.283 123
-344.146 751.491 123
-339.277 753.652 123
-334.956 756.594 123
-329.506 757.83 123
-324.06 759.009 123
-318.619 760.131 123
-313.712 762.045 123
-308.797 763.91 123
-303.357 764.872 123
-298.433 766.638 123
-293.5 768.357 123
-288.56 770.028 123
-272.463 751.536 123
-261.006 740.713 123
-257.27 743.855 123
-251.191 742.534 123
-251.511 753.618 123
-257.01 775.482 123
-252.063 776.807 123
-247.544 778.987 123
-243.005 781.127 123
-237.204 780.498 123
-231.84 780.721 123
-226.489 780.89 123
-222.326 783.767 123
-216.599 782.916 123
-211.278 782.932 123
-206.707 784.756 123
-201.403 784.672 123
-196.116 784.536 123
-191.189 785.288 123
-186.264 785.994 123
-181.016 785.708 123
-176.104 786.32 123
-170.886 785.934 123
-165.99 786.452 123
-161.097 786.924 123
-156.208 787.351 123
-151.049 786.771 123
-146.179 787.106 123
-141.056 786.43 123
-136.457 787.64 123
-131.364 786.871 123
-126.527 787.025 123
-121.249 785.185 123
-116.661 786.224 123
-111.856 786.243 123
-106.662 784.26 123
-101.892 784.189 123
-97.1315 784.075 123
-92.5544 784.903 123
-87.6402 783.718 123
-82.9102 783.475 123
-78.0433 782.2 123
-73.205 780.881 123
-68.6567 781.5 123
-63.8595 780.094 123
-59.2052 779.638 123
-54.5638 779.14 123
-49.8397 777.606 123
-45.3209 778.021 123
-40.5633 775.406 123
-36.0641 775.741 123
-31.3789 773.041 123
-26.8483 772.297 123
-22.3331 771.513 123
-17.8685 771.688 123
-13.3502 769.825 123
-8.88324 768.922 123
-4.42432 766.981 123
3.82019e-05 766 123
4.41566 765.981 123
8.7786 762.923 123
13.1409 761.828 123
17.4847 760.695 123
21.8097 759.524 123
26.011 756.319 123
30.4022 757.071 123
34.5992 754.792 123
38.8373 753.474 123
42.9678 751.124 123
47.252 750.73 123
51.428 749.305 123
55.4696 746.85 123
59.716 746.348 123
63.6968 743.825 123
67.7773 742.261 123
71.8354 740.662 123
75.4014 736.066 123
79.718 736.376 123
83.6985 734.677 123
87.6553 732.946 123
91.7792 732.163 123
95.4973 729.384 123
99.3818 727.555 123
102.809 723.741 123
106.852 722.826 123
110.42 719.931 123
114.429 718.95 123
118.179 716.966 123
121.904 714.951 123
125.335 711.943 123
129.274 710.832 123
132.635 707.769 123
135.66 703.725 123
140.129 704.432 123
143.384 701.29 123
146.912 699.074 123
150.413 696.83 123
153.885 694.558 123
157.671 693.198 123
160.395 688.996 123
164.133 687.58 123
166.758 683.34 123
170.446 681.869 123
174.121 680.365 123
177.392 677.909 123
179.437 672.677 123
183.032 671.095 123
187.441 671.302 123
189.333 666.026 123
193.3 665.261 123
196.829 663.559 123
199.004 659.141 123
202.934 658.28 123
205.94 655.607 123
208.445 652.029 123
211.381 649.316 123
213.801 645.707 123
217.159 643.827 123
220.5 641.917 123
222.809 638.255 123
225.072 634.582 123
227.809 631.751 123
232.105 631.445 123
234.8 628.562 123
236.918 624.822 123
238.989 621.073 123
241.012 617.315 123
245.254 616.847 123
247.785 613.874 123
250.864 611.698 123
253.335 608.686 123
255.179 604.855 123
257.577 601.816 123
260.55 599.555 123
262.272 595.693 123
265.191 593.391 123
268.091 591.064 123
270.333 587.94 123
273.185 585.569 123
275.366 582.412 123
276.857 578.487 123
278.963 575.31 123
281.035 572.121 123
283.072 568.919 123
286.439 567.169 123
288.421 563.932 123
291.062 561.403 123
292.98 558.139 123
294.864 554.864 123
296.712 551.578 123
298.526 548.283 123
300.305 544.979 123
302.049 541.665 123
304.496 539.019 123
306.919 536.351 123
307.821 532.337 123
310.94 530.296 123
313.287 527.573 123
314.844 524.186 123
315.594 520.156 123
318.63 518.021 123
320.087 514.608 123
322.296 511.806 123
324.482 508.983 123
326.642 506.142 123
327.17 502.093 123
329.27 499.229 123
330.531 495.765 123
332.576 492.872 123
333.771 489.395 123
336.589 487.032 123
339.392 484.638 123
339.662 480.579 123
340.73 477.069 123
341.763 473.557 123
343.614 470.567 123
344.581 467.045 123
347.237 464.538 123
348.142 461 123
351.624 458.939 123
350.723 454.409 123
352.406 451.341 123
354.945 448.728 123
355.691 445.161 123
355.512 441.142 123
357.079 438.033 123
359.518 435.348 123
360.132 431.774 123
362.523 429.047 123
362.165 425.048 123
362.678 421.474 123
365.907 419.101 123
366.361 415.511 123
366.78 411.925 123
369.019 409.093 123
370.306 405.867 123
369.698 401.914 123
371.859 399.032 123
373.058 395.782 123
373.286 392.188 123
373.48 388.599 123
375.536 385.653 123
377.569 382.68 123
376.718 378.779 123
379.653 376.072 123
378.734 372.186 123
379.698 368.877 123
380.634 365.559 123
379.609 361.716 123
380.482 358.399 123
381.326 355.075 123
383.114 351.977 123
384.876 348.856 123
385.637 345.494 123
384.412 341.709 123
384.13 338.152 123
385.779 334.988 123
384.453 331.254 123
386.045 328.07 123
386.624 324.699 123
390.137 321.792 123
389.672 318.237 123
389.175 314.695 123
389.638 311.297 123
390.071 307.895 123
389.48 304.376 123
389.853 300.975 123
391.191 297.667 123
393.497 294.427 123
393.782 290.991 123
393.04 287.484 123
390.271 283.87 123
391.463 280.516 123
391.627 277.099 123
391.761 273.681 123
392.865 270.288 123
394.94 266.894 123
392.985 263.43 123
394 260 123
392.985 256.57 123
393.94 253.124 123
393.865 249.686 123
393.76 246.25 123
393.625 242.814 123
394.459 239.327 123
395.261 235.825 123
394.038 232.446 123
394.779 228.93 123
394.493 225.486 123
394.177 222.045 123
391.842 218.816 123
392.461 215.285 123
393.048 211.74 123
392.612 208.312 123
393.136 204.748 123
391.65 201.467 123
391.125 198.052 123
391.555 194.476 123
389.984 191.235 123
389.369 187.835 123
389.706 184.249 123
389.03 180.851 123
389.303 177.251 123
386.613 174.29 123
0 260 123
0 260 123
0 260 123
0 260 123
0 260 123
0 260 123
0 260 123
0 260 123
71.7229 238.072 123
71.5288 237.447 123
0 260 123
0 260 123
0 260 123
39.5909 245.98 123
38.5274 245.977 123
36.5302 246.342 123
35.4761 246.382 123
35.3559 246.073 123
36.1602 245.39 123
35.1074 245.458 123
34.9792 245.152 123
34.8483 244.848 123
33.8012 244.951 123
33.6686 244.656 123
33.5334 244.363 123
33.3957 244.071 123
33.2554 243.78 123
33.1126 243.491 123
32.0762 243.656 123
31.0454 243.839 123
30.0202 244.038 123
29.8798 243.777 123
29.7371 243.516 123
30.4624 242.765 123
28.5788 243.5 123
28.4338 243.251 123
29.1437 242.489 123
28.9898 242.235 123
28.8336 241.983 123
28.6753 241.732 123
28.5148 241.482 123
27.5182 241.786 123
28.1873 240.987 123
27.1962 241.309 123
26.2129 241.646 123
26.0517 241.418 123
25.8885 241.191 123
24.9196 241.56 123
24.7577 241.344 123
35.7009 232.606 123
40.1885 228.601 123
32.8695 233.854 123
26.423 238.603 123
27.0069 237.737 123
22.9813 240.716 123
0 260 123
0 260 123
0 260 123
0 260 123
0 260 123
0 260 123
0 260 123
0 260 123
0 260 123
0 260 123
0 260 123
