-0 260 5
-0 260 5
-0 260 5
-0 260 5
-0 260 5
-0 260 5
-0 260 5
-0 260 5
-15.8489 246.223 5
-22.8122 240.517 5
-26.0455 238.145 5
-27.0069 237.737 5
-33.4173 232.939 5
-42.2608 226.384 5
-40.9766 227.986 5
-26.974 239.302 5
-26.355 240.14 5
-27.3311 239.776 5
-26.6976 240.603 5
-26.0517 241.418 5
-26.2129 241.646 5
-25.5479 242.441 5
-25.7002 242.665 5
-27.5182 241.786 5
-25.9988 243.116 5
-27.8319 242.269 5
-27.1375 243.043 5
-27.2845 243.28 5
-27.4294 243.519 5
-28.4338 243.251 5
-27.7128 244 5
-27.8514 244.242 5
-27.9878 244.486 5
-29.001 244.254 5
-29.1373 244.507 5
-29.2714 244.762 5
-30.2942 244.564 5
-31.3227 244.383 5
-30.559 245.095 5
-30.6879 245.363 5
-31.7208 245.208 5
-32.7586 245.071 5
-32.8876 245.357 5
-33.9312 245.246 5
-34.0587 245.543 5
-34.1835 245.841 5
-34.3058 246.14 5
-34.4255 246.439 5
-36.4096 246.024 5
-37.4669 245.992 5
-40.4068 245.293 5
-0 260 5
-0 260 5
-0 260 5
-72.2803 236.515 5
-69.6213 238.048 5
-0 260 5
-0 260 5
-0 260 5
-0 260 5
-0 260 5
-0 260 5
-0 260 5
-0 260 5
-0 260 5
-0 260 5
-0 260 5
-0 260 5
-0 260 5
-0 260 5
-0 260 5
-0 260 5
-899.784 117.488 5
-904.95 124.755 5
-897.183 133.909 5
-894.283 142.266 5
-896.269 149.952 5
-909.118 156.419 5
-898.053 165.611 5
-889.884 174.314 5
-897.571 181.473 5
-902.21 188.995 5
-896.81 197.289 5
-877.36 206.338 5
-876.797 214.049 5
-872.169 221.92 5
-859.476 229.987 5
-858.706 237.514 5
-859.869 244.991 5
-863.967 252.46 5
-864 260 5
-861.967 267.522 5
-857.869 274.974 5
-857.706 282.46 5
-854.479 289.839 5
-855.185 297.338 5
-855.826 304.852 5
-859.394 312.563 5
-859.9 320.13 5
-870.309 328.495 5
-866.689 335.826 5
-865.995 343.386 5
-874.185 351.881 5
-873.35 359.506 5
-882.374 368.342 5
-897.258 378.126 5
-904.115 387.065 5
-908.906 395.837 5
-999.541 418.312 5
-1012.92 429.504 5
-1024.2 440.594 5
-1026.52 450.254 5
-1015 457.297 5
-990.704 461.561 5
-1033.9 479.763 5
-0 260 5
-0 260 5
-0 260 5
-0 260 5
-0 260 5
-0 260 5
-0 260 5
-0 260 5
-0 260 5
-0 260 5
-0 260 5
-0 260 5
-0 260 5
-0 260 5
-0 260 5
-0 260 5
-0 260 5
-0 260 5
-0 260 5
-0 260 5
-0 260 5
-0 260 5
-0 260 5
-0 260 5
-0 260 5
-0 260 5
-0 260 5
-0 260 5
-0 260 5
-0 260 5
-0 260 5
-0 260 5
-0 260 5
-0 260 5
-0 260 5
-0 260 5
-0 260 5
-0 260 5
-0 260 5
-0 260 5
-0 260 5
-0 260 5
-0 260 5
-0 260 5
-0 260 5
-0 260 5
-0 260 5
-0 260 5
-0 260 5
-0 260 5
-0 260 5
-0 260 5
-0 260 5
-0 260 5
-0 260 5
-0 260 5
-0 260 5
-0 260 5
-0 260 5
-0 260 5
-0 260 5
-0 260 5
-0 260 5
-0 260 5
-0 260 5
-0 260 5
-0 260 5
-0 260 5
-0 260 5
-0 260 5
-0 260 5
-0 260 5
-0 260 5
-0 260 5
-0 260 5
-0 260 5
-0 260 5
-0 260 5
-0 260 5
-0 260 5
-0 260 5
-0 260 5
-0 260 5
-0 260 5
-0 260 5
-0 260 5
-0 260 5
-0 260 5
-0 260 5
-0 260 5
-0 260 5
-0 260 5
-0 260 5
-0 260 5
-0 260 5
-0 260 5
-0 260 5
-0 260 5
-0 260 5
-0 260 5
-0 260 5
-0 260 5
-0 260 5
-0 260 5
-0 260 5
-0 260 5
-0 260 5
-0 260 5
-0 260 5
-0 260 5
-0 260 5
-0 260 5
-0 260 5
-0 260 5
-0 260 5
-0 260 5
-0 260 5
-0 260 5
-0 260 5
-0 260 5
-0 260 5
-0 260 5
-0 260 5
-0 260 5
-0 260 5
-0 260 5
-0 260 5
-0 260 5
-0 260 5
-0 260 5
-0 260 5
-0 260 5
-0 260 5
-0 260 5
0 260 5
0 260 5
0 260 5
0 260 5
0 260 5
0 260 5
0 260 5
0 260 5
0 260 5
0 260 5
0 260 5
0 260 5
0 260 5
0 260 5
0 260 5
0 260 5
0 260 5
0 260 5
0 260 5
0 260 5
0 260 5
0 260 5
0 260 5
0 260 5
0 260 5
0 260 5
0 260 5
0 260 5
0 260 5
0 260 5
0 260 5
0 260 5
0 260 5
0 260 5
0 260 5
0 260 5
0 260 5
0 260 5
0 260 5
0 260 5
0 260 5
0 260 5
0 260 5
0 260 5
0 260 5
0 260 5
0 260 5
0 260 5
0 260 5
0 260 5
0 260 5
0 260 5
0 260 5
0 260 5
0 260 5
0 260 5
0 260 5
0 260 5
0 260 5
0 260 5
0 260 5
0 260 5
0 260 5
0 260 5
0 260 5
0 260 5
0 260 5
0 260 5
0 260 5
0 260 5
0 260 5
0 260 5
0 260 5
0 260 5
0 260 5
0 260 5
0 260 5
0 260 5
0 260 5
0 260 5
0 260 5
0 260 5
0 260 5
0 260 5
0 260 5
0 260 5
0 260 5
0 260 5
0 260 5
0 260 5
0 260 5
0 260 5
0 260 5
0 260 5
0 260 5
0 260 5
0 260 5
0 260 5
0 260 5
0 260 5
0 260 5
0 260 5
0 260 5
0 260 5
0 260 5
0 260 5
0 260 5
0 260 5
0 260 5
0 260 5
0 260 5
0 260 5
0 260 5
0 260 5
0 260 5
0 260 5
0 260 5
0 260 5
0 260 5
0 260 5
0 260 5
0 260 5
0 260 5
0 260 5
0 260 5
0 260 5
0 260 5
0 260 5
0 260 5
0 260 5
0 260 5
0 260 5
0 260 5
0 260 5
0 260 5
0 260 5
0 260 5
0 260 5
0 260 5
0 260 5
0 260 5
0 260 5
0 260 5
0 260 5
0 260 5
0 260 5
0 260 5
0 260 5
0 260 5
0 260 5
0 260 5
0 260 5
0 260 5
0 260 5
0 260 5
0 260 5
0 260 5
0 260 5
0 260 5
0 260 5
0 260 5
0 260 5
1028.18 422.848 5
1029.57 413.87 5
1029.88 404.74 5
1043 397.314 5
1015.37 384.672 5
986.617 372.411 5
980.599 363.065 5
968.521 353.258 5
953.358 343.408 5
970.001 336.341 5
966.64 327.594 5
953.219 318.301 5
964.676 310.557 5
987.06 303.096 5
1006.39 295.144 5
998.658 286.151 5
957.854 276.719 5
950.964 268.299 5
950 260 5
935.964 251.832 5
956.854 243.298 5
982.663 234.268 5
1081.34 222.239 5
1076.97 212.978 5
1078.52 203.477 5
1080.98 193.884 5
1089.34 183.826 5
1082.65 174.793 5
1094.82 164.216 5
1091.95 154.857 5
407.754 217.143 5
412.332 213.021 5
1074.43 70.5498 5
1072.73 61.1811 5
1053.29 55.262 5
1035.78 49.2681 5
1014.34 44.3956 5
980.201 42.6946 5
0 260 5
0 260 5
0 260 5
0 260 5
0 260 5
0 260 5
0 260 5
70.9527 238.983 5
72.6792 237.78 5
72.4825 237.146 5
0 260 5
0 260 5
0 260 5
39.5909 245.98 5
38.5274 245.977 5
36.5302 246.342 5
36.4096 246.024 5
36.2863 245.706 5
36.1602 245.39 5
35.1074 245.458 5
34.9792 245.152 5
33.9312 245.246 5
32.8876 245.357 5
32.7586 245.071 5
32.6271 244.786 5
33.3957 244.071 5
33.2554 243.78 5
32.2176 243.937 5
32.0762 243.656 5
31.9324 243.377 5
30.9032 243.568 5
29.001 244.254 5
29.7371 243.516 5
28.7217 243.75 5
29.4449 243 5
28.4338 243.251 5
29.1437 242.489 5
28.1371 242.758 5
29.6817 241.453 5
28.6753 241.732 5
27.6761 242.027 5
27.5182 241.786 5
28.1873 240.987 5
26.372 241.875 5
27.032 241.072 5
26.8658 240.837 5
25.0795 241.779 5
24.9196 241.56 5
24.7577 241.344 5
34.9075 233.214 5
40.1885 228.601 5
33.6522 233.232 5
26.423 238.603 5
25.4636 239.009 5
22.9813 240.716 5
0 260 5
0 260 5
0 260 5
0 260 5
0 260 5
0 260 5
0 260 5
0 260 5
0 260 5
0 260 5
0 260 5
