-0 260 96
-0 260 96
-0 260 96
-0 260 96
-0 260 96
-0 260 96
-0 260 96
-0 260 96
-16.6036 245.567 96
-22.8122 240.517 96
-26.8116 237.502 96
-27.7785 237.101 96
-34.1944 232.31 96
-40.6956 227.629 96
-39.4005 229.217 96
-26.1807 239.911 96
-26.355 240.14 96
-27.3311 239.776 96
-26.6976 240.603 96
-26.0517 241.418 96
-26.2129 241.646 96
-26.372 241.875 96
-26.5292 242.106 96
-25.8505 242.89 96
-26.8375 242.572 96
-26.9885 242.806 96
-27.1375 243.043 96
-27.2845 243.28 96
-29.1437 242.489 96
-27.5721 243.759 96
-28.5788 243.5 96
-26.981 244.735 96
-27.9878 244.486 96
-29.001 244.254 96
-30.9032 243.569 96
-31.0454 243.839 96
-30.2942 244.564 96
-31.3227 244.383 96
-29.6602 245.534 96
-31.5905 244.932 96
-30.8145 245.631 96
-31.8486 245.486 96
-33.8012 244.951 96
-33.9312 245.246 96
-34.0587 245.543 96
-35.1074 245.458 96
-34.3058 246.14 96
-34.4255 246.439 96
-36.4096 246.024 96
-35.5935 246.692 96
-39.4671 245.635 96
-0 260 96
-0 260 96
-0 260 96
-72.2803 236.515 96
-71.5288 237.447 96
-71.7229 238.072 96
-0 260 96
-0 260 96
-0 260 96
-0 260 96
-0 260 96
-0 260 96
-0 260 96
-0 260 96
-0 260 96
-0 260 96
-0 260 96
-0 260 96
-0 260 96
-0 260 96
-0 260 96
-710.148 147.524 96
-711.102 153.725 96
-710.022 160.213 96
-710.866 166.413 96
-710.663 172.742 96
-712.391 178.833 96
-712.078 185.158 96
-712.704 191.375 96
-712.279 197.684 96
-713.793 203.823 96
-713.258 210.124 96
-713.666 216.35 96
-713.021 222.632 96
-714.319 228.812 96
-713.565 235.082 96
-713.755 241.31 96
-713.891 247.539 96
-712.973 253.778 96
-713 260 96
-712.973 266.222 96
-711.892 272.426 96
-711.756 278.638 96
-710.567 284.814 96
-710.323 291.013 96
-709.027 297.159 96
-708.676 303.345 96
-707.273 309.457 96
-706.814 315.628 96
-706.302 321.794 96
-704.74 327.859 96
-704.121 334.006 96
-701.462 339.922 96
-700.738 346.04 96
-699.96 352.152 96
-698.139 358.117 96
-697.256 364.206 96
-695.333 370.13 96
-693.359 376.029 96
-691.335 381.901 96
-689.262 387.747 96
-688.121 393.757 96
-686.927 399.757 96
-685.681 405.746 96
-683.407 411.508 96
-678.162 416.566 96
-679.687 423.178 96
-677.266 428.862 96
-673.831 434.265 96
-672.284 440.138 96
-668.76 445.464 96
-667.116 451.292 96
-665.421 457.107 96
-661.763 462.321 96
-659.018 467.788 96
-656.229 473.222 96
-654.343 478.94 96
-651.462 484.317 96
-648.537 489.659 96
-645.569 494.968 96
-641.62 499.892 96
-639.503 505.482 96
-633.614 509.587 96
-631.412 515.107 96
-629.162 520.608 96
-625.943 525.697 96
-622.684 530.751 96
-620.297 536.174 96
-616.044 540.747 96
-613.57 546.113 96
-609.245 550.595 96
-605.787 555.462 96
-602.291 560.291 96
-598.756 565.082 96
-595.184 569.833 96
-590.692 574.077 96
-587.929 579.219 96
-584.246 583.853 96
-580.527 588.447 96
-576.773 593 96
-572.122 597.006 96
-567.445 600.955 96
-564.448 605.894 96
-560.56 610.277 96
-555.795 614.081 96
-552.684 618.917 96
-548.697 623.175 96
-545.507 627.949 96
-541.451 632.129 96
-535.725 635.119 96
-533.246 640.361 96
-528.288 643.824 96
-523.311 647.23 96
-516.717 649.374 96
-495.052 639.867 96
-475.17 631.244 96
-471.913 635.376 96
-481.053 649.549 96
-497.698 670.271 96
-493.333 673.955 96
-488.941 677.595 96
-483.014 679.878 96
-479.332 684.077 96
-473.383 686.236 96
-469.646 690.351 96
-463.678 692.387 96
-459.887 696.417 96
-456.061 700.413 96
-451.487 703.676 96
-445.477 705.477 96
-440.872 708.635 96
-435.551 711.026 96
-430.222 713.359 96
-426.931 717.827 96
-421.568 720.061 96
-417.537 723.722 96
-410.824 724.353 96
-407.413 728.675 96
-402.658 731.452 96
-396.6 732.649 96
-391.188 734.549 96
-387.661 738.722 96
-381.601 739.739 96
-376.785 742.263 96
-372.562 745.532 96
-367.107 747.168 96
-361.652 748.745 96
-356.198 750.264 96
-350.745 751.726 96
-347.014 755.587 96
-340.41 755.3 96
-335.516 757.423 96
-330.058 758.664 96
-325.694 761.525 96
-320.768 763.505 96
-314.772 763.741 96
-309.842 765.616 96
-304.387 766.586 96
-298.94 767.5 96
-295 770.955 96
-289.053 770.899 96
-283.129 770.778 96
-279.138 774.108 96
-274.171 775.641 96
-268.276 775.353 96
-262.86 775.893 96
-257.902 777.272 96
-252.502 777.705 96
-247.113 778.084 96
-242.583 780.221 96
-237.619 781.408 96
-232.653 782.548 96
-227.287 782.724 96
-221.935 782.847 96
-216.599 782.916 96
-211.653 783.859 96
-206.34 783.825 96
-201.403 784.672 96
-196.466 785.473 96
-191.189 785.288 96
-185.93 785.051 96
-181.016 785.708 96
-175.787 785.371 96
-170.886 785.934 96
-165.689 785.498 96
-160.512 785.011 96
-155.356 784.474 96
-150.774 785.81 96
-145.645 785.179 96
-140.798 785.464 96
-135.456 783.768 96
-130.88 784.93 96
-125.827 784.107 96
-121.024 784.211 96
-116.012 783.295 96
-111.233 783.309 96
-106.462 783.28 96
-101.701 783.207 96
-96.5848 781.125 96
-92.0335 781.948 96
-87.3101 781.745 96
-82.4409 780.512 96
-77.7477 780.222 96
-72.9267 778.9 96
-68.2652 778.526 96
-63.372 776.124 96
-58.7524 775.664 96
-54.1457 775.162 96
-49.5522 774.62 96
-44.9723 774.036 96
-40.3279 772.416 96
-35.785 771.75 96
-31.1958 770.047 96
-26.7436 770.3 96
-22.1586 767.516 96
-17.694 766.691 96
-13.2455 765.827 96
-8.81343 764.923 96
-4.40686 764.981 96
3.79754e-05 763 96
4.36331 759.981 96
8.72624 759.924 96
13.0362 757.829 96
17.3451 756.697 96
21.5916 754.529 96
25.9063 754.322 96
30.097 752.08 96
34.3202 750.802 96
38.5235 749.486 96
42.6192 747.139 96
46.4852 742.767 96
50.9054 744.332 96
54.9036 741.882 96
58.9848 740.392 96
63.0442 738.868 96
67.0815 737.309 96
70.8007 733.739 96
74.9321 733.103 96
78.8928 731.445 96
82.8302 729.753 96
86.3797 726.063 96
90.4435 725.291 96
94.1017 722.524 96
98.1343 721.686 96
101.727 718.859 96
105.502 716.98 96
109.252 715.069 96
112.736 712.158 96
115.926 708.252 96
119.833 707.224 96
123.464 705.197 96
127.344 704.103 96
130.931 702.016 96
134.491 699.9 96
137.723 696.802 96
141.221 694.633 96
143.739 689.591 96
147.808 689.265 96
151.548 687.959 96
154.935 685.681 96
157.944 682.439 96
160.907 679.178 96
164.926 678.688 96
167.824 675.378 96
170.677 672.05 96
174.657 671.466 96
176.646 666.258 96
180.591 665.614 96
184.124 664.023 96
187.22 661.494 96
189.855 658.04 96
193.322 656.368 96
195.881 652.876 96
198.394 649.37 96
201.322 646.737 96
204.69 644.965 96
207.087 641.407 96
210.407 639.585 96
213.712 637.734 96
216 634.123 96
218.749 631.362 96
220.951 627.725 96
223.629 624.93 96
227.335 623.813 96
229.964 620.972 96
232.561 618.112 96
235.677 616.069 96
238.216 613.17 96
239.59 608.605 96
242.049 605.682 96
245.057 603.557 96
246.87 599.787 96
249.826 597.62 96
253.364 596.226 96
256.289 594.002 96
258.578 590.965 96
260.211 587.13 96
261.797 583.293 96
264.609 580.996 96
266.757 577.908 96
270.17 576.329 96
272.265 573.204 96
272.999 568.57 96
276.351 566.919 96
279.019 564.496 96
280.301 560.586 96
281.537 556.678 96
284.81 554.929 96
285.27 550.293 96
288.5 548.5 96
291.719 546.672 96
292.771 542.726 96
293.777 538.784 96
295.467 535.527 96
297.86 532.938 96
299.487 529.66 96
301.829 527.036 96
304.148 524.392 96
305.683 521.078 96
307.184 517.758 96
309.421 515.067 96
310.081 511.099 96
312.261 508.383 96
314.416 505.649 96
315.755 502.287 96
317.058 498.921 96
319.131 496.145 96
321.18 493.351 96
322.39 489.958 96
324.384 487.136 96
327.178 484.863 96
327.47 480.881 96
328.551 477.463 96
329.598 474.043 96
333.14 472.233 96
334.131 468.788 96
335.94 465.864 96
336.01 461.895 96
336.897 458.447 96
338.616 455.5 96
340.309 452.538 96
341.976 449.561 96
343.617 446.569 96
345.233 443.563 96
345.934 440.082 96
348.384 437.51 96
348.129 433.571 96
349.631 430.526 96
351.106 427.469 96
350.741 423.553 96
351.245 420.072 96
355.369 418.221 96
354.902 414.316 96
358.076 411.994 96
358.465 408.481 96
357.893 404.598 96
359.141 401.469 96
360.362 398.33 96
360.619 394.83 96
361.782 391.678 96
362.917 388.516 96
363.079 385.018 96
365.105 382.162 96
365.206 378.663 96
367.181 375.772 96
367.221 372.271 96
367.228 368.778 96
371.047 366.396 96
369.07 362.352 96
370.916 359.387 96
372.737 356.396 96
370.653 352.414 96
370.473 348.943 96
374.158 346.381 96
372.945 342.68 96
373.652 339.422 96
375.311 336.358 96
376.945 333.271 96
377.57 329.978 96
377.181 326.507 96
376.761 323.048 96
378.285 319.914 96
377.804 316.463 96
377.292 313.025 96
378.732 309.861 96
380.145 306.676 96
380.538 303.357 96
379.907 299.93 96
381.237 296.709 96
381.543 293.381 96
380.822 289.971 96
380.072 286.577 96
381.287 283.321 96
382.475 280.045 96
383.635 276.75 96
383.766 273.401 96
382.869 270.026 96
381.942 266.667 96
381.985 263.334 96
383 260 96
382.985 256.658 96
383.942 253.298 96
384.868 249.922 96
384.765 246.564 96
382.635 243.294 96
383.474 239.903 96
385.28 236.435 96
382.067 233.283 96
381.819 229.95 96
383.535 226.445 96
385.218 222.908 96
382.891 219.757 96
383.519 216.304 96
382.13 213.08 96
381.706 209.747 96
381.253 206.418 96
383.738 202.65 96
382.235 199.46 96
380.706 196.292 96
380.136 192.972 96
379.536 189.657 96
379.89 186.157 96
378.251 183.044 96
376.587 179.954 96
375.874 176.671 96
0 260 96
0 260 96
0 260 96
0 260 96
0 260 96
0 260 96
0 260 96
0 260 96
70.7666 238.364 96
71.5288 237.447 96
0 260 96
0 260 96
0 260 96
37.7057 246.648 96
38.5274 245.977 96
37.4669 245.992 96
35.4761 246.382 96
36.2863 245.706 96
35.233 245.765 96
35.1074 245.458 96
34.9792 245.152 96
33.0142 245.645 96
32.8876 245.357 96
32.7586 245.071 96
33.5334 244.363 96
33.3957 244.071 96
33.2554 243.78 96
33.1126 243.491 96
32.0762 243.656 96
31.0454 243.839 96
30.9032 243.568 96
29.001 244.254 96
28.8625 244.001 96
29.5921 243.258 96
29.4449 243 96
28.4338 243.251 96
29.1437 242.489 96
28.9898 242.235 96
27.9856 242.513 96
27.8319 242.269 96
28.5148 241.482 96
28.3521 241.234 96
26.5292 242.106 96
28.0203 240.742 96
25.3937 242.219 96
26.0517 241.418 96
25.0795 241.779 96
24.1157 242.155 96
24.7577 241.344 96
34.1142 233.823 96
40.9766 227.986 96
32.8695 233.854 96
26.423 238.603 96
27.0069 237.737 96
23.7474 240.074 96
0 260 96
0 260 96
0 260 96
0 260 96
0 260 96
0 260 96
0 260 96
0 260 96
0 260 96
0 260 96
0 260 96
