-0 260 60
-0 260 60
-0 260 60
-0 260 60
-0 260 60
-0 260 60
-0 260 60
-0 260 60
-15.8489 246.223 60
-22.0518 241.166 60
-26.0455 238.145 60
-24.692 239.646 60
-32.6401 233.569 60
-42.2608 226.384 60
-41.7646 227.37 60
-27.7674 238.693 60
-25.5563 240.742 60
-26.5273 240.371 60
-25.0795 241.779 60
-26.0517 241.418 60
-24.5746 242.793 60
-25.5479 242.441 60
-24.8711 243.224 60
-26.6843 242.338 60
-25.9988 243.116 60
-26.9885 242.806 60
-27.1375 243.043 60
-27.2845 243.28 60
-27.4294 243.519 60
-26.7105 244.266 60
-27.7128 244 60
-27.8514 244.242 60
-27.1132 244.971 60
-28.1222 244.731 60
-29.1373 244.507 60
-30.1584 244.301 60
-30.2942 244.564 60
-30.4278 244.829 60
-30.559 245.095 60
-30.6879 245.363 60
-31.7208 245.208 60
-32.7586 245.071 60
-31.9741 245.764 60
-33.0142 245.645 60
-33.1382 245.934 60
-34.1835 245.841 60
-35.233 245.765 60
-33.495 246.806 60
-35.4761 246.382 60
-37.4669 245.992 60
-39.4671 245.635 60
-41.4762 245.313 60
-0 260 60
-0 260 60
-71.3292 236.824 60
-71.5288 237.447 60
-0 260 60
-0 260 60
-0 260 60
-0 260 60
-0 260 60
-0 260 60
-0 260 60
-0 260 60
-0 260 60
-0 260 60
-0 260 60
-0 260 60
-0 260 60
-0 260 60
-0 260 60
-0 260 60
-708.173 147.837 60
-708.135 154.169 60
-708.042 160.491 60
-708.883 166.674 60
-709.671 172.864 60
-710.404 179.06 60
-710.089 185.367 60
-711.708 191.47 60
-712.279 197.684 60
-711.799 203.98 60
-712.261 210.194 60
-711.67 216.473 60
-712.023 222.685 60
-711.322 228.943 60
-711.566 235.152 60
-712.756 241.336 60
-711.892 247.574 60
-711.973 253.787 60
-712 260 60
-710.973 266.205 60
-710.892 272.409 60
-710.756 278.612 60
-710.567 284.814 60
-709.324 290.97 60
-709.027 297.159 60
-708.676 303.345 60
-707.273 309.457 60
-706.814 315.628 60
-705.306 321.706 60
-703.745 327.763 60
-703.127 333.902 60
-702.455 340.035 60
-700.738 346.04 60
-699.96 352.152 60
-700.12 358.395 60
-696.267 364.058 60
-696.32 370.286 60
-694.345 376.194 60
-692.32 382.075 60
-691.228 388.112 60
-690.084 394.139 60
-687.907 399.956 60
-685.681 405.746 60
-685.36 411.941 60
-682.059 417.466 60
-679.687 423.178 60
-677.266 428.862 60
-675.767 434.765 60
-673.25 440.397 60
-671.65 446.265 60
-667.116 451.292 60
-665.421 457.107 60
-664.632 463.198 60
-658.065 467.487 60
-658.131 473.84 60
-655.292 479.258 60
-652.408 484.642 60
-649.48 489.993 60
-647.448 495.652 60
-644.43 500.943 60
-640.436 505.84 60
-638.266 511.42 60
-635.121 516.606 60
-631.01 521.373 60
-626.864 526.088 60
-625.435 531.947 60
-622.124 536.988 60
-616.954 541.162 60
-614.477 546.535 60
-611.953 551.887 60
-606.686 555.901 60
-604.976 561.63 60
-600.538 565.99 60
-596.958 570.757 60
-593.341 575.485 60
-589.686 580.174 60
-585.995 584.823 60
-582.268 589.431 60
-578.505 594 60
-573.845 598.021 60
-570.016 602.5 60
-566.153 606.939 60
-562.256 611.337 60
-558.325 615.692 60
-554.361 620.006 60
-550.365 624.278 60
-545.507 627.949 60
-541.451 632.129 60
-537.364 636.266 60
-533.246 640.361 60
-529.906 644.999 60
-522.507 646.635 60
-499.147 636.134 60
-479.185 627.692 60
-476.746 632.475 60
-487.565 647.827 60
-501.259 665.912 60
-497.698 670.271 60
-493.333 673.955 60
-488.181 676.946 60
-483.769 680.534 60
-478.583 683.414 60
-474.869 687.575 60
-469.646 690.351 60
-463.678 692.387 60
-459.162 695.728 60
-455.342 699.719 60
-449.348 701.573 60
-444.77 704.77 60
-440.872 708.635 60
-436.245 711.745 60
-431.598 714.81 60
-426.249 717.096 60
-419.541 717.849 60
-414.861 720.75 60
-410.162 723.604 60
-404.788 725.656 60
-400.06 728.41 60
-396.6 732.649 60
-389.916 733.006 60
-385.144 735.613 60
-380.979 738.956 60
-375.553 740.687 60
-370.127 742.359 60
-364.098 743.175 60
-359.273 745.53 60
-354.434 747.837 60
-349.583 750.098 60
-344.719 752.31 60
-338.711 752.827 60
-333.838 754.935 60
-328.402 756.162 60
-322.971 757.332 60
-318.081 759.288 60
-312.652 760.348 60
-307.752 762.205 60
-302.842 764.014 60
-297.417 764.915 60
-292 765.759 60
-286.59 766.547 60
-281.674 768.154 60
-276.752 769.714 60
-271.355 770.344 60
-265.967 770.918 60
-261.044 772.329 60
-256.564 774.587 60
-250.748 774.11 60
-244.961 773.571 60
-240.047 774.783 60
-234.716 775.038 60
-229.806 776.153 60
-224.496 776.305 60
-219.591 777.324 60
-214.303 777.373 60
-209.78 779.223 60
-204.141 778.243 60
-198.536 777.204 60
-193.665 777.98 60
-188.795 778.71 60
-183.594 778.453 60
-178.411 778.144 60
-173.883 779.681 60
-168.723 779.277 60
-163.584 778.822 60
-158.758 779.273 60
-153.652 778.721 60
-148.568 778.12 60
-143.774 778.433 60
-138.727 777.736 60
-133.703 776.991 60
-129.186 778.138 60
-123.959 776.328 60
-119.224 776.416 60
-114.497 776.461 60
-109.569 775.484 60
-104.668 774.46 60
-99.9839 774.373 60
-95.3091 774.242 60
-90.4707 773.085 60
-85.6597 771.882 60
-81.033 771.623 60
-76.4174 771.321 60
-71.5349 768.998 60
-67.0904 769.603 60
-62.3971 768.184 60
-57.96 768.709 60
-53.3095 767.206 60
-48.7854 766.657 60
-44.1879 765.071 60
-39.6218 763.443 60
-35.1572 762.772 60
-30.7074 762.062 60
-26.2203 760.313 60
-21.8097 759.524 60
-17.4148 758.696 60
-13.0099 756.83 60
-8.6389 754.925 60
-4.31087 753.981 60
3.72205e-05 753 60
4.29349 751.981 60
8.55172 749.925 60
12.8006 748.832 60
17.031 747.703 60
21.1991 745.537 60
25.226 741.339 60
29.4865 742.099 60
33.5529 739.828 60
37.7389 739.517 60
41.8348 738.173 60
45.8143 735.799 60
49.7556 733.392 60
53.7716 731.947 60
57.7661 730.467 60
61.7389 728.953 60
65.6897 727.407 60
69.3226 723.848 60
73.2114 722.238 60
77.2423 721.582 60
80.9201 718.92 60
84.7395 717.214 60
88.3446 714.493 60
91.7093 710.765 60
95.8473 710.926 60
99.3458 708.12 60
103.253 707.236 60
106.451 703.401 60
110.558 703.425 60
113.923 700.507 60
116.986 696.598 60
121.059 696.525 60
121.832 684.878 60
117.866 657.91 60
118.118 646.347 60
121.485 645.302 60
125.461 646.129 60
129.143 645.968 60
133.157 646.717 60
139.865 654.967 60
150.831 674.404 60
154.091 672.136 60
157.682 670.775 60
160.894 668.453 60
164.078 666.107 60
167.615 664.659 60
170.75 662.261 60
173.057 658.004 60
176.117 655.565 60
179.977 654.923 60
182.571 651.525 60
185.55 649.014 60
187.623 644.684 60
191.419 643.927 60
194.762 642.242 60
196.705 637.867 60
199.995 636.136 60
202.315 632.618 60
205.559 630.839 60
207.803 627.29 60
211 625.463 60
213.166 621.884 60
215.286 618.296 60
218.927 617.256 60
220.976 613.636 60
224.591 612.538 60
227.114 609.726 60
227.95 604.395 60
231.506 603.222 60
234.492 601.188 60
235.74 596.671 60
238.669 594.601 60
241.58 592.506 60
244.472 590.385 60
245.541 585.843 60
248.375 583.688 60
251.19 581.508 60
252.741 577.739 60
256.133 576.298 60
258.884 574.051 60
260.329 570.248 60
262.377 567.204 60
263.736 563.393 60
265.711 560.331 60
268.991 558.744 60
270.236 554.911 60
272.799 552.541 60
276.03 550.875 60
277.169 547.017 60
278.962 543.874 60
281.429 541.428 60
282.447 537.56 60
284.139 534.39 60
286.523 531.9 60
288.885 529.389 60
290.487 526.183 60
292.056 522.968 60
293.591 519.747 60
295.846 517.175 60
297.319 513.934 60
297.991 510.044 60
301.705 508.707 60
303.087 505.435 60
304.435 502.158 60
306.536 499.492 60
306.234 494.982 60
308.273 492.301 60
309.485 489.007 60
311.472 486.297 60
314.249 484.151 60
316.193 481.4 60
316.464 477.5 60
320.009 475.848 60
320.212 471.944 60
320.372 468.052 60
322.176 465.248 60
323.106 461.899 60
325.709 459.594 60
328.295 457.26 60
329.142 453.88 60
329.956 450.5 60
330.735 447.121 60
332.355 444.228 60
333.072 440.843 60
334.637 437.93 60
335.29 434.541 60
337.691 432.062 60
340.075 429.555 60
340.643 426.143 60
341.177 422.733 60
342.584 419.75 60
343.055 416.339 60
342.58 412.526 60
344.815 409.93 60
347.03 407.306 60
348.303 404.272 60
349.548 401.227 60
348.907 397.438 60
350.093 394.388 60
351.252 391.328 60
351.445 387.916 60
354.433 385.511 60
352.678 381.437 60
354.673 378.672 60
357.597 376.19 60
356.69 372.464 60
357.658 369.347 60
357.64 365.938 60
359.512 363.088 60
359.434 359.68 60
360.29 356.539 60
359.183 352.891 60
361.92 350.237 60
360.749 346.608 60
361.491 343.457 60
363.182 340.516 60
364.849 337.551 60
363.552 333.966 60
364.184 330.79 60
363.804 327.427 60
365.364 324.423 60
365.912 321.233 60
366.432 318.037 60
367.914 314.985 60
367.389 311.633 60
367.826 308.425 60
369.227 305.335 60
369.609 302.112 60
370.957 298.989 60
370.287 295.655 60
369.588 292.335 60
369.856 289.108 60
371.094 285.949 60
369.31 282.588 60
370.492 279.417 60
370.647 276.183 60
371.773 272.983 60
371.873 269.738 60
370.943 266.475 60
370.986 263.238 60
372 260 60
370.986 256.762 60
370.943 253.525 60
371.873 250.262 60
373.772 246.948 60
373.644 243.686 60
372.489 240.479 60
372.304 237.229 60
371.094 234.051 60
370.853 230.813 60
373.573 227.317 60
372.278 224.154 60
372.946 220.802 60
372.589 217.549 60
371.212 214.421 60
370.8 211.183 60
371.351 207.81 60
371.87 204.424 60
369.395 201.494 60
370.843 197.942 60
369.303 194.882 60
369.704 191.479 60
368.11 188.447 60
367.472 185.237 60
365.827 182.241 60
365.135 179.052 60
0 260 60
0 260 60
0 260 60
0 260 60
0 260 60
0 260 60
0 260 60
0 260 60
71.7229 238.072 60
71.5288 237.447 60
0 260 60
0 260 60
42.5483 245.349 60
38.6483 246.314 60
37.5877 246.319 60
36.5302 246.342 60
35.4761 246.382 60
35.3559 246.073 60
36.1602 245.39 60
34.1835 245.841 60
34.0587 245.543 60
33.9312 245.246 60
32.8876 245.357 60
31.8486 245.486 60
31.7208 245.208 60
32.4931 244.502 60
33.2554 243.78 60
32.2176 243.937 60
31.1852 244.11 60
31.0454 243.839 60
30.9032 243.568 60
29.001 244.254 60
29.7371 243.516 60
28.7217 243.75 60
27.7128 244 60
28.4338 243.251 60
28.2865 243.004 60
28.9898 242.235 60
27.1375 243.043 60
27.8319 242.269 60
27.6761 242.027 60
27.5182 241.786 60
26.5292 242.106 60
26.372 241.875 60
26.2129 241.646 60
25.2376 241.998 60
24.2705 242.366 60
24.1157 242.155 60
23.9591 241.946 60
34.9075 233.214 60
40.9766 227.986 60
29.7391 236.344 60
27.2001 237.974 60
26.2352 238.373 60
22.2153 241.359 60
0 260 60
0 260 60
0 260 60
0 260 60
0 260 60
0 260 60
0 260 60
0 260 60
0 260 60
0 260 60
0 260 60
