-0 260 122
-0 260 122
-0 260 122
-0 260 122
-0 260 122
-0 260 122
-0 260 122
-0 260 122
-16.6036 245.567 122
-23.5726 239.867 122
-26.8116 237.502 122
-27.0069 237.737 122
-34.1944 232.31 122
-41.4782 227.007 122
-41.7646 227.37 122
-27.7674 238.693 122
-25.5563 240.742 122
-26.5273 240.371 122
-25.8885 241.191 122
-26.0517 241.418 122
-26.2129 241.646 122
-26.372 241.875 122
-26.5292 242.106 122
-26.6843 242.338 122
-26.8375 242.572 122
-26.9885 242.806 122
-27.1375 243.043 122
-27.2845 243.28 122
-29.1437 242.489 122
-28.4338 243.251 122
-27.7128 244 122
-27.8514 244.242 122
-27.9878 244.486 122
-29.001 244.254 122
-29.1373 244.507 122
-31.0454 243.839 122
-32.0762 243.656 122
-30.4278 244.829 122
-30.559 245.095 122
-31.5905 244.932 122
-31.7208 245.208 122
-31.8486 245.486 122
-32.8876 245.357 122
-32.0971 246.044 122
-34.0587 245.543 122
-36.0313 245.075 122
-34.3058 246.14 122
-35.3559 246.073 122
-37.3432 245.665 122
-36.5302 246.342 122
-39.4671 245.635 122
-42.4189 244.979 122
-0 260 122
-0 260 122
-73.2314 236.206 122
-71.5288 237.447 122
-0 260 122
-0 260 122
-0 260 122
-0 260 122
-0 260 122
-0 260 122
-0 260 122
-0 260 122
-0 260 122
-0 260 122
-0 260 122
-0 260 122
-0 260 122
-0 260 122
-0 260 122
-0 260 122
-698.296 149.401 122
-698.245 155.647 122
-699.129 161.744 122
-699.96 167.849 122
-699.745 174.082 122
-699.475 180.305 122
-700.143 186.412 122
-700.759 192.525 122
-701.321 198.642 122
-701.83 204.765 122
-701.288 210.961 122
-700.691 217.144 122
-701.038 223.26 122
-701.332 229.379 122
-701.572 235.501 122
-700.76 241.65 122
-700.893 247.766 122
-700.973 253.883 122
-701 260 122
-700.973 266.117 122
-699.893 272.217 122
-698.76 278.298 122
-698.574 284.395 122
-697.336 290.446 122
-697.043 296.531 122
-696.698 302.612 122
-696.3 308.69 122
-694.851 314.686 122
-693.352 320.66 122
-692.796 326.709 122
-691.193 332.647 122
-690.532 338.676 122
-688.827 344.577 122
-688.063 350.585 122
-686.256 356.447 122
-685.388 362.432 122
-683.48 368.253 122
-682.51 374.213 122
-680.502 379.991 122
-679.429 385.925 122
-677.323 391.658 122
-674.188 397.165 122
-672.966 403.043 122
-671.692 408.911 122
-669.392 414.541 122
-667.046 420.144 122
-665.623 425.959 122
-663.181 431.51 122
-661.659 437.291 122
-658.16 442.524 122
-656.542 448.26 122
-653.915 453.699 122
-651.244 459.105 122
-648.527 464.48 122
-646.718 470.132 122
-643.912 475.45 122
-640.116 480.41 122
-638.168 485.987 122
-634.292 490.864 122
-629.444 495.339 122
-629.233 501.54 122
-626.171 506.655 122
-623.995 512.11 122
-619.923 516.781 122
-616.738 521.79 122
-614.43 527.162 122
-610.248 531.7 122
-606.944 536.6 122
-601.788 540.619 122
-600.219 546.29 122
-597.698 551.517 122
-594.236 556.275 122
-590.737 560.996 122
-587.201 565.678 122
-583.628 570.321 122
-579.14 574.448 122
-575.5 579.005 122
-572.694 584.015 122
-568.979 588.5 122
-566.09 593.453 122
-561.445 597.35 122
-557.627 601.714 122
-552.927 605.507 122
-549.891 610.319 122
-545.136 614.015 122
-541.192 618.207 122
-538.874 623.475 122
-534.858 627.598 122
-530.81 631.678 122
-525.919 635.134 122
-521.816 639.122 122
-519.291 644.256 122
-527.099 657.198 122
-523.613 661.783 122
-519.299 665.721 122
-514.956 669.615 122
-497.373 662.765 122
-493.068 666.454 122
-486.438 668.17 122
-483.618 673.049 122
-478.486 675.941 122
-473.34 678.776 122
-469.667 682.891 122
-464.485 685.622 122
-460.021 688.977 122
-455.535 692.287 122
-449.587 694.162 122
-446.495 698.769 122
-441.942 701.942 122
-437.367 705.068 122
-432.077 707.429 122
-427.468 710.458 122
-422.839 713.439 122
-418.19 716.375 122
-413.523 719.264 122
-407.511 720.608 122
-404.132 724.901 122
-397.462 725.368 122
-394.029 729.585 122
-388.008 730.691 122
-383.885 734.059 122
-379.111 736.608 122
-374.322 739.111 122
-368.909 740.772 122
-364.7 743.973 122
-359.868 746.333 122
-353.259 746.219 122
-348.422 748.469 122
-343.572 750.672 122
-339.277 753.652 122
-333.279 754.106 122
-328.402 756.162 122
-322.971 757.332 122
-319.156 760.975 122
-313.712 762.045 122
-308.274 763.058 122
-302.842 764.014 122
-297.925 765.776 122
-293 767.491 122
-287.575 768.288 122
-274.887 755.909 122
-261.96 742.471 122
-256.331 742.089 122
-250.729 741.647 122
-247.879 746.49 122
-257.01 775.482 122
-258.201 789.39 122
-253.571 791.623 122
-248.922 793.815 122
-243.84 795.057 122
-232.247 781.634 122
-226.888 781.807 122
-221.545 781.926 122
-216.599 782.916 122
-211.278 782.932 122
-205.974 782.895 122
-201.044 783.739 122
-195.766 783.6 122
-190.847 784.349 122
-185.93 785.051 122
-180.69 784.763 122
-176.104 786.32 122
-170.886 785.934 122
-165.689 785.498 122
-160.512 785.011 122
-155.64 785.433 122
-151.049 786.771 122
-145.912 786.142 122
-141.056 786.43 122
-135.956 785.704 122
-130.88 784.93 122
-126.294 786.052 122
-121.249 785.185 122
-116.228 784.271 122
-111.441 784.287 122
-106.662 784.26 122
-101.892 784.189 122
-97.1315 784.075 122
-92.2071 782.933 122
-87.4752 782.731 122
-82.5974 781.499 122
-77.8955 781.211 122
-73.3442 781.871 122
-68.5262 780.509 122
-63.6158 778.109 122
-59.2052 779.638 122
-54.4593 778.146 122
-49.8397 777.606 122
-45.2338 777.025 122
-40.5633 775.406 122
-36.0641 775.741 122
-31.44 774.039 122
-26.8483 772.297 122
-22.3331 771.513 122
-17.7987 769.689 122
-13.3502 769.825 122
-8.88324 768.922 122
-4.42432 766.981 122
3.81264e-05 765 122
4.40694 764.981 122
8.79605 763.923 122
13.1147 760.828 122
17.4498 759.695 122
21.8097 759.524 122
26.0633 757.318 122
30.3412 756.073 122
34.5992 754.792 122
38.9157 754.471 122
43.055 752.12 122
47.252 750.73 122
51.428 749.305 122
55.3564 745.857 122
59.5941 745.355 122
63.8273 744.817 122
67.7773 742.261 122
71.8354 740.662 122
75.8707 739.029 122
79.718 736.376 122
83.3512 732.708 122
87.1086 729.996 122
91.3975 730.199 122
95.2979 728.404 122
99.3818 727.555 122
103.025 724.717 122
107.077 723.8 122
110.887 721.876 122
114.671 719.92 122
117.679 715.029 122
121.645 713.985 122
125.602 712.906 122
129.55 711.793 122
132.919 708.728 122
135.66 703.725 122
140.129 704.432 122
143.384 701.29 122
146.595 698.126 122
150.738 697.775 122
153.551 693.615 122
157.329 692.259 122
160.395 688.996 122
164.133 687.58 122
167.858 686.131 122
171.57 684.65 122
173.738 679.441 122
177.783 678.83 122
180.633 675.428 122
183.438 672.009 122
187.027 670.393 122
190.178 667.838 122
193.3 665.261 122
196.829 663.559 122
199.45 660.036 122
202.026 656.498 122
205.016 653.833 122
208.445 652.029 122
211.859 650.195 122
215.255 648.331 122
218.144 645.568 122
220.5 641.917 122
223.824 639.978 122
226.617 637.154 122
227.809 631.751 122
232.105 631.445 122
239.636 636.153 122
248.9 643.272 122
251.683 640.252 122
255.551 638.87 122
258.281 635.802 122
259.257 630.257 122
252.606 614.14 122
251.572 606.259 122
255.774 605.658 122
258.179 602.615 122
261.767 601.142 122
264.119 598.057 122
265.191 593.391 122
267.461 590.287 122
270.333 587.94 122
273.185 585.569 122
274.717 581.652 122
276.857 578.487 122
278.963 575.31 122
282.373 573.607 122
285.099 571.131 122
287.121 567.9 122
288.421 563.932 122
289.673 559.965 122
292.279 557.425 122
295.571 555.571 122
296.712 551.578 122
299.965 549.673 122
301.756 546.355 122
302.78 542.347 122
305.233 539.694 122
306.919 536.351 122
307.821 532.337 122
311.695 530.952 122
313.287 527.573 122
315.61 524.828 122
317.909 522.064 122
317.853 517.392 122
320.087 514.608 122
322.296 511.806 122
323.688 508.375 122
325.843 505.541 122
328.777 503.283 122
328.461 498.641 122
330.531 495.765 122
332.576 492.872 122
334.595 489.961 122
336.589 487.032 122
337.724 483.534 122
340.5 481.123 122
341.574 477.606 122
343.459 474.617 122
345.319 471.612 122
346.296 468.075 122
348.098 465.045 122
349.008 461.5 122
349.883 457.954 122
350.723 454.409 122
353.284 451.818 122
355.828 449.197 122
355.691 445.161 122
357.294 442.05 122
358.869 438.925 122
359.518 435.348 122
361.034 432.204 122
361.617 428.625 122
363.075 425.463 122
365.418 422.695 122
365.907 419.101 122
366.361 415.511 122
369.552 413.073 122
370.874 409.843 122
371.237 406.234 122
370.631 402.272 122
371.859 399.032 122
373.998 396.124 122
376.114 393.189 122
377.262 389.902 122
375.536 385.653 122
376.618 382.371 122
377.672 379.079 122
379.653 376.072 122
378.734 372.186 122
379.698 368.877 122
382.561 366.094 122
384.438 363.01 122
384.355 359.401 122
382.297 355.317 122
384.086 352.211 122
384.876 348.856 122
385.637 345.494 122
387.346 342.333 122
387.07 338.75 122
387.743 335.37 122
389.369 332.165 122
388.999 328.591 122
389.583 325.194 122
391.125 321.948 122
388.683 318.089 122
392.146 315.113 122
391.621 311.558 122
392.056 308.138 122
394.448 304.942 122
393.831 301.393 122
394.177 297.955 122
393.497 294.427 122
395.776 291.148 122
396.033 287.693 122
395.261 284.175 122
396.456 280.777 122
396.622 277.317 122
395.759 273.82 122
395.864 270.366 122
396.94 266.929 122
393.985 263.438 122
397 260 122
396.985 256.536 122
396.94 253.071 122
396.864 249.608 122
398.757 246.075 122
396.622 242.683 122
397.455 239.17 122
395.261 235.825 122
395.035 232.376 122
396.773 228.773 122
396.485 225.312 122
398.158 221.662 122
397.809 218.189 122
395.442 214.945 122
396.026 211.374 122
394.595 208.051 122
394.127 204.609 122
394.617 201.024 122
395.075 197.426 122
394.514 193.981 122
393.923 190.541 122
392.319 187.288 122
390.688 184.058 122
391.97 180.253 122
391.259 176.835 122
389.542 173.641 122
0 260 122
0 260 122
0 260 122
0 260 122
0 260 122
0 260 122
0 260 122
0 260 122
72.6792 237.78 122
71.5288 237.447 122
0 260 122
0 260 122
0 260 122
38.6483 246.314 122
39.4671 245.635 122
37.4669 245.992 122
36.4096 246.024 122
35.3559 246.073 122
36.1602 245.39 122
35.1074 245.458 122
35.8997 244.761 122
33.9312 245.246 122
33.8012 244.951 122
32.7586 245.071 122
32.6271 244.786 122
34.2982 243.641 122
33.2554 243.78 122
33.1126 243.491 122
32.0762 243.656 122
31.0454 243.839 122
30.9032 243.568 122
30.7586 243.299 122
29.7371 243.516 122
28.7217 243.75 122
29.4449 243 122
28.4338 243.251 122
29.1437 242.489 122
28.9898 242.235 122
27.9856 242.513 122
28.6753 241.732 122
28.5148 241.482 122
28.3521 241.234 122
27.3582 241.547 122
27.1962 241.309 122
26.2129 241.646 122
26.8658 240.837 122
25.0795 241.779 122
24.9196 241.56 122
23.9591 241.946 122
35.7009 232.606 122
39.4005 229.217 122
34.4348 232.609 122
26.423 238.603 122
26.2352 238.373 122
23.7474 240.074 122
0 260 122
0 260 122
0 260 122
0 260 122
0 260 122
0 260 122
0 260 122
0 260 122
0 260 122
0 260 122
0 260 122
