-0 260 257
-0 260 257
-0 260 257
-0 260 257
-0 260 257
-0 260 257
-0 260 257
-0 260 257
-15.8489 246.223 257
-22.8122 240.517 257
-26.8116 237.502 257
-27.7785 237.101 257
-33.4173 232.939 257
-43.0435 225.762 257
-40.1886 228.601 257
-26.974 239.302 257
-26.355 240.14 257
-26.5273 240.371 257
-26.6976 240.603 257
-26.8658 240.837 257
-26.2129 241.646 257
-26.372 241.875 257
-26.5292 242.106 257
-26.6843 242.338 257
-26.8375 242.572 257
-27.8319 242.269 257
-27.1375 243.043 257
-27.2845 243.28 257
-27.4294 243.519 257
-28.4338 243.251 257
-27.7128 244 257
-28.7217 243.75 257
-27.9878 244.486 257
-28.1222 244.731 257
-30.0202 244.038 257
-31.0454 243.839 257
-31.1852 244.11 257
-30.4278 244.829 257
-30.559 245.095 257
-31.5905 244.932 257
-32.6271 244.786 257
-31.8486 245.486 257
-32.8876 245.357 257
-33.9312 245.246 257
-34.0587 245.543 257
-35.1074 245.458 257
-34.3058 246.14 257
-35.3559 246.073 257
-36.4096 246.024 257
-37.4669 245.992 257
-39.4671 245.635 257
-0 260 257
-0 260 257
-0 260 257
-72.2803 236.515 257
-70.5751 237.748 257
-0 260 257
-0 260 257
-0 260 257
-0 260 257
-0 260 257
-0 260 257
-0 260 257
-0 260 257
-0 260 257
-0 260 257
-0 260 257
-0 260 257
-0 260 257
-0 260 257
-0 260 257
-0 260 257
-672.616 153.468 257
-673.52 159.342 257
-673.382 165.362 257
-675.174 171.112 257
-676.916 176.885 257
-678.61 182.682 257
-677.269 188.816 257
-676.869 194.825 257
-678.409 200.647 257
-676.907 206.726 257
-676.348 212.705 257
-677.734 218.548 257
-678.069 224.464 257
-677.355 230.426 257
-677.587 236.338 257
-678.767 242.226 257
-678.897 248.15 257
-677.974 254.084 257
-677 260 257
-676.974 265.908 257
-676.897 271.815 257
-675.768 277.696 257
-675.588 283.592 257
-676.356 289.53 257
-676.072 295.432 257
-675.737 301.33 257
-673.356 307.086 257
-672.919 312.96 257
-673.428 318.917 257
-671.892 324.696 257
-671.302 330.557 257
-670.661 336.412 257
-668.976 342.14 257
-668.234 347.975 257
-667.441 353.803 257
-664.619 359.328 257
-664.714 365.28 257
-662.784 370.912 257
-660.806 376.518 257
-659.764 382.28 257
-658.672 388.033 257
-656.55 393.577 257
-655.359 399.301 257
-654.118 405.015 257
-652.828 410.717 257
-649.543 415.942 257
-648.158 421.604 257
-644.786 426.753 257
-644.273 432.632 257
-642.741 438.248 257
-639.239 443.299 257
-637.615 448.87 257
-634.03 453.843 257
-633.268 459.669 257
-631.501 465.187 257
-628.739 470.373 257
-625.933 475.526 257
-624.029 480.98 257
-622.076 486.417 257
-617.267 490.787 257
-616.163 496.523 257
-612.215 501.158 257
-611.014 506.866 257
-606.065 511.04 257
-604.772 516.71 257
-601.591 521.579 257
-597.459 526.006 257
-595.115 531.209 257
-591.819 535.97 257
-589.388 541.124 257
-586.014 545.818 257
-582.602 550.475 257
-579.154 555.094 257
-575.67 559.675 257
-573.033 564.687 257
-569.473 569.199 257
-565.879 573.672 257
-562.25 578.106 257
-557.72 582 257
-554.889 586.855 257
-552.016 591.685 257
-547.395 595.444 257
-543.599 599.678 257
-540.614 604.409 257
-536.749 608.569 257
-532.853 612.688 257
-528.926 616.765 257
-524.144 620.234 257
-520.981 624.795 257
-516.149 628.166 257
-512.917 632.656 257
-508.841 636.523 257
-504.738 640.347 257
-499.813 643.52 257
-497.235 648.482 257
-492.26 651.562 257
-488.048 655.213 257
-482.265 657.549 257
-478.012 661.1 257
-474.493 665.256 257
-470.184 668.725 257
-466.599 672.812 257
-460.75 674.861 257
-457.849 679.542 257
-452.708 682.157 257
-449.007 686.092 257
-443.113 687.91 257
-438.649 691.059 257
-434.164 694.164 257
-429.657 697.223 257
-425.826 700.955 257
-420.585 703.204 257
-415.337 705.394 257
-410.759 708.265 257
-406.831 711.832 257
-400.885 713.118 257
-396.26 715.845 257
-391.617 718.525 257
-387.601 721.925 257
-382.283 723.746 257
-376.963 725.51 257
-372.886 728.782 257
-366.934 729.654 257
-362.822 732.839 257
-358.08 735.188 257
-352.73 736.687 257
-347.969 738.938 257
-342.615 740.328 257
-337.836 742.481 257
-333.047 744.586 257
-328.246 746.645 257
-322.331 746.989 257
-318.069 749.784 257
-313.246 751.697 257
-308.413 753.564 257
-303.049 754.531 257
-297.692 755.443 257
-292.85 757.16 257
-287.5 757.965 257
-282.159 758.714 257
-277.796 761.157 257
-272.935 762.683 257
-267.599 763.28 257
-262.735 764.709 257
-256.505 763.419 257
-240.501 742.37 257
-232.775 737.26 257
-227.74 737.468 257
-221.875 735.812 257
-222.69 748.649 257
-226.959 769.758 257
-222.103 770.802 257
-217.637 772.721 257
-212.389 772.753 257
-207.157 772.733 257
-202.675 774.521 257
-197.461 774.403 257
-192.264 774.233 257
-187.427 774.952 257
-182.592 775.625 257
-177.435 775.308 257
-172.614 775.888 257
-167.796 776.424 257
-162.682 775.961 257
-157.588 775.448 257
-153.084 776.804 257
-147.742 775.236 257
-143.24 776.506 257
-138.468 776.77 257
-133.703 776.991 257
-128.944 777.168 257
-124.193 777.301 257
-119.224 776.416 257
-114.713 777.437 257
-109.777 776.462 257
-105.067 776.42 257
-100.175 775.354 257
-95.8558 777.192 257
-90.9916 776.039 257
-86.3199 775.827 257
-81.6587 775.573 257
-76.713 773.299 257
-72.37 774.939 257
-67.482 772.577 257
-63.1283 774.139 257
-58.2996 771.69 257
-53.7276 771.184 257
-49.1688 770.638 257
-44.7109 771.048 257
-40.171 770.422 257
-35.5758 768.758 257
-31.0737 768.051 257
-26.5866 767.304 257
-22.0714 765.518 257
-17.6591 765.692 257
-13.2193 764.827 257
-8.79597 763.923 257
-4.38068 761.981 257
3.78999e-05 762 257
4.36331 759.981 257
8.70879 758.924 257
13.0362 757.829 257
17.3451 756.697 257
21.6789 756.527 257
25.9063 754.322 257
30.158 753.079 257
34.4597 752.797 257
38.6019 750.483 257
42.8807 750.128 257
46.8686 746.749 257
50.9054 744.332 257
55.2432 744.863 257
59.3504 743.37 257
63.4358 741.842 257
67.499 740.28 257
71.392 737.695 257
75.4014 736.066 257
79.3879 734.403 257
83.3512 732.708 257
87.4731 731.962 257
91.0159 728.236 257
95.0985 727.424 257
98.966 725.598 257
103.025 724.717 257
106.627 721.851 257
110.42 719.931 257
114.429 718.95 257
118.179 716.966 257
121.904 714.951 257
125.068 710.979 257
129.274 710.832 257
132.919 708.728 257
136.538 706.594 257
140.43 705.386 257
144.002 703.192 257
147.547 700.97 257
151.064 698.721 257
154.553 696.443 257
158.013 694.138 257
161.095 690.869 257
164.849 689.447 257
168.224 687.062 257
171.195 683.723 257
174.504 681.289 257
177.783 678.83 257
181.83 678.179 257
185.472 676.577 257
188.685 674.032 257
191.869 671.464 257
195.022 668.871 257
196.829 663.559 257
200.343 661.826 257
204.296 660.953 257
207.325 658.268 257
210.793 656.443 257
213.29 652.831 257
216.71 650.955 257
219.621 648.179 257
222 644.515 257
224.332 640.84 257
228.162 639.725 257
231.467 637.72 257
234.224 634.837 257
236.949 631.936 257
240.186 629.854 257
242.852 626.91 257
246.045 624.777 257
248.086 620.967 257
251.226 618.789 257
253.187 614.954 257
256.274 612.731 257
258.748 609.678 257
261.79 607.406 257
264.202 604.315 257
266.581 601.209 257
268.304 597.304 257
271.237 594.95 257
274.15 592.57 257
277.041 590.165 257
279.263 586.975 257
280.793 583.016 257
282.276 579.055 257
285.719 577.323 257
289.153 575.555 257
290.531 571.557 257
291.862 567.559 257
295.924 566.439 257
297.886 563.131 257
300.52 560.52 257
303.131 557.886 257
305 554.535 257
306.108 550.486 257
307.9 547.121 257
310.394 544.423 257
312.864 541.704 257
314.561 538.3 257
316.978 535.545 257
319.371 532.768 257
321.739 529.971 257
321.767 525.245 257
324.07 522.427 257
327.13 520.211 257
327.812 516.115 257
330.035 513.245 257
332.232 510.355 257
334.404 507.446 257
335.742 503.931 257
337.858 500.992 257
338.31 496.887 257
342.012 495.059 257
343.222 491.506 257
345.229 488.502 257
346.371 484.936 257
349.164 482.442 257
350.244 478.857 257
351.288 475.269 257
352.296 471.681 257
353.268 468.091 257
355.936 465.5 257
355.975 461.401 257
358.594 458.772 257
360.315 455.635 257
362.009 452.483 257
362.787 448.855 257
364.422 445.682 257
365.133 442.049 257
367.607 439.294 257
369.157 436.079 257
369.774 432.428 257
372.174 429.61 257
373.64 426.355 257
375.078 423.088 257
375.566 419.418 257
376.943 416.135 257
378.291 412.839 257
379.61 409.532 257
379.967 405.856 257
383.099 403.235 257
382.455 399.202 257
383.655 395.859 257
385.772 392.832 257
385.968 389.143 257
386.129 385.461 257
387.209 382.087 257
388.26 378.703 257
389.281 375.31 257
392.195 372.46 257
393.161 369.033 257
393.132 365.339 257
393.068 361.654 257
394.91 358.462 257
396.727 355.246 257
397.543 351.78 257
396.376 347.874 257
398.106 344.62 257
397.849 340.943 257
398.541 337.468 257
399.201 333.988 257
399.832 330.501 257
400.432 327.009 257
401.001 323.512 257
401.54 320.011 257
402.049 316.504 257
403.518 313.124 257
404.959 309.723 257
404.384 306.074 257
404.77 302.543 257
405.126 299.009 257
407.444 295.647 257
406.742 292.011 257
406.009 288.391 257
408.237 284.969 257
408.439 281.405 257
408.611 277.84 257
407.751 274.239 257
406.861 270.654 257
406.938 267.103 257
407.984 263.56 257
409 260 257
409.984 256.422 257
408.938 252.862 257
409.86 249.267 257
408.751 245.726 257
409.61 242.116 257
409.438 238.542 257
410.233 234.909 257
409.001 231.4 257
408.736 227.832 257
411.428 224.005 257
410.103 220.512 257
410.738 216.83 257
409.352 213.36 257
409.922 209.668 257
410.458 205.962 257
408.981 202.522 257
409.453 198.807 257
408.903 195.236 257
409.309 191.505 257
407.71 188.11 257
406.084 184.737 257
405.412 181.196 257
404.709 177.661 257
405.931 173.717 257
403.21 170.61 257
0 260 257
0 260 257
0 260 257
0 260 257
0 260 257
0 260 257
0 260 257
0 260 257
71.7229 238.072 257
72.4825 237.146 257
74.1824 235.897 257
0 260 257
41.6028 245.675 257
40.5336 245.646 257
38.5274 245.977 257
37.4669 245.992 257
35.4761 246.382 257
36.2863 245.706 257
36.1602 245.39 257
35.1074 245.458 257
34.0587 245.543 257
33.9312 245.246 257
32.8876 245.357 257
32.7586 245.071 257
33.5334 244.363 257
33.3957 244.071 257
34.1542 243.342 257
33.1126 243.491 257
32.0762 243.656 257
31.0454 243.839 257
30.9032 243.568 257
29.8798 243.777 257
28.8625 244.001 257
28.7217 243.75 257
29.4449 243 257
28.4338 243.251 257
29.1437 242.489 257
28.9898 242.235 257
27.9856 242.513 257
27.8319 242.269 257
28.5148 241.482 257
28.3521 241.234 257
27.3582 241.547 257
27.1962 241.309 257
25.3937 242.219 257
26.0517 241.418 257
25.0795 241.779 257
24.1157 242.155 257
23.9591 241.946 257
34.9075 233.214 257
41.7646 227.37 257
34.4348 232.609 257
27.2001 237.974 257
26.2352 238.373 257
23.7474 240.074 257
0 260 257
0 260 257
0 260 257
0 260 257
0 260 257
0 260 257
0 260 257
0 260 257
0 260 257
0 260 257
0 260 257
