-0 260 160
-0 260 160
-0 260 160
-0 260 160
-0 260 160
-0 260 160
-0 260 160
-0 260 160
-15.8489 246.223 160
-23.5726 239.867 160
-26.8116 237.502 160
-27.0069 237.737 160
-34.9716 231.681 160
-42.2608 226.384 160
-40.9766 227.986 160
-28.5607 238.085 160
-25.5563 240.742 160
-27.3311 239.776 160
-26.6976 240.603 160
-26.8658 240.837 160
-27.032 241.072 160
-26.372 241.875 160
-26.5292 242.106 160
-26.6843 242.338 160
-26.8375 242.572 160
-26.9885 242.806 160
-27.9856 242.513 160
-27.2845 243.28 160
-27.4294 243.519 160
-28.4338 243.251 160
-27.7128 244 160
-27.8514 244.242 160
-27.9878 244.486 160
-29.001 244.254 160
-30.0202 244.038 160
-31.0454 243.839 160
-31.1852 244.11 160
-31.3227 244.383 160
-30.559 245.095 160
-31.5905 244.932 160
-31.7208 245.208 160
-31.8486 245.486 160
-32.8876 245.357 160
-33.9312 245.246 160
-34.9792 245.152 160
-35.1074 245.458 160
-34.3058 246.14 160
-35.3559 246.073 160
-36.4096 246.024 160
-38.4036 245.642 160
-39.4671 245.635 160
-0 260 160
-0 260 160
-0 260 160
-73.2314 236.206 160
-71.5288 237.447 160
-0 260 160
-73.8291 238.131 160
-0 260 160
-0 260 160
-0 260 160
-0 260 160
-0 260 160
-0 260 160
-0 260 160
-0 260 160
-0 260 160
-0 260 160
-0 260 160
-0 260 160
-0 260 160
-0 260 160
-712.123 147.211 160
-713.08 153.43 160
-712.993 159.795 160
-713.84 166.021 160
-714.633 172.254 160
-715.372 178.494 160
-714.067 184.949 160
-715.69 191.087 160
-716.264 197.335 160
-715.787 203.666 160
-715.253 209.985 160
-715.663 216.228 160
-716.017 222.475 160
-715.319 228.769 160
-716.563 234.977 160
-715.755 241.257 160
-715.891 247.504 160
-715.973 253.752 160
-716 260 160
-713.973 266.231 160
-713.891 272.461 160
-713.755 278.69 160
-713.565 284.918 160
-713.32 291.144 160
-711.024 297.263 160
-711.67 303.528 160
-710.266 309.667 160
-709.805 315.863 160
-708.294 321.968 160
-706.731 328.051 160
-705.116 334.111 160
-705.436 340.374 160
-703.715 346.405 160
-701.943 352.413 160
-701.11 358.535 160
-700.223 364.649 160
-697.308 370.443 160
-697.304 376.689 160
-695.274 382.596 160
-693.195 388.476 160
-691.066 394.33 160
-688.887 400.156 160
-686.66 405.954 160
-685.36 411.941 160
-683.033 417.691 160
-680.659 423.412 160
-678.237 429.103 160
-676.735 435.016 160
-674.216 440.656 160
-671.65 446.265 160
-669.038 451.844 160
-666.38 457.391 160
-663.675 462.906 160
-659.972 468.089 160
-658.131 473.84 160
-655.292 479.258 160
-652.408 484.642 160
-650.423 490.327 160
-646.508 495.31 160
-644.43 500.943 160
-640.436 505.84 160
-637.336 511.053 160
-634.194 516.231 160
-631.01 521.373 160
-627.784 526.479 160
-624.518 531.548 160
-621.211 536.581 160
-617.864 541.577 160
-613.57 546.113 160
-609.245 550.595 160
-607.585 556.339 160
-601.396 559.845 160
-599.647 565.536 160
-596.958 570.757 160
-592.458 575.015 160
-588.807 579.696 160
-585.121 584.338 160
-582.268 589.431 160
-577.639 593.5 160
-572.983 597.513 160
-570.016 602.5 160
-566.153 606.939 160
-563.104 611.866 160
-558.325 615.692 160
-554.361 620.006 160
-550.365 624.278 160
-545.507 627.949 160
-542.275 632.695 160
-537.364 636.266 160
-531.617 639.199 160
-528.288 643.824 160
-524.918 648.419 160
-520.71 652.383 160
-516.473 656.304 160
-511.419 659.564 160
-507.13 663.39 160
-502.813 667.17 160
-497.698 670.271 160
-494.099 674.598 160
-488.181 676.946 160
-485.278 681.846 160
-479.332 684.077 160
-474.869 687.575 160
-469.646 690.351 160
-464.41 693.069 160
-459.887 696.417 160
-456.061 700.413 160
-450.061 702.274 160
-444.77 704.77 160
-441.573 709.348 160
-435.551 711.026 160
-431.598 714.81 160
-425.567 716.365 160
-420.893 719.324 160
-415.53 721.493 160
-412.15 725.851 160
-406.1 727.165 160
-401.359 729.931 160
-396.6 732.649 160
-391.824 735.321 160
-387.032 737.945 160
-380.356 738.174 160
-376.169 741.475 160
-371.344 743.946 160
-365.302 744.772 160
-359.868 746.333 160
-355.022 748.646 160
-350.745 751.726 160
-345.293 753.13 160
-340.41 755.3 160
-333.838 754.935 160
-329.506 757.83 160
-324.605 759.848 160
-319.156 760.975 160
-314.242 762.893 160
-308.274 763.058 160
-303.357 764.872 160
-296.91 764.053 160
-280.5 745.84 160
-270.34 737.825 160
-266.16 740.166 160
-260.529 739.834 160
-269.007 765.929 160
-267.352 773.579 160
-261.498 773.22 160
-257.01 775.482 160
-251.625 775.908 160
-246.683 777.181 160
-241.315 777.502 160
-235.96 777.768 160
-231.026 778.894 160
-225.692 779.056 160
-220.763 780.085 160
-215.451 780.144 160
-210.529 781.077 160
-204.874 780.103 160
-199.611 780.004 160
-195.065 781.726 160
-189.821 781.529 160
-184.595 781.281 160
-179.714 781.926 160
-175.152 783.475 160
-169.65 782.13 160
-164.486 781.683 160
-159.635 782.142 160
-154.504 781.598 160
-149.671 781.965 160
-144.576 781.324 160
-139.762 781.6 160
-134.704 780.863 160
-130.154 782.019 160
-124.893 780.218 160
-119.899 779.339 160
-115.362 780.366 160
-110.401 779.396 160
-105.665 779.36 160
-100.747 778.299 160
-96.2203 779.159 160
-91.1652 777.024 160
-86.6499 777.8 160
-81.8152 776.561 160
-77.1565 776.266 160
-72.5091 775.93 160
-67.8736 775.551 160
-63.1283 774.139 160
-58.4128 772.683 160
-53.8321 772.179 160
-49.2647 771.634 160
-44.6237 770.052 160
-40.0926 769.425 160
-35.506 767.76 160
-31.0737 768.051 160
-26.5343 766.305 160
-22.0714 765.518 160
-17.5893 763.693 160
-13.1408 761.828 160
-8.72617 759.924 160
-4.36323 759.981 160
3.7598e-05 758 160
4.33713 756.981 160
8.67388 756.924 160
12.9576 754.83 160
17.2055 752.7 160
21.5044 752.531 160
25.697 750.327 160
29.9138 749.086 160
34.0412 746.811 160
38.2096 745.499 160
42.3577 744.151 160
46.3894 741.772 160
50.5918 741.349 160
54.564 738.902 160
58.6192 737.415 160
62.3916 733.911 160
66.5248 733.348 160
70.6529 732.75 160
74.3064 729.152 160
78.2326 727.499 160
82.1356 725.814 160
86.0152 724.096 160
89.8711 722.346 160
93.703 720.565 160
97.5106 718.751 160
101.077 715.93 160
104.827 714.056 160
108.552 712.152 160
111.526 707.306 160
115.926 708.252 160
119.316 705.292 160
122.93 703.27 160
125.966 699.297 160
129.795 698.181 160
133.614 697.031 160
136.821 693.941 160
140.603 692.731 160
143.739 689.591 160
147.482 688.32 160
150.213 684.189 160
153.567 681.922 160
156.193 677.756 160
160.549 678.244 160
163.46 674.966 160
167.075 673.524 160
169.146 668.355 160
173.094 667.784 160
176.247 665.341 160
178.964 661.96 160
181.221 657.653 160
185.952 658.775 160
188.994 656.235 160
191.13 651.874 160
194.988 651.086 160
197.486 647.588 160
200.861 645.85 160
202.812 641.433 160
205.655 638.77 160
208.468 636.086 160
211.742 634.253 160
214.5 631.525 160
218.242 630.501 160
220.436 626.868 160
222.584 623.225 160
225.216 620.42 160
228.89 619.285 160
230.927 615.596 160
232.917 611.9 160
234.861 608.196 160
238.457 606.957 160
240.329 603.225 160
243.895 601.929 160
245.694 598.169 160
248.041 595.208 160
250.355 592.232 160
253.245 590.035 160
255.5 587.024 160
258.344 584.782 160
259.28 580.184 160
263.336 579.453 160
265.471 576.376 160
267.573 573.287 160
268.984 569.431 160
272.337 567.821 160
274.344 564.689 160
276.992 562.284 160
278.255 558.392 160
280.849 555.953 160
282.031 552.052 160
283.868 548.866 160
285.671 545.671 160
286.727 541.766 160
289.894 539.947 160
291.601 536.719 160
293.273 533.481 160
296.385 531.587 160
297.258 527.652 160
297.335 523.06 160
300.374 521.111 160
303.402 519.13 160
304.886 515.829 160
307.107 513.159 160
307.75 509.211 160
310.695 507.138 160
311.264 503.186 160
312.581 499.852 160
316.26 498.319 160
317.523 494.955 160
317.135 490.412 160
319.947 488.216 160
321.108 484.842 160
323.057 482.031 160
325.812 479.763 160
325.215 475.255 160
327.082 472.409 160
329.766 470.084 160
329.891 466.139 160
331.677 463.252 160
333.438 460.35 160
334.312 456.925 160
336.884 454.5 160
335.957 450.075 160
338.478 447.621 160
339.223 444.183 160
342.584 442.155 160
341.499 437.773 160
343.038 434.786 160
345.445 432.232 160
346.935 429.211 160
346.593 425.316 160
348.022 422.285 160
349.425 419.242 160
349.888 415.78 160
350.317 412.322 160
352.553 409.65 160
353.846 406.568 160
354.184 403.1 160
353.559 399.27 160
355.694 396.538 160
356.872 393.429 160
358.963 390.652 160
357.261 386.513 160
359.297 383.716 160
361.311 380.893 160
362.353 377.735 160
361.459 373.967 160
362.44 370.809 160
362.434 367.358 160
364.318 364.467 160
364.252 361.016 160
363.188 357.316 160
366.928 354.894 160
366.772 351.446 160
368.528 348.476 160
367.338 344.807 160
369.04 341.814 160
368.762 338.383 160
369.432 335.162 160
370.073 331.935 160
370.687 328.703 160
372.257 325.639 160
369.857 321.893 160
370.383 318.663 160
372.859 315.724 160
373.331 312.468 160
370.8 308.817 160
375.182 306.067 160
374.577 302.678 160
374.935 299.407 160
375.264 296.134 160
374.569 292.771 160
374.841 289.501 160
376.082 286.298 160
377.295 283.076 160
374.486 279.626 160
375.642 276.401 160
376.77 273.157 160
376.871 269.869 160
376.943 266.58 160
375.986 263.281 160
376 260 160
376.986 256.71 160
374.943 253.455 160
376.871 250.131 160
376.77 246.843 160
377.64 243.512 160
379.479 240.112 160
376.297 236.985 160
377.079 233.632 160
376.835 230.342 160
374.569 227.229 160
376.26 223.77 160
375.929 220.488 160
376.564 217.096 160
375.182 213.933 160
375.758 210.531 160
376.302 207.114 160
375.826 203.832 160
372.359 201.024 160
373.802 197.447 160
372.257 194.361 160
371.67 191.115 160
372.037 187.683 160
371.391 184.44 160
369.74 181.409 160
368.064 178.402 160
0 260 160
0 260 160
0 260 160
0 260 160
0 260 160
0 260 160
0 260 160
0 260 160
73.6355 237.487 160
71.5288 237.447 160
0 260 160
0 260 160
0 260 160
39.5909 245.98 160
37.5877 246.319 160
36.5302 246.342 160
36.4096 246.024 160
36.2863 245.706 160
36.1602 245.39 160
36.0313 245.075 160
34.0587 245.543 160
33.9312 245.246 160
32.8876 245.357 160
32.7586 245.071 160
33.5334 244.363 160
34.2982 243.641 160
33.2554 243.78 160
33.1126 243.491 160
31.1852 244.11 160
31.9324 243.377 160
31.7861 243.099 160
29.8798 243.777 160
29.7371 243.516 160
29.5921 243.258 160
28.5788 243.5 160
29.2954 242.744 160
29.1437 242.489 160
28.9898 242.235 160
29.6817 241.453 160
27.8319 242.269 160
28.5148 241.482 160
28.3521 241.234 160
27.3582 241.547 160
27.1962 241.309 160
25.3937 242.219 160
26.8658 240.837 160
25.0795 241.779 160
23.3118 242.75 160
23.1604 242.547 160
34.1142 233.823 160
40.1885 228.601 160
35.2174 231.987 160
26.423 238.603 160
27.0069 237.737 160
23.7474 240.074 160
0 260 160
0 260 160
0 260 160
0 260 160
0 260 160
0 260 160
0 260 160
0 260 160
0 260 160
0 260 160
0 260 160
