-0 260 125
-0 260 125
-0 260 125
-0 260 125
-0 260 125
-0 260 125
-0 260 125
-0 260 125
-17.3583 244.911 125
-22.0518 241.166 125
-26.0455 238.145 125
-28.5501 236.465 125
-31.863 234.198 125
-40.6956 227.629 125
-40.1886 228.601 125
-27.7674 238.693 125
-25.5563 240.742 125
-27.3311 239.776 125
-26.6976 240.603 125
-26.8658 240.837 125
-27.032 241.072 125
-26.372 241.875 125
-26.5292 242.106 125
-26.6843 242.338 125
-26.8375 242.572 125
-27.8319 242.269 125
-26.2895 243.573 125
-27.2845 243.28 125
-28.2865 243.004 125
-27.5721 243.759 125
-28.5788 243.5 125
-28.7217 243.75 125
-27.9878 244.486 125
-28.1222 244.731 125
-30.0202 244.038 125
-30.1584 244.301 125
-30.2942 244.564 125
-31.3227 244.383 125
-32.3566 244.219 125
-32.4931 244.502 125
-31.7208 245.208 125
-31.8486 245.486 125
-32.8876 245.357 125
-33.9312 245.246 125
-34.0587 245.543 125
-35.1074 245.458 125
-35.233 245.765 125
-35.3559 246.073 125
-36.4096 246.024 125
-36.5302 246.342 125
-38.5274 245.977 125
-0 260 125
-0 260 125
-0 260 125
-72.2803 236.515 125
-71.5288 237.447 125
-0 260 125
-0 260 125
-0 260 125
-0 260 125
-0 260 125
-0 260 125
-0 260 125
-0 260 125
-0 260 125
-0 260 125
-0 260 125
-0 260 125
-0 260 125
-0 260 125
-0 260 125
-0 260 125
-696.32 149.714 125
-696.267 155.942 125
-697.149 162.022 125
-697.977 168.11 125
-697.76 174.326 125
-698.481 180.418 125
-700.143 186.412 125
-699.764 192.621 125
-699.329 198.817 125
-699.836 204.922 125
-700.29 211.031 125
-701.689 217.083 125
-701.038 223.26 125
-700.333 229.423 125
-700.573 235.536 125
-701.759 241.624 125
-699.893 247.783 125
-699.973 253.892 125
-700 260 125
-699.973 266.109 125
-699.893 272.217 125
-699.76 278.324 125
-699.574 284.43 125
-698.335 290.49 125
-698.042 296.583 125
-697.696 302.673 125
-696.3 308.69 125
-695.848 314.765 125
-695.344 320.835 125
-692.796 326.709 125
-693.182 332.856 125
-691.526 338.79 125
-689.82 344.699 125
-688.063 350.585 125
-688.236 356.725 125
-687.366 362.728 125
-685.456 368.566 125
-684.482 374.543 125
-682.472 380.338 125
-680.412 386.107 125
-679.286 392.04 125
-678.108 397.963 125
-675.9 403.667 125
-674.621 409.56 125
-672.315 415.216 125
-669.963 420.844 125
-668.534 426.684 125
-666.086 432.262 125
-662.625 437.55 125
-661.05 443.326 125
-660.387 449.363 125
-655.833 454.267 125
-655.069 460.275 125
-652.342 465.683 125
-649.572 471.059 125
-646.757 476.402 125
-644.844 482.038 125
-641.939 487.323 125
-638.991 492.574 125
-636.937 498.141 125
-633.901 503.332 125
-629.893 508.121 125
-627.703 513.609 125
-624.543 518.694 125
-621.341 523.744 125
-617.181 528.358 125
-614.816 533.734 125
-610.584 538.259 125
-608.132 543.577 125
-603.83 548.012 125
-601.293 553.27 125
-598.711 558.506 125
-595.192 563.266 125
-591.636 567.986 125
-588.926 573.138 125
-585.292 577.788 125
-580.747 581.914 125
-577.916 586.969 125
-572.443 590.5 125
-569.537 595.483 125
-567.445 600.955 125
-561.89 604.327 125
-558.864 609.217 125
-554.952 613.543 125
-551.007 617.828 125
-547.029 622.071 125
-543.02 626.271 125
-537.33 629.297 125
-534.906 634.545 125
-530.803 638.618 125
-526.67 642.648 125
-522.507 646.635 125
-518.314 650.578 125
-513.3 653.869 125
-509.055 657.717 125
-504.782 661.522 125
-499.705 664.653 125
-496.155 668.998 125
-491.034 672.027 125
-487.42 676.296 125
-483.014 679.878 125
-478.583 683.414 125
-473.383 686.236 125
-468.171 689 125
-463.678 692.387 125
-458.437 695.04 125
-454.623 699.024 125
-450.061 702.274 125
-446.184 706.184 125
-441.573 709.348 125
-435.551 711.026 125
-430.222 713.359 125
-425.567 716.365 125
-420.893 719.324 125
-415.53 721.493 125
-412.15 725.851 125
-406.757 727.92 125
-402.008 730.691 125
-395.957 731.883 125
-391.188 734.549 125
-386.403 737.168 125
-381.601 739.739 125
-376.169 741.475 125
-370.736 743.152 125
-366.505 746.369 125
-361.057 747.941 125
-356.198 750.264 125
-351.325 752.54 125
-346.44 754.768 125
-340.41 755.3 125
-336.075 758.252 125
-330.058 758.664 125
-325.694 761.525 125
-320.231 762.661 125
-315.302 764.589 125
-310.364 766.468 125
-304.902 767.443 125
-299.448 768.361 125
-294.5 770.089 125
-289.545 771.769 125
-276.341 758.533 125
-263.392 745.107 125
-257.74 744.738 125
-251.653 743.421 125
-247.879 746.49 125
-256.564 774.587 125
-252.94 778.604 125
-247.974 779.889 125
-242.583 780.221 125
-237.619 781.408 125
-232.247 781.634 125
-227.287 782.724 125
-222.326 783.767 125
-217.364 784.764 125
-212.027 784.786 125
-207.073 785.686 125
-201.403 784.672 125
-196.466 785.473 125
-191.531 786.228 125
-185.93 785.051 125
-181.341 786.654 125
-176.421 787.268 125
-170.886 785.934 125
-166.29 787.405 125
-161.097 786.924 125
-156.208 787.351 125
-151.049 786.771 125
-146.179 787.106 125
-140.798 785.464 125
-135.956 785.704 125
-131.364 786.871 125
-126.294 786.052 125
-121.474 786.16 125
-116.661 786.224 125
-111.856 786.243 125
-107.061 786.22 125
-102.083 785.171 125
-97.1315 784.075 125
-92.3808 783.918 125
-87.6402 783.718 125
-82.7538 782.487 125
-78.0433 782.2 125
-73.3442 781.871 125
-68.5262 780.509 125
-63.8595 780.094 125
-59.2052 779.638 125
-54.4593 778.146 125
-49.9356 778.601 125
-45.1466 776.029 125
-40.5633 775.406 125
-36.0641 775.741 125
-31.44 774.039 125
-26.8483 772.297 125
-22.3767 772.512 125
-17.8336 770.689 125
-13.3502 769.825 125
-8.86578 767.923 125
-4.43304 767.981 125
3.82774e-05 767 125
4.40694 764.981 125
8.7786 762.923 125
13.1409 761.828 125
17.5196 761.694 125
21.7661 758.525 125
26.0633 757.318 125
30.3412 756.073 125
34.5992 754.792 125
38.9157 754.471 125
43.055 752.12 125
47.252 750.73 125
51.219 747.316 125
55.5828 747.844 125
59.4723 744.363 125
63.6968 743.825 125
67.6382 741.27 125
71.8354 740.662 125
75.8707 739.029 125
79.8831 737.362 125
83.6985 734.677 125
87.8376 733.929 125
91.5883 731.181 125
95.0985 727.424 125
99.3818 727.555 125
103.242 725.693 125
107.077 723.8 125
110.887 721.876 125
114.671 719.92 125
118.179 716.966 125
121.645 713.985 125
125.068 710.979 125
129.274 710.832 125
132.635 707.769 125
135.953 704.682 125
139.828 703.478 125
142.766 699.388 125
146.912 699.074 125
150.738 697.775 125
154.219 695.5 125
156.645 690.379 125
161.095 690.869 125
164.133 687.58 125
167.125 684.27 125
170.821 682.796 125
174.121 680.365 125
176.61 676.068 125
180.633 675.428 125
183.032 671.095 125
187.027 670.393 125
190.178 667.838 125
192.869 664.358 125
196.829 663.559 125
199.45 660.036 125
202.934 658.28 125
205.478 654.72 125
207.976 651.146 125
210.904 648.437 125
214.286 646.582 125
217.159 643.827 125
220 641.051 125
223.824 639.978 125
226.102 636.296 125
228.854 633.456 125
231.575 630.597 125
234.263 627.719 125
236.373 623.983 125
238.989 621.073 125
242.131 618.973 125
245.82 617.671 125
247.785 613.874 125
249.702 610.07 125
252.748 607.877 125
255.179 604.855 125
257.577 601.816 125
260.55 599.555 125
262.272 595.693 125
264.569 592.608 125
266.203 588.733 125
270.333 587.94 125
271.256 583.271 125
274.717 581.652 125
275.545 576.978 125
278.3 574.561 125
281.035 572.121 125
283.748 569.656 125
286.439 567.169 125
288.421 563.932 125
290.367 560.684 125
291.578 556.712 125
294.156 554.156 125
294.572 549.476 125
297.807 547.589 125
298.854 543.602 125
302.049 541.665 125
303.021 537.668 125
306.176 535.682 125
307.072 531.674 125
308.676 528.328 125
311.006 525.624 125
312.546 522.257 125
314.051 518.884 125
317.076 516.763 125
320.087 514.608 125
321.508 511.19 125
321.308 506.548 125
323.447 503.735 125
326.366 501.498 125
326.843 497.465 125
329.717 495.185 125
330.937 491.725 125
332.947 488.828 125
335.76 486.473 125
336.056 482.431 125
338.823 480.034 125
339.043 475.994 125
342.611 474.087 125
341.909 469.522 125
344.581 467.045 125
344.652 463.015 125
348.142 461 125
348.142 456.969 125
348.973 453.439 125
350.648 450.386 125
351.413 446.85 125
352.143 443.314 125
355.512 441.142 125
357.079 438.033 125
358.619 434.91 125
358.326 430.913 125
361.617 428.625 125
360.345 424.219 125
361.764 421.068 125
364.073 418.303 125
364.52 414.73 125
366.78 411.925 125
367.165 408.344 125
368.445 405.134 125
368.764 401.555 125
369.986 398.332 125
370.239 394.756 125
370.458 391.186 125
372.534 388.274 125
372.691 384.701 125
374.716 381.753 125
374.811 378.177 125
375.828 374.902 125
377.775 371.902 125
379.698 368.877 125
379.67 365.292 125
380.575 361.975 125
379.514 358.149 125
381.326 355.075 125
380.197 351.277 125
380.979 347.956 125
382.708 344.844 125
383.434 341.501 125
385.11 338.352 125
382.835 334.416 125
384.453 331.254 125
385.06 327.896 125
387.61 324.864 125
387.174 321.322 125
385.716 317.646 125
387.195 314.417 125
386.663 310.905 125
386.1 307.407 125
388.487 304.262 125
389.853 300.975 125
388.205 297.38 125
388.516 293.991 125
390.792 290.756 125
391.045 287.345 125
389.273 283.809 125
391.463 280.516 125
390.628 277.055 125
390.762 273.646 125
392.865 270.288 125
392.94 266.859 125
389.985 263.403 125
392 260 125
390.985 256.588 125
389.941 253.194 125
389.866 249.791 125
391.761 246.319 125
392.626 242.858 125
393.46 239.38 125
392.267 236.008 125
391.045 232.655 125
392.785 229.087 125
390.508 225.835 125
390.195 222.428 125
390.847 218.92 125
392.461 215.285 125
390.071 212.105 125
389.638 208.703 125
389.175 205.305 125
388.683 201.911 125
389.149 198.365 125
387.61 195.136 125
388.999 191.409 125
388.386 188.017 125
386.761 184.821 125
387.07 181.25 125
384.412 178.291 125
384.661 174.723 125
0 260 125
0 260 125
0 260 125
0 260 125
0 260 125
0 260 125
0 260 125
0 260 125
72.6792 237.78 125
71.5288 237.447 125
74.1824 235.897 125
0 260 125
0 260 125
39.5909 245.98 125
39.4671 245.635 125
37.4669 245.992 125
35.4761 246.382 125
37.2167 245.34 125
36.1602 245.39 125
35.1074 245.458 125
34.0587 245.543 125
33.9312 245.246 125
33.8012 244.951 125
31.8486 245.486 125
32.6271 244.786 125
33.3957 244.071 125
34.1542 243.342 125
33.1126 243.491 125
32.0762 243.656 125
31.9324 243.377 125
30.9032 243.568 125
30.7586 243.299 125
29.7371 243.516 125
29.5921 243.258 125
28.5788 243.5 125
29.2954 242.744 125
29.1437 242.489 125
29.8424 241.713 125
28.8336 241.983 125
29.5187 241.195 125
27.6761 242.027 125
27.5182 241.786 125
27.3582 241.547 125
26.372 241.875 125
27.032 241.072 125
26.8658 240.837 125
25.0795 241.779 125
24.9196 241.56 125
25.5563 240.742 125
34.1142 233.823 125
41.7646 227.37 125
33.6522 233.232 125
27.2001 237.974 125
27.0069 237.737 125
22.9813 240.716 125
0 260 125
0 260 125
0 260 125
0 260 125
0 260 125
0 260 125
0 260 125
0 260 125
0 260 125
0 260 125
0 260 125
