-0 260 101
-0 260 101
-0 260 101
-0 260 101
-0 260 101
-0 260 101
-0 260 101
-0 260 101
-16.6036 245.567 101
-23.5726 239.867 101
-26.0455 238.145 101
-27.0069 237.737 101
-33.4173 232.939 101
-43.0435 225.762 101
-41.7646 227.37 101
-27.7674 238.693 101
-26.355 240.14 101
-27.3311 239.776 101
-25.8885 241.191 101
-26.0517 241.418 101
-26.2129 241.646 101
-26.372 241.875 101
-26.5292 242.106 101
-27.5182 241.786 101
-27.6761 242.027 101
-27.8319 242.269 101
-26.2895 243.573 101
-27.2845 243.28 101
-29.1437 242.489 101
-28.4338 243.251 101
-27.7128 244 101
-27.8514 244.242 101
-27.9878 244.486 101
-29.001 244.254 101
-30.0202 244.038 101
-30.1584 244.301 101
-31.1852 244.11 101
-31.3227 244.383 101
-31.4578 244.657 101
-31.5905 244.932 101
-31.7208 245.208 101
-31.8486 245.486 101
-32.8876 245.357 101
-34.8483 244.848 101
-33.1382 245.934 101
-35.1074 245.458 101
-35.233 245.765 101
-35.3559 246.073 101
-36.4096 246.024 101
-37.4669 245.992 101
-39.4671 245.635 101
-0 260 101
-0 260 101
-0 260 101
-71.3292 236.824 101
-71.5288 237.447 101
-0 260 101
-0 260 101
-0 260 101
-0 260 101
-0 260 101
-0 260 101
-0 260 101
-0 260 101
-0 260 101
-0 260 101
-0 260 101
-0 260 101
-0 260 101
-0 260 101
-0 260 101
-0 260 101
-712.123 147.211 101
-712.091 153.577 101
-712.003 159.935 101
-712.849 166.152 101
-712.648 172.498 101
-714.378 178.607 101
-714.067 184.949 101
-714.694 191.183 101
-715.268 197.422 101
-714.79 203.745 101
-717.249 209.845 101
-716.661 216.167 101
-716.017 222.475 101
-716.318 228.725 101
-716.563 234.977 101
-715.755 241.257 101
-715.891 247.504 101
-716.973 253.743 101
-716 260 101
-715.973 266.248 101
-714.891 272.479 101
-714.755 278.717 101
-714.564 284.953 101
-713.32 291.144 101
-713.021 297.368 101
-712.668 303.589 101
-712.261 309.806 101
-710.802 315.941 101
-709.291 322.055 101
-708.722 328.242 101
-708.1 334.424 101
-706.43 340.488 101
-705.7 346.649 101
-703.926 352.674 101
-703.09 358.813 101
-701.212 364.797 101
-700.271 370.912 101
-698.29 376.854 101
-696.259 382.769 101
-695.161 388.841 101
-693.029 394.711 101
-690.847 400.554 101
-688.616 406.37 101
-688.289 412.59 101
-684.982 418.141 101
-684.548 424.346 101
-682.118 430.071 101
-679.64 435.767 101
-676.148 441.173 101
-674.541 447.067 101
-672.883 452.946 101
-670.215 458.527 101
-667.501 464.076 101
-663.787 469.291 101
-661.935 475.076 101
-659.085 480.527 101
-656.19 485.944 101
-653.251 491.328 101
-650.267 496.678 101
-647.24 501.993 101
-644.17 507.274 101
-641.988 512.886 101
-638.83 518.104 101
-635.629 523.286 101
-632.387 528.432 101
-629.103 533.542 101
-625.779 538.615 101
-622.413 543.65 101
-617.196 547.803 101
-614.661 553.178 101
-612.079 558.531 101
-608.555 563.415 101
-604.993 568.26 101
-600.506 572.604 101
-596.873 577.363 101
-593.202 582.082 101
-588.619 586.277 101
-585.749 591.401 101
-582.835 596.5 101
-578.153 600.558 101
-574.302 605.076 101
-570.416 609.552 101
-566.496 613.986 101
-562.542 618.379 101
-557.716 622.185 101
-554.534 627.038 101
-549.652 630.745 101
-545.571 634.961 101
-541.459 639.134 101
-537.316 643.264 101
-531.524 646.175 101
-528.938 651.393 101
-523.905 654.791 101
-519.646 658.739 101
-515.359 662.643 101
-511.043 666.502 101
-505.922 669.688 101
-502.328 674.087 101
-497.163 677.169 101
-491.983 680.193 101
-487.542 683.814 101
-483.076 687.39 101
-477.842 690.251 101
-473.332 693.729 101
-467.335 695.797 101
-464.24 700.547 101
-459.658 703.887 101
-455.054 707.18 101
-449.013 709.013 101
-443.676 711.488 101
-439.024 714.623 101
-433.663 716.986 101
-428.977 720.022 101
-424.271 723.01 101
-420.214 726.695 101
-415.463 729.595 101
-408.725 730.184 101
-404.606 733.733 101
-399.171 735.714 101
-394.368 738.407 101
-389.549 741.053 101
-383.469 742.087 101
-379.247 745.415 101
-373.779 747.119 101
-369.514 750.362 101
-364.031 751.96 101
-359.725 755.118 101
-353.648 755.796 101
-347.587 756.406 101
-343.242 759.421 101
-337.193 759.91 101
-332.266 761.999 101
-327.873 764.88 101
-322.917 766.878 101
-317.422 767.981 101
-312.454 769.879 101
-306.448 770.015 101
-301.478 771.808 101
-296 772.687 101
-281.174 756.973 101
-269.554 746.289 101
-262.914 744.228 101
-258.209 745.621 101
-258.579 756.726 101
-263.768 777.675 101
-259.241 779.957 101
-253.817 780.402 101
-248.835 781.694 101
-243.851 782.94 101
-238.449 783.228 101
-233.467 784.375 101
-228.084 784.558 101
-222.717 784.688 101
-217.747 785.687 101
-212.402 785.713 101
-207.44 786.616 101
-202.119 786.539 101
-197.167 787.346 101
-191.531 786.228 101
-186.598 786.937 101
-181.993 788.545 101
-176.421 787.268 101
-171.813 788.787 101
-166.29 787.405 101
-161.389 787.88 101
-156.492 788.31 101
-151.325 787.733 101
-146.447 788.07 101
-141.056 786.43 101
-136.207 786.672 101
-131.364 786.871 101
-126.527 787.025 101
-121.698 787.134 101
-116.661 786.224 101
-111.441 784.287 101
-106.861 785.24 101
-101.701 783.207 101
-96.9493 783.092 101
-92.2071 782.933 101
-87.3101 781.745 101
-82.5974 781.499 101
-77.8955 781.211 101
-72.9267 778.9 101
-68.2652 778.526 101
-63.7376 779.102 101
-58.8656 776.657 101
-54.2502 776.157 101
-49.5522 774.62 101
-45.0595 775.033 101
-40.4064 773.412 101
-35.785 771.75 101
-31.2568 771.045 101
-26.6913 769.301 101
-22.1586 767.516 101
-17.7289 767.691 101
-13.2455 765.827 101
-8.79597 763.923 101
-4.38941 762.981 101
3.78999e-05 762 101
4.37203 760.981 101
8.70879 758.924 101
13.0623 758.829 101
17.3102 755.698 101
21.548 753.53 101
25.8017 752.324 101
30.0359 751.082 101
34.2505 749.804 101
38.445 748.489 101
42.532 746.143 101
46.6769 744.758 101
50.8009 743.338 101
54.7904 740.889 101
58.8629 739.4 101
62.9137 737.876 101
66.8031 735.329 101
70.8007 733.739 101
74.6193 731.127 101
78.7277 730.458 101
81.962 724.829 101
86.3797 726.063 101
90.0619 723.328 101
93.9023 721.545 101
97.7185 719.729 101
101.51 717.883 101
105.052 715.031 101
109.019 714.097 101
112.01 709.247 101
115.425 706.316 101
119.574 706.258 101
123.197 704.234 101
126.793 702.18 101
129.795 698.181 101
133.906 697.988 101
137.423 695.849 101
140.294 691.78 101
143.104 687.694 101
147.157 687.374 101
150.547 685.131 101
154.251 683.801 101
157.593 681.502 101
160.907 679.178 101
164.193 676.827 101
167.075 673.524 101
169.529 669.279 101
173.485 668.704 101
176.646 666.258 101
179.778 663.787 101
183.294 662.203 101
185.952 658.775 101
188.994 656.235 101
191.568 652.773 101
193.65 648.402 101
197.94 648.479 101
200.399 644.963 101
203.751 643.199 101
206.133 639.649 101
208.953 636.961 101
210.757 632.512 101
214 630.659 101
216.719 627.916 101
219.406 625.153 101
223.107 624.077 101
225.216 620.42 101
228.352 618.441 101
231.472 616.435 101
233.469 612.734 101
234.861 608.196 101
237.891 606.133 101
240.902 604.044 101
242.734 600.3 101
245.106 597.36 101
248.636 596.012 101
250.957 593.031 101
253.245 590.035 101
256.115 587.812 101
257.721 584 101
259.28 580.184 101
261.428 577.138 101
263.543 574.078 101
266.923 572.527 101
269.64 570.186 101
271.674 567.072 101
273.674 563.946 101
274.965 560.072 101
276.891 556.93 101
279.472 554.502 101
282.031 552.052 101
282.466 547.44 101
284.964 544.964 101
287.44 542.466 101
289.894 539.947 101
290.875 536.03 101
291.81 532.117 101
295.648 530.912 101
296.515 526.983 101
298.084 523.723 101
298.865 519.799 101
301.881 517.831 101
304.886 515.829 101
304.792 511.251 101
306.196 507.952 101
308.348 505.271 101
309.688 501.955 101
310.995 498.634 101
314.662 497.115 101
314.308 492.576 101
317.944 491 101
319.947 488.216 101
319.469 483.695 101
321.409 480.898 101
322.496 477.526 101
322.714 473.6 101
326.243 471.865 101
328.923 469.547 101
330.739 466.669 101
329.119 461.684 101
330.867 458.805 101
333.45 456.417 101
334.286 453 101
335.087 449.583 101
336.729 446.652 101
338.345 443.706 101
339.935 440.747 101
342.386 438.235 101
342.147 434.332 101
343.655 431.34 101
344.238 427.896 101
344.788 424.455 101
344.397 420.595 101
347.605 418.413 101
348.974 415.373 101
351.234 412.721 101
351.633 409.259 101
351.074 405.42 101
353.257 402.725 101
352.628 398.904 101
353.827 395.821 101
354.999 392.729 101
357.083 389.968 101
358.204 386.847 101
357.406 383.065 101
359.415 380.258 101
359.499 376.808 101
359.551 373.366 101
359.571 369.932 101
361.475 367.074 101
363.357 364.191 101
363.289 360.749 101
364.154 357.575 101
364.992 354.393 101
365.801 351.205 101
365.611 347.775 101
367.338 344.807 101
366.111 341.165 101
368.762 338.383 101
369.432 335.162 101
370.073 331.935 101
369.704 328.521 101
371.273 325.465 101
369.857 321.893 101
369.395 318.506 101
369.892 315.281 101
372.341 312.329 101
373.775 309.208 101
374.19 305.945 101
371.596 302.338 101
372.946 299.198 101
373.274 295.942 101
375.565 292.858 101
373.844 289.422 101
374.087 286.159 101
376.297 283.015 101
375.485 279.678 101
374.643 276.357 101
375.771 273.122 101
375.871 269.843 101
373.943 266.527 101
374.986 263.272 101
376 260 101
375.986 256.719 101
376.943 253.42 101
376.871 250.131 101
375.771 246.878 101
375.642 243.599 101
374.486 240.374 101
373.302 237.168 101
376.082 233.702 101
375.838 230.421 101
376.562 227.055 101
375.264 223.866 101
374.935 220.593 101
375.57 217.209 101
373.197 214.177 101
373.775 210.792 101
373.331 207.532 101
373.848 204.128 101
375.322 200.555 101
371.83 197.777 101
372.257 194.361 101
371.67 191.115 101
371.055 187.874 101
368.452 185.038 101
369.74 181.409 101
369.04 178.186 101
0 260 101
0 260 101
0 260 101
0 260 101
0 260 101
0 260 101
0 260 101
0 260 101
71.7229 238.072 101
72.4825 237.146 101
0 260 101
0 260 101
0 260 101
39.5909 245.98 101
38.5274 245.977 101
37.4669 245.992 101
36.4096 246.024 101
36.2863 245.706 101
35.233 245.765 101
35.1074 245.458 101
34.9792 245.152 101
33.9312 245.246 101
33.8012 244.951 101
32.7586 245.071 101
33.5334 244.363 101
33.3957 244.071 101
33.2554 243.78 101
32.2176 243.937 101
31.1852 244.11 101
31.9324 243.377 101
30.9032 243.568 101
30.7586 243.299 101
29.7371 243.516 101
29.5921 243.258 101
28.5788 243.5 101
29.2954 242.744 101
28.2865 243.004 101
28.9898 242.235 101
29.6817 241.453 101
28.6753 241.732 101
28.5148 241.482 101
29.186 240.682 101
26.5292 242.106 101
26.372 241.875 101
26.2129 241.646 101
26.0517 241.418 101
25.0795 241.779 101
24.1157 242.155 101
24.7577 241.344 101
34.9075 233.214 101
40.9766 227.986 101
33.6522 233.232 101
26.423 238.603 101
27.0069 237.737 101
23.7474 240.074 101
0 260 101
0 260 101
0 260 101
0 260 101
0 260 101
0 260 101
0 260 101
0 260 101
0 260 101
0 260 101
0 260 101
