-0 260 140
-0 260 140
-0 260 140
-0 260 140
-0 260 140
-0 260 140
-0 260 140
-0 260 140
-17.3583 244.911 140
-22.8122 240.517 140
-27.5776 236.86 140
-26.2352 238.373 140
-34.9716 231.681 140
-43.0435 225.762 140
-41.7646 227.37 140
-27.7674 238.693 140
-26.355 240.14 140
-28.135 239.181 140
-27.5066 240.015 140
-26.8658 240.837 140
-26.2129 241.646 140
-25.5479 242.441 140
-25.7002 242.665 140
-27.5182 241.786 140
-27.6761 242.027 140
-26.9885 242.806 140
-27.1375 243.043 140
-27.2845 243.28 140
-28.2865 243.004 140
-27.5721 243.759 140
-27.7128 244 140
-27.8514 244.242 140
-28.8625 244.001 140
-29.001 244.254 140
-30.0202 244.038 140
-30.1584 244.301 140
-30.2942 244.564 140
-31.3227 244.383 140
-30.559 245.095 140
-31.5905 244.932 140
-31.7208 245.208 140
-32.7586 245.071 140
-32.8876 245.357 140
-33.0142 245.645 140
-34.9792 245.152 140
-35.1074 245.458 140
-34.3058 246.14 140
-35.3559 246.073 140
-36.4096 246.024 140
-37.4669 245.992 140
-39.4671 245.635 140
-0 260 140
-0 260 140
-0 260 140
-73.2314 236.206 140
-72.4825 237.146 140
-0 260 140
-70.9527 238.983 140
-0 260 140
-0 260 140
-0 260 140
-0 260 140
-0 260 140
-0 260 140
-0 260 140
-0 260 140
-0 260 140
-0 260 140
-0 260 140
-0 260 140
-0 260 140
-0 260 140
-726.939 144.864 140
-726.927 151.36 140
-728.837 157.569 140
-728.712 164.063 140
-729.521 170.426 140
-729.282 176.909 140
-729.979 183.276 140
-731.616 189.553 140
-730.211 196.115 140
-730.74 202.49 140
-732.212 208.799 140
-732.631 215.19 140
-731.995 221.638 140
-733.301 227.983 140
-732.553 234.419 140
-733.748 240.786 140
-733.888 247.19 140
-733.972 253.595 140
-734 260 140
-732.972 266.397 140
-732.888 272.793 140
-732.749 279.188 140
-731.554 285.547 140
-730.304 291.886 140
-731.995 298.362 140
-730.635 304.688 140
-729.219 310.992 140
-728.747 317.354 140
-727.222 323.624 140
-726.639 329.968 140
-726.995 336.41 140
-724.314 342.525 140
-723.566 348.843 140
-723.755 355.284 140
-720.915 361.318 140
-719.015 367.458 140
-718.049 373.728 140
-716.043 379.825 140
-714.97 386.069 140
-713.843 392.303 140
-711.68 398.337 140
-709.465 404.342 140
-708.179 410.528 140
-704.886 416.27 140
-703.495 422.415 140
-701.079 428.314 140
-699.583 434.426 140
-697.066 440.274 140
-694.501 446.091 140
-692.85 452.144 140
-689.225 457.632 140
-688.433 463.923 140
-685.67 469.631 140
-681.908 475.005 140
-679.054 480.638 140
-676.155 486.238 140
-674.155 492.13 140
-670.218 497.337 140
-667.182 502.834 140
-665.037 508.647 140
-661.908 514.083 140
-658.736 519.483 140
-654.592 524.472 140
-652.259 530.175 140
-648.956 535.466 140
-645.61 540.719 140
-642.222 545.936 140
-637.883 550.7 140
-635.322 556.255 140
-631.81 561.358 140
-627.358 565.983 140
-623.769 571 140
-619.249 575.523 140
-616.472 580.915 140
-612.766 585.813 140
-609.02 590.671 140
-604.362 595.004 140
-601.416 600.265 140
-596.691 604.5 140
-593.662 609.694 140
-588.874 613.831 140
-584.058 617.912 140
-580.065 622.465 140
-576.88 627.513 140
-571.973 631.444 140
-567.042 635.317 140
-562.916 639.692 140
-557.933 643.457 140
-553.747 647.738 140
-550.342 652.555 140
-545.277 656.167 140
-540.192 659.721 140
-535.884 663.818 140
-530.753 667.261 140
-526.391 671.262 140
-521.217 674.595 140
-516.025 677.869 140
-511.587 681.72 140
-507.121 685.525 140
-502.628 689.285 140
-497.354 692.343 140
-492.813 696.004 140
-487.503 698.95 140
-482.179 701.836 140
-476.843 704.663 140
-472.219 708.119 140
-467.571 711.528 140
-462.899 714.89 140
-456.084 716.084 140
-451.386 719.333 140
-446.665 722.536 140
-441.924 725.69 140
-436.479 728.066 140
-430.351 729.646 140
-425.567 732.64 140
-421.426 736.336 140
-415.285 737.731 140
-410.451 740.577 140
-405.599 743.374 140
-399.457 744.58 140
-394.584 747.271 140
-389.072 749.13 140
-382.941 750.143 140
-379.258 754.259 140
-371.922 753.557 140
-367.6 756.784 140
-363.251 759.973 140
-357.713 761.495 140
-351.602 762.14 140
-346.074 763.541 140
-340.548 764.884 140
-335.026 766.169 140
-329.507 767.396 140
-324.529 769.408 140
-317.952 768.829 140
-302.004 752.826 140
-289.966 742.585 140
-284.729 743.374 140
-279.5 744.108 140
-287.575 768.288 140
-287.007 777.775 140
-281.046 777.623 140
-275.11 777.407 140
-270.585 779.788 140
-265.584 781.239 140
-260.133 781.747 140
-255.132 783.098 140
-249.266 782.597 140
-243.851 782.94 140
-238.449 783.228 140
-233.467 784.375 140
-228.084 784.558 140
-222.326 783.767 140
-216.981 783.84 140
-212.027 784.786 140
-206.707 784.756 140
-201.761 785.606 140
-196.466 785.473 140
-191.189 785.288 140
-185.93 785.051 140
-180.69 784.763 140
-175.787 785.371 140
-170.577 784.983 140
-165.087 783.591 140
-159.927 783.099 140
-155.072 783.516 140
-149.947 782.926 140
-144.843 782.288 140
-139.762 781.6 140
-134.955 781.832 140
-129.67 780.079 140
-125.127 781.19 140
-120.349 781.288 140
-115.146 779.389 140
-110.401 779.396 140
-105.466 778.38 140
-100.747 778.299 140
-95.6736 776.209 140
-90.818 775.054 140
-86.1548 774.841 140
-81.5023 774.586 140
-76.713 773.299 140
-72.0916 772.959 140
-67.2209 770.594 140
-62.6408 770.169 140
-58.0732 769.702 140
-53.3095 767.206 140
-48.7854 766.657 140
-44.1879 765.071 140
-39.7003 764.44 140
-35.0875 761.775 140
-30.6463 761.064 140
-26.2203 760.313 140
-21.766 758.525 140
-17.3799 757.697 140
-12.9576 754.83 140
-8.604 752.925 140
-4.30214 752.981 140
3.70695e-05 751 140
4.26731 748.981 140
8.49936 746.926 140
12.6435 742.834 140
16.8914 743.705 140
21.0682 742.54 140
25.226 741.339 140
29.1812 737.108 140
33.4134 737.833 140
37.425 735.53 140
41.399 733.192 140
45.4309 731.818 140
49.442 730.409 140
53.3187 727.972 140
57.4005 727.489 140
61.0863 723.996 140
64.8547 721.465 140
68.7314 719.892 140
72.4292 717.3 140
75.9219 713.691 140
79.5309 711.042 140
83.6461 711.314 140
87.1997 708.604 140
90.9118 706.846 140
94.5998 705.057 140
98.0472 702.262 140
101.678 700.415 140
104.817 696.594 140
108.139 693.722 140
112.17 693.73 140
115.692 691.769 140
118.654 687.852 140
122.383 686.8 140
125.535 683.798 140
128.936 681.73 140
132.01 678.682 140
135.658 677.514 140
138.662 674.417 140
141.297 670.355 140
145.206 670.049 140
147.411 665.008 140
150.939 663.706 140
154.098 661.44 140
157.229 659.149 140
160.706 657.762 140
163.406 654.497 140
166.842 653.056 140
169.07 648.833 140
172.05 646.43 140
175.83 645.824 140
178.345 642.462 140
180.815 639.086 140
184.116 637.493 140
186.065 633.188 140
189.314 631.55 140
191.164 627.222 140
193.422 623.774 140
197.067 622.951 140
199.257 619.469 140
201.894 616.846 140
205.5 615.936 140
207.583 612.406 140
210.651 610.581 140
212.134 606.172 140
215.147 604.308 140
218.144 602.417 140
218.945 597.146 140
221.879 595.222 140
224.796 593.273 140
227.695 591.299 140
230.004 588.48 140
231.7 584.832 140
233.351 581.18 140
236.145 579.131 140
237.717 575.461 140
240.461 573.375 140
243.186 571.264 140
245.893 569.13 140
247.323 565.418 140
248.707 561.705 140
250.687 558.757 140
253.285 556.558 140
255.207 553.582 140
256.434 549.846 140
259.623 548.34 140
261.453 545.326 140
262.569 541.571 140
265.705 539.994 140
266.054 535.507 140
268.448 533.175 140
270.115 530.115 140
271.748 527.046 140
273.349 523.97 140
274.917 520.886 140
277.914 519.159 140
278.691 515.373 140
280.909 512.931 140
281.607 509.145 140
283.771 506.678 140
285.913 504.192 140
286.501 500.403 140
289.359 498.529 140
289.098 494.107 140
293.478 493.443 140
292.352 488.41 140
295.127 486.459 140
297.891 484.477 140
299.839 481.869 140
299.336 477.481 140
302.851 476.021 140
303.086 472.223 140
304.927 469.57 140
305.915 466.342 140
306.87 463.113 140
309.469 460.972 140
310.368 457.726 140
310.386 453.95 140
312.919 451.757 140
313.723 448.504 140
316.218 446.267 140
316.965 443 140
317.68 439.735 140
317.487 435.986 140
319.889 433.686 140
320.51 430.418 140
321.985 427.615 140
323.435 424.799 140
323.071 421.077 140
326.262 419.129 140
326.736 415.845 140
327.177 412.565 140
328.496 409.704 140
328.876 406.425 140
330.142 403.55 140
333.223 401.445 140
333.521 398.149 140
334.713 395.233 140
334.02 391.574 140
336.089 389.012 140
337.202 386.075 140
338.289 383.127 140
336.523 379.169 140
338.496 376.553 140
340.448 373.912 140
341.429 370.937 140
340.477 367.352 140
342.357 364.669 140
342.299 361.393 140
343.17 358.403 140
342.089 354.87 140
344.836 352.398 140
345.629 349.386 140
347.366 346.608 140
344.219 342.64 140
346.876 340.083 140
348.538 337.269 140
348.221 334.017 140
346.893 330.576 140
349.459 327.928 140
348.072 324.511 140
351.576 321.992 140
351.118 318.757 140
351.617 315.691 140
351.101 312.472 140
352.535 309.546 140
350.971 306.206 140
351.361 303.142 140
353.712 300.3 140
354.05 297.212 140
353.366 294.025 140
354.645 291.027 140
354.903 287.931 140
356.13 284.903 140
353.34 281.611 140
355.512 278.632 140
355.661 275.529 140
356.783 272.459 140
356.878 269.345 140
355.946 266.213 140
354.986 263.098 140
357 260 140
355.986 256.893 140
355.946 253.787 140
356.878 250.655 140
357.782 247.506 140
357.659 244.384 140
355.512 241.368 140
354.338 238.328 140
357.128 235.027 140
356.896 231.912 140
354.645 228.973 140
355.356 225.783 140
357.033 222.474 140
355.699 219.473 140
354.339 216.493 140
354.937 213.272 140
355.506 210.037 140
355.057 206.936 140
355.568 203.684 140
355.063 200.583 140
353.546 197.66 140
353.972 194.395 140
352.404 191.5 140
351.793 188.427 140
350.177 185.568 140
350.49 182.298 140
0 260 140
0 260 140
0 260 140
0 260 140
0 260 140
0 260 140
0 260 140
0 260 140
71.7229 238.072 140
73.4362 236.846 140
0 260 140
0 260 140
0 260 140
38.6483 246.314 140
39.4671 245.635 140
37.4669 245.992 140
36.4096 246.024 140
36.2863 245.706 140
35.233 245.765 140
35.1074 245.458 140
34.9792 245.152 140
33.9312 245.246 140
33.8012 244.951 140
32.7586 245.071 140
33.5334 244.363 140
33.3957 244.071 140
33.2554 243.78 140
33.1126 243.491 140
31.1852 244.11 140
31.0454 243.839 140
30.9032 243.568 140
29.8798 243.777 140
30.6117 243.032 140
28.7217 243.75 140
27.7128 244 140
29.2954 242.744 140
28.2865 243.004 140
28.9898 242.235 140
29.6817 241.453 140
27.8319 242.269 140
28.5148 241.482 140
28.3521 241.234 140
27.3582 241.547 140
27.1962 241.309 140
27.032 241.072 140
26.8658 240.837 140
25.0795 241.779 140
24.1157 242.155 140
24.7577 241.344 140
35.7009 232.606 140
40.9766 227.986 140
34.4348 232.609 140
27.9773 237.344 140
27.0069 237.737 140
23.7474 240.074 140
0 260 140
0 260 140
0 260 140
0 260 140
0 260 140
0 260 140
0 260 140
0 260 140
0 260 140
0 260 140
0 260 140
