-0 260 114
-0 260 114
-0 260 114
-0 260 114
-0 260 114
-0 260 114
-0 260 114
-0 260 114
-15.0942 246.879 114
-23.5726 239.867 114
-26.8116 237.502 114
-27.0069 237.737 114
-34.1944 232.31 114
-41.4782 227.007 114
-41.7646 227.37 114
-27.7674 238.693 114
-27.1536 239.538 114
-26.5273 240.371 114
-27.5066 240.015 114
-26.0517 241.418 114
-26.2129 241.646 114
-26.372 241.875 114
-26.5292 242.106 114
-26.6843 242.338 114
-27.6761 242.027 114
-27.8319 242.269 114
-27.9856 242.513 114
-28.1371 242.758 114
-28.2865 243.004 114
-27.5721 243.759 114
-29.4449 243 114
-26.981 244.735 114
-27.9878 244.486 114
-29.001 244.254 114
-30.9032 243.569 114
-30.1584 244.301 114
-31.1852 244.11 114
-30.4278 244.829 114
-30.559 245.095 114
-32.4931 244.502 114
-31.7208 245.208 114
-32.7586 245.071 114
-33.8012 244.951 114
-33.9312 245.246 114
-34.9792 245.152 114
-35.1074 245.458 114
-34.3058 246.14 114
-35.3559 246.073 114
-37.3432 245.665 114
-37.4669 245.992 114
-39.4671 245.635 114
-0 260 114
-0 260 114
-0 260 114
-73.2314 236.206 114
-71.5288 237.447 114
-0 260 114
-0 260 114
-0 260 114
-0 260 114
-0 260 114
-0 260 114
-0 260 114
-0 260 114
-0 260 114
-0 260 114
-0 260 114
-0 260 114
-0 260 114
-0 260 114
-0 260 114
-0 260 114
-689.406 150.809 114
-689.344 156.977 114
-691.207 162.857 114
-690.046 169.154 114
-693.79 174.813 114
-692.52 181.097 114
-693.182 187.144 114
-694.787 193.1 114
-694.348 199.253 114
-693.854 205.393 114
-695.302 211.38 114
-694.702 217.51 114
-695.046 223.574 114
-694.339 229.685 114
-696.575 235.675 114
-695.762 241.781 114
-695.894 247.853 114
-695.973 253.926 114
-696 260 114
-693.974 266.056 114
-695.894 272.147 114
-692.763 278.141 114
-695.576 284.29 114
-693.339 290.272 114
-691.052 296.217 114
-692.706 302.368 114
-690.314 308.272 114
-691.861 314.451 114
-689.367 320.312 114
-689.81 326.421 114
-688.209 332.334 114
-686.558 338.224 114
-686.842 344.334 114
-686.08 350.324 114
-684.275 356.169 114
-682.421 361.989 114
-681.505 367.94 114
-679.551 373.718 114
-679.517 379.817 114
-676.479 385.378 114
-675.359 391.277 114
-673.208 396.966 114
-671.009 402.628 114
-670.715 408.694 114
-668.418 414.317 114
-665.101 419.677 114
-663.682 425.475 114
-662.213 431.26 114
-659.727 436.773 114
-657.196 442.257 114
-655.58 447.985 114
-652.956 453.415 114
-651.244 459.105 114
-649.481 464.781 114
-646.718 470.132 114
-643.912 475.45 114
-640.116 480.41 114
-638.168 485.987 114
-635.232 491.206 114
-633.19 496.74 114
-630.167 501.898 114
-628.032 507.388 114
-624.922 512.485 114
-621.771 517.546 114
-617.659 522.181 114
-615.347 527.561 114
-611.162 532.107 114
-608.764 537.43 114
-606.32 542.732 114
-602.024 547.151 114
-599.496 552.394 114
-595.131 556.722 114
-592.519 561.904 114
-589.862 567.063 114
-585.394 571.26 114
-581.777 575.879 114
-578.998 580.944 114
-576.175 585.984 114
-571.577 590 114
-567.814 594.468 114
-564.016 598.895 114
-560.185 603.282 114
-555.471 607.097 114
-552.421 611.931 114
-547.652 615.649 114
-544.527 620.415 114
-540.532 624.594 114
-536.506 628.731 114
-533.268 633.398 114
-528.361 636.876 114
-523.434 640.297 114
-519.291 644.256 114
-515.918 648.773 114
-510.92 652.042 114
-507.479 656.486 114
-502.434 659.654 114
-498.928 664.024 114
-494.611 667.726 114
-490.268 671.384 114
-484.379 673.698 114
-480.75 677.91 114
-477.085 682.089 114
-471.154 684.229 114
-467.434 688.324 114
-462.215 691.023 114
-458.437 695.04 114
-453.903 698.329 114
-449.348 701.573 114
-444.063 704.063 114
-439.47 707.208 114
-434.161 709.587 114
-430.222 713.359 114
-424.885 715.633 114
-420.893 719.324 114
-415.53 721.493 114
-410.824 724.353 114
-404.788 725.656 114
-401.359 729.931 114
-395.314 731.117 114
-389.916 733.006 114
-385.144 735.613 114
-380.979 738.956 114
-376.169 741.475 114
-371.344 743.946 114
-365.903 745.57 114
-360.463 747.137 114
-355.61 749.455 114
-351.325 752.54 114
-345.293 753.13 114
-339.844 754.476 114
-334.956 756.594 114
-331.162 760.332 114
-325.694 761.525 114
-320.231 762.661 114
-314.242 762.893 114
-309.842 765.616 114
-305.418 768.3 114
-298.94 767.5 114
-295 770.955 114
-290.037 772.64 114
-276.826 759.408 114
-263.869 745.986 114
-257.74 744.738 114
-253.038 746.082 114
-250.603 751.836 114
-257.456 776.377 114
-252.94 778.604 114
-248.405 780.792 114
-243.428 782.033 114
-238.863 784.138 114
-233.06 783.462 114
-228.084 784.558 114
-222.717 784.688 114
-217.747 785.687 114
-212.776 786.64 114
-207.073 785.686 114
-202.478 787.473 114
-197.167 787.346 114
-192.215 788.107 114
-186.932 787.879 114
-181.993 788.545 114
-177.056 789.165 114
-172.122 789.738 114
-166.892 789.313 114
-161.682 788.837 114
-156.776 789.269 114
-151.876 789.655 114
-146.981 789.997 114
-141.833 789.327 114
-136.958 789.577 114
-131.847 788.811 114
-127.228 789.942 114
-122.148 789.083 114
-117.094 788.176 114
-112.48 789.178 114
-107.459 788.179 114
-102.464 787.134 114
-97.6782 787.025 114
-92.9017 786.872 114
-87.9703 785.69 114
-83.2231 785.45 114
-78.4868 785.167 114
-73.6225 783.852 114
-69.0483 784.474 114
-64.2251 783.072 114
-59.5448 782.619 114
-54.8774 782.124 114
-50.1273 780.592 114
-45.4081 779.017 114
-40.7987 778.397 114
-36.2036 777.736 114
-31.6231 777.034 114
-27.0053 775.293 114
-22.4639 774.51 114
-17.9383 773.687 114
-13.4026 771.825 114
-8.91814 770.922 114
-4.45049 769.981 114
3.84284e-05 769 114
4.42439 766.981 114
8.8135 764.923 114
13.2194 764.827 114
17.5894 763.693 114
21.897 761.522 114
26.2204 760.313 114
30.5243 759.067 114
34.8085 757.784 114
39.0727 756.465 114
43.055 752.12 114
47.3478 751.726 114
51.6371 751.294 114
55.8092 749.831 114
59.5941 745.355 114
64.0884 746.799 114
68.0557 744.241 114
72.131 742.64 114
76.1836 741.004 114
79.718 736.376 114
84.0457 736.647 114
88.202 735.895 114
92.1608 734.126 114
95.896 731.344 114
99.7976 729.511 114
103.675 727.646 114
106.852 722.826 114
111.12 722.848 114
114.429 718.95 114
118.931 719.87 114
122.421 716.883 114
126.137 714.834 114
129.55 711.793 114
133.487 710.645 114
136.83 707.551 114
140.129 704.432 114
144.311 704.143 114
147.864 701.919 114
151.064 698.721 114
154.219 695.5 114
158.013 694.138 114
161.796 692.743 114
164.849 689.447 114
168.224 687.062 114
171.195 683.723 114
175.269 683.137 114
178.173 679.75 114
181.83 678.179 114
184.658 674.75 114
188.271 673.122 114
190.601 668.745 114
194.591 667.969 114
196.829 663.559 114
199.45 660.036 114
203.388 659.171 114
206.863 657.381 114
209.854 654.678 114
212.813 651.952 114
215.74 649.206 114
218.636 646.438 114
221 642.783 114
224.332 640.84 114
226.617 637.154 114
230.422 636.014 114
232.635 632.293 114
235.875 630.249 114
238.552 627.338 114
241.748 625.242 114
243.249 620.631 114
245.82 617.671 114
247.785 613.874 114
251.444 612.512 114
253.923 609.495 114
256.369 606.462 114
259.382 604.212 114
261.767 601.142 114
264.734 598.845 114
267.059 595.739 114
268.091 591.064 114
270.969 588.712 114
273.828 586.335 114
276.015 583.173 114
280.137 582.261 114
282.276 579.055 114
283.711 575.093 114
285.775 571.868 114
289.167 570.094 114
289.109 564.657 114
291.757 562.123 114
294.382 559.565 114
297.692 557.692 114
299.565 554.382 114
301.403 551.062 114
301.756 546.355 114
304.243 543.711 114
305.97 540.37 114
307.662 537.02 114
310.817 534.987 114
311.695 530.952 114
314.048 528.222 114
316.376 525.471 114
318.681 522.7 114
320.184 519.28 114
321.652 515.854 114
324.66 513.653 114
326.862 510.81 114
328.239 507.346 114
331.189 505.067 114
332.506 501.58 114
332.973 497.507 114
335.852 495.166 114
337.068 491.66 114
338.247 488.151 114
341.059 485.742 114
342.178 482.213 114
345.79 480.293 114
346.004 476.207 114
346.172 472.134 114
348.01 469.105 114
348.96 465.553 114
349.874 462 114
351.624 458.939 114
354.221 456.348 114
355.042 452.772 114
358.477 450.605 114
358.352 446.546 114
359.076 442.958 114
361.553 440.264 114
362.214 436.664 114
361.937 432.635 114
365.242 430.315 114
367.624 427.536 114
368.159 423.915 114
366.824 419.5 114
368.202 416.292 114
370.476 413.456 114
372.728 410.592 114
372.167 406.6 114
374.366 403.706 114
375.606 400.433 114
376.817 397.15 114
377.999 393.857 114
376.316 389.576 114
379.329 386.922 114
379.472 383.298 114
380.533 379.982 114
381.566 376.656 114
382.569 373.322 114
381.621 369.428 114
383.525 366.361 114
384.438 363.01 114
384.355 359.401 114
385.207 356.043 114
386.031 352.678 114
388.774 349.755 114
388.566 346.143 114
390.281 342.957 114
390.99 339.548 114
391.669 336.133 114
390.352 332.348 114
392.938 329.286 114
392.542 325.689 114
391.125 321.948 114
393.628 318.828 114
392.146 315.113 114
396.578 312.21 114
396.026 308.626 114
395.442 305.055 114
395.82 301.602 114
395.172 298.051 114
397.482 294.775 114
397.77 291.305 114
397.03 287.763 114
396.26 284.236 114
398.453 280.882 114
396.622 277.317 114
398.757 273.925 114
397.864 270.418 114
395.94 266.911 114
396.985 263.464 114
399 260 114
399.985 256.509 114
399.939 253.019 114
397.864 249.582 114
397.758 246.11 114
398.62 242.596 114
399.452 239.066 114
398.256 235.642 114
399.026 232.097 114
399.764 228.538 114
400.47 224.963 114
400.149 221.47 114
398.803 218.084 114
397.429 214.719 114
399.004 211.009 114
398.561 207.528 114
398.088 204.052 114
398.573 200.433 114
399.026 196.8 114
398.459 193.321 114
395.893 190.193 114
395.268 186.741 114
395.596 183.104 114
393.93 179.854 114
394.193 176.212 114
393.447 172.775 114
0 260 114
0 260 114
0 260 114
0 260 114
0 260 114
0 260 114
0 260 114
0 260 114
70.7666 238.364 114
71.5288 237.447 114
0 260 114
0 260 114
0 260 114
40.5336 245.646 114
38.5274 245.977 114
37.4669 245.992 114
36.4096 246.024 114
37.2167 245.34 114
36.1602 245.39 114
36.0313 245.075 114
34.9792 245.152 114
34.8483 244.848 114
34.7147 244.544 114
32.7586 245.071 114
32.6271 244.786 114
33.3957 244.071 114
33.2554 243.78 114
34.0075 243.044 114
31.1852 244.11 114
32.8194 242.915 114
30.9032 243.568 114
29.8798 243.777 114
29.7371 243.516 114
29.5921 243.258 114
29.4449 243 114
29.2954 242.744 114
30.0009 241.974 114
29.8424 241.713 114
28.8336 241.983 114
29.5187 241.195 114
29.3535 240.938 114
28.3521 241.234 114
27.3582 241.547 114
27.1962 241.309 114
27.032 241.072 114
26.8658 240.837 114
25.8885 241.191 114
24.9196 241.56 114
24.7577 241.344 114
34.9075 233.214 114
40.9766 227.986 114
33.6522 233.232 114
27.2001 237.974 114
25.4636 239.009 114
22.9813 240.716 114
0 260 114
0 260 114
0 260 114
0 260 114
0 260 114
0 260 114
0 260 114
0 260 114
0 260 114
0 260 114
0 260 114
