-0 260 27
-0 260 27
-0 260 27
-0 260 27
-0 260 27
-0 260 27
-0 260 27
-0 260 27
-15.8489 246.223 27
-22.8122 240.517 27
-27.5776 236.86 27
-24.692 239.646 27
-33.4173 232.939 27
-42.2608 226.384 27
-40.9766 227.986 27
-26.974 239.302 27
-26.355 240.14 27
-27.3311 239.776 27
-27.5066 240.015 27
-26.0517 241.418 27
-25.3937 242.219 27
-24.7238 243.008 27
-25.7002 242.665 27
-26.6843 242.338 27
-25.9988 243.116 27
-26.9885 242.806 27
-26.2895 243.573 27
-27.2845 243.28 27
-28.2865 243.004 27
-28.4338 243.251 27
-27.7128 244 27
-26.981 244.735 27
-27.9878 244.486 27
-29.001 244.254 27
-30.0202 244.038 27
-30.1584 244.301 27
-30.2942 244.564 27
-29.5328 245.275 27
-31.4578 244.657 27
-30.6879 245.363 27
-30.8145 245.631 27
-31.8486 245.486 27
-32.8876 245.357 27
-33.0142 245.645 27
-34.9792 245.152 27
-34.1835 245.841 27
-34.3058 246.14 27
-36.2863 245.706 27
-35.4761 246.382 27
-37.4669 245.992 27
-39.4671 245.635 27
-0 260 27
-0 260 27
-0 260 27
-70.3782 237.133 27
-72.4825 237.146 27
-0 260 27
-0 260 27
-0 260 27
-0 260 27
-0 260 27
-0 260 27
-0 260 27
-0 260 27
-0 260 27
-0 260 27
-0 260 27
-0 260 27
-0 260 27
-0 260 27
-0 260 27
-0 260 27
-647.924 157.379 27
-648.794 163.037 27
-857.572 139.476 27
-852.643 147.748 27
-851.605 155.436 27
-848.51 163.325 27
-843.355 171.36 27
-845.091 178.627 27
-846.766 185.918 27
-848.377 193.231 27
-850.922 200.498 27
-846.418 208.231 27
-847.836 215.567 27
-848.192 222.967 27
-847.483 230.405 27
-848.709 237.776 27
-847.871 245.2 27
-852.968 252.556 27
-866 260 27
-875.967 267.645 27
-891.864 275.568 27
-917.685 284.031 27
-917.441 292.038 27
-872.169 298.08 27
-855.826 304.852 27
-859.394 312.563 27
-865.886 320.549 27
-1012.87 339.715 27
-1043.02 351.252 27
-1039.19 360.063 27
-0 260 27
-0 260 27
-0 260 27
-0 260 27
-0 260 27
-0 260 27
-0 260 27
-0 260 27
-0 260 27
-0 260 27
-0 260 27
-0 260 27
-0 260 27
-0 260 27
-0 260 27
-0 260 27
-0 260 27
-0 260 27
-0 260 27
-0 260 27
-0 260 27
-0 260 27
-0 260 27
-0 260 27
-0 260 27
-0 260 27
-0 260 27
-0 260 27
-0 260 27
-0 260 27
-0 260 27
-0 260 27
-0 260 27
-0 260 27
-0 260 27
-0 260 27
-0 260 27
-0 260 27
-0 260 27
-0 260 27
-0 260 27
-0 260 27
-0 260 27
-0 260 27
-0 260 27
-0 260 27
-0 260 27
-0 260 27
-0 260 27
-0 260 27
-0 260 27
-0 260 27
-0 260 27
-0 260 27
-0 260 27
-0 260 27
-0 260 27
-0 260 27
-0 260 27
-0 260 27
-0 260 27
-0 260 27
-0 260 27
-0 260 27
-0 260 27
-0 260 27
-0 260 27
-0 260 27
-0 260 27
-0 260 27
-0 260 27
-0 260 27
-0 260 27
-0 260 27
-0 260 27
-0 260 27
-0 260 27
-0 260 27
-0 260 27
-0 260 27
-0 260 27
-0 260 27
-0 260 27
-0 260 27
-0 260 27
-0 260 27
-0 260 27
-0 260 27
-0 260 27
-0 260 27
-0 260 27
-0 260 27
-0 260 27
-0 260 27
-0 260 27
-0 260 27
-0 260 27
-0 260 27
-0 260 27
-0 260 27
-0 260 27
-0 260 27
-0 260 27
-0 260 27
-0 260 27
-0 260 27
-0 260 27
-0 260 27
-0 260 27
-0 260 27
-0 260 27
-0 260 27
-0 260 27
-0 260 27
-0 260 27
-0 260 27
-0 260 27
-0 260 27
-0 260 27
-0 260 27
0 260 27
0 260 27
0 260 27
0 260 27
0 260 27
0 260 27
0 260 27
0 260 27
0 260 27
0 260 27
0 260 27
0 260 27
0 260 27
0 260 27
0 260 27
0 260 27
0 260 27
0 260 27
0 260 27
0 260 27
0 260 27
0 260 27
0 260 27
0 260 27
0 260 27
0 260 27
0 260 27
0 260 27
0 260 27
0 260 27
0 260 27
0 260 27
0 260 27
0 260 27
0 260 27
0 260 27
0 260 27
0 260 27
0 260 27
0 260 27
0 260 27
0 260 27
0 260 27
0 260 27
0 260 27
0 260 27
0 260 27
0 260 27
0 260 27
0 260 27
0 260 27
0 260 27
0 260 27
0 260 27
0 260 27
0 260 27
0 260 27
0 260 27
0 260 27
0 260 27
0 260 27
0 260 27
0 260 27
0 260 27
0 260 27
0 260 27
0 260 27
0 260 27
0 260 27
0 260 27
0 260 27
0 260 27
0 260 27
0 260 27
0 260 27
0 260 27
0 260 27
0 260 27
0 260 27
0 260 27
0 260 27
0 260 27
0 260 27
0 260 27
0 260 27
0 260 27
0 260 27
0 260 27
0 260 27
0 260 27
0 260 27
0 260 27
0 260 27
0 260 27
0 260 27
0 260 27
0 260 27
0 260 27
0 260 27
0 260 27
0 260 27
0 260 27
0 260 27
0 260 27
0 260 27
0 260 27
0 260 27
0 260 27
0 260 27
0 260 27
0 260 27
0 260 27
0 260 27
0 260 27
0 260 27
0 260 27
0 260 27
0 260 27
0 260 27
0 260 27
0 260 27
0 260 27
0 260 27
0 260 27
0 260 27
0 260 27
0 260 27
0 260 27
0 260 27
0 260 27
0 260 27
0 260 27
0 260 27
0 260 27
0 260 27
0 260 27
0 260 27
0 260 27
0 260 27
0 260 27
0 260 27
0 260 27
0 260 27
0 260 27
0 260 27
0 260 27
0 260 27
0 260 27
0 260 27
0 260 27
0 260 27
0 260 27
0 260 27
0 260 27
0 260 27
0 260 27
0 260 27
0 260 27
0 260 27
0 260 27
0 260 27
0 260 27
0 260 27
0 260 27
0 260 27
0 260 27
0 260 27
0 260 27
0 260 27
0 260 27
0 260 27
0 260 27
0 260 27
0 260 27
0 260 27
0 260 27
0 260 27
0 260 27
0 260 27
0 260 27
1181.95 249.685 27
1199.82 239.057 27
0 260 27
1179.8 51.9695 27
1150.41 46.7844 27
1146.54 37.1351 27
1094.58 37.306 27
1060.31 34.6237 27
1039.76 29.4918 27
0 260 27
0 260 27
0 260 27
0 260 27
0 260 27
0 260 27
0 260 27
0 260 27
71.7229 238.072 27
71.5288 237.447 27
73.2314 236.206 27
0 260 27
42.5483 245.349 27
39.5909 245.98 27
37.5877 246.319 27
35.5935 246.692 27
35.4761 246.382 27
35.3559 246.073 27
36.1602 245.39 27
35.1074 245.458 27
34.9792 245.152 27
33.9312 245.246 27
33.8012 244.951 27
31.8486 245.486 27
32.6271 244.786 27
32.4931 244.502 27
33.2554 243.78 27
33.1126 243.491 27
32.0762 243.656 27
30.1584 244.301 27
30.0202 244.038 27
30.7586 243.299 27
28.8625 244.001 27
28.7217 243.75 27
29.4449 243 27
29.2954 242.744 27
28.2865 243.004 27
28.9898 242.235 27
28.8336 241.983 27
27.8319 242.269 27
27.6761 242.027 27
28.3521 241.234 27
26.5292 242.106 27
27.1962 241.309 27
27.032 241.072 27
26.0517 241.418 27
25.0795 241.779 27
24.1157 242.155 27
23.1604 242.547 27
34.1142 233.823 27
39.4005 229.217 27
32.8695 233.854 27
26.423 238.603 27
27.0069 237.737 27
23.7474 240.074 27
0 260 27
0 260 27
0 260 27
0 260 27
0 260 27
0 260 27
0 260 27
0 260 27
0 260 27
0 260 27
0 260 27
