-0 260 45
-0 260 45
-0 260 45
-0 260 45
-0 260 45
-0 260 45
-0 260 45
-0 260 45
-16.6036 245.567 45
-22.0518 241.166 45
-25.2795 238.788 45
-27.0069 237.737 45
-33.4173 232.939 45
-43.8261 225.139 45
-39.4005 229.217 45
-26.1807 239.911 45
-26.355 240.14 45
-26.5273 240.371 45
-27.5066 240.015 45
-26.0517 241.418 45
-25.3937 242.219 45
-24.7238 243.008 45
-26.5292 242.106 45
-26.6843 242.338 45
-25.9988 243.116 45
-26.9885 242.806 45
-27.1375 243.043 45
-28.1371 242.758 45
-28.2865 243.004 45
-27.5721 243.759 45
-27.7128 244 45
-26.1107 245.227 45
-27.9878 244.486 45
-29.001 244.254 45
-29.1373 244.507 45
-30.1584 244.301 45
-30.2942 244.564 45
-30.4278 244.829 45
-30.559 245.095 45
-31.5905 244.932 45
-31.7208 245.208 45
-31.8486 245.486 45
-31.9741 245.764 45
-33.0142 245.645 45
-34.9792 245.152 45
-34.1835 245.841 45
-34.3058 246.14 45
-34.4255 246.439 45
-35.4761 246.382 45
-35.5935 246.692 45
-39.4671 245.635 45
-0 260 45
-0 260 45
-0 260 45
-71.3292 236.824 45
-72.4825 237.146 45
-0 260 45
-0 260 45
-0 260 45
-0 260 45
-0 260 45
-0 260 45
-0 260 45
-0 260 45
-0 260 45
-0 260 45
-0 260 45
-0 260 45
-0 260 45
-0 260 45
-0 260 45
-0 260 45
-706.197 148.149 45
-706.157 154.464 45
-707.051 160.631 45
-706.9 166.935 45
-708.678 172.985 45
-707.423 179.399 45
-708.1 185.576 45
-709.718 191.662 45
-708.294 198.032 45
-708.808 204.216 45
-708.27 210.473 45
-709.674 216.595 45
-709.027 222.842 45
-710.323 228.987 45
-708.568 235.256 45
-708.757 241.441 45
-707.892 247.644 45
-707.973 253.822 45
-708 260 45
-706.973 266.17 45
-705.892 272.322 45
-706.758 278.507 45
-704.571 284.604 45
-704.329 290.752 45
-704.034 296.897 45
-704.683 303.1 45
-702.285 309.109 45
-701.83 315.235 45
-701.321 321.358 45
-699.764 327.38 45
-698.154 333.379 45
-697.487 339.469 45
-694.782 345.309 45
-694.011 351.368 45
-693.188 357.421 45
-691.322 363.319 45
-690.394 369.348 45
-687.441 375.038 45
-687.396 381.207 45
-685.329 387.018 45
-682.231 392.612 45
-681.048 398.561 45
-678.834 404.291 45
-677.549 410.209 45
-675.238 415.891 45
-672.88 421.544 45
-671.445 427.41 45
-668.022 432.762 45
-666.489 438.585 45
-662.978 443.86 45
-660.387 449.363 45
-658.709 455.119 45
-655.069 460.275 45
-652.342 465.683 45
-650.523 471.368 45
-646.757 476.402 45
-644.844 482.038 45
-641.939 487.323 45
-638.051 492.232 45
-635.064 497.441 45
-632.967 502.974 45
-629.893 508.121 45
-626.776 513.234 45
-622.695 517.929 45
-619.5 522.962 45
-616.264 527.959 45
-612.075 532.514 45
-608.764 537.43 45
-605.414 542.309 45
-602.927 547.581 45
-598.597 551.955 45
-595.131 556.722 45
-592.519 561.904 45
-588.975 566.601 45
-584.511 570.79 45
-580.019 574.925 45
-577.249 579.974 45
-575.305 585.492 45
-570.711 589.5 45
-566.09 593.453 45
-563.159 598.38 45
-559.332 602.759 45
-554.623 606.567 45
-550.735 610.857 45
-545.136 614.015 45
-542.86 619.311 45
-538.874 623.475 45
-534.858 627.598 45
-531.63 632.251 45
-526.733 635.715 45
-522.625 639.709 45
-517.684 643.066 45
-508.731 643.356 45
-482.359 630.127 45
-467.29 625.087 45
-465.652 630.396 45
-477.168 646.403 45
-490.753 664.546 45
-487.97 669.456 45
-483.618 673.049 45
-477.731 675.285 45
-473.34 678.776 45
-468.924 682.221 45
-463.747 684.946 45
-460.021 688.977 45
-454.81 691.598 45
-451.026 695.551 45
-446.495 698.769 45
-441.235 701.235 45
-437.367 705.068 45
-431.383 706.71 45
-426.78 709.732 45
-420.793 711.245 45
-416.839 714.9 45
-412.854 718.52 45
-408.174 721.357 45
-402.164 722.637 45
-396.813 724.608 45
-392.1 727.287 45
-388.644 731.463 45
-381.997 731.728 45
-377.866 735.043 45
-371.859 735.959 45
-367.083 738.392 45
-361.691 739.98 45
-358.083 743.922 45
-352.083 744.601 45
-346.68 746.027 45
-342.999 749.853 45
-336.445 749.531 45
-332.72 753.277 45
-327.299 754.494 45
-322.971 757.332 45
-317.007 757.601 45
-312.122 759.5 45
-306.184 759.647 45
-301.297 761.443 45
-296.402 763.191 45
-291 764.027 45
-285.606 764.806 45
-281.19 767.279 45
-275.798 767.956 45
-270.885 769.461 45
-265.505 770.031 45
-260.59 771.438 45
-254.779 771.008 45
-249.872 772.313 45
-244.961 773.571 45
-239.625 773.877 45
-235.131 775.948 45
-229.806 776.153 45
-224.496 776.305 45
-219.591 777.324 45
-214.303 777.373 45
-209.405 778.296 45
-204.508 779.173 45
-198.894 778.137 45
-194.015 778.916 45
-189.137 779.65 45
-184.261 780.338 45
-179.062 780.035 45
-173.883 779.681 45
-169.032 780.228 45
-164.185 780.729 45
-159.343 781.186 45
-154.22 780.639 45
-149.395 781.004 45
-144.309 780.36 45
-139.245 779.668 45
-134.454 779.895 45
-129.67 780.079 45
-124.66 779.246 45
-119.899 779.339 45
-115.146 779.389 45
-110.193 778.418 45
-105.266 777.4 45
-100.556 777.318 45
-96.0381 778.175 45
-91.1652 777.024 45
-86.6499 777.8 45
-81.9716 777.549 45
-77.1565 776.266 45
-72.5091 775.93 45
-67.8736 775.551 45
-63.2501 775.131 45
-58.526 773.677 45
-53.8321 772.179 45
-49.3605 772.629 45
-44.6237 770.052 45
-40.0926 769.425 45
-35.5758 768.758 45
-31.1347 769.049 45
-26.5866 767.304 45
-22.115 766.517 45
-17.5893 763.693 45
-13.1931 763.827 45
-8.74362 760.924 45
-4.38068 761.981 45
3.78244e-05 761 45
4.36331 759.981 45
8.67388 756.924 45
12.9314 753.831 45
17.2404 753.699 45
21.4608 751.532 45
25.8017 752.324 45
30.0359 751.082 45
34.2505 749.804 45
38.3665 747.493 45
42.6192 747.139 45
46.6769 744.758 45
50.4873 740.354 45
54.7904 740.889 45
58.8629 739.4 45
63.0442 738.868 45
66.6639 734.338 45
71.0964 735.717 45
74.6193 731.127 45
78.8928 731.445 45
82.3093 726.799 45
86.5619 727.046 45
90.6343 726.273 45
94.5004 724.484 45
98.3423 722.664 45
102.16 720.812 45
105.727 717.954 45
109.719 717.014 45
113.219 714.098 45
116.927 712.125 45
120.351 709.156 45
124.266 708.088 45
127.62 705.064 45
130.931 702.016 45
135.076 701.813 45
138.325 698.71 45
142.148 697.486 45
144.374 691.487 45
146.18 684.538 45
138.196 650.254 45
140.57 646.214 45
143.935 644.972 45
147.648 644.635 45
151.365 644.262 45
155.836 645.708 45
164.554 657.268 45
169.968 660.42 45
172.658 657.087 45
176.524 656.479 45
179.562 654.013 45
185.529 657.869 45
190.286 658.943 45
194.637 659.065 45
195.881 652.876 45
199.302 651.152 45
202.708 649.398 45
206.098 647.614 45
208.996 644.922 45
211.377 641.334 45
214.204 638.605 45
218 637.587 45
220.272 633.947 45
224.042 632.868 45
226.764 630.046 45
228.925 626.357 45
231.576 623.502 45
234.195 620.628 45
236.229 616.903 45
240.453 616.486 45
242.422 612.726 45
245.491 610.597 45
246.218 605.185 45
249.221 603.023 45
252.8 601.639 45
255.17 598.621 45
258.115 596.382 45
260.425 593.329 45
261.456 588.695 45
264.315 586.401 45
266.517 583.311 45
268.685 580.207 45
270.82 577.089 45
273.577 574.714 45
275.65 571.566 45
278.358 569.148 45
281.046 566.707 45
281.665 562.049 45
284.29 559.58 45
287.589 557.807 45
288.775 553.859 45
291.328 551.328 45
292.433 547.373 45
295.649 545.505 45
298.129 542.914 45
298.392 538.255 45
300.809 535.641 45
303.946 533.674 45
306.323 531.012 45
307.167 527.016 45
308.725 523.676 45
311.78 521.615 45
313.28 518.248 45
313.967 514.245 45
317.739 512.741 45
319.144 509.343 45
320.515 505.94 45
321.051 501.93 45
323.954 499.714 45
326.034 496.877 45
328.903 494.604 45
329.299 490.578 45
330.475 487.129 45
332.444 484.236 45
335.222 481.879 45
334.63 477.311 45
336.513 474.383 45
338.371 471.438 45
341.056 468.999 45
342.01 465.5 45
342.928 462 45
343.812 458.5 45
345.531 455.492 45
346.349 451.985 45
349.769 449.909 45
349.647 445.911 45
351.256 442.852 45
352.839 439.78 45
353.499 436.248 45
355.024 433.157 45
356.521 430.052 45
356.179 426.089 45
357.615 422.974 45
359.937 420.254 45
360.405 416.708 45
363.599 414.339 45
362.161 410.012 45
365.31 407.595 45
365.654 404.035 45
366.897 400.839 45
367.176 397.281 45
368.36 394.072 45
368.573 390.518 45
371.589 387.948 45
371.743 384.383 45
371.863 380.826 45
373.857 377.877 45
375.828 374.902 45
374.899 371.05 45
373.931 367.223 45
376.78 364.49 45
378.643 361.457 45
378.546 357.899 45
378.415 354.35 45
379.224 351.044 45
380.004 347.731 45
378.803 343.979 45
381.478 341.086 45
381.191 337.554 45
381.853 334.225 45
382.486 330.89 45
381.121 327.202 45
383.665 324.204 45
386.186 321.166 45
385.716 317.646 45
383.234 313.86 45
387.655 311.036 45
386.1 307.407 45
387.493 304.149 45
386.869 300.662 45
387.209 297.284 45
387.52 293.904 45
386.804 290.442 45
386.057 286.996 45
389.273 283.809 45
389.466 280.411 45
390.628 277.055 45
389.762 273.611 45
388.867 270.183 45
389.941 266.806 45
389.985 263.403 45
388 260 45
390.985 256.588 45
388.941 253.211 45
388.867 249.817 45
389.762 246.389 45
389.629 242.988 45
389.466 239.589 45
389.273 236.191 45
388.052 232.865 45
390.792 229.244 45
389.512 225.922 45
390.195 222.428 45
390.847 218.92 45
387.493 215.851 45
387.093 212.471 45
387.655 208.964 45
387.195 205.583 45
386.705 202.207 45
387.174 198.678 45
388.597 194.971 45
388.014 191.583 45
387.402 188.199 45
384.798 185.203 45
384.13 181.848 45
384.412 178.291 45
381.732 175.372 45
0 260 45
0 260 45
0 260 45
0 260 45
0 260 45
0 260 45
0 260 45
0 260 45
72.6792 237.78 45
71.5288 237.447 45
0 260 45
0 260 45
0 260 45
38.6483 246.314 45
38.5274 245.977 45
36.5302 246.342 45
34.5425 246.74 45
35.3559 246.073 45
36.1602 245.39 45
34.1835 245.841 45
34.0587 245.543 45
33.9312 245.246 45
31.9741 245.764 45
31.8486 245.486 45
33.5334 244.363 45
32.4931 244.502 45
33.2554 243.78 45
32.2176 243.937 45
31.1852 244.11 45
31.0454 243.839 45
30.9032 243.568 45
29.001 244.254 45
29.7371 243.516 45
28.7217 243.75 45
28.5788 243.5 45
28.4338 243.251 45
28.2865 243.004 45
28.1371 242.758 45
27.9856 242.513 45
26.9885 242.806 45
27.6761 242.027 45
27.5182 241.786 45
27.3582 241.547 45
27.1962 241.309 45
26.2129 241.646 45
25.2376 241.998 45
24.2705 242.366 45
23.3118 242.75 45
23.1604 242.547 45
34.9075 233.214 45
40.9766 227.986 45
33.6522 233.232 45
24.8687 239.862 45
27.0069 237.737 45
22.9813 240.716 45
0 260 45
0 260 45
0 260 45
0 260 45
0 260 45
0 260 45
0 260 45
0 260 45
0 260 45
0 260 45
0 260 45
