-0 260 192
-0 260 192
-0 260 192
-0 260 192
-0 260 192
-0 260 192
-0 260 192
-0 260 192
-17.3583 244.911 192
-22.8122 240.517 192
-26.0455 238.145 192
-27.0069 237.737 192
-34.1944 232.31 192
-43.0435 225.762 192
-40.9766 227.986 192
-27.7674 238.693 192
-24.7577 241.344 192
-27.3311 239.776 192
-27.5066 240.015 192
-26.8658 240.837 192
-26.2129 241.646 192
-26.372 241.875 192
-26.5292 242.106 192
-26.6843 242.338 192
-25.9988 243.116 192
-26.1451 243.344 192
-27.9856 242.513 192
-27.2845 243.28 192
-28.2865 243.004 192
-27.5721 243.759 192
-27.7128 244 192
-26.981 244.735 192
-27.9878 244.486 192
-28.1222 244.731 192
-29.1373 244.507 192
-30.1584 244.301 192
-29.4032 245.018 192
-30.4278 244.829 192
-30.559 245.095 192
-31.5905 244.932 192
-32.6271 244.786 192
-31.8486 245.486 192
-31.9741 245.764 192
-33.0142 245.645 192
-34.9792 245.152 192
-35.1074 245.458 192
-34.3058 246.14 192
-34.4255 246.439 192
-35.4761 246.382 192
-37.4669 245.992 192
-39.4671 245.635 192
-0 260 192
-0 260 192
-0 260 192
-71.3292 236.824 192
-70.5751 237.748 192
-0 260 192
-0 260 192
-0 260 192
-0 260 192
-0 260 192
-0 260 192
-0 260 192
-0 260 192
-0 260 192
-0 260 192
-0 260 192
-0 260 192
-0 260 192
-0 260 192
-0 260 192
-0 260 192
-719.037 146.116 192
-719.015 152.543 192
-719.925 158.821 192
-721.772 164.977 192
-721.581 171.401 192
-721.333 177.815 192
-723.017 184.008 192
-723.653 190.32 192
-723.237 196.725 192
-724.759 202.96 192
-725.229 209.287 192
-724.646 215.679 192
-726.004 221.952 192
-724.31 228.376 192
-726.557 234.628 192
-725.751 240.996 192
-724.89 247.347 192
-724.972 253.673 192
-726 260 192
-724.972 266.327 192
-724.89 272.653 192
-725.751 279.005 192
-724.558 285.302 192
-723.311 291.581 192
-723.008 297.891 192
-723.648 304.26 192
-722.236 310.504 192
-722.765 316.883 192
-720.249 323.014 192
-720.667 329.392 192
-718.045 335.47 192
-718.352 341.846 192
-716.618 347.99 192
-716.815 354.371 192
-713.983 360.344 192
-713.08 366.571 192
-711.136 372.633 192
-709.139 378.669 192
-708.077 384.853 192
-706.96 391.027 192
-705.79 397.192 192
-702.606 402.947 192
-701.332 409.073 192
-699.028 414.971 192
-697.649 421.065 192
-695.244 426.914 192
-692.791 432.732 192
-691.257 438.771 192
-688.705 444.538 192
-685.141 450.007 192
-683.457 455.978 192
-681.721 461.935 192
-678.976 467.584 192
-676.185 473.201 192
-674.299 479.093 192
-671.413 484.652 192
-667.536 489.851 192
-665.505 495.668 192
-662.483 501.124 192
-658.481 506.196 192
-656.307 511.933 192
-653.153 517.284 192
-650.883 522.974 192
-647.64 528.261 192
-643.433 533.121 192
-640.108 538.327 192
-636.741 543.496 192
-633.333 548.627 192
-629.884 553.72 192
-627.297 559.205 192
-623.763 564.23 192
-620.189 569.215 192
-614.794 573.254 192
-612.924 579.068 192
-608.351 583.466 192
-604.626 588.285 192
-600.864 593.064 192
-597.064 597.803 192
-592.361 602 192
-588.493 606.649 192
-584.588 611.256 192
-580.648 615.822 192
-575.825 619.815 192
-571.819 624.289 192
-566.103 627.631 192
-562.873 632.558 192
-557.942 636.337 192
-555.461 641.758 192
-550.47 645.443 192
-545.457 649.071 192
-542.041 653.816 192
-536.976 657.342 192
-532.69 661.411 192
-528.373 665.435 192
-523.239 668.799 192
-516.521 670.86 192
-513.693 675.981 192
-508.501 679.176 192
-504.057 682.954 192
-499.587 686.687 192
-494.335 689.719 192
-489.817 693.354 192
-485.274 696.942 192
-478.493 698.458 192
-474.649 702.617 192
-467.866 703.989 192
-464.693 708.749 192
-460.046 712.087 192
-453.963 713.963 192
-449.283 717.194 192
-443.887 719.658 192
-438.482 722.064 192
-434.433 725.872 192
-427.649 726.697 192
-422.221 728.924 192
-417.451 731.842 192
-413.317 735.467 192
-407.204 736.775 192
-401.742 738.778 192
-396.913 741.494 192
-392.067 744.162 192
-385.959 745.217 192
-381.094 747.779 192
-374.997 748.706 192
-371.32 752.758 192
-365.221 753.568 192
-359.725 755.118 192
-354.809 757.425 192
-349.308 758.864 192
-343.242 759.421 192
-338.312 761.568 192
-333.37 763.667 192
-326.783 763.202 192
-322.38 766.035 192
-317.422 767.981 192
-311.409 768.174 192
-306.963 770.872 192
-297.417 764.915 192
-280 744.974 192
-272.803 742.177 192
-268.1 743.665 192
-263.392 745.107 192
-271.824 771.227 192
-269.199 777.127 192
-263.768 777.675 192
-258.795 779.062 192
-253.378 779.503 192
-247.113 778.084 192
-242.583 780.221 192
-237.204 780.498 192
-231.433 779.807 192
-225.692 779.056 192
-220.763 780.085 192
-215.833 781.068 192
-210.529 781.077 192
-205.241 781.034 192
-199.969 780.938 192
-194.715 780.79 192
-189.821 781.529 192
-185.263 783.166 192
-179.388 780.981 192
-174.518 781.578 192
-169.341 781.179 192
-164.185 780.729 192
-159.343 781.186 192
-154.22 780.639 192
-149.395 781.004 192
-144.309 780.36 192
-139.245 779.668 192
-134.204 778.927 192
-129.186 778.138 192
-124.426 778.273 192
-119.224 776.416 192
-114.713 777.437 192
-109.777 776.462 192
-105.067 776.42 192
-100.175 775.354 192
-95.4914 775.226 192
-90.4707 773.085 192
-85.8247 772.869 192
-81.033 771.623 192
-76.2696 770.332 192
-71.8133 770.978 192
-67.0904 769.603 192
-62.3971 768.184 192
-57.8468 767.715 192
-53.1004 765.217 192
-48.4979 763.67 192
-43.9265 762.082 192
-39.5433 762.446 192
-35.0875 761.775 192
-30.5853 760.066 192
-26.1156 758.316 192
-21.7224 757.526 192
-17.3101 755.698 192
-12.9576 754.83 192
-8.604 752.925 192
-4.28469 750.981 192
3.70695e-05 751 192
4.26731 748.981 192
8.51681 747.926 192
12.6959 744.834 192
16.8914 743.705 192
21.0682 742.54 192
25.226 741.339 192
29.1812 737.108 192
33.3436 736.836 192
37.425 735.53 192
41.2247 731.2 192
45.4309 731.818 192
49.442 730.409 192
53.3187 727.972 192
57.0349 724.512 192
61.0863 723.996 192
64.7155 720.475 192
68.7314 719.892 192
72.2728 716.312 192
76.4171 716.65 192
80.0518 713.996 192
83.4639 710.331 192
87.5814 710.567 192
91.1112 707.826 192
94.5998 705.057 192
98.4801 704.215 192
101.903 701.39 192
105.05 697.566 192
108.865 696.633 192
112.17 693.73 192
115.951 692.735 192
119.188 689.779 192
122.659 687.761 192
125.819 684.757 192
129.228 682.687 192
132.311 679.635 192
136.277 679.416 192
138.979 675.366 192
142.599 674.137 192
145.874 671.934 192
149.121 669.706 192
151.64 665.579 192
154.098 661.44 192
157.229 659.149 192
161.081 658.689 192
164.554 657.268 192
167.233 653.976 192
169.468 649.751 192
173.27 649.17 192
175.415 644.914 192
178.768 643.368 192
180.815 639.086 192
184.554 638.392 192
187.403 635.872 192
190.222 633.332 192
192.549 629.884 192
194.361 625.54 192
198.498 625.588 192
200.711 622.093 192
202.386 617.716 192
205 615.07 192
207.583 612.406 192
211.166 611.439 192
212.657 607.025 192
216.207 606.004 192
218.681 603.26 192
220.034 598.823 192
224.086 598.558 192
224.796 593.273 192
227.695 591.299 192
229.431 587.661 192
232.281 585.646 192
235.114 583.607 192
237.334 580.739 192
238.921 577.058 192
241.07 574.168 192
243.802 572.052 192
245.271 568.348 192
247.952 566.195 192
251.251 564.792 192
252.616 561.055 192
253.934 557.319 192
256.519 555.091 192
258.422 552.093 192
260.961 549.826 192
262.129 546.064 192
263.251 542.303 192
265.705 539.994 192
268.138 537.665 192
271.252 536.028 192
272.943 532.943 192
273.175 528.448 192
276.226 526.749 192
277.818 523.64 192
280.108 521.205 192
280.165 516.724 192
283.138 514.939 192
285.352 512.458 192
287.544 509.958 192
288.194 506.141 192
289.565 502.974 192
290.902 499.801 192
292.984 497.254 192
295.043 494.688 192
295.504 490.873 192
298.301 488.894 192
299.488 485.681 192
303.054 484.248 192
302.572 479.832 192
304.479 477.183 192
306.363 474.518 192
308.223 471.836 192
308.402 468.02 192
311.039 465.872 192
313.663 463.695 192
313.742 459.875 192
314.626 456.6 192
315.477 453.324 192
318.009 451.079 192
319.664 448.297 192
320.429 445 192
320.291 441.212 192
323.609 439.38 192
325.162 436.549 192
324.042 432.296 192
325.533 429.462 192
326.999 426.615 192
328.441 423.755 192
330.756 421.321 192
330.346 417.567 192
330.802 414.256 192
333.046 411.778 192
336.185 409.679 192
335.644 405.942 192
335.984 402.617 192
337.216 399.679 192
339.349 397.106 192
339.602 393.773 192
338.89 390.088 192
340.012 387.125 192
343.928 385.179 192
343.122 381.506 192
345.114 378.832 192
345.19 375.499 192
346.185 372.482 192
345.246 368.855 192
346.182 365.839 192
349.01 363.382 192
349.899 360.332 192
350.761 357.275 192
351.597 354.21 192
351.438 350.888 192
352.217 347.818 192
353.943 344.974 192
351.748 341.207 192
355.372 338.784 192
355.068 335.472 192
356.693 332.57 192
356.331 329.264 192
355.938 325.969 192
357.485 323.034 192
359.008 320.077 192
359.519 316.942 192
358.024 313.507 192
357.487 310.241 192
358.903 307.25 192
361.287 304.36 192
359.673 300.98 192
361.011 297.944 192
361.329 294.792 192
360.622 291.55 192
359.887 288.324 192
363.113 285.391 192
362.323 282.161 192
362.503 278.998 192
362.655 275.834 192
363.778 272.703 192
363.875 269.528 192
363.945 266.353 192
361.986 263.159 192
365 260 192
364.986 256.815 192
364.944 253.63 192
365.875 250.419 192
363.778 247.297 192
363.654 244.123 192
365.498 240.845 192
364.319 237.717 192
364.111 234.539 192
364.872 231.284 192
363.611 228.188 192
363.32 225.016 192
363.995 221.743 192
362.654 218.681 192
365.257 215.152 192
363.86 212.097 192
363.428 208.923 192
363.958 205.606 192
365.445 202.119 192
363.939 199.097 192
363.394 195.924 192
361.838 192.937 192
361.239 189.782 192
361.592 186.433 192
360.936 183.281 192
359.277 180.35 192
0 260 192
0 260 192
0 260 192
0 260 192
0 260 192
0 260 192
0 260 192
0 260 192
71.7229 238.072 192
70.5751 237.748 192
0 260 192
0 260 192
0 260 192
39.5909 245.98 192
38.5274 245.977 192
36.5302 246.342 192
36.4096 246.024 192
36.2863 245.706 192
35.233 245.765 192
35.1074 245.458 192
34.0587 245.543 192
33.0142 245.645 192
32.8876 245.357 192
32.7586 245.071 192
32.6271 244.786 192
33.3957 244.071 192
33.2554 243.78 192
32.2176 243.937 192
31.1852 244.11 192
30.1584 244.301 192
30.0202 244.038 192
29.001 244.254 192
29.7371 243.516 192
28.7217 243.75 192
28.5788 243.5 192
29.2954 242.744 192
28.2865 243.004 192
28.1371 242.758 192
29.6817 241.453 192
27.8319 242.269 192
26.8375 242.572 192
27.5182 241.786 192
27.3582 241.547 192
27.1962 241.309 192
27.032 241.072 192
26.0517 241.418 192
24.2705 242.366 192
24.1157 242.155 192
24.7577 241.344 192
35.7009 232.606 192
40.9766 227.986 192
34.4348 232.609 192
27.2001 237.974 192
27.0069 237.737 192
22.9813 240.716 192
0 260 192
0 260 192
0 260 192
0 260 192
0 260 192
0 260 192
0 260 192
0 260 192
0 260 192
0 260 192
0 260 192
