-0 260 237
-0 260 237
-0 260 237
-0 260 237
-0 260 237
-0 260 237
-0 260 237
-0 260 237
-16.6036 245.567 237
-23.5726 239.867 237
-27.5776 236.86 237
-27.0069 237.737 237
-35.7487 231.051 237
-42.2608 226.384 237
-40.9766 227.986 237
-27.7674 238.693 237
-26.355 240.14 237
-26.5273 240.371 237
-27.5066 240.015 237
-26.8658 240.837 237
-26.2129 241.646 237
-25.5479 242.441 237
-26.5292 242.106 237
-27.5182 241.786 237
-27.6761 242.027 237
-26.1451 243.344 237
-26.2895 243.573 237
-28.1371 242.758 237
-27.4294 243.519 237
-27.5721 243.759 237
-27.7128 244 237
-28.7217 243.75 237
-27.9878 244.486 237
-28.1222 244.731 237
-30.0202 244.038 237
-31.0454 243.839 237
-30.2942 244.564 237
-31.3227 244.383 237
-31.4578 244.657 237
-30.6879 245.363 237
-31.7208 245.208 237
-33.6686 244.656 237
-32.8876 245.357 237
-33.9312 245.246 237
-34.9792 245.152 237
-35.1074 245.458 237
-35.233 245.765 237
-34.4255 246.439 237
-36.4096 246.024 237
-37.4669 245.992 237
-38.5274 245.977 237
-0 260 237
-0 260 237
-0 260 237
-71.3292 236.824 237
-71.5288 237.447 237
-0 260 237
-71.9115 238.699 237
-0 260 237
-0 260 237
-0 260 237
-0 260 237
-0 260 237
-0 260 237
-0 260 237
-0 260 237
-0 260 237
-0 260 237
-0 260 237
-0 260 237
-0 260 237
-0 260 237
-696.32 149.714 237
-696.267 155.942 237
-697.149 162.022 237
-696.986 168.24 237
-697.76 174.326 237
-697.487 180.531 237
-698.154 186.621 237
-698.768 192.716 237
-699.329 198.817 237
-699.836 204.922 237
-699.292 211.101 237
-699.693 217.205 237
-699.041 223.365 237
-699.334 229.467 237
-699.574 235.57 237
-699.76 241.676 237
-698.894 247.801 237
-698.973 253.9 237
-699 260 237
-696.973 266.083 237
-696.894 272.164 237
-696.761 278.245 237
-696.575 284.325 237
-695.338 290.359 237
-695.046 296.426 237
-693.704 302.429 237
-693.307 308.481 237
-691.861 314.451 237
-690.363 320.399 237
-688.814 326.325 237
-689.204 332.438 237
-687.552 338.337 237
-686.842 344.334 237
-684.097 350.063 237
-684.275 356.169 237
-681.432 361.841 237
-680.517 367.783 237
-678.564 373.553 237
-677.548 379.47 237
-675.496 385.196 237
-674.378 391.086 237
-673.208 396.966 237
-670.031 402.42 237
-667.786 408.045 237
-666.469 413.867 237
-663.156 419.21 237
-660.771 424.749 237
-659.309 430.509 237
-656.83 435.997 237
-654.305 441.455 237
-652.697 447.158 237
-650.08 452.562 237
-646.462 457.643 237
-644.713 463.277 237
-641.963 468.587 237
-638.222 473.546 237
-636.334 479.107 237
-633.455 484.318 237
-630.534 489.496 237
-628.507 494.989 237
-624.565 499.748 237
-622.449 505.189 237
-618.432 509.863 237
-616.228 515.25 237
-611.215 519.446 237
-608.928 524.769 237
-605.681 529.666 237
-602.394 534.527 237
-599.976 539.773 237
-596.609 544.568 237
-592.305 548.887 237
-587.972 553.152 237
-586.282 558.726 237
-582.766 563.369 237
-578.331 567.504 237
-574.746 572.062 237
-572.001 577.066 237
-567.472 581.06 237
-564.649 586 237
-560.059 589.9 237
-556.302 594.26 237
-551.658 598.057 237
-550.383 603.918 237
-544.831 607.096 237
-541.781 611.837 237
-536.189 614.896 237
-534.729 620.679 237
-529.913 624.199 237
-524.257 627.089 237
-521.848 632.231 237
-516.153 635.007 237
-513.664 640.092 237
-508.731 643.356 237
-505.366 647.781 237
-501.175 651.561 237
-496.174 654.674 237
-491.933 658.36 237
-486.895 661.365 237
-482.608 664.956 237
-477.535 667.853 237
-474.712 672.661 237
-470.344 676.125 237
-465.952 679.545 237
-461.536 682.92 237
-457.096 686.249 237
-452.634 689.533 237
-447.429 692.078 237
-441.502 693.863 237
-437.699 697.699 237
-433.863 701.502 237
-427.91 703.113 237
-424.026 706.831 237
-420.111 710.514 237
-414.812 712.688 237
-409.508 714.805 237
-404.198 716.863 237
-400.196 720.373 237
-396.163 723.848 237
-390.172 724.989 237
-384.827 726.833 237
-381.368 730.95 237
-375.999 732.695 237
-370.628 734.383 237
-365.866 736.805 237
-360.487 738.383 237
-356.299 741.51 237
-351.496 743.792 237
-346.68 746.027 237
-341.852 748.215 237
-336.445 749.531 237
-331.601 751.619 237
-325.643 751.993 237
-320.792 753.977 237
-316.469 756.758 237
-311.592 758.652 237
-305.662 758.795 237
-301.297 761.443 237
-295.895 762.33 237
-291 764.027 237
-286.59 766.547 237
-280.705 766.405 237
-265.777 749.501 237
-253.984 737.675 237
-248.421 737.212 237
-243.793 738.471 237
-245.409 752.214 237
-250.31 773.211 237
-245.391 774.474 237
-240.47 775.689 237
-235.131 775.948 237
-229.806 776.153 237
-224.894 777.222 237
-219.982 778.244 237
-215.451 780.144 237
-210.154 780.15 237
-205.607 781.964 237
-199.969 780.938 237
-195.065 781.726 237
-189.821 781.529 237
-184.929 782.223 237
-180.365 783.817 237
-174.835 782.526 237
-170.268 784.032 237
-165.087 783.591 237
-159.927 783.099 237
-154.788 782.557 237
-150.222 783.888 237
-145.378 784.215 237
-140.28 783.532 237
-135.456 783.768 237
-130.396 782.989 237
-125.827 784.107 237
-120.799 783.237 237
-116.228 784.271 237
-111.233 783.309 237
-106.064 781.32 237
-101.51 782.226 237
-96.9493 783.092 237
-92.0335 781.948 237
-87.1451 780.759 237
-82.4409 780.512 237
-77.5999 779.233 237
-72.9267 778.9 237
-68.3957 779.517 237
-63.6158 778.109 237
-59.092 778.645 237
-54.3548 777.151 237
-49.7439 776.611 237
-45.1466 776.029 237
-40.4849 774.409 237
-35.9245 773.745 237
-31.3179 772.043 237
-26.796 771.298 237
-22.2895 770.514 237
-17.8336 770.689 237
-13.324 768.826 237
-8.84833 766.923 237
-4.41559 765.981 237
3.81264e-05 765 237
4.39821 763.981 237
8.76115 761.924 237
13.1409 761.828 237
17.4498 759.695 237
21.8097 759.524 237
26.1157 758.316 237
30.3412 756.073 237
34.5295 753.794 237
38.8373 753.474 237
43.055 752.12 237
47.1561 749.735 237
51.3235 748.31 237
55.4696 746.85 237
59.4723 744.363 237
63.6968 743.825 237
67.3598 739.29 237
71.8354 740.662 237
75.7143 738.041 237
79.8831 737.362 237
83.6985 734.677 237
87.6553 732.946 237
91.5883 731.181 237
95.6966 730.364 237
98.966 725.598 237
103.025 724.717 237
106.852 722.826 237
110.887 721.876 237
114.429 718.95 237
118.43 717.934 237
121.904 714.951 237
125.602 712.906 237
128.998 709.87 237
132.351 706.81 237
136.245 705.638 237
140.129 704.432 237
144.002 703.192 237
147.547 700.97 237
150.413 696.83 237
154.219 695.5 237
157.671 693.198 237
160.745 689.933 237
164.491 688.513 237
167.858 686.131 237
170.821 682.796 237
174.886 682.213 237
178.564 680.671 237
181.431 677.262 237
184.658 674.75 237
187.856 672.212 237
191.446 670.557 237
194.161 667.066 237
197.267 664.457 237
200.343 661.826 237
203.842 660.062 237
206.863 657.381 237
209.854 654.678 237
212.336 651.074 237
214.771 647.457 237
217.651 644.697 237
221.5 643.649 237
224.84 641.702 237
227.647 638.868 237
230.422 636.014 237
233.164 633.141 237
235.875 630.249 237
239.097 628.176 237
240.093 622.74 237
244.367 622.289 237
246.953 619.319 237
249.506 616.331 237
251.444 612.512 237
255.099 611.113 237
255.774 605.658 237
259.382 604.212 237
261.767 601.142 237
265.35 599.633 237
267.059 595.739 237
269.978 593.396 237
272.878 591.027 237
275.113 587.867 237
276.665 583.933 237
278.825 580.752 237
281.614 578.306 237
282.373 573.607 237
285.775 571.868 237
287.121 567.9 237
291.862 567.559 237
293.146 563.561 237
295.784 560.992 237
297.692 557.692 237
299.565 554.382 237
300.684 550.367 237
303.206 547.732 237
305.706 545.075 237
305.97 540.37 237
309.148 538.358 237
310.817 534.987 237
313.204 532.264 237
314.048 528.222 237
315.61 524.828 237
317.138 521.428 237
320.184 519.28 237
322.435 516.476 237
324.66 513.653 237
326.068 510.201 237
327.441 506.744 237
328.777 503.283 237
330.079 499.816 237
332.159 496.927 237
334.214 494.019 237
336.243 491.094 237
338.247 488.151 237
339.392 484.638 237
340.5 481.123 237
341.574 477.606 237
343.459 474.617 237
344.467 471.089 237
346.296 468.075 237
348.098 465.045 237
349.008 461.5 237
349.883 457.954 237
351.597 454.893 237
355.042 452.772 237
355.828 449.197 237
355.691 445.161 237
357.294 442.05 237
358.869 438.925 237
360.416 435.787 237
362.839 433.065 237
361.617 428.625 237
363.985 425.877 237
364.505 422.288 237
364.073 418.303 237
366.361 415.511 237
367.704 412.308 237
369.946 409.468 237
371.237 406.234 237
369.698 401.914 237
370.922 398.682 237
372.118 395.44 237
374.229 392.521 237
376.316 389.576 237
374.588 385.335 237
376.618 382.371 237
378.626 379.38 237
378.697 375.779 237
377.775 371.902 237
379.698 368.877 237
381.598 365.826 237
379.609 361.716 237
380.482 358.399 237
381.326 355.075 237
383.114 351.977 237
384.876 348.856 237
384.661 345.277 237
383.434 341.501 237
385.11 338.352 237
383.816 334.606 237
385.436 331.436 237
387.029 328.244 237
388.597 325.029 237
388.162 321.479 237
388.683 318.089 237
388.185 314.556 237
389.638 311.297 237
388.086 307.651 237
388.487 304.262 237
390.847 301.08 237
391.191 297.667 237
390.508 294.165 237
391.789 290.834 237
393.04 287.484 237
392.267 283.992 237
390.464 280.463 237
390.628 277.055 237
392.761 273.716 237
392.865 270.288 237
393.94 266.876 237
393.985 263.438 237
392 260 237
392.985 256.57 237
392.94 253.141 237
390.866 249.765 237
390.762 246.354 237
392.626 242.858 237
391.463 239.484 237
394.263 235.886 237
391.045 232.655 237
391.789 229.166 237
391.505 225.748 237
392.186 222.237 237
392.836 218.711 237
389.48 215.624 237
392.056 211.862 237
389.638 208.703 237
390.166 205.166 237
389.672 201.763 237
389.149 198.365 237
388.597 194.971 237
387.029 191.756 237
387.402 188.199 237
387.743 184.63 237
385.11 181.648 237
384.412 178.291 237
383.684 174.939 237
0 260 237
0 260 237
0 260 237
0 260 237
0 260 237
0 260 237
0 260 237
0 260 237
72.6792 237.78 237
72.4825 237.146 237
73.2314 236.206 237
0 260 237
0 260 237
39.5909 245.98 237
38.5274 245.977 237
36.5302 246.342 237
35.4761 246.382 237
36.2863 245.706 237
37.0874 245.016 237
35.1074 245.458 237
34.9792 245.152 237
33.9312 245.246 237
32.8876 245.357 237
32.7586 245.071 237
33.5334 244.363 237
34.2982 243.641 237
33.2554 243.78 237
34.0075 243.044 237
32.9672 243.202 237
31.9324 243.377 237
30.9032 243.568 237
29.8798 243.777 237
28.8625 244.001 237
28.7217 243.75 237
28.5788 243.5 237
29.2954 242.744 237
29.1437 242.489 237
28.9898 242.235 237
29.6817 241.453 237
27.8319 242.269 237
28.5148 241.482 237
28.3521 241.234 237
27.3582 241.547 237
27.1962 241.309 237
27.032 241.072 237
26.0517 241.418 237
25.0795 241.779 237
25.7234 240.966 237
24.7577 241.344 237
33.3208 234.432 237
41.7646 227.37 237
33.6522 233.232 237
27.2001 237.974 237
27.0069 237.737 237
23.7474 240.074 237
0 260 237
0 260 237
0 260 237
0 260 237
0 260 237
0 260 237
0 260 237
0 260 237
0 260 237
0 260 237
0 260 237
