-0 260 239
-0 260 239
-0 260 239
-0 260 239
-0 260 239
-0 260 239
-0 260 239
-0 260 239
-16.6036 245.567 239
-23.5726 239.867 239
-26.8116 237.502 239
-27.7785 237.101 239
-34.1944 232.31 239
-43.0435 225.762 239
-40.1886 228.601 239
-26.974 239.302 239
-25.5563 240.742 239
-27.3311 239.776 239
-26.6976 240.603 239
-26.8658 240.837 239
-27.032 241.072 239
-26.372 241.875 239
-26.5292 242.106 239
-26.6843 242.338 239
-27.6761 242.027 239
-27.8319 242.269 239
-27.9856 242.513 239
-28.1371 242.758 239
-28.2865 243.004 239
-27.5721 243.759 239
-27.7128 244 239
-28.7217 243.75 239
-27.1132 244.971 239
-28.1222 244.731 239
-30.0202 244.038 239
-30.1584 244.301 239
-31.1852 244.11 239
-30.4278 244.829 239
-31.4578 244.657 239
-30.6879 245.363 239
-30.8145 245.631 239
-31.8486 245.486 239
-33.8012 244.951 239
-33.9312 245.246 239
-34.0587 245.543 239
-35.1074 245.458 239
-35.233 245.765 239
-35.3559 246.073 239
-37.3432 245.665 239
-37.4669 245.992 239
-40.4068 245.293 239
-42.4189 244.979 239
-0 260 239
-0 260 239
-70.3782 237.133 239
-70.5751 237.748 239
-0 260 239
-71.9115 238.699 239
-0 260 239
-0 260 239
-0 260 239
-0 260 239
-0 260 239
-0 260 239
-0 260 239
-0 260 239
-0 260 239
-0 260 239
-0 260 239
-0 260 239
-0 260 239
-0 260 239
-696.32 149.714 239
-695.278 156.09 239
-696.158 162.161 239
-696.986 168.24 239
-695.775 174.57 239
-696.494 180.645 239
-698.154 186.621 239
-697.773 192.812 239
-699.329 198.817 239
-697.842 205.079 239
-698.295 211.171 239
-698.694 217.266 239
-699.041 223.365 239
-698.335 229.51 239
-698.574 235.605 239
-698.76 241.702 239
-698.894 247.801 239
-697.973 253.909 239
-698 260 239
-696.973 266.083 239
-696.894 272.164 239
-697.761 278.272 239
-696.575 284.325 239
-696.337 290.403 239
-695.046 296.426 239
-693.704 302.429 239
-693.307 308.481 239
-692.858 314.529 239
-692.355 320.573 239
-690.805 326.517 239
-689.204 332.438 239
-687.552 338.337 239
-686.842 344.334 239
-685.088 350.194 239
-684.275 356.169 239
-683.41 362.136 239
-681.505 367.94 239
-680.537 373.883 239
-678.533 379.644 239
-677.463 385.56 239
-675.359 391.277 239
-673.208 396.966 239
-671.987 402.835 239
-669.739 408.478 239
-668.418 414.317 239
-665.101 419.677 239
-663.682 425.475 239
-661.245 431.01 239
-659.727 436.773 239
-656.232 441.989 239
-653.658 447.433 239
-651.997 453.131 239
-649.331 458.52 239
-647.574 464.179 239
-642.914 468.896 239
-642.015 474.815 239
-638.225 479.759 239
-635.34 484.986 239
-633.353 490.522 239
-629.444 495.339 239
-626.432 500.465 239
-623.38 505.556 239
-620.286 510.612 239
-618.075 516.015 239
-614.897 521.008 239
-611.679 525.966 239
-607.508 530.48 239
-604.214 535.356 239
-600.882 540.196 239
-598.414 545.429 239
-595.002 550.202 239
-592.447 555.383 239
-588.955 560.088 239
-584.54 564.292 239
-580.979 568.912 239
-578.262 573.971 239
-574.625 578.52 239
-570.083 582.538 239
-566.381 587 239
-562.644 591.423 239
-558.873 595.805 239
-555.069 600.147 239
-551.231 604.448 239
-546.518 608.17 239
-543.458 612.926 239
-539.524 617.103 239
-535.558 621.239 239
-532.385 625.898 239
-527.534 629.383 239
-524.29 633.973 239
-519.389 637.358 239
-515.272 641.281 239
-510.328 644.56 239
-506.953 648.999 239
-502.751 652.792 239
-499.304 657.164 239
-494.265 660.248 239
-489.982 663.91 239
-484.906 666.885 239
-480.577 670.451 239
-476.222 673.973 239
-470.344 676.125 239
-467.438 680.883 239
-461.536 682.92 239
-457.827 686.931 239
-453.359 690.222 239
-448.868 693.467 239
-444.355 696.667 239
-439.82 699.82 239
-433.863 701.502 239
-429.299 704.552 239
-424.715 707.556 239
-420.111 710.514 239
-414.812 712.688 239
-411.515 717.034 239
-406.186 719.11 239
-400.196 720.373 239
-395.514 723.087 239
-390.172 724.989 239
-386.099 728.376 239
-380.739 730.173 239
-377.244 734.261 239
-371.859 735.959 239
-367.083 738.392 239
-361.691 739.98 239
-357.488 743.118 239
-350.908 742.983 239
-346.099 745.213 239
-341.852 748.215 239
-335.879 748.707 239
-331.042 750.79 239
-326.747 753.66 239
-321.882 755.654 239
-316.469 756.758 239
-311.063 757.804 239
-306.184 759.647 239
-301.297 761.443 239
-296.402 763.191 239
-291 764.027 239
-286.098 765.677 239
-280.705 766.405 239
-272.458 761.805 239
-257.27 743.855 239
-249.344 738.986 239
-244.701 740.253 239
-240.054 741.475 239
-247.241 766.92 239
-244.961 773.571 239
-240.047 774.783 239
-234.716 775.038 239
-229.806 776.153 239
-224.894 777.222 239
-219.591 777.324 239
-214.303 777.373 239
-209.78 779.223 239
-204.874 780.103 239
-199.611 780.004 239
-194.715 780.79 239
-189.479 780.59 239
-184.261 780.338 239
-179.388 780.981 239
-174.2 780.63 239
-169.341 781.179 239
-164.486 781.683 239
-159.635 782.142 239
-154.788 782.557 239
-149.947 782.926 239
-144.843 782.288 239
-139.762 781.6 239
-135.205 782.8 239
-130.154 782.019 239
-125.36 782.163 239
-120.349 781.288 239
-115.579 781.342 239
-110.609 780.375 239
-106.064 781.32 239
-101.129 780.262 239
-96.2203 779.159 239
-91.6862 779.979 239
-86.98 779.773 239
-82.1281 778.536 239
-77.4521 778.244 239
-72.7875 777.91 239
-68.0041 776.543 239
-63.2501 775.131 239
-58.8656 776.657 239
-54.0412 774.168 239
-49.4564 773.624 239
-44.8852 773.04 239
-40.3279 772.416 239
-35.785 771.75 239
-31.2568 771.045 239
-26.5866 767.304 239
-22.1586 767.516 239
-17.694 766.691 239
-13.2717 766.826 239
-8.81343 764.923 239
-4.38941 762.981 239
3.78999e-05 762 239
4.37203 760.981 239
8.72624 759.924 239
13.0623 758.829 239
17.3451 756.697 239
21.6789 756.527 239
25.9063 754.322 239
30.158 753.079 239
34.3202 750.802 239
38.5235 749.486 239
42.6192 747.139 239
46.6769 744.758 239
50.9054 744.332 239
55.0168 742.876 239
59.2285 742.377 239
63.1747 739.859 239
67.0815 737.309 239
71.392 737.695 239
75.245 735.078 239
79.2229 733.417 239
83.1775 731.723 239
86.7441 728.029 239
90.4435 725.291 239
94.6998 725.464 239
98.1343 721.686 239
102.376 721.788 239
106.177 719.903 239
109.719 717.014 239
113.461 715.069 239
117.428 714.061 239
120.869 711.087 239
124.8 710.015 239
128.171 706.987 239
132.067 705.851 239
135.368 702.769 239
139.227 701.571 239
142.457 698.437 239
146.277 697.177 239
149.436 693.993 239
153.217 692.672 239
156.303 689.44 239
160.045 688.059 239
163.416 685.713 239
166.392 682.41 239
169.322 679.087 239
172.973 677.594 239
176.61 676.068 239
179.836 673.594 239
182.625 670.182 239
184.953 665.843 239
189.333 666.026 239
192.438 663.456 239
194.637 659.065 239
198.112 657.351 239
201.118 654.716 239
203.631 651.172 239
207.506 650.263 239
210.904 648.437 239
212.831 643.958 239
216.174 642.086 239
219.5 640.185 239
222.809 638.255 239
225.072 634.582 239
226.764 630.046 239
230.515 628.901 239
233.188 626.032 239
235.829 623.144 239
239.541 621.906 239
241.571 618.144 239
243.555 614.374 239
246.638 612.235 239
249.122 609.256 239
251.572 606.259 239
254.584 604.051 239
256.975 601.017 239
259.332 597.969 239
262.887 596.481 239
263.946 591.826 239
266.832 589.51 239
269.061 586.397 239
272.542 584.803 239
274.717 581.652 239
276.201 577.733 239
279.626 576.059 239
281.704 572.864 239
284.423 570.394 239
285.757 566.437 239
287.732 563.206 239
288.978 559.245 239
292.98 558.139 239
293.449 553.449 239
296.712 551.578 239
299.245 548.978 239
301.03 545.667 239
302.049 541.665 239
303.758 538.343 239
305.433 535.013 239
307.821 532.337 239
309.431 528.984 239
312.527 526.923 239
314.078 523.543 239
316.366 520.792 239
317.853 517.392 239
318.522 513.363 239
320.72 510.574 239
322.101 507.157 239
325.045 504.939 239
325.562 500.903 239
330.079 499.816 239
330.531 495.765 239
331.757 492.298 239
332.947 488.828 239
335.76 486.473 239
337.724 483.534 239
337.146 478.945 239
339.887 476.532 239
342.611 474.087 239
342.761 470.044 239
345.438 467.56 239
346.375 464.03 239
348.142 461 239
349.013 457.462 239
349.848 453.924 239
352.406 451.341 239
354.062 448.258 239
355.691 445.161 239
356.403 441.596 239
356.184 437.587 239
358.619 434.91 239
360.132 431.774 239
359.804 427.779 239
362.165 425.048 239
363.591 421.881 239
364.99 418.702 239
365.44 415.12 239
366.78 411.925 239
367.165 408.344 239
368.445 405.134 239
368.764 401.555 239
369.049 397.982 239
371.179 395.098 239
372.343 391.854 239
374.425 388.925 239
375.536 385.653 239
374.716 381.753 239
376.718 378.779 239
375.828 374.902 239
375.857 371.334 239
378.737 368.601 239
379.67 365.292 239
380.575 361.975 239
381.45 358.65 239
381.326 355.075 239
381.169 351.511 239
384.876 348.856 239
383.684 345.061 239
382.456 341.293 239
383.151 337.953 239
385.779 334.988 239
383.469 331.072 239
385.06 327.896 239
386.624 324.699 239
388.162 321.479 239
385.716 317.646 239
386.205 314.278 239
388.646 311.166 239
389.078 307.773 239
388.487 304.262 239
388.858 300.871 239
389.2 297.476 239
390.508 294.165 239
388.798 290.599 239
391.045 287.345 239
391.269 283.931 239
390.464 280.463 239
390.628 277.055 239
392.761 273.716 239
390.866 270.235 239
391.94 266.841 239
391.985 263.421 239
391 260 239
391.985 256.579 239
390.94 253.176 239
391.866 249.739 239
392.761 246.284 239
391.627 242.901 239
392.461 239.432 239
393.265 235.947 239
391.045 232.655 239
391.789 229.166 239
391.505 225.748 239
391.191 222.333 239
393.831 218.607 239
390.474 215.511 239
391.063 211.983 239
392.612 208.312 239
389.175 205.305 239
389.672 201.763 239
390.137 198.208 239
388.597 194.971 239
390.969 191.062 239
388.386 188.017 239
387.743 184.63 239
386.09 181.449 239
386.368 177.875 239
383.684 174.939 239
0 260 239
0 260 239
0 260 239
0 260 239
0 260 239
0 260 239
0 260 239
71.9115 238.699 239
70.7666 238.364 239
72.4825 237.146 239
71.3292 236.824 239
0 260 239
0 260 239
39.5909 245.98 239
39.4671 245.635 239
37.4669 245.992 239
36.4096 246.024 239
37.2167 245.34 239
36.1602 245.39 239
35.1074 245.458 239
35.8997 244.761 239
34.8483 244.848 239
32.8876 245.357 239
32.7586 245.071 239
33.5334 244.363 239
33.3957 244.071 239
33.2554 243.78 239
34.0075 243.044 239
32.0762 243.656 239
31.0454 243.839 239
30.9032 243.568 239
29.001 244.254 239
28.8625 244.001 239
29.5921 243.258 239
29.4449 243 239
29.2954 242.744 239
29.1437 242.489 239
28.9898 242.235 239
28.8336 241.983 239
27.8319 242.269 239
28.5148 241.482 239
28.3521 241.234 239
27.3582 241.547 239
26.372 241.875 239
26.2129 241.646 239
26.0517 241.418 239
25.0795 241.779 239
24.1157 242.155 239
24.7577 241.344 239
34.1142 233.823 239
40.9766 227.986 239
35.2174 231.987 239
27.2001 237.974 239
26.2352 238.373 239
22.9813 240.716 239
0 260 239
0 260 239
0 260 239
0 260 239
0 260 239
0 260 239
0 260 239
0 260 239
0 260 239
0 260 239
0 260 239
