-0 260 75
-0 260 75
-0 260 75
-0 260 75
-0 260 75
-0 260 75
-0 260 75
-0 260 75
-15.0942 246.879 75
-23.5726 239.867 75
-26.8116 237.502 75
-27.7785 237.101 75
-33.4173 232.939 75
-42.2608 226.384 75
-41.7646 227.37 75
-27.7674 238.693 75
-26.355 240.14 75
-27.3311 239.776 75
-26.6976 240.603 75
-27.6799 240.256 75
-27.032 241.072 75
-26.372 241.875 75
-27.3582 241.547 75
-26.6843 242.338 75
-26.8375 242.572 75
-26.9885 242.806 75
-27.1375 243.043 75
-28.1371 242.758 75
-28.2865 243.004 75
-28.4338 243.251 75
-27.7128 244 75
-28.7217 243.75 75
-27.1132 244.971 75
-29.001 244.254 75
-30.0202 244.038 75
-31.0454 243.839 75
-31.1852 244.11 75
-30.4278 244.829 75
-30.559 245.095 75
-31.5905 244.932 75
-31.7208 245.208 75
-31.8486 245.486 75
-33.8012 244.951 75
-33.0142 245.645 75
-34.0587 245.543 75
-36.0313 245.075 75
-35.233 245.765 75
-35.3559 246.073 75
-36.4096 246.024 75
-37.4669 245.992 75
-39.4671 245.635 75
-0 260 75
-0 260 75
-0 260 75
-71.3292 236.824 75
-71.5288 237.447 75
-0 260 75
-0 260 75
-0 260 75
-0 260 75
-0 260 75
-0 260 75
-0 260 75
-0 260 75
-0 260 75
-0 260 75
-0 260 75
-0 260 75
-0 260 75
-0 260 75
-0 260 75
-0 260 75
-701.259 148.932 75
-702.201 155.055 75
-702.1 161.326 75
-701.943 167.588 75
-702.723 173.717 75
-702.455 179.965 75
-702.132 186.203 75
-703.745 192.237 75
-703.313 198.468 75
-702.827 204.686 75
-703.283 210.822 75
-702.687 217.022 75
-703.035 223.156 75
-703.33 229.292 75
-703.571 235.431 75
-702.759 241.598 75
-702.893 247.731 75
-701.973 253.874 75
-702 260 75
-701.973 266.126 75
-700.893 272.234 75
-699.76 278.324 75
-699.574 284.43 75
-700.333 290.577 75
-699.041 296.635 75
-697.696 302.673 75
-696.3 308.69 75
-695.848 314.765 75
-693.352 320.66 75
-693.791 326.805 75
-692.187 332.752 75
-692.52 338.903 75
-690.812 344.821 75
-689.054 350.716 75
-688.236 356.725 75
-686.377 362.58 75
-684.468 368.409 75
-682.51 374.213 75
-681.487 380.165 75
-678.446 385.743 75
-678.304 391.849 75
-675.168 397.365 75
-672.966 403.043 75
-671.692 408.911 75
-670.367 414.766 75
-667.046 420.144 75
-666.593 426.2 75
-663.181 431.51 75
-660.693 437.032 75
-658.16 442.524 75
-654.619 447.709 75
-653.915 453.699 75
-651.244 459.105 75
-647.574 464.179 75
-645.767 469.823 75
-642.963 475.133 75
-640.116 480.41 75
-637.226 485.654 75
-635.232 491.206 75
-631.317 496.04 75
-627.366 500.823 75
-625.241 506.289 75
-622.14 511.361 75
-618.075 516.015 75
-615.818 521.399 75
-610.762 525.567 75
-608.421 530.887 75
-606.034 536.186 75
-601.788 540.619 75
-599.317 545.859 75
-595.9 550.64 75
-591.552 554.937 75
-588.955 560.088 75
-584.54 564.292 75
-580.979 568.912 75
-578.262 573.971 75
-573.75 578.035 75
-569.213 582.045 75
-566.381 587 75
-563.505 591.93 75
-559.73 596.32 75
-555.069 600.147 75
-552.079 604.978 75
-548.204 609.245 75
-542.62 612.382 75
-538.69 616.551 75
-536.387 621.798 75
-531.561 625.332 75
-528.353 629.957 75
-523.476 633.392 75
-520.198 637.946 75
-514.468 640.687 75
-509.529 643.958 75
-505.366 647.781 75
-498.023 649.098 75
-464.087 629.151 75
-458.516 631.299 75
-458.345 637.831 75
-474.181 657.886 75
-479.816 669.802 75
-476.976 674.629 75
-471.093 676.788 75
-466.695 680.214 75
-463.01 684.271 75
-457.827 686.931 75
-453.359 690.222 75
-448.149 692.772 75
-444.355 696.667 75
-439.82 699.82 75
-435.265 702.929 75
-429.299 704.552 75
-424.715 707.556 75
-420.111 710.514 75
-414.812 712.688 75
-410.177 715.548 75
-405.523 718.361 75
-402.164 722.637 75
-396.813 724.608 75
-392.1 727.287 75
-386.099 728.376 75
-381.368 730.95 75
-377.244 734.261 75
-370.628 734.383 75
-366.474 737.599 75
-362.293 740.779 75
-356.894 742.314 75
-352.083 744.601 75
-346.68 746.027 75
-342.425 749.034 75
-336.445 749.531 75
-331.601 751.619 75
-327.299 754.494 75
-321.882 755.654 75
-317.007 757.601 75
-312.122 759.5 75
-307.229 761.352 75
-301.297 761.443 75
-295.895 762.33 75
-291 764.027 75
-286.59 766.547 75
-280.22 765.53 75
-275.798 767.956 75
-270.885 769.461 75
-266.429 771.805 75
-260.59 771.438 75
-255.225 771.902 75
-250.31 773.211 75
-245.391 774.474 75
-240.047 774.783 75
-235.131 775.948 75
-230.213 777.067 75
-224.894 777.222 75
-219.982 778.244 75
-215.451 780.144 75
-209.78 779.223 75
-204.508 779.173 75
-199.969 780.938 75
-194.715 780.79 75
-189.821 781.529 75
-184.929 782.223 75
-179.714 781.926 75
-174.518 781.578 75
-169.65 782.13 75
-164.486 781.683 75
-159.343 781.186 75
-154.788 782.557 75
-149.947 782.926 75
-144.843 782.288 75
-139.762 781.6 75
-134.955 781.832 75
-130.154 782.019 75
-125.36 782.163 75
-120.349 781.288 75
-115.579 781.342 75
-111.025 782.331 75
-106.064 781.32 75
-101.129 780.262 75
-96.5848 781.125 75
-91.8598 780.963 75
-86.98 779.773 75
-82.1281 778.536 75
-77.4521 778.244 75
-72.7875 777.91 75
-68.1346 777.534 75
-63.372 776.124 75
-58.7524 775.664 75
-54.0412 774.168 75
-49.5522 774.62 75
-44.8852 773.04 75
-40.3279 772.416 75
-35.785 771.75 75
-31.1958 770.047 75
-26.6913 769.301 75
-22.1586 767.516 75
-17.7289 767.691 75
-13.2717 766.826 75
-8.83088 765.923 75
-4.39814 763.981 75
3.78999e-05 762 75
4.35458 758.981 75
8.74369 760.924 75
13.0885 759.829 75
17.38 757.697 75
21.6353 755.528 75
25.9063 754.322 75
30.2191 754.077 75
34.39 751.799 75
38.6019 750.483 75
42.7935 749.132 75
46.9645 747.744 75
51.1145 746.321 75
54.9036 741.882 75
58.9848 740.392 75
63.3052 740.851 75
67.3598 739.29 75
71.2442 736.706 75
74.9321 733.103 75
79.3879 734.403 75
83.1775 731.723 75
86.7441 728.029 75
91.0159 728.236 75
94.8992 726.444 75
98.7581 724.62 75
102.592 722.764 75
106.402 720.877 75
110.186 718.959 75
113.703 716.039 75
117.178 713.093 75
120.61 710.121 75
124.533 709.052 75
128.723 708.909 75
132.067 705.851 75
135.66 703.725 75
138.926 700.617 75
142.766 699.388 75
145.643 695.281 75
142.273 673.192 75
137.862 649.311 75
141.254 648.093 75
144.636 646.846 75
149.081 648.369 75
153.198 648.915 75
160.332 656.835 75
173.356 678.517 75
175.829 674.227 75
180.235 674.511 75
183.032 671.095 75
186.197 668.573 75
189.756 666.932 75
191.577 661.65 75
195.952 661.761 75
199.45 660.036 75
201.572 655.607 75
204.093 652.059 75
207.976 651.146 75
210.904 648.437 75
213.801 645.707 75
216.174 642.086 75
219.5 640.185 75
222.809 638.255 75
225.072 634.582 75
227.287 630.898 75
229.985 628.053 75
233.725 626.875 75
236.373 623.983 75
238.989 621.073 75
241.571 618.144 75
244.688 616.023 75
246.638 612.235 75
249.122 609.256 75
251.572 606.259 75
254.584 604.051 75
255.771 599.42 75
259.941 598.762 75
263.503 597.269 75
264.569 592.608 75
266.832 589.51 75
269.061 586.397 75
271.256 583.271 75
275.366 582.412 75
276.201 577.733 75
279.626 576.059 75
281.035 572.121 75
283.072 568.919 75
286.439 567.169 75
287.732 563.206 75
289.673 559.965 75
292.98 558.139 75
295.571 555.571 75
295.999 550.877 75
298.526 548.283 75
301.03 545.667 75
302.78 542.347 75
303.758 538.343 75
306.176 535.682 75
307.821 532.337 75
309.431 528.984 75
311.006 525.624 75
314.078 523.543 75
316.366 520.792 75
317.853 517.392 75
319.304 513.986 75
320.72 510.574 75
322.895 507.766 75
324.246 504.337 75
326.366 501.498 75
328.461 498.641 75
329.717 495.185 75
331.757 492.298 75
332.947 488.828 75
334.931 485.914 75
336.89 482.983 75
338.823 480.034 75
338.2 475.457 75
340.915 473.028 75
341.909 469.522 75
345.438 467.56 75
346.375 464.03 75
349.008 461.5 75
347.272 456.477 75
348.973 453.439 75
351.527 450.863 75
353.179 447.789 75
354.804 444.699 75
354.621 440.688 75
357.079 438.033 75
356.821 434.033 75
360.132 431.774 75
361.617 428.625 75
363.075 425.463 75
363.591 421.881 75
365.907 419.101 75
366.361 415.511 75
365.856 411.543 75
369.019 409.093 75
368.445 405.134 75
368.764 401.555 75
369.049 397.982 75
370.239 394.756 75
372.343 391.854 75
374.425 388.925 75
374.588 385.335 75
373.765 381.444 75
374.811 378.177 75
375.828 374.902 75
375.857 371.334 75
377.776 368.325 75
376.78 364.49 75
379.609 361.716 75
379.514 358.149 75
381.326 355.075 75
380.197 351.277 75
380.979 347.956 75
382.708 344.844 75
380.499 340.878 75
381.191 337.554 75
383.816 334.606 75
382.486 330.89 75
386.045 328.07 75
385.638 324.534 75
385.198 321.009 75
385.716 317.646 75
386.205 314.278 75
388.646 311.166 75
387.093 307.529 75
386.499 304.036 75
388.858 300.871 75
388.205 297.38 75
389.512 294.078 75
389.795 290.678 75
391.045 287.345 75
389.273 283.809 75
389.466 280.411 75
390.628 277.055 75
390.762 273.646 75
388.867 270.183 75
390.94 266.824 75
390.985 263.412 75
390 260 75
389.985 256.597 75
390.94 253.176 75
390.866 249.765 75
389.762 246.389 75
392.626 242.858 75
390.464 239.537 75
391.269 236.069 75
390.048 232.725 75
391.789 229.166 75
392.501 225.661 75
389.2 222.524 75
389.853 219.025 75
389.48 215.624 75
389.078 212.227 75
389.638 208.703 75
390.166 205.166 75
390.661 201.615 75
390.137 198.208 75
387.61 195.136 75
388.999 191.409 75
387.402 188.199 75
385.779 185.012 75
386.09 181.449 75
384.412 178.291 75
382.708 175.156 75
0 260 75
0 260 75
0 260 75
0 260 75
0 260 75
0 260 75
0 260 75
0 260 75
71.7229 238.072 75
71.5288 237.447 75
72.2803 236.515 75
0 260 75
0 260 75
39.5909 245.98 75
38.5274 245.977 75
37.4669 245.992 75
37.3432 245.665 75
36.2863 245.706 75
36.1602 245.39 75
35.1074 245.458 75
34.0587 245.543 75
33.0142 245.645 75
32.8876 245.357 75
32.7586 245.071 75
32.6271 244.786 75
32.4931 244.502 75
33.2554 243.78 75
33.1126 243.491 75
31.1852 244.11 75
31.0454 243.839 75
30.0202 244.038 75
29.001 244.254 75
30.6117 243.032 75
29.5921 243.258 75
28.5788 243.5 75
30.157 242.236 75
29.1437 242.489 75
28.9898 242.235 75
28.8336 241.983 75
27.8319 242.269 75
27.6761 242.027 75
27.5182 241.786 75
27.3582 241.547 75
27.1962 241.309 75
26.2129 241.646 75
26.8658 240.837 75
25.0795 241.779 75
24.9196 241.56 75
23.9591 241.946 75
34.1142 233.823 75
40.9766 227.986 75
32.8695 233.854 75
26.423 238.603 75
27.0069 237.737 75
24.5134 239.431 75
0 260 75
0 260 75
0 260 75
0 260 75
0 260 75
0 260 75
0 260 75
0 260 75
0 260 75
0 260 75
0 260 75
