-0 260 44
-0 260 44
-0 260 44
-0 260 44
-0 260 44
-0 260 44
-0 260 44
-0 260 44
-15.0942 246.879 44
-22.0518 241.166 44
-26.8116 237.502 44
-27.0069 237.737 44
-34.1944 232.31 44
-42.2608 226.384 44
-40.1886 228.601 44
-26.1807 239.911 44
-25.5563 240.742 44
-27.3311 239.776 44
-26.6976 240.603 44
-26.0517 241.418 44
-26.2129 241.646 44
-26.372 241.875 44
-26.5292 242.106 44
-25.8505 242.89 44
-26.8375 242.572 44
-26.9885 242.806 44
-27.1375 243.043 44
-27.2845 243.28 44
-27.4294 243.519 44
-27.5721 243.759 44
-27.7128 244 44
-27.8514 244.242 44
-27.1132 244.971 44
-29.001 244.254 44
-30.0202 244.038 44
-30.1584 244.301 44
-30.2942 244.564 44
-30.4278 244.829 44
-30.559 245.095 44
-29.7853 245.793 44
-31.7208 245.208 44
-32.7586 245.071 44
-31.9741 245.764 44
-33.9312 245.246 44
-34.0587 245.543 44
-34.1835 245.841 44
-34.3058 246.14 44
-34.4255 246.439 44
-35.4761 246.382 44
-36.5302 246.342 44
-39.4671 245.635 44
-42.4189 244.979 44
-0 260 44
-0 260 44
-72.2803 236.515 44
-71.5288 237.447 44
-0 260 44
-71.9115 238.699 44
-0 260 44
-0 260 44
-0 260 44
-0 260 44
-0 260 44
-0 260 44
-0 260 44
-0 260 44
-0 260 44
-0 260 44
-0 260 44
-0 260 44
-0 260 44
-0 260 44
-703.234 148.619 44
-704.179 154.76 44
-704.081 161.048 44
-704.917 167.196 44
-705.7 173.351 44
-705.436 179.626 44
-705.116 185.889 44
-706.731 191.95 44
-706.302 198.207 44
-705.817 204.451 44
-706.275 210.613 44
-706.679 216.778 44
-706.031 222.999 44
-705.328 229.205 44
-705.57 235.361 44
-706.758 241.493 44
-705.892 247.679 44
-705.973 253.839 44
-704 260 44
-704.973 266.152 44
-703.893 272.287 44
-702.759 278.402 44
-702.572 284.534 44
-701.332 290.621 44
-701.038 296.74 44
-700.691 302.856 44
-699.292 308.899 44
-698.839 315 44
-698.332 321.096 44
-696.777 327.092 44
-695.171 333.065 44
-694.507 339.129 44
-692.797 345.065 44
-692.029 351.107 44
-690.217 357.004 44
-688.355 362.875 44
-686.443 368.722 44
-685.468 374.708 44
-681.487 380.165 44
-682.379 386.472 44
-680.268 392.231 44
-679.088 398.162 44
-676.878 403.875 44
-674.621 409.56 44
-672.315 415.216 44
-669.963 420.844 44
-666.593 426.2 44
-665.117 432.011 44
-660.693 437.032 44
-660.087 443.058 44
-658.464 448.812 44
-654.874 453.983 44
-653.156 459.69 44
-650.435 465.081 44
-648.621 470.75 44
-645.808 476.085 44
-641.062 480.735 44
-639.111 486.321 44
-636.172 491.548 44
-633.19 496.74 44
-630.167 501.898 44
-627.101 507.022 44
-623.995 512.11 44
-620.847 517.163 44
-617.659 522.181 44
-612.596 526.364 44
-611.162 532.107 44
-606.944 536.6 44
-603.601 541.464 44
-600.219 546.29 44
-597.698 551.517 44
-594.236 556.275 44
-589.846 560.542 44
-586.314 565.216 44
-581.862 569.382 44
-578.262 573.971 44
-576.374 579.49 44
-572.694 584.015 44
-568.113 588 44
-565.229 592.945 44
-561.445 597.35 44
-556.774 601.192 44
-554.623 606.567 44
-547.361 608.708 44
-545.974 614.56 44
-542.026 618.759 44
-537.216 622.357 44
-534.034 627.031 44
-529.172 630.53 44
-525.104 634.553 44
-520.198 637.946 44
-516.076 641.876 44
-512.724 646.365 44
-495.052 639.867 44
-468.866 626.319 44
-464.869 629.774 44
-470.95 641.368 44
-489.982 663.91 44
-485.672 667.527 44
-482.097 671.75 44
-476.976 674.629 44
-473.34 678.776 44
-468.924 682.221 44
-464.485 685.622 44
-458.559 687.613 44
-455.535 692.287 44
-450.307 694.856 44
-445.068 697.367 44
-441.235 701.235 44
-435.265 702.929 44
-431.383 706.71 44
-426.78 709.732 44
-422.157 712.708 44
-416.839 714.9 44
-412.854 718.52 44
-406.849 719.859 44
-401.508 721.882 44
-397.462 725.368 44
-392.1 727.287 44
-386.736 729.148 44
-382.627 732.505 44
-377.244 734.261 44
-373.091 737.535 44
-367.692 739.185 44
-362.894 741.577 44
-357.488 743.118 44
-352.671 745.41 44
-346.68 746.027 44
-342.425 749.034 44
-337.578 751.179 44
-332.161 752.448 44
-327.851 755.328 44
-322.426 756.493 44
-317.007 757.601 44
-312.652 760.348 44
-306.707 760.5 44
-301.297 761.443 44
-296.91 764.053 44
-291.5 764.893 44
-286.59 766.547 44
-281.19 767.279 44
-276.275 768.835 44
-271.355 770.344 44
-265.967 770.918 44
-261.044 772.329 44
-255.671 772.797 44
-251.187 775.009 44
-245.822 775.376 44
-241.315 777.502 44
-235.131 775.948 44
-230.213 777.067 44
-225.293 778.139 44
-220.372 779.165 44
-215.068 779.22 44
-210.154 780.15 44
-205.241 781.034 44
-199.969 780.938 44
-195.065 781.726 44
-190.163 782.469 44
-185.263 783.166 44
-180.365 783.817 44
-175.152 783.475 44
-170.268 784.032 44
-164.486 781.683 44
-159.927 783.099 44
-154.788 782.557 44
-149.671 781.965 44
-145.378 784.215 44
-140.539 784.498 44
-135.456 783.768 44
-130.396 782.989 44
-125.36 782.163 44
-120.574 782.262 44
-115.795 782.318 44
-110.817 781.353 44
-105.864 780.34 44
-101.32 781.244 44
-96.5848 781.125 44
-91.6862 779.979 44
-87.1451 780.759 44
-82.1281 778.536 44
-77.5999 779.233 44
-72.9267 778.9 44
-68.1346 777.534 44
-63.4939 777.117 44
-58.8656 776.657 44
-54.1457 775.162 44
-49.5522 774.62 44
-44.9723 774.036 44
-40.3279 772.416 44
-35.785 771.75 44
-31.1958 770.047 44
-26.7436 770.3 44
-22.2022 768.516 44
-17.7289 767.691 44
-13.2717 766.826 44
-8.81343 764.923 44
-4.39814 763.981 44
3.80509e-05 764 44
4.37203 760.981 44
8.72624 759.924 44
13.0623 758.829 44
17.38 757.697 44
21.5916 754.529 44
25.9587 755.32 44
30.158 753.079 44
34.39 751.799 44
38.445 748.489 44
42.6192 747.139 44
46.8686 746.749 44
51.0099 745.327 44
55.13 743.869 44
59.2285 742.377 44
63.3052 740.851 44
67.3598 739.29 44
71.2442 736.706 44
74.9321 733.103 44
79.2229 733.417 44
83.1775 731.723 44
87.1086 729.996 44
91.0159 728.236 44
94.8992 726.444 44
98.7581 724.62 44
102.16 720.812 44
105.727 717.954 44
109.953 717.986 44
113.703 716.039 44
116.927 712.125 44
121.127 712.053 44
124.8 710.015 44
128.723 708.909 44
132.067 705.851 44
135.66 703.725 44
139.227 701.571 44
142.766 699.388 44
146.277 697.177 44
149.761 694.939 44
150.213 684.189 44
145.359 659.369 44
144.986 647.782 44
148.723 647.436 44
151.365 644.262 44
155.462 644.781 44
158.814 643.41 44
170.359 661.34 44
179.836 673.594 44
183.438 672.009 44
185.783 667.663 44
188.488 664.213 44
192.869 664.358 44
195.514 660.862 44
199.004 659.141 44
201.572 655.607 44
205.478 654.72 44
207.976 651.146 44
211.381 649.316 44
213.316 644.833 44
217.159 643.827 44
220 641.051 44
222.302 637.394 44
225.072 634.582 44
228.854 633.456 44
231.045 629.749 44
232.651 625.188 44
236.918 624.822 44
238.437 620.239 44
241.571 618.144 44
243.555 614.374 44
247.211 613.055 44
249.702 610.07 44
252.748 607.877 44
255.179 604.855 44
256.975 601.017 44
259.332 597.969 44
261.656 594.905 44
263.324 591.043 44
266.832 589.51 44
269.061 586.397 44
272.542 584.803 44
274.717 581.652 44
276.857 578.487 44
278.963 575.31 44
281.704 572.864 44
283.072 568.919 44
286.439 567.169 44
287.732 563.206 44
290.367 560.684 44
292.279 557.425 44
294.156 554.156 44
295.999 550.877 44
297.087 546.894 44
298.854 543.602 44
302.78 542.347 44
304.496 539.019 44
306.176 535.682 44
309.319 533.662 44
309.431 528.984 44
311.006 525.624 44
314.844 524.186 44
316.366 520.792 44
316.298 516.133 44
319.304 513.986 44
321.508 511.19 44
322.895 507.766 44
325.045 504.939 44
327.17 502.093 44
328.461 498.641 44
330.531 495.765 44
331.757 492.298 44
334.595 489.961 44
336.589 487.032 44
336.89 482.983 44
337.984 479.49 44
341.574 477.606 44
341.763 473.557 44
341.909 469.522 44
344.581 467.045 44
346.375 464.03 44
349.008 461.5 44
349.883 457.954 44
351.597 454.893 44
352.406 451.341 44
353.179 447.789 44
354.804 444.699 44
354.621 440.688 44
357.974 438.479 44
358.619 434.91 44
361.034 432.204 44
359.804 427.779 44
361.255 424.633 44
362.678 421.474 44
363.156 417.905 44
364.52 414.73 44
365.856 411.543 44
368.092 408.719 44
368.445 405.134 44
370.631 402.272 44
372.796 399.383 44
372.118 395.44 44
372.343 391.854 44
372.534 388.274 44
374.588 385.335 44
375.667 382.062 44
377.672 379.079 44
377.74 375.487 44
375.857 371.334 44
377.776 368.325 44
378.707 365.025 44
379.609 361.716 44
379.514 358.149 44
381.326 355.075 44
382.141 351.744 44
383.902 348.631 44
383.684 345.061 44
384.412 341.709 44
385.11 338.352 44
383.816 334.606 44
384.453 331.254 44
385.06 327.896 44
387.61 324.864 44
388.162 321.479 44
387.694 317.941 44
388.185 314.556 44
388.646 311.166 44
391.063 308.017 44
387.493 304.149 44
389.853 300.975 44
390.195 297.572 44
391.505 294.252 44
390.792 290.756 44
391.045 287.345 44
392.267 283.992 44
391.463 280.516 44
392.626 277.142 44
389.762 273.611 44
391.866 270.261 44
392.94 266.859 44
390.985 263.412 44
391 260 44
391.985 256.579 44
391.94 253.159 44
390.866 249.765 44
393.76 246.25 44
390.628 242.945 44
392.461 239.432 44
393.265 235.947 44
392.043 232.586 44
392.785 229.087 44
391.505 225.748 44
392.186 222.237 44
390.847 218.92 44
391.467 215.398 44
393.048 211.74 44
392.612 208.312 44
390.166 205.166 44
391.65 201.467 44
390.137 198.208 44
388.597 194.971 44
389.984 191.235 44
388.386 188.017 44
386.761 184.821 44
388.05 181.05 44
387.346 177.667 44
384.661 174.723 44
0 260 44
0 260 44
0 260 44
0 260 44
0 260 44
0 260 44
0 260 44
0 260 44
69.8102 238.657 44
69.6213 238.048 44
0 260 44
0 260 44
0 260 44
38.6483 246.314 44
37.5877 246.319 44
36.5302 246.342 44
36.4096 246.024 44
35.3559 246.073 44
35.233 245.765 44
34.1835 245.841 44
34.0587 245.543 44
34.8483 244.848 44
33.8012 244.951 44
32.7586 245.071 44
31.7208 245.208 44
32.4931 244.502 44
33.2554 243.78 44
33.1126 243.491 44
31.1852 244.11 44
31.0454 243.839 44
30.9032 243.568 44
29.001 244.254 44
28.8625 244.001 44
28.7217 243.75 44
28.5788 243.5 44
29.2954 242.744 44
28.2865 243.004 44
28.9898 242.235 44
28.8336 241.983 44
27.8319 242.269 44
27.6761 242.027 44
28.3521 241.234 44
26.5292 242.106 44
27.1962 241.309 44
26.2129 241.646 44
26.0517 241.418 44
25.0795 241.779 44
24.9196 241.56 44
23.1604 242.547 44
34.9075 233.214 44
40.9766 227.986 44
34.4348 232.609 44
27.2001 237.974 44
26.2352 238.373 44
23.7474 240.074 44
0 260 44
0 260 44
0 260 44
0 260 44
0 260 44
0 260 44
0 260 44
0 260 44
0 260 44
0 260 44
0 260 44
