-0 260 121
-0 260 121
-0 260 121
-0 260 121
-0 260 121
-0 260 121
-0 260 121
-0 260 121
-15.8489 246.223 121
-22.8122 240.517 121
-26.0455 238.145 121
-26.2352 238.373 121
-34.1944 232.31 121
-43.0435 225.762 121
-41.7646 227.37 121
-26.974 239.302 121
-26.355 240.14 121
-27.3311 239.776 121
-26.6976 240.603 121
-27.6799 240.256 121
-26.2129 241.646 121
-26.372 241.875 121
-25.7002 242.665 121
-27.5182 241.786 121
-26.8375 242.572 121
-26.9885 242.806 121
-27.9856 242.513 121
-28.1371 242.758 121
-28.2865 243.004 121
-27.5721 243.759 121
-27.7128 244 121
-27.8514 244.242 121
-27.9878 244.486 121
-29.001 244.254 121
-30.0202 244.038 121
-30.1584 244.301 121
-31.1852 244.11 121
-30.4278 244.829 121
-30.559 245.095 121
-31.5905 244.932 121
-32.6271 244.786 121
-32.7586 245.071 121
-33.8012 244.951 121
-33.9312 245.246 121
-34.0587 245.543 121
-34.1835 245.841 121
-34.3058 246.14 121
-34.4255 246.439 121
-36.4096 246.024 121
-37.4669 245.992 121
-39.4671 245.635 121
-0 260 121
-0 260 121
-0 260 121
-0 260 121
-72.4825 237.146 121
-0 260 121
-0 260 121
-0 260 121
-0 260 121
-0 260 121
-0 260 121
-0 260 121
-0 260 121
-0 260 121
-0 260 121
-0 260 121
-0 260 121
-0 260 121
-0 260 121
-0 260 121
-0 260 121
-696.32 149.714 121
-696.267 155.942 121
-698.139 161.883 121
-698.969 167.979 121
-698.753 174.204 121
-699.475 180.305 121
-699.149 186.517 121
-699.764 192.621 121
-700.325 198.73 121
-698.839 205 121
-700.29 211.031 121
-700.691 217.144 121
-701.038 223.26 121
-701.332 229.379 121
-700.573 235.536 121
-701.759 241.624 121
-699.893 247.783 121
-699.973 253.892 121
-700 260 121
-698.973 266.1 121
-698.894 272.199 121
-698.76 278.298 121
-697.575 284.36 121
-697.336 290.446 121
-697.043 296.531 121
-695.7 302.551 121
-695.302 308.62 121
-694.851 314.686 121
-693.352 320.66 121
-691.8 326.613 121
-692.187 332.752 121
-689.539 338.563 121
-688.827 344.577 121
-688.063 350.585 121
-686.256 356.447 121
-685.388 362.432 121
-683.48 368.253 121
-682.51 374.213 121
-679.517 379.817 121
-679.429 385.925 121
-677.323 391.658 121
-675.168 397.365 121
-672.966 403.043 121
-671.692 408.911 121
-669.392 414.541 121
-666.073 419.91 121
-663.682 425.475 121
-662.213 431.26 121
-659.727 436.773 121
-658.16 442.524 121
-656.542 448.26 121
-653.915 453.699 121
-651.244 459.105 121
-649.481 464.781 121
-644.816 469.514 121
-642.963 475.133 121
-640.116 480.41 121
-638.168 485.987 121
-635.232 491.206 121
-633.19 496.74 121
-630.167 501.898 121
-626.171 506.655 121
-623.068 511.736 121
-619.923 516.781 121
-616.738 521.79 121
-612.596 526.364 121
-610.248 531.7 121
-606.034 536.186 121
-603.601 541.464 121
-600.219 546.29 121
-596.799 551.079 121
-594.236 556.275 121
-590.737 560.996 121
-588.088 566.139 121
-582.745 569.851 121
-580.019 574.925 121
-576.374 579.49 121
-573.564 584.507 121
-569.845 589 121
-565.229 592.945 121
-561.445 597.35 121
-557.627 601.714 121
-552.927 605.507 121
-549.891 610.319 121
-546.813 615.105 121
-542.86 619.311 121
-538.874 623.475 121
-534.858 627.598 121
-529.991 631.104 121
-527.547 636.296 121
-522.625 639.709 121
-516.88 642.471 121
-513.523 646.967 121
-510.126 651.434 121
-505.903 655.255 121
-502.434 659.654 121
-496.596 662.136 121
-492.296 665.818 121
-486.438 668.17 121
-483.618 673.049 121
-479.241 676.598 121
-474.089 679.439 121
-469.667 682.891 121
-465.222 686.297 121
-461.484 690.341 121
-456.26 692.975 121
-451.745 696.246 121
-446.495 698.769 121
-442.649 702.649 121
-435.966 703.642 121
-432.772 708.149 121
-427.468 710.458 121
-422.839 713.439 121
-418.19 716.375 121
-413.523 719.264 121
-408.174 721.357 121
-402.82 723.392 121
-398.761 726.889 121
-392.743 728.053 121
-388.644 731.463 121
-383.885 734.059 121
-379.111 736.608 121
-374.322 739.111 121
-368.909 740.772 121
-363.496 742.376 121
-358.678 744.726 121
-353.847 747.028 121
-347.841 747.655 121
-343.572 750.672 121
-338.711 752.827 121
-333.838 754.935 121
-328.402 756.162 121
-324.06 759.009 121
-318.081 759.288 121
-312.652 760.348 121
-308.274 763.058 121
-302.842 764.014 121
-297.925 765.776 121
-292 765.759 121
-287.575 768.288 121
-279.735 764.656 121
-261.96 742.471 121
-255.392 740.324 121
-250.729 741.647 121
-245.609 742.035 121
-254.333 770.113 121
-251.625 775.908 121
-246.252 776.279 121
-241.738 778.408 121
-236.375 778.678 121
-231.026 778.894 121
-226.091 779.973 121
-220.763 780.085 121
-215.833 781.068 121
-210.903 782.005 121
-205.607 781.964 121
-201.044 783.739 121
-195.766 783.6 121
-190.505 783.409 121
-185.597 784.109 121
-181.016 785.708 121
-175.469 784.423 121
-170.577 784.983 121
-165.087 783.591 121
-160.512 785.011 121
-155.64 785.433 121
-150.498 784.849 121
-145.645 785.179 121
-140.539 784.498 121
-135.706 784.736 121
-130.88 784.93 121
-125.827 784.107 121
-121.024 784.211 121
-116.228 784.271 121
-111.441 784.287 121
-106.263 782.3 121
-101.701 783.207 121
-96.9493 783.092 121
-92.2071 782.933 121
-87.1451 780.759 121
-82.4409 780.512 121
-77.7477 780.222 121
-73.0658 779.891 121
-68.3957 779.517 121
-63.7376 779.102 121
-58.9788 777.651 121
-54.3548 777.151 121
-49.7439 776.611 121
-45.1466 776.029 121
-40.4849 774.409 121
-35.9245 773.745 121
-31.3789 773.041 121
-26.796 771.298 121
-22.3331 771.513 121
-17.8336 770.689 121
-13.324 768.826 121
-8.86578 767.923 121
-4.42432 766.981 121
3.82019e-05 766 121
4.38949 762.981 121
8.76115 761.924 121
13.1409 761.828 121
17.4498 759.695 121
21.7661 758.525 121
26.0633 757.318 121
30.3412 756.073 121
34.5992 754.792 121
38.8373 753.474 121
42.7935 749.132 121
47.1561 749.735 121
51.428 749.305 121
55.5828 747.844 121
59.5941 745.355 121
63.6968 743.825 121
67.7773 742.261 121
71.8354 740.662 121
75.8707 739.029 121
79.718 736.376 121
83.6985 734.677 121
87.6553 732.946 121
91.5883 731.181 121
95.4973 729.384 121
99.3818 727.555 121
103.025 724.717 121
106.852 722.826 121
110.42 719.931 121
114.671 719.92 121
118.179 716.966 121
121.645 713.985 121
125.335 711.943 121
129.274 710.832 121
132.919 708.728 121
136.538 706.594 121
139.528 702.525 121
142.766 699.388 121
146.595 698.126 121
150.738 697.775 121
153.885 694.558 121
157.671 693.198 121
161.095 690.869 121
164.491 688.513 121
167.125 684.27 121
170.446 681.869 121
173.738 679.441 121
177.392 677.909 121
180.633 675.428 121
184.658 674.75 121
187.441 671.302 121
190.601 668.745 121
194.161 667.066 121
197.267 664.457 121
199.897 660.931 121
203.388 659.171 121
205.94 655.607 121
209.384 653.795 121
212.336 651.074 121
215.255 648.331 121
218.144 645.568 121
220 641.051 121
223.824 639.978 121
227.132 638.011 121
228.854 633.456 121
232.105 631.445 121
234.8 628.562 121
237.463 625.66 121
240.645 623.574 121
242.69 619.802 121
245.82 617.671 121
247.211 613.055 121
250.283 610.884 121
253.923 609.495 121
255.179 604.855 121
259.382 604.212 121
262.376 601.935 121
264.119 598.057 121
265.814 594.174 121
268.72 591.841 121
271.605 589.484 121
273.185 585.569 121
274.717 581.652 121
277.513 579.242 121
280.951 577.557 121
283.042 574.35 121
285.099 571.131 121
286.439 567.169 121
288.421 563.932 121
289.673 559.965 121
295.083 560.278 121
295.571 555.571 121
298.852 553.681 121
299.965 549.673 121
301.756 546.355 121
303.512 543.029 121
305.233 539.694 121
306.919 536.351 121
309.319 533.662 121
311.695 530.952 121
312.527 526.923 121
316.376 525.471 121
317.909 522.064 121
319.407 518.651 121
320.869 515.231 121
322.296 511.806 121
326.068 510.201 121
326.642 506.142 121
329.581 503.877 121
331.697 500.992 121
332.159 496.927 121
333.395 493.446 121
334.595 489.961 121
336.589 487.032 121
338.558 484.086 121
338.823 480.034 121
342.417 478.144 121
344.308 475.147 121
345.319 471.612 121
346.296 468.075 121
348.098 465.045 121
349.008 461.5 121
349.013 457.462 121
351.597 454.893 121
353.284 451.818 121
355.828 449.197 121
355.691 445.161 121
356.403 441.596 121
357.974 438.479 121
360.416 435.787 121
361.937 432.635 121
361.617 428.625 121
364.894 426.292 121
365.418 422.695 121
367.741 419.898 121
367.281 415.902 121
368.628 412.691 121
368.092 408.719 121
371.237 406.234 121
371.565 402.63 121
372.796 399.383 121
373.998 396.124 121
376.114 393.189 121
376.316 389.576 121
377.433 386.287 121
377.569 382.68 121
377.672 379.079 121
377.74 375.487 121
380.651 372.754 121
379.698 368.877 121
380.634 365.559 121
382.507 362.492 121
382.418 358.9 121
385.207 356.043 121
385.058 352.444 121
384.876 348.856 121
386.613 345.71 121
387.346 342.333 121
387.07 338.75 121
389.706 335.751 121
386.419 331.619 121
388.999 328.591 121
388.597 325.029 121
389.149 321.635 121
388.683 318.089 121
390.166 314.834 121
391.621 311.558 121
393.048 308.26 121
393.454 304.828 121
392.836 301.289 121
393.181 297.859 121
394.493 294.514 121
391.789 290.834 121
393.04 287.484 121
394.263 284.114 121
395.457 280.725 121
394.624 277.23 121
395.759 273.82 121
394.865 270.34 121
394.94 266.894 121
394.985 263.447 121
397 260 121
394.985 256.553 121
394.94 253.106 121
395.864 249.634 121
396.758 246.145 121
396.622 242.683 121
394.459 239.327 121
395.261 235.825 121
394.038 232.446 121
394.779 228.93 121
395.489 225.399 121
396.168 221.853 121
396.814 218.293 121
395.442 214.945 121
396.026 211.374 121
394.595 208.051 121
395.117 204.47 121
394.617 201.024 121
393.1 197.739 121
391.555 194.476 121
392.938 190.714 121
393.302 187.106 121
390.688 184.058 121
390.99 180.452 121
389.303 177.251 121
388.566 173.857 121
0 260 121
0 260 121
0 260 121
0 260 121
0 260 121
0 260 121
0 260 121
0 260 121
72.6792 237.78 121
71.5288 237.447 121
0 260 121
0 260 121
0 260 121
38.6483 246.314 121
37.5877 246.319 121
36.5302 246.342 121
36.4096 246.024 121
36.2863 245.706 121
35.233 245.765 121
36.0313 245.075 121
34.0587 245.543 121
33.0142 245.645 121
32.8876 245.357 121
32.7586 245.071 121
33.5334 244.363 121
34.2982 243.641 121
33.2554 243.78 121
34.0075 243.044 121
31.1852 244.11 121
31.0454 243.839 121
30.9032 243.568 121
29.001 244.254 121
29.7371 243.516 121
29.5921 243.258 121
28.5788 243.5 121
29.2954 242.744 121
30.0009 241.974 121
28.9898 242.235 121
28.8336 241.983 121
27.8319 242.269 121
27.6761 242.027 121
28.3521 241.234 121
28.1873 240.987 121
27.1962 241.309 121
27.032 241.072 121
26.0517 241.418 121
25.0795 241.779 121
24.1157 242.155 121
23.9591 241.946 121
36.4943 231.997 121
40.9766 227.986 121
33.6522 233.232 121
27.2001 237.974 121
26.2352 238.373 121
23.7474 240.074 121
0 260 121
0 260 121
0 260 121
0 260 121
0 260 121
0 260 121
0 260 121
0 260 121
0 260 121
0 260 121
0 260 121
