-0 260 11
-0 260 11
-0 260 11
-0 260 11
-0 260 11
-0 260 11
-0 260 11
-0 260 11
-15.8489 246.223 11
-22.8122 240.517 11
-26.8116 237.502 11
-27.0069 237.737 11
-33.4173 232.939 11
-40.6956 227.629 11
-40.9766 227.986 11
-26.974 239.302 11
-24.7577 241.344 11
-25.7234 240.966 11
-27.5066 240.015 11
-27.6799 240.256 11
-26.2129 241.646 11
-26.372 241.875 11
-26.5292 242.106 11
-27.5182 241.786 11
-27.6761 242.027 11
-26.9885 242.806 11
-26.2895 243.573 11
-27.2845 243.28 11
-28.2865 243.004 11
-28.4338 243.251 11
-28.5788 243.5 11
-28.7217 243.75 11
-27.9878 244.486 11
-29.001 244.254 11
-30.0202 244.038 11
-29.2714 244.762 11
-30.2942 244.564 11
-31.3227 244.383 11
-31.4578 244.657 11
-31.5905 244.932 11
-31.7208 245.208 11
-31.8486 245.486 11
-32.8876 245.357 11
-33.9312 245.246 11
-34.9792 245.152 11
-35.1074 245.458 11
-35.233 245.765 11
-35.3559 246.073 11
-36.4096 246.024 11
-36.5302 246.342 11
-39.4671 245.635 11
-0 260 11
-0 260 11
-0 260 11
-71.3292 236.824 11
-71.5288 237.447 11
-0 260 11
-0 260 11
-0 260 11
-0 260 11
-0 260 11
-0 260 11
-0 260 11
-0 260 11
-0 260 11
-0 260 11
-0 260 11
-0 260 11
-0 260 11
-0 260 11
-0 260 11
-879.767 112.778 11
-880.03 120.617 11
-886.158 127.563 11
-882.329 135.997 11
-878.42 144.354 11
-875.426 152.511 11
-878.318 159.928 11
-879.157 167.597 11
-873.958 175.848 11
-868.682 184 11
-867.318 191.741 11
-864.888 199.521 11
-856.4 207.62 11
-859.82 214.939 11
-855.185 222.662 11
-855.479 230.126 11
-851.708 237.697 11
-854.87 245.078 11
-857.967 252.513 11
-865 260 11
-866.967 267.566 11
-873.867 275.254 11
-918.685 284.057 11
-970.408 293.888 11
-965.081 302.136 11
-989.642 311.865 11
-945.234 317.813 11
-940.703 325.78 11
-941.09 334.066 11
-918.491 340.358 11
-935.672 350.095 11
-893.081 353.867 11
-903.157 362.902 11
-898.254 370.292 11
-1005.33 392.354 11
-991.258 399.312 11
-940.554 400.567 11
-864.227 396.88 11
-917.246 413.494 11
-890.266 416.978 11
-909.511 428.568 11
-928.619 440.505 11
-925.049 448.203 11
-951.738 462.298 11
-960.675 472.977 11
-923.703 473.254 11
-933.475 484.108 11
-928.573 491.519 11
-1000.1 518.643 11
-985.244 523.996 11
-993.503 535.523 11
-994.906 545.285 11
-987.584 552.536 11
-989.775 562.605 11
-995.68 573.937 11
-1010.97 588.485 11
-1004.27 596.026 11
-1024.94 612.916 11
-1051.05 632.195 11
-1060.91 646.141 11
-1024.72 643.127 11
-1035.34 657.43 11
-1009.5 657.654 11
-1013.41 669.445 11
-1014.42 680.187 11
-1019 692.539 11
-1178.78 822.248 11
-1142.37 817.17 11
-1149.1 832.918 11
-1127.12 834.298 11
-1127.39 846.883 11
-1114.28 852.473 11
-1104.67 859.789 11
-0 260 11
-0 260 11
-0 260 11
-0 260 11
-0 260 11
-0 260 11
-0 260 11
-0 260 11
-0 260 11
-0 260 11
-0 260 11
-0 260 11
-0 260 11
-0 260 11
-0 260 11
-0 260 11
-0 260 11
-0 260 11
-0 260 11
-0 260 11
-0 260 11
-0 260 11
-0 260 11
-0 260 11
-0 260 11
-0 260 11
-0 260 11
-0 260 11
-0 260 11
-0 260 11
-0 260 11
-0 260 11
-0 260 11
-0 260 11
-0 260 11
-0 260 11
-0 260 11
-0 260 11
-0 260 11
-0 260 11
-0 260 11
-0 260 11
-0 260 11
-0 260 11
-0 260 11
-0 260 11
-0 260 11
-0 260 11
-0 260 11
-0 260 11
-0 260 11
-0 260 11
-0 260 11
-0 260 11
-0 260 11
-0 260 11
-0 260 11
-0 260 11
-0 260 11
-0 260 11
-0 260 11
-0 260 11
-0 260 11
-0 260 11
-0 260 11
-0 260 11
-0 260 11
-0 260 11
-0 260 11
-0 260 11
-0 260 11
-0 260 11
-0 260 11
-0 260 11
-0 260 11
-0 260 11
-0 260 11
-0 260 11
-0 260 11
-0 260 11
-0 260 11
-0 260 11
-0 260 11
-0 260 11
-0 260 11
-0 260 11
-0 260 11
-0 260 11
-0 260 11
-0 260 11
-0 260 11
-0 260 11
-0 260 11
-0 260 11
-0 260 11
-0 260 11
-0 260 11
-0 260 11
-0 260 11
-0 260 11
-0 260 11
-0 260 11
-0 260 11
-0 260 11
-0 260 11
-0 260 11
-0 260 11
-0 260 11
-0 260 11
-0 260 11
-0 260 11
-0 260 11
-0 260 11
-0 260 11
-0 260 11
0 260 11
0 260 11
0 260 11
0 260 11
0 260 11
0 260 11
0 260 11
0 260 11
0 260 11
0 260 11
0 260 11
0 260 11
0 260 11
0 260 11
0 260 11
0 260 11
0 260 11
0 260 11
0 260 11
0 260 11
0 260 11
0 260 11
0 260 11
0 260 11
0 260 11
0 260 11
0 260 11
0 260 11
0 260 11
0 260 11
0 260 11
0 260 11
0 260 11
0 260 11
0 260 11
0 260 11
0 260 11
0 260 11
0 260 11
0 260 11
0 260 11
0 260 11
0 260 11
0 260 11
0 260 11
0 260 11
0 260 11
0 260 11
0 260 11
0 260 11
0 260 11
0 260 11
0 260 11
0 260 11
0 260 11
0 260 11
0 260 11
0 260 11
0 260 11
0 260 11
0 260 11
0 260 11
0 260 11
0 260 11
0 260 11
0 260 11
0 260 11
0 260 11
0 260 11
0 260 11
0 260 11
0 260 11
0 260 11
0 260 11
0 260 11
0 260 11
0 260 11
0 260 11
0 260 11
0 260 11
0 260 11
0 260 11
0 260 11
0 260 11
0 260 11
0 260 11
0 260 11
0 260 11
0 260 11
0 260 11
0 260 11
0 260 11
0 260 11
0 260 11
0 260 11
0 260 11
0 260 11
0 260 11
0 260 11
0 260 11
0 260 11
0 260 11
0 260 11
0 260 11
0 260 11
0 260 11
0 260 11
0 260 11
0 260 11
0 260 11
0 260 11
0 260 11
0 260 11
0 260 11
0 260 11
0 260 11
0 260 11
0 260 11
0 260 11
0 260 11
0 260 11
0 260 11
0 260 11
0 260 11
0 260 11
0 260 11
0 260 11
0 260 11
0 260 11
0 260 11
0 260 11
0 260 11
0 260 11
0 260 11
0 260 11
0 260 11
0 260 11
0 260 11
0 260 11
0 260 11
0 260 11
0 260 11
0 260 11
0 260 11
0 260 11
0 260 11
0 260 11
0 260 11
0 260 11
0 260 11
0 260 11
0 260 11
0 260 11
0 260 11
0 260 11
0 260 11
0 260 11
0 260 11
0 260 11
0 260 11
0 260 11
0 260 11
0 260 11
0 260 11
0 260 11
0 260 11
0 260 11
0 260 11
0 260 11
1123.8 368.21 11
1128.69 358.747 11
418.705 292.953 11
415.984 289.088 11
413.228 285.274 11
426.415 282.347 11
430.59 278.8 11
432.736 275.111 11
429.853 271.256 11
421.936 267.365 11
416.984 263.639 11
413 260 11
409.984 256.422 11
411.937 252.81 11
406.861 249.346 11
416.746 245.447 11
400.618 242.509 11
393.46 239.38 11
387.276 236.313 11
394.038 232.446 11
402.755 228.303 11
398.478 225.138 11
394.177 222.045 11
398.803 218.084 11
419.847 208.449 11
417.398 205.048 11
414.922 201.686 11
417.365 197.624 11
413.841 194.454 11
415.226 190.515 11
1182.86 40.7707 11
1161.26 34.273 11
410.588 176.465 11
406.909 173.509 11
1023.16 33.1713 11
0 260 11
0 260 11
0 260 11
0 260 11
0 260 11
0 260 11
0 260 11
0 260 11
71.7229 238.072 11
71.5288 237.447 11
0 260 11
0 260 11
0 260 11
38.6483 246.314 11
38.5274 245.977 11
37.4669 245.992 11
36.4096 246.024 11
37.2167 245.34 11
36.1602 245.39 11
36.0313 245.075 11
34.9792 245.152 11
33.0142 245.645 11
33.8012 244.951 11
33.6686 244.656 11
33.5334 244.363 11
34.2982 243.641 11
34.1542 243.342 11
33.1126 243.491 11
32.0762 243.656 11
31.0454 243.839 11
30.0202 244.038 11
29.8798 243.777 11
30.6117 243.032 11
29.5921 243.258 11
29.4449 243 11
28.4338 243.251 11
28.2865 243.004 11
28.9898 242.235 11
29.6817 241.453 11
27.8319 242.269 11
29.3535 240.938 11
28.3521 241.234 11
26.5292 242.106 11
27.1962 241.309 11
26.2129 241.646 11
26.8658 240.837 11
25.8885 241.191 11
24.1157 242.155 11
23.9591 241.946 11
33.3208 234.432 11
40.9766 227.986 11
34.4348 232.609 11
26.423 238.603 11
26.2352 238.373 11
23.7474 240.074 11
0 260 11
0 260 11
0 260 11
0 260 11
0 260 11
0 260 11
0 260 11
0 260 11
0 260 11
0 260 11
0 260 11
