-0 260 77
-0 260 77
-0 260 77
-0 260 77
-0 260 77
-0 260 77
-0 260 77
-0 260 77
-16.6036 245.567 77
-22.8122 240.517 77
-27.5776 236.86 77
-26.2352 238.373 77
-33.4173 232.939 77
-41.4782 227.007 77
-42.5526 226.754 77
-27.7674 238.693 77
-27.1536 239.538 77
-27.3311 239.776 77
-26.6976 240.603 77
-26.8658 240.837 77
-26.2129 241.646 77
-26.372 241.875 77
-26.5292 242.106 77
-26.6843 242.338 77
-26.8375 242.572 77
-27.8319 242.269 77
-27.9856 242.513 77
-27.2845 243.28 77
-28.2865 243.004 77
-28.4338 243.251 77
-27.7128 244 77
-27.8514 244.242 77
-27.9878 244.486 77
-29.001 244.254 77
-30.0202 244.038 77
-30.1584 244.301 77
-31.1852 244.11 77
-31.3227 244.383 77
-31.4578 244.657 77
-31.5905 244.932 77
-31.7208 245.208 77
-31.8486 245.486 77
-32.8876 245.357 77
-33.9312 245.246 77
-34.0587 245.543 77
-35.1074 245.458 77
-34.3058 246.14 77
-35.3559 246.073 77
-36.4096 246.024 77
-38.4036 245.642 77
-40.4068 245.293 77
-0 260 77
-0 260 77
-0 260 77
-71.3292 236.824 77
-72.4825 237.146 77
-0 260 77
-72.8703 238.415 77
-0 260 77
-0 260 77
-0 260 77
-0 260 77
-0 260 77
-0 260 77
-0 260 77
-0 260 77
-0 260 77
-0 260 77
-0 260 77
-0 260 77
-0 260 77
-0 260 77
-698.296 149.401 77
-699.234 155.499 77
-700.12 161.605 77
-699.96 167.849 77
-701.73 173.838 77
-701.462 180.079 77
-701.138 186.308 77
-702.75 192.333 77
-703.313 198.468 77
-701.83 204.765 77
-702.285 210.892 77
-702.687 217.022 77
-703.035 223.156 77
-702.331 229.336 77
-703.571 235.431 77
-701.759 241.624 77
-702.893 247.731 77
-702.973 253.865 77
-702 260 77
-701.973 266.126 77
-700.893 272.234 77
-699.76 278.324 77
-700.573 284.465 77
-698.335 290.49 77
-699.041 296.635 77
-697.696 302.673 77
-697.297 308.76 77
-695.848 314.765 77
-695.344 320.835 77
-694.787 326.9 77
-691.193 332.647 77
-691.526 338.79 77
-690.812 344.821 77
-689.054 350.716 77
-687.246 356.586 77
-686.377 362.58 77
-684.468 368.409 77
-683.496 374.378 77
-681.487 380.165 77
-680.412 386.107 77
-677.323 391.658 77
-676.148 397.564 77
-674.922 403.459 77
-671.692 408.911 77
-670.367 414.766 77
-668.018 420.377 77
-665.623 425.959 77
-663.181 431.51 77
-661.659 437.291 77
-659.123 442.791 77
-656.542 448.26 77
-653.915 453.699 77
-651.244 459.105 77
-649.481 464.781 77
-646.718 470.132 77
-642.963 475.133 77
-641.062 480.735 77
-638.168 485.987 77
-634.292 490.864 77
-632.254 496.39 77
-629.233 501.54 77
-626.171 506.655 77
-623.068 511.736 77
-619.923 516.781 77
-616.738 521.79 77
-613.513 526.763 77
-609.335 531.293 77
-606.034 536.186 77
-602.695 541.041 77
-600.219 546.29 77
-595.002 550.202 77
-593.341 555.829 77
-588.955 560.088 77
-585.427 564.754 77
-581.862 569.382 77
-580.019 574.925 77
-573.75 578.035 77
-570.953 583.03 77
-568.113 588 77
-564.367 592.438 77
-561.445 597.35 77
-557.627 601.714 77
-552.079 604.978 77
-536.397 601.723 77
-527.524 602.578 77
-521.179 604.961 77
-513.174 606.14 77
-508.486 609.473 77
-514.427 620.206 77
-523.476 633.392 77
-518.58 636.77 77
-511.253 638.307 77
-510.328 644.56 77
-506.953 648.999 77
-491.719 644.173 77
-464.869 629.774 77
-460.07 632.558 77
-462.203 641.011 77
-480.31 663.028 77
-481.337 671.101 77
-477.731 675.285 77
-472.591 678.113 77
-467.438 680.883 77
-463.747 684.946 77
-457.827 686.931 77
-454.084 690.91 77
-449.587 694.162 77
-444.355 696.667 77
-439.113 699.113 77
-435.265 702.929 77
-430.688 705.991 77
-425.403 708.281 77
-420.793 711.245 77
-415.488 713.426 77
-411.515 717.034 77
-406.849 719.859 77
-401.508 721.882 77
-395.514 723.087 77
-391.458 726.521 77
-386.736 729.148 77
-381.368 730.95 77
-375.999 732.695 77
-371.859 735.959 77
-367.083 738.392 77
-362.894 741.577 77
-357.488 743.118 77
-351.496 743.792 77
-346.68 746.027 77
-342.425 749.034 77
-336.445 749.531 77
-331.601 751.619 77
-326.195 752.827 77
-322.426 756.493 77
-317.007 757.601 77
-311.592 758.652 77
-306.184 759.647 77
-300.267 759.729 77
-295.895 762.33 77
-291 764.027 77
-286.59 766.547 77
-280.22 765.53 77
-275.798 767.956 77
-270.885 769.461 77
-265.505 770.031 77
-260.59 771.438 77
-255.225 771.902 77
-250.31 773.211 77
-244.961 773.571 77
-239.625 773.877 77
-234.716 775.038 77
-230.213 777.067 77
-224.894 777.222 77
-219.2 776.403 77
-214.303 777.373 77
-209.78 779.223 77
-204.508 779.173 77
-199.253 779.071 77
-194.365 779.853 77
-189.479 780.59 77
-184.261 780.338 77
-179.388 780.981 77
-174.2 780.63 77
-169.341 781.179 77
-164.486 781.683 77
-159.635 782.142 77
-154.504 781.598 77
-149.671 781.965 77
-144.576 781.324 77
-139.503 780.634 77
-134.704 780.863 77
-129.912 781.049 77
-125.127 781.19 77
-120.124 780.314 77
-115.579 781.342 77
-110.609 780.375 77
-106.064 781.32 77
-101.129 780.262 77
-96.0381 778.175 77
-91.3389 778.009 77
-86.815 778.786 77
-81.9716 777.549 77
-77.4521 778.244 77
-72.6483 776.92 77
-67.8736 775.551 77
-63.372 776.124 77
-58.6392 774.67 77
-54.0412 774.168 77
-49.4564 773.624 77
-44.8852 773.04 77
-40.2495 771.419 77
-35.785 771.75 77
-31.1958 770.047 77
-26.6913 769.301 77
-22.115 766.517 77
-17.694 766.691 77
-13.2455 765.827 77
-8.81343 764.923 77
-4.38941 762.981 77
3.78999e-05 762 77
4.37203 760.981 77
8.72624 759.924 77
13.0362 757.829 77
17.3451 756.697 77
21.5916 754.529 77
25.854 753.323 77
29.9749 750.084 77
34.3202 750.802 77
38.5235 749.486 77
42.6192 747.139 77
46.8686 746.749 77
51.0099 745.327 77
55.0168 742.876 77
59.2285 742.377 77
63.1747 739.859 77
67.2206 738.299 77
71.2442 736.706 77
75.245 735.078 77
79.2229 733.417 77
82.8302 729.753 77
86.9264 729.013 77
90.8251 727.255 77
94.6998 725.464 77
98.5502 723.642 77
102.16 720.812 77
106.177 719.903 77
109.953 717.986 77
113.703 716.039 77
116.677 711.157 77
121.127 712.053 77
124.533 709.052 77
128.447 707.948 77
132.067 705.851 77
135.076 701.813 77
139.227 701.571 77
142.766 699.388 77
145.96 696.229 77
147.157 687.374 77
139.531 654.024 77
140.228 645.274 77
144.636 646.846 77
148.723 647.436 77
152.465 647.054 77
157.709 650.344 77
167.233 663.735 77
176.61 676.068 77
179.437 672.677 77
182.625 670.182 77
185.368 666.753 77
189.333 666.026 77
192.869 664.358 77
195.514 660.862 77
198.112 657.351 77
202.026 656.498 77
205.016 653.833 77
207.506 650.263 77
210.904 648.437 77
213.801 645.707 77
216.666 642.956 77
219.5 640.185 77
222.302 637.394 77
224.557 633.725 77
227.287 630.898 77
230.515 628.901 77
233.725 626.875 77
235.829 623.144 77
238.989 621.073 77
240.453 616.486 77
244.121 615.198 77
246.638 612.235 77
249.702 610.07 77
252.16 607.068 77
253.989 603.247 77
255.771 599.42 77
258.724 597.175 77
262.272 595.693 77
263.946 591.826 77
266.832 589.51 77
268.425 585.626 77
270.614 582.505 77
273.418 580.131 77
275.545 576.978 77
278.3 574.561 77
280.366 571.378 77
283.072 568.919 77
286.439 567.169 77
287.732 563.206 77
288.978 559.245 77
291.578 556.712 77
292.742 552.742 77
295.999 550.877 77
298.526 548.283 77
300.305 544.979 77
301.318 540.983 77
304.496 539.019 77
306.919 536.351 77
308.57 532.999 77
310.186 529.64 77
311.006 525.624 77
314.078 523.543 77
316.366 520.792 77
317.853 517.392 77
318.522 513.363 77
319.932 509.959 77
322.101 507.157 77
325.843 505.541 77
325.562 500.903 77
328.461 498.641 77
329.717 495.185 77
330.937 491.725 77
332.123 488.262 77
334.102 485.355 77
336.056 482.431 77
337.146 478.945 77
339.887 476.532 77
340.915 473.028 77
342.761 470.044 77
345.438 467.56 77
345.513 463.523 77
347.276 460.5 77
348.142 456.969 77
348.973 453.439 77
350.648 450.386 77
350.53 446.38 77
353.917 444.238 77
355.512 441.142 77
356.184 437.587 77
356.821 434.033 77
359.229 431.343 77
361.617 428.625 77
360.345 424.219 77
362.678 421.474 77
364.073 418.303 77
365.44 415.12 77
365.856 411.543 77
365.31 407.595 77
367.515 404.768 77
367.831 401.197 77
370.922 398.682 77
369.299 394.414 77
370.458 391.186 77
371.589 387.948 77
371.743 384.383 77
373.765 381.444 77
376.718 378.779 77
374.871 374.61 77
375.857 371.334 77
378.737 368.601 77
377.743 364.757 77
379.609 361.716 77
379.514 358.149 77
380.356 354.833 77
381.169 351.511 77
381.953 348.181 77
381.732 344.628 77
384.412 341.709 77
384.13 338.152 77
384.798 334.797 77
386.419 331.619 77
387.029 328.244 77
385.638 324.534 77
386.186 321.166 77
387.694 317.941 77
386.205 314.278 77
387.655 311.036 77
388.086 307.651 77
388.487 304.262 77
389.853 300.975 77
390.195 297.572 77
389.512 294.078 77
389.795 290.678 77
390.048 287.275 77
390.271 283.87 77
391.463 280.516 77
392.626 277.142 77
390.762 273.646 77
390.866 270.235 77
390.94 266.824 77
390.985 263.412 77
393 260 77
390.985 256.588 77
390.94 253.176 77
392.865 249.712 77
393.76 246.25 77
393.625 242.814 77
393.46 239.38 77
392.267 236.008 77
391.045 232.655 77
391.789 229.166 77
391.505 225.748 77
391.191 222.333 77
390.847 218.92 77
391.467 215.398 77
391.063 211.983 77
390.629 208.573 77
391.156 205.027 77
388.683 201.911 77
389.149 198.365 77
389.583 194.806 77
389.984 191.235 77
389.369 187.835 77
386.761 184.821 77
386.09 181.449 77
385.39 178.083 77
384.661 174.723 77
0 260 77
0 260 77
0 260 77
0 260 77
0 260 77
0 260 77
0 260 77
0 260 77
71.7229 238.072 77
71.5288 237.447 77
0 260 77
0 260 77
0 260 77
38.6483 246.314 77
38.5274 245.977 77
37.4669 245.992 77
36.4096 246.024 77
36.2863 245.706 77
35.233 245.765 77
35.1074 245.458 77
34.0587 245.543 77
33.9312 245.246 77
33.8012 244.951 77
31.8486 245.486 77
33.5334 244.363 77
34.2982 243.641 77
33.2554 243.78 77
33.1126 243.491 77
32.0762 243.656 77
31.0454 243.839 77
30.9032 243.568 77
29.8798 243.777 77
30.6117 243.032 77
28.7217 243.75 77
28.5788 243.5 77
29.2954 242.744 77
30.0009 241.974 77
28.9898 242.235 77
28.8336 241.983 77
28.6753 241.732 77
27.6761 242.027 77
28.3521 241.234 77
27.3582 241.547 77
27.1962 241.309 77
27.8512 240.498 77
26.0517 241.418 77
25.0795 241.779 77
24.9196 241.56 77
24.7577 241.344 77
35.7009 232.606 77
40.9766 227.986 77
33.6522 233.232 77
25.6458 239.232 77
26.2352 238.373 77
23.7474 240.074 77
0 260 77
0 260 77
0 260 77
0 260 77
0 260 77
0 260 77
0 260 77
0 260 77
0 260 77
0 260 77
0 260 77
