-0 260 178
-0 260 178
-0 260 178
-0 260 178
-0 260 178
-0 260 178
-0 260 178
-0 260 178
-15.0942 246.879 178
-22.0518 241.166 178
-26.0455 238.145 178
-27.0069 237.737 178
-32.6401 233.569 178
-43.0435 225.762 178
-41.7646 227.37 178
-26.974 239.302 178
-25.5563 240.742 178
-27.3311 239.776 178
-25.8885 241.191 178
-26.0517 241.418 178
-26.2129 241.646 178
-26.372 241.875 178
-26.5292 242.106 178
-25.8505 242.89 178
-26.8375 242.572 178
-26.1451 243.344 178
-26.2895 243.573 178
-27.2845 243.28 178
-26.5722 244.034 178
-28.4338 243.251 178
-26.8468 244.5 178
-26.981 244.735 178
-27.9878 244.486 178
-28.1222 244.731 178
-30.0202 244.038 178
-30.1584 244.301 178
-30.2942 244.564 178
-30.4278 244.829 178
-31.4578 244.657 178
-30.6879 245.363 178
-30.8145 245.631 178
-31.8486 245.486 178
-32.8876 245.357 178
-32.0971 246.044 178
-33.1382 245.934 178
-34.1835 245.841 178
-34.3058 246.14 178
-35.3559 246.073 178
-36.4096 246.024 178
-37.4669 245.992 178
-39.4671 245.635 178
-0 260 178
-0 260 178
-0 260 178
-70.3782 237.133 178
-70.5751 237.748 178
-0 260 178
-0 260 178
-0 260 178
-0 260 178
-0 260 178
-0 260 178
-0 260 178
-0 260 178
-0 260 178
-0 260 178
-0 260 178
-0 260 178
-0 260 178
-0 260 178
-0 260 178
-0 260 178
-722 145.647 178
-721.982 152.099 178
-723.886 158.265 178
-723.755 164.716 178
-724.559 171.035 178
-725.307 177.362 178
-726.996 183.59 178
-726.639 190.033 178
-727.222 196.376 178
-726.753 202.803 178
-727.224 209.148 178
-727.64 215.496 178
-728.001 221.847 178
-728.306 228.202 178
-728.556 234.558 178
-727.751 240.943 178
-729.889 247.26 178
-728.972 253.638 178
-727 260 178
-726.972 266.344 178
-727.889 272.705 178
-726.751 279.031 178
-725.558 285.337 178
-726.308 291.711 178
-726.004 298.048 178
-725.644 304.382 178
-724.231 310.643 178
-721.768 316.804 178
-721.245 323.101 178
-721.662 329.488 178
-720.034 335.679 178
-718.352 341.846 178
-717.611 348.112 178
-716.815 354.371 178
-715.964 360.622 178
-714.069 366.718 178
-712.123 372.789 178
-711.112 378.999 178
-710.046 385.2 178
-707.944 391.21 178
-705.79 397.192 178
-703.586 403.146 178
-703.288 409.489 178
-699.028 414.971 178
-698.623 421.29 178
-696.217 427.147 178
-693.761 432.974 178
-690.289 438.521 178
-689.671 444.797 178
-687.068 450.541 178
-685.38 456.53 178
-682.68 462.219 178
-678.976 467.584 178
-676.185 473.201 178
-674.299 479.093 178
-671.413 484.652 178
-668.482 490.177 178
-665.505 495.668 178
-662.483 501.124 178
-659.417 506.546 178
-656.307 511.933 178
-653.153 517.284 178
-649.956 522.599 178
-646.716 527.878 178
-643.433 533.121 178
-640.108 538.327 178
-636.741 543.496 178
-632.423 548.212 178
-629.884 553.72 178
-626.394 558.775 178
-621.067 562.915 178
-619.295 568.769 178
-615.685 573.708 178
-612.037 578.607 178
-608.351 583.466 178
-604.626 588.285 178
-600.864 593.064 178
-596.194 597.31 178
-593.227 602.5 178
-588.493 606.649 178
-583.731 610.741 178
-578.943 614.777 178
-575.825 619.815 178
-571.819 624.289 178
-566.103 627.631 178
-563.707 633.109 178
-559.6 637.455 178
-554.637 641.191 178
-549.651 644.87 178
-547.086 650.232 178
-541.232 653.228 178
-536.976 657.342 178
-531.891 660.809 178
-527.58 664.826 178
-522.451 668.184 178
-518.087 672.105 178
-513.693 675.981 178
-507.729 678.54 178
-503.291 682.312 178
-499.587 686.687 178
-494.335 689.719 178
-489.817 693.354 178
-484.53 696.273 178
-480.705 700.485 178
-474.649 702.617 178
-468.592 704.677 178
-463.974 708.055 178
-459.333 711.386 178
-454.67 714.67 178
-449.283 717.194 178
-443.887 719.658 178
-439.859 723.514 178
-433.751 725.141 178
-429 728.171 178
-424.229 731.154 178
-418.776 733.34 178
-413.973 736.222 178
-408.503 738.295 178
-403.028 740.31 178
-396.913 741.494 178
-392.696 744.939 178
-387.827 747.565 178
-382.326 749.355 178
-375.606 749.499 178
-370.718 751.96 178
-366.411 755.176 178
-359.725 755.118 178
-354.809 757.425 178
-349.882 759.683 178
-344.941 761.893 178
-337.752 760.739 178
-333.922 764.501 178
-328.417 765.718 178
-322.38 766.035 178
-317.422 767.981 178
-311.932 769.026 178
-305.933 769.157 178
-294.88 760.607 178
-281 746.706 178
-274.28 744.788 178
-268.584 744.539 178
-266.255 750.38 178
-273.232 773.876 178
-269.199 777.127 178
-264.222 778.566 178
-258.348 778.167 178
-253.817 780.402 178
-248.835 781.694 178
-243.428 782.033 178
-237.619 781.408 178
-232.247 781.634 178
-226.888 781.807 178
-221.935 782.847 178
-216.216 781.992 178
-211.278 782.932 178
-205.974 782.895 178
-201.761 785.606 178
-195.416 782.663 178
-190.847 784.349 178
-185.263 783.166 178
-180.365 783.817 178
-175.469 784.423 178
-170.268 784.032 178
-164.787 782.637 178
-160.22 784.055 178
-155.356 784.474 178
-150.222 783.888 178
-145.11 783.251 178
-140.021 782.566 178
-135.205 782.8 178
-130.154 782.019 178
-125.127 781.19 178
-120.349 781.288 178
-115.146 779.389 178
-110.401 779.396 178
-105.864 780.34 178
-100.747 778.299 178
-96.0381 778.175 178
-91.1652 777.024 178
-86.4849 776.814 178
-81.6587 775.573 178
-76.8609 774.288 178
-72.2308 773.949 178
-67.482 772.577 178
-62.8845 772.154 178
-58.1864 770.696 178
-53.414 768.201 178
-48.8813 767.652 178
-44.4494 768.059 178
-39.8572 766.434 178
-35.2967 764.767 178
-30.8295 764.058 178
-26.3773 763.309 178
-21.8969 761.522 178
-17.4846 760.695 178
-13.0361 757.829 178
-8.69126 757.924 178
-4.3196 754.981 178
3.73715e-05 755 178
4.29349 751.981 178
8.56917 750.925 178
12.8267 749.832 178
16.9961 746.703 178
21.2427 746.536 178
25.383 744.335 178
29.6086 744.095 178
33.6227 740.826 178
37.6604 738.52 178
41.7476 737.177 178
45.7185 734.804 178
49.8601 734.387 178
53.7716 731.947 178
57.7661 730.467 178
61.3473 725.979 178
65.5506 726.416 178
69.4705 724.837 178
73.2114 722.238 178
77.0773 720.595 178
80.2255 714.981 178
84.5573 716.23 178
88.5354 715.475 178
92.108 712.725 178
95.6394 709.948 178
99.1294 707.144 178
102.803 705.287 178
105.984 701.456 178
109.349 698.574 178
113.172 697.603 178
116.986 696.598 178
120.257 693.634 178
124.037 692.568 178
126.955 688.592 178
130.398 686.512 178
133.513 683.45 178
136.895 681.318 178
139.931 678.211 178
143.576 676.974 178
146.541 673.82 178
150.147 672.525 178
153.391 670.262 178
155.89 666.107 178
160.161 666.592 178
162.205 661.471 178
164.937 658.192 178
169.187 658.579 178
171.861 655.253 178
173.677 650.084 178
177.489 649.463 178
180.035 646.087 178
183.828 645.404 178
186.308 641.987 178
188.742 638.557 178
191.584 636.005 178
193.934 632.545 178
196.709 629.955 178
200.407 629.103 178
202.65 625.591 178
204.848 622.068 178
208 620.267 178
209.613 615.853 178
213.226 614.867 178
215.269 611.288 178
218.857 610.244 178
220.83 606.634 178
223.847 604.694 178
226.294 601.893 178
228.151 598.247 178
230.527 595.419 178
231.725 590.937 178
234.604 588.903 178
236.877 586.034 178
239.119 583.15 178
242.531 581.85 178
245.331 579.721 178
246.265 575.204 178
247.761 571.478 178
250.47 569.304 178
252.523 566.335 178
255.187 564.12 178
258.48 562.642 178
260.455 559.62 178
260.41 554.34 178
264.307 553.542 178
264.831 549.013 178
266.661 545.959 178
268.458 542.896 178
270.917 540.543 178
274.056 538.881 178
275.065 535.065 178
277.454 532.654 178
278.385 528.833 178
279.995 525.705 178
281.571 522.569 178
283.115 519.427 178
285.368 516.946 178
286.85 513.783 178
287.544 509.958 178
290.475 508.089 178
293.395 506.188 178
293.217 501.71 178
295.315 499.142 178
297.391 496.556 178
298.656 493.336 178
300.681 490.721 178
302.683 488.088 178
302.25 483.653 178
305.808 482.183 178
307.736 479.506 178
307.182 475.091 178
308.223 471.836 178
310.889 469.697 178
311.873 466.424 178
312.824 463.15 178
314.585 460.413 178
317.17 458.19 178
317.182 454.369 178
320.581 452.624 178
321.388 449.312 178
322.161 446 178
322.902 442.689 178
323.609 439.38 178
323.405 435.594 178
325.808 433.235 178
328.194 430.847 178
329.672 427.976 178
329.336 424.201 178
330.756 421.321 178
332.151 418.428 178
333.521 415.524 178
332.136 411.363 178
334.358 408.866 178
334.727 405.543 178
336.905 403.008 178
339.064 400.445 178
338.422 396.731 178
338.672 393.406 178
340.757 390.804 178
340.949 387.475 178
341.108 384.153 178
342.179 381.172 178
344.169 378.507 178
344.241 375.182 178
345.234 372.173 178
346.199 369.156 178
346.182 365.839 178
348.052 363.098 178
346.054 359.229 178
346.907 356.206 178
349.665 353.692 178
350.469 350.638 178
350.277 347.334 178
350.053 344.04 178
350.773 340.982 178
351.467 337.918 178
351.155 334.64 178
350.813 331.374 178
351.423 328.31 178
353.972 325.605 178
354.531 322.513 178
354.077 319.252 178
354.58 316.16 178
356.046 313.211 178
356.497 310.102 178
356.92 306.989 178
356.324 303.751 178
356.692 300.64 178
357.033 297.526 178
358.343 294.504 178
356.638 291.202 178
357.893 288.167 178
359.123 285.112 178
359.329 281.977 178
357.509 278.736 178
358.658 275.659 178
359.781 272.564 178
359.877 269.424 178
357.945 266.248 178
360.986 263.15 178
360 260 178
358.986 256.867 178
357.945 253.752 178
358.877 250.602 178
358.781 247.471 178
360.656 244.253 178
359.507 241.159 178
359.329 238.023 178
357.128 235.027 178
359.887 231.676 178
358.63 228.624 178
360.333 225.304 178
360.017 222.161 178
359.673 219.02 178
359.302 215.883 178
357.912 212.88 178
358.477 209.619 178
359.013 206.345 178
356.555 203.527 178
358.022 200.088 178
356.5 197.139 178
356.922 193.849 178
356.331 190.736 178
354.733 187.829 178
354.089 184.736 178
353.419 181.649 178
0 260 178
0 260 178
0 260 178
0 260 178
0 260 178
0 260 178
0 260 178
0 260 178
72.6792 237.78 178
72.4825 237.146 178
0 260 178
0 260 178
42.5483 245.349 178
39.5909 245.98 178
36.648 246.661 178
35.5935 246.692 178
36.4096 246.024 178
36.2863 245.706 178
35.233 245.765 178
35.1074 245.458 178
34.0587 245.543 178
33.0142 245.645 178
32.8876 245.357 178
31.8486 245.486 178
32.6271 244.786 178
33.3957 244.071 178
32.3566 244.219 178
33.1126 243.491 178
32.0762 243.656 178
30.1584 244.301 178
30.9032 243.568 178
29.001 244.254 178
27.9878 244.486 178
28.7217 243.75 178
29.4449 243 178
28.4338 243.251 178
28.2865 243.004 178
29.8424 241.713 178
28.8336 241.983 178
26.9885 242.806 178
27.6761 242.027 178
27.5182 241.786 178
27.3582 241.547 178
27.1962 241.309 178
26.2129 241.646 178
25.2376 241.998 178
24.2705 242.366 178
24.1157 242.155 178
24.7577 241.344 178
34.1142 233.823 178
39.4005 229.217 178
33.6522 233.232 178
25.6458 239.232 178
26.2352 238.373 178
22.9813 240.716 178
0 260 178
0 260 178
0 260 178
0 260 178
0 260 178
0 260 178
0 260 178
0 260 178
0 260 178
0 260 178
0 260 178
