-0 260 158
-0 260 158
-0 260 158
-0 260 158
-0 260 158
-0 260 158
-0 260 158
-0 260 158
-16.6036 245.567 158
-22.8122 240.517 158
-26.8116 237.502 158
-25.4636 239.009 158
-32.6401 233.569 158
-43.0435 225.762 158
-40.9766 227.986 158
-28.5607 238.085 158
-26.355 240.14 158
-26.5273 240.371 158
-27.5066 240.015 158
-26.8658 240.837 158
-26.2129 241.646 158
-26.372 241.875 158
-25.7002 242.665 158
-26.6843 242.338 158
-26.8375 242.572 158
-26.9885 242.806 158
-27.9856 242.513 158
-28.1371 242.758 158
-27.4294 243.519 158
-28.4338 243.251 158
-27.7128 244 158
-27.8514 244.242 158
-27.1132 244.971 158
-29.8798 243.777 158
-30.0202 244.038 158
-31.0454 243.839 158
-31.1852 244.11 158
-31.3227 244.383 158
-31.4578 244.657 158
-30.6879 245.363 158
-31.7208 245.208 158
-31.8486 245.486 158
-32.8876 245.357 158
-33.9312 245.246 158
-34.9792 245.152 158
-35.1074 245.458 158
-35.233 245.765 158
-35.3559 246.073 158
-36.4096 246.024 158
-36.5302 246.342 158
-38.5274 245.977 158
-0 260 158
-0 260 158
-0 260 158
-71.3292 236.824 158
-73.4362 236.846 158
-0 260 158
-69.9938 239.267 158
-0 260 158
-0 260 158
-0 260 158
-0 260 158
-0 260 158
-0 260 158
-0 260 158
-0 260 158
-0 260 158
-0 260 158
-0 260 158
-0 260 158
-0 260 158
-0 260 158
-713.111 147.054 158
-712.091 153.577 158
-713.983 159.656 158
-714.832 165.891 158
-713.641 172.376 158
-715.372 178.494 158
-715.061 184.844 158
-716.685 190.991 158
-716.264 197.335 158
-715.787 203.666 158
-716.251 209.915 158
-717.659 216.106 158
-718.015 222.371 158
-717.317 228.681 158
-716.563 234.977 158
-716.754 241.231 158
-715.891 247.504 158
-715.973 253.752 158
-716 260 158
-714.973 266.24 158
-715.891 272.496 158
-714.755 278.717 158
-713.565 284.918 158
-713.32 291.144 158
-712.023 297.316 158
-712.668 303.589 158
-711.263 309.736 158
-709.805 315.863 158
-709.291 322.055 158
-708.722 328.242 158
-707.105 334.32 158
-704.442 340.261 158
-704.708 346.527 158
-703.926 352.674 158
-701.11 358.535 158
-701.212 364.797 158
-698.296 370.599 158
-697.304 376.689 158
-696.259 382.769 158
-694.178 388.658 158
-690.084 394.139 158
-689.867 400.355 158
-689.594 406.578 158
-686.336 412.157 158
-684.008 417.916 158
-682.604 423.879 158
-679.207 429.345 158
-677.703 435.266 158
-675.182 440.915 158
-670.687 445.998 158
-669.999 452.119 158
-667.339 457.675 158
-665.588 463.491 158
-662.833 468.991 158
-659.082 474.149 158
-657.188 479.892 158
-655.244 485.619 158
-651.365 490.661 158
-648.388 495.994 158
-645.367 501.293 158
-641.37 506.199 158
-639.197 511.786 158
-636.048 516.98 158
-632.857 522.138 158
-627.784 526.479 158
-626.352 532.346 158
-623.038 537.394 158
-620.594 542.821 158
-614.477 546.535 158
-612.855 552.317 158
-609.382 557.216 158
-605.871 562.076 158
-601.429 566.444 158
-597.845 571.219 158
-593.341 575.485 158
-591.444 581.128 158
-586.87 585.307 158
-583.138 589.924 158
-580.237 595 158
-575.568 599.036 158
-570.873 603.015 158
-567.858 607.984 158
-563.104 611.866 158
-560.012 616.767 158
-554.361 620.006 158
-550.365 624.278 158
-547.994 629.627 158
-543.923 633.828 158
-539.821 637.987 158
-534.874 641.522 158
-530.715 645.587 158
-524.918 648.419 158
-520.71 652.383 158
-515.68 655.695 158
-512.995 660.796 158
-507.913 664.012 158
-503.591 667.8 158
-500.013 672.179 158
-494.865 675.241 158
-489.701 678.245 158
-484.524 681.19 158
-480.83 685.402 158
-476.356 688.913 158
-471.12 691.702 158
-466.604 695.115 158
-460.613 697.105 158
-456.061 700.413 158
-452.201 704.377 158
-446.184 706.184 158
-441.573 709.348 158
-436.94 712.465 158
-432.287 715.535 158
-428.295 719.29 158
-422.244 720.798 158
-418.207 724.466 158
-413.475 727.348 158
-408.069 729.429 158
-402.658 731.452 158
-397.885 734.182 158
-393.096 736.864 158
-387.032 737.945 158
-382.846 741.304 158
-376.785 742.263 158
-371.953 744.739 158
-367.709 747.966 158
-361.652 748.745 158
-356.786 751.073 158
-351.906 753.354 158
-346.44 754.768 158
-340.41 755.3 158
-336.634 759.081 158
-331.162 760.332 158
-326.239 762.364 158
-320.768 763.505 158
-315.302 764.589 158
-310.364 766.468 158
-304.902 767.443 158
-290.819 753.714 158
-278 741.51 158
-272.803 742.177 158
-267.13 741.915 158
-267.686 753.016 158
-272.763 772.993 158
-268.276 775.353 158
-262.86 775.893 158
-257.902 777.272 158
-252.94 778.604 158
-247.113 778.084 158
-243.005 781.127 158
-237.204 780.498 158
-232.653 782.548 158
-226.888 781.807 158
-221.545 781.926 158
-216.216 781.992 158
-211.278 782.932 158
-206.34 783.825 158
-201.044 783.739 158
-196.116 784.536 158
-190.847 784.349 158
-185.597 784.109 158
-180.69 784.763 158
-175.469 784.423 158
-170.268 784.032 158
-165.388 784.544 158
-160.804 785.968 158
-155.64 785.433 158
-150.498 784.849 158
-145.378 784.215 158
-140.28 783.532 158
-135.456 783.768 158
-130.638 783.96 158
-125.594 783.135 158
-120.799 783.237 158
-116.012 783.295 158
-110.817 781.353 158
-106.263 782.3 158
-101.32 781.244 158
-96.5848 781.125 158
-91.8598 780.963 158
-86.98 779.773 158
-82.2845 779.524 158
-77.4521 778.244 158
-72.7875 777.91 158
-68.0041 776.543 158
-63.1283 774.139 158
-58.526 773.677 158
-53.8321 772.179 158
-49.2647 771.634 158
-44.798 772.044 158
-40.2495 771.419 158
-35.6455 769.755 158
-31.1347 769.049 158
-26.5866 767.304 158
-22.0714 765.518 158
-17.6242 764.692 158
-13.1931 763.827 158
-8.76107 761.924 158
-4.37196 760.981 158
3.76735e-05 759 158
4.35458 758.981 158
8.65643 755.924 158
12.9053 752.831 158
17.2055 752.7 158
21.5044 752.531 158
25.697 750.327 158
29.8528 748.088 158
34.111 747.809 158
38.1312 744.502 158
42.4449 745.147 158
46.3894 741.772 158
50.5918 741.349 158
54.3376 736.914 158
58.6192 737.415 158
62.5221 734.902 158
66.5248 733.348 158
70.3573 730.772 158
74.3064 729.152 158
78.3976 728.486 158
82.3093 726.799 158
86.0152 724.096 158
89.8711 722.346 158
93.3042 718.605 158
97.5106 718.751 158
100.861 714.954 158
104.602 713.082 158
108.319 711.18 158
111.768 708.277 158
114.924 704.38 158
119.057 704.326 158
122.93 703.27 158
126.518 701.219 158
130.079 699.139 158
133.614 697.031 158
136.821 693.941 158
139.985 690.829 158
143.104 687.694 158
146.506 685.483 158
150.213 684.189 158
153.567 681.922 158
157.243 680.566 158
160.549 678.244 158
163.46 674.966 158
166.7 672.597 158
169.529 669.279 158
173.485 668.704 158
176.247 665.341 158
179.371 662.874 158
182.465 660.383 158
185.952 658.775 158
188.564 655.332 158
192.007 653.672 158
194.096 649.296 158
197.94 648.479 158
199.475 643.189 158
203.751 643.199 158
206.133 639.649 158
209.438 637.836 158
211.742 634.253 158
214.5 631.525 158
216.211 627.054 158
219.921 626.01 158
221.539 621.519 158
224.156 618.724 158
227.815 617.598 158
229.293 613.08 158
231.814 610.232 158
235.979 609.854 158
237.891 606.133 158
240.329 603.225 158
242.153 599.486 158
245.694 598.169 158
246.851 593.601 158
249.753 591.434 158
252.027 588.448 158
255.5 587.024 158
256.476 582.435 158
259.28 580.184 158
262.064 577.909 158
264.186 574.844 158
264.975 570.246 158
267.672 567.921 158
270.349 565.574 158
273.674 563.946 158
274.29 559.335 158
276.209 556.198 158
278.095 553.051 158
280.642 550.613 158
281.766 546.727 158
284.964 544.964 158
286.727 541.766 158
287.736 537.863 158
290.875 536.03 158
291.81 532.117 158
294.174 529.56 158
295.029 525.645 158
297.335 523.06 158
298.865 519.799 158
301.121 517.181 158
301.822 513.258 158
304.792 511.251 158
306.196 507.952 158
307.565 504.648 158
308.9 501.339 158
310.995 498.634 158
312.266 495.31 158
314.308 492.576 158
316.326 489.824 158
319.133 487.636 158
320.288 484.268 158
321.409 480.898 158
322.496 477.526 158
324.382 474.703 158
323.727 470.231 158
326.392 467.935 158
327.347 464.549 158
329.972 462.207 158
331.724 459.32 158
333.45 456.417 158
333.42 452.5 158
334.217 449.091 158
337.603 447.137 158
336.587 442.752 158
339.052 440.277 158
340.612 437.311 158
342.147 434.332 158
341.865 430.448 158
343.339 427.458 158
344.788 424.455 158
344.397 420.595 158
346.695 417.998 158
348.061 414.967 158
349.4 411.923 158
348.871 408.087 158
351.074 405.42 158
351.403 401.976 158
351.698 398.537 158
353.827 395.821 158
352.189 391.678 158
353.324 388.6 158
356.318 386.179 158
356.461 382.739 158
356.57 379.307 158
357.597 376.19 158
358.598 373.065 158
359.571 369.932 158
358.599 366.222 158
359.512 363.088 158
361.361 360.214 158
364.154 357.575 158
364.024 354.143 158
363.861 350.721 158
363.666 347.309 158
364.414 344.132 158
366.111 341.165 158
364.849 337.551 158
366.492 334.564 158
368.11 331.553 158
367.737 328.156 158
368.318 324.944 158
368.871 321.728 158
369.395 318.506 158
370.881 315.429 158
368.38 311.772 158
367.826 308.425 158
370.22 305.457 158
371.596 302.338 158
371.951 299.094 158
371.283 295.75 158
372.577 292.596 158
371.85 289.265 158
371.094 285.949 158
371.306 282.71 158
373.487 279.574 158
373.644 276.314 158
374.772 273.087 158
371.873 269.738 158
373.943 266.527 158
372.986 263.255 158
372 260 158
372.986 256.745 158
373.943 253.473 158
373.872 250.21 158
375.771 246.878 158
372.645 243.73 158
375.485 240.322 158
372.304 237.229 158
373.089 233.911 158
374.841 230.499 158
372.577 227.404 158
371.283 224.25 158
373.94 220.697 158
370.602 217.775 158
372.205 214.299 158
371.792 211.053 158
372.341 207.671 158
369.892 204.719 158
369.395 201.494 158
370.843 197.942 158
369.303 194.882 158
368.721 191.662 158
368.11 188.447 158
368.452 185.038 158
365.827 182.241 158
364.158 179.268 158
0 260 158
0 260 158
0 260 158
0 260 158
0 260 158
0 260 158
0 260 158
71.9115 238.699 158
71.7229 238.072 158
71.5288 237.447 158
0 260 158
0 260 158
0 260 158
38.6483 246.314 158
39.4671 245.635 158
38.4036 245.641 158
36.4096 246.024 158
36.2863 245.706 158
36.1602 245.39 158
35.1074 245.458 158
34.0587 245.543 158
33.0142 245.645 158
32.8876 245.357 158
33.6686 244.656 158
33.5334 244.363 158
33.3957 244.071 158
33.2554 243.78 158
33.1126 243.491 158
31.1852 244.11 158
31.0454 243.839 158
30.0202 244.038 158
29.8798 243.777 158
29.7371 243.516 158
29.5921 243.258 158
28.5788 243.5 158
29.2954 242.744 158
29.1437 242.489 158
28.9898 242.235 158
27.9856 242.513 158
28.6753 241.732 158
27.6761 242.027 158
28.3521 241.234 158
27.3582 241.547 158
27.1962 241.309 158
27.032 241.072 158
26.8658 240.837 158
25.8885 241.191 158
24.1157 242.155 158
23.9591 241.946 158
34.9075 233.214 158
40.9766 227.986 158
32.0869 234.477 158
26.423 238.603 158
26.2352 238.373 158
23.7474 240.074 158
0 260 158
0 260 158
0 260 158
0 260 158
0 260 158
0 260 158
0 260 158
0 260 158
0 260 158
0 260 158
0 260 158
