-0 260 219
-0 260 219
-0 260 219
-0 260 219
-0 260 219
-0 260 219
-0 260 219
-0 260 219
-15.8489 246.223 219
-23.5726 239.867 219
-26.8116 237.502 219
-27.0069 237.737 219
-32.6401 233.569 219
-43.0435 225.762 219
-40.9766 227.986 219
-27.7674 238.693 219
-25.5563 240.742 219
-26.5273 240.371 219
-26.6976 240.603 219
-26.8658 240.837 219
-26.2129 241.646 219
-26.372 241.875 219
-26.5292 242.106 219
-26.6843 242.338 219
-26.8375 242.572 219
-26.9885 242.806 219
-27.1375 243.043 219
-27.2845 243.28 219
-29.1437 242.489 219
-27.5721 243.759 219
-28.5788 243.5 219
-27.8514 244.242 219
-27.9878 244.486 219
-28.1222 244.731 219
-29.1373 244.507 219
-30.1584 244.301 219
-30.2942 244.564 219
-30.4278 244.829 219
-30.559 245.095 219
-31.5905 244.932 219
-31.7208 245.208 219
-31.8486 245.486 219
-31.9741 245.764 219
-33.0142 245.645 219
-33.1382 245.934 219
-34.1835 245.841 219
-35.233 245.765 219
-35.3559 246.073 219
-35.4761 246.382 219
-36.5302 246.342 219
-38.5274 245.977 219
-0 260 219
-0 260 219
-0 260 219
-71.3292 236.824 219
-71.5288 237.447 219
-0 260 219
-0 260 219
-0 260 219
-0 260 219
-0 260 219
-0 260 219
-0 260 219
-0 260 219
-0 260 219
-0 260 219
-0 260 219
-0 260 219
-0 260 219
-0 260 219
-0 260 219
-0 260 219
-715.086 146.742 219
-717.037 152.838 219
-717.944 159.1 219
-717.806 165.499 219
-718.603 171.767 219
-717.359 178.267 219
-720.034 184.322 219
-718.676 190.799 219
-719.253 197.074 219
-720.771 203.274 219
-721.239 209.566 219
-720.653 215.923 219
-721.011 222.214 219
-721.313 228.507 219
-720.561 234.838 219
-721.753 241.1 219
-720.89 247.417 219
-720.973 253.708 219
-721 260 219
-720.973 266.292 219
-720.89 272.583 219
-720.753 278.874 219
-719.561 285.128 219
-719.315 291.406 219
-718.015 297.63 219
-717.659 303.894 219
-716.251 310.085 219
-716.784 316.412 219
-716.264 322.665 219
-713.699 328.722 219
-714.067 335.052 219
-712.391 341.167 219
-711.656 347.38 219
-709.875 353.457 219
-708.042 359.509 219
-707.146 365.684 219
-705.209 371.694 219
-704.208 377.844 219
-702.168 383.811 219
-701.061 389.934 219
-698.919 395.856 219
-696.726 401.751 219
-696.441 408.033 219
-693.17 413.672 219
-691.803 419.715 219
-689.41 425.513 219
-686.969 431.281 219
-684.48 437.019 219
-683.875 443.244 219
-681.287 448.938 219
-677.689 454.324 219
-675.009 459.947 219
-673.239 465.83 219
-670.463 471.396 219
-665.74 476.312 219
-664.775 482.431 219
-662.808 488.223 219
-660.792 493.999 219
-655.905 498.73 219
-653.797 504.445 219
-650.706 509.783 219
-647.571 515.085 219
-645.32 520.726 219
-641.172 525.582 219
-638.83 531.167 219
-634.606 535.934 219
-631.26 541.055 219
-626.053 545.309 219
-624.446 551.184 219
-620.979 556.192 219
-616.573 560.723 219
-614.82 566.538 219
-611.23 571.438 219
-607.602 576.298 219
-603.053 580.649 219
-598.474 584.945 219
-595.616 590.155 219
-591.842 594.848 219
-588.031 599.5 219
-583.323 603.604 219
-578.588 607.651 219
-576.385 613.209 219
-572.432 617.696 219
-566.759 621.065 219
-563.587 625.998 219
-558.703 629.798 219
-553.797 633.541 219
-550.516 638.359 219
-546.374 642.576 219
-541.387 646.168 219
-537.187 650.289 219
-532.957 654.368 219
-527.898 657.8 219
-523.613 661.783 219
-519.299 665.721 219
-514.956 669.615 219
-509.808 672.834 219
-505.414 676.631 219
-500.993 680.383 219
-496.545 684.09 219
-491.316 687.094 219
-486.072 690.04 219
-481.558 693.597 219
-475.544 695.756 219
-470.26 698.525 219
-465.69 701.924 219
-462.535 706.665 219
-456.48 708.582 219
-452.548 712.548 219
-447.18 715.054 219
-441.803 717.5 219
-436.417 719.887 219
-431.023 722.216 219
-426.973 725.959 219
-421.552 728.181 219
-416.788 731.093 219
-412.005 733.958 219
-407.204 736.775 219
-401.099 738.012 219
-395.641 739.951 219
-390.179 741.831 219
-384.714 743.652 219
-379.247 745.415 219
-374.997 748.706 219
-369.514 750.362 219
-364.031 751.96 219
-358.549 753.5 219
-353.648 755.796 219
-349.308 758.864 219
-343.242 759.421 219
-337.752 760.739 219
-332.266 761.999 219
-327.873 764.88 219
-322.917 766.878 219
-316.892 767.133 219
-307.229 761.352 219
-288.421 740.014 219
-282.699 739.927 219
-277 739.778 219
-272.31 741.307 219
-282.644 769.903 219
-280.092 775.866 219
-275.11 777.407 219
-270.123 778.901 219
-264.222 778.566 219
-258.348 778.167 219
-253.378 779.503 219
-247.974 779.889 219
-243.005 781.127 219
-238.034 782.318 219
-232.653 782.548 219
-227.686 783.641 219
-222.717 784.688 219
-216.599 782.916 219
-211.653 783.859 219
-206.34 783.825 219
-201.403 784.672 219
-195.766 783.6 219
-191.531 786.228 219
-185.597 784.109 219
-181.016 785.708 219
-175.787 785.371 219
-170.577 784.983 219
-165.388 784.544 219
-160.512 785.011 219
-155.356 784.474 219
-150.498 784.849 219
-145.11 783.251 219
-140.28 783.532 219
-135.205 782.8 219
-130.396 782.989 219
-125.36 782.163 219
-120.574 782.262 219
-115.579 781.342 219
-110.817 781.353 219
-106.064 781.32 219
-100.938 779.281 219
-96.2203 779.159 219
-91.5125 778.994 219
-86.6499 777.8 219
-81.8152 776.561 219
-77.1565 776.266 219
-72.2308 773.949 219
-67.7431 774.56 219
-62.8845 772.154 219
-58.4128 772.683 219
-53.6231 770.19 219
-49.073 769.643 219
-44.6237 770.052 219
-39.9356 767.431 219
-35.4362 766.763 219
-30.9516 766.054 219
-26.4296 764.308 219
-21.8969 761.522 219
-17.4846 760.695 219
-13.1146 760.828 219
-8.69126 757.924 219
-4.32832 755.981 219
3.7447e-05 756 219
4.31095 753.981 219
8.56917 750.925 219
12.8529 750.832 219
17.0659 748.702 219
21.2863 747.536 219
25.4353 745.334 219
29.6086 744.095 219
33.8319 743.819 219
37.8173 740.514 219
41.9219 739.17 219
45.8143 735.799 219
49.9646 735.381 219
53.6584 730.953 219
57.7661 730.467 219
61.8694 729.945 219
65.6897 727.407 219
69.4705 724.837 219
73.3678 723.226 219
77.2423 721.582 219
80.9201 718.92 219
84.7395 717.214 219
88.5354 715.475 219
92.108 712.725 219
95.6394 709.948 219
99.3458 708.12 219
103.253 707.236 219
106.685 704.373 219
110.074 701.485 219
113.673 699.539 219
116.727 695.633 219
120.257 693.634 219
124.312 693.529 219
127.807 691.469 219
130.983 688.425 219
133.814 684.404 219
138.131 685.122 219
141.201 682.004 219
144.552 679.81 219
147.209 675.705 219
150.831 674.404 219
154.441 673.072 219
156.965 668.908 219
160.161 666.592 219
164.078 666.107 219
166.85 662.811 219
169.187 658.579 219
171.861 655.253 219
174.897 652.825 219
177.903 650.373 219
180.881 647.9 219
185.12 648.112 219
187.623 644.684 219
190.526 642.137 219
192.946 638.678 219
196.243 636.98 219
198.586 633.487 219
202.315 632.618 219
204.59 629.09 219
207.31 626.42 219
210 623.731 219
211.136 618.438 219
214.771 617.439 219
217.359 614.698 219
219.387 611.092 219
221.905 608.321 219
224.391 605.532 219
227.398 603.561 219
230.947 602.393 219
232.793 598.716 219
234.019 594.214 219
236.927 592.159 219
239.816 590.079 219
241.498 586.366 219
243.735 583.447 219
246.548 581.308 219
249.343 579.144 219
252.118 576.956 219
252.987 572.413 219
255.703 570.193 219
259.043 568.716 219
258.48 562.642 219
259.799 558.865 219
264.385 558.833 219
265.645 555.028 219
268.885 553.436 219
270.071 549.616 219
271.212 545.797 219
274.39 544.139 219
276.158 541.021 219
276.479 536.479 219
278.881 534.056 219
280.543 530.917 219
282.171 527.77 219
285.959 526.661 219
286.064 522.129 219
287.597 518.954 219
289.846 516.434 219
292.827 514.551 219
292.756 510.037 219
295.693 508.116 219
296.304 504.254 219
298.424 501.659 219
301.304 499.668 219
302.596 496.414 219
304.648 493.764 219
304.28 489.292 219
307.877 487.817 219
307.426 483.358 219
310.178 481.248 219
312.916 479.106 219
313.168 475.234 219
314.205 471.934 219
316.043 469.184 219
317.017 465.874 219
317.959 462.562 219
320.562 460.309 219
321.445 456.982 219
323.152 454.169 219
324.834 451.342 219
324.76 447.5 219
327.254 445.151 219
327.982 441.804 219
330.435 439.412 219
330.222 435.582 219
332.629 433.156 219
334.127 430.246 219
332.916 425.986 219
333.453 422.636 219
336.664 420.581 219
338.959 418.059 219
336.686 413.436 219
338.012 410.493 219
342.063 408.733 219
342.428 405.352 219
343.683 402.358 219
343.058 398.604 219
345.185 395.972 219
345.425 392.596 219
346.569 389.577 219
347.686 386.547 219
347.835 383.175 219
349.842 380.46 219
349.931 377.085 219
350.94 374.027 219
350.014 370.359 219
351.92 367.593 219
352.846 364.518 219
351.822 360.883 219
353.652 358.076 219
354.495 354.987 219
356.278 352.14 219
356.099 348.785 219
355.887 345.441 219
355.645 342.107 219
356.348 339 219
357.024 335.888 219
358.652 332.969 219
359.276 329.836 219
360.855 326.88 219
362.409 323.903 219
360.981 320.407 219
362.482 317.411 219
361.98 314.098 219
360.458 310.659 219
361.877 307.642 219
364.264 304.726 219
364.641 301.546 219
364.99 298.362 219
364.315 295.08 219
363.611 291.812 219
365.869 288.794 219
365.108 285.531 219
363.321 282.222 219
367.496 279.26 219
366.651 276.008 219
367.776 272.843 219
366.874 269.607 219
364.944 266.37 219
367.986 263.211 219
367 260 219
364.986 256.815 219
366.944 253.595 219
367.874 250.367 219
368.775 247.122 219
367.65 243.948 219
369.493 240.636 219
366.315 237.595 219
368.101 234.26 219
366.866 231.127 219
367.596 227.84 219
367.301 224.633 219
366.979 221.429 219
367.622 218.115 219
365.257 215.152 219
366.835 211.705 219
365.409 208.645 219
363.958 205.606 219
367.42 201.806 219
362.953 199.262 219
363.394 195.924 219
363.804 192.573 219
363.202 189.401 219
363.552 186.034 219
360.936 183.281 219
359.277 180.35 219
0 260 219
0 260 219
0 260 219
0 260 219
0 260 219
0 260 219
0 260 219
0 260 219
72.6792 237.78 219
72.4825 237.146 219
0 260 219
0 260 219
0 260 219
38.6483 246.314 219
37.5877 246.319 219
36.5302 246.342 219
35.4761 246.382 219
36.2863 245.706 219
37.0874 245.016 219
35.1074 245.458 219
34.9792 245.152 219
33.0142 245.645 219
32.8876 245.357 219
32.7586 245.071 219
33.5334 244.363 219
33.3957 244.071 219
32.3566 244.219 219
33.1126 243.491 219
32.0762 243.656 219
30.1584 244.301 219
30.0202 244.038 219
29.001 244.254 219
28.8625 244.001 219
29.5921 243.258 219
27.7128 244 219
28.4338 243.251 219
29.1437 242.489 219
29.8424 241.713 219
28.8336 241.983 219
28.6753 241.732 219
27.6761 242.027 219
27.5182 241.786 219
26.5292 242.106 219
26.372 241.875 219
25.3937 242.219 219
26.8658 240.837 219
25.0795 241.779 219
24.1157 242.155 219
24.7577 241.344 219
35.7009 232.606 219
40.1885 228.601 219
32.8695 233.854 219
26.423 238.603 219
26.2352 238.373 219
22.9813 240.716 219
0 260 219
0 260 219
0 260 219
0 260 219
0 260 219
0 260 219
0 260 219
0 260 219
0 260 219
0 260 219
0 260 219
