-0 260 148
-0 260 148
-0 260 148
-0 260 148
-0 260 148
-0 260 148
-0 260 148
-0 260 148
-16.6036 245.567 148
-22.8122 240.517 148
-27.5776 236.86 148
-27.0069 237.737 148
-31.863 234.198 148
-43.8261 225.139 148
-41.7646 227.37 148
-27.7674 238.693 148
-27.1536 239.538 148
-26.5273 240.371 148
-26.6976 240.603 148
-26.8658 240.837 148
-26.2129 241.646 148
-26.372 241.875 148
-25.7002 242.665 148
-27.5182 241.786 148
-26.8375 242.572 148
-27.8319 242.269 148
-27.1375 243.043 148
-27.2845 243.28 148
-28.2865 243.004 148
-28.4338 243.251 148
-27.7128 244 148
-26.981 244.735 148
-27.1132 244.971 148
-29.001 244.254 148
-30.9032 243.569 148
-30.1584 244.301 148
-30.2942 244.564 148
-30.4278 244.829 148
-30.559 245.095 148
-31.5905 244.932 148
-30.8145 245.631 148
-31.8486 245.486 148
-33.8012 244.951 148
-33.0142 245.645 148
-34.0587 245.543 148
-35.1074 245.458 148
-34.3058 246.14 148
-35.3559 246.073 148
-37.3432 245.665 148
-36.5302 246.342 148
-40.4068 245.293 148
-0 260 148
-0 260 148
-0 260 148
-72.2803 236.515 148
-69.6213 238.048 148
-0 260 148
-72.8703 238.415 148
-0 260 148
-0 260 148
-0 260 148
-0 260 148
-0 260 148
-0 260 148
-0 260 148
-0 260 148
-0 260 148
-0 260 148
-0 260 148
-0 260 148
-0 260 148
-0 260 148
-725.951 145.021 148
-724.949 151.656 148
-727.847 157.708 148
-727.721 164.194 148
-729.521 170.426 148
-729.282 176.909 148
-729.979 183.276 148
-729.625 189.745 148
-731.207 196.028 148
-731.737 202.411 148
-730.217 208.938 148
-732.631 215.19 148
-730.997 221.69 148
-733.301 227.983 148
-732.553 234.419 148
-732.749 240.812 148
-731.889 247.225 148
-732.972 253.604 148
-733 260 148
-732.972 266.397 148
-731.889 272.775 148
-730.75 279.135 148
-731.554 285.547 148
-731.303 291.93 148
-730.997 298.31 148
-728.638 304.566 148
-729.219 310.992 148
-728.747 317.354 148
-728.218 323.711 148
-727.635 330.063 148
-726.001 336.306 148
-725.307 342.638 148
-724.559 348.965 148
-722.763 355.154 148
-720.915 361.318 148
-719.015 367.458 148
-718.049 373.728 148
-718.016 380.155 148
-715.955 386.242 148
-714.826 392.485 148
-712.661 398.527 148
-709.465 404.342 148
-708.179 410.528 148
-705.862 416.486 148
-704.47 422.64 148
-703.023 428.781 148
-700.553 434.668 148
-699.003 440.774 148
-695.467 446.35 148
-693.814 452.412 148
-692.108 458.459 148
-689.391 464.207 148
-685.67 469.631 148
-682.861 475.305 148
-680.956 481.256 148
-678.051 486.873 148
-676.046 492.781 148
-673.046 498.338 148
-669.061 503.518 148
-667.847 509.698 148
-663.776 514.8 148
-660.596 520.216 148
-657.373 525.596 148
-653.183 530.557 148
-649.876 535.856 148
-647.444 541.517 148
-644.05 546.749 148
-641.523 552.359 148
-638.041 557.523 148
-633.615 562.219 148
-630.953 567.737 148
-627.349 572.785 148
-621.032 576.431 148
-619.134 582.301 148
-614.531 586.752 148
-611.657 592.103 148
-606.986 596.458 148
-603.156 601.25 148
-599.29 606 148
-593.662 609.694 148
-590.588 614.861 148
-585.764 618.957 148
-581.761 623.525 148
-577.723 628.05 148
-574.489 633.078 148
-569.544 636.973 148
-566.233 641.929 148
-560.406 645.156 148
-555.385 648.885 148
-551.156 653.136 148
-546.086 656.755 148
-540.996 660.316 148
-537.482 665.022 148
-532.34 668.479 148
-527.967 672.493 148
-523.565 676.462 148
-519.133 680.386 148
-512.359 682.356 148
-508.653 686.811 148
-502.628 689.285 148
-498.108 692.999 148
-492.813 696.004 148
-488.246 699.619 148
-483.654 703.187 148
-478.305 706.027 148
-471.493 707.431 148
-468.29 712.223 148
-462.186 714.189 148
-457.498 717.498 148
-451.386 719.333 148
-446.665 722.536 148
-442.612 726.416 148
-437.161 728.798 148
-431.702 731.12 148
-426.236 733.383 148
-420.101 734.838 148
-416.597 739.241 148
-409.802 739.816 148
-405.599 743.374 148
-400.093 745.352 148
-395.213 748.048 148
-389.072 749.13 148
-382.941 750.143 148
-377.432 751.879 148
-372.523 754.355 148
-367.006 755.98 148
-362.663 759.164 148
-355.39 758.239 148
-351.602 762.14 148
-346.074 763.541 148
-340.548 764.884 148
-335.026 766.169 148
-329.507 767.396 148
-323.992 768.565 148
-310.003 756.108 148
-295.212 741.742 148
-288.421 740.014 148
-283.714 741.651 148
-284 751.902 148
-290.53 773.51 148
-285.553 775.151 148
-280.569 776.744 148
-274.641 776.524 148
-269.661 778.014 148
-264.222 778.566 148
-258.348 778.167 148
-253.378 779.503 148
-247.974 779.889 148
-242.583 780.221 148
-237.619 781.408 148
-231.84 780.721 148
-226.888 781.807 148
-221.545 781.926 148
-216.599 782.916 148
-210.529 781.077 148
-205.974 782.895 148
-200.686 782.805 148
-195.416 782.663 148
-190.163 782.469 148
-184.929 782.223 148
-180.039 782.872 148
-174.835 782.526 148
-169.341 781.179 148
-164.486 781.683 148
-159.635 782.142 148
-154.22 780.639 148
-149.12 780.043 148
-144.309 780.36 148
-139.245 779.668 148
-134.454 779.895 148
-129.428 779.108 148
-124.426 778.273 148
-119.224 776.416 148
-114.713 777.437 148
-109.569 775.484 148
-104.867 775.44 148
-100.175 775.354 148
-95.1269 773.259 148
-90.297 772.1 148
-85.6597 771.882 148
-81.033 771.623 148
-76.1218 769.343 148
-71.6741 769.988 148
-66.8294 767.62 148
-62.2752 767.191 148
-57.7336 766.722 148
-52.9959 764.223 148
-48.4979 763.67 148
-43.9265 762.082 148
-39.4649 761.449 148
-34.948 759.78 148
-30.5242 759.067 148
-26.0109 756.319 148
-21.6352 755.528 148
-17.2403 753.699 148
-12.879 751.831 148
-8.56909 750.925 148
-4.26724 748.981 148
3.6843e-05 748 148
4.24113 745.981 148
8.46445 744.926 148
12.6435 742.834 148
16.7867 740.707 148
20.9373 739.543 148
25.0166 737.345 148
29.0591 735.112 148
33.1344 733.843 148
37.0327 730.545 148
40.9632 728.212 148
45.0475 727.836 148
48.9194 725.436 148
52.9791 724.992 148
56.7911 722.527 148
60.5642 720.03 148
64.4372 718.494 148
68.1402 715.936 148
71.647 712.361 148
75.5918 711.719 148
79.3572 710.057 148
82.9172 707.381 148
86.8181 706.64 148
90.3137 703.906 148
93.7682 701.145 148
97.1814 698.357 148
100.553 695.543 148
104.35 694.649 148
107.655 691.782 148
111.419 690.826 148
114.657 687.905 148
118.119 685.925 148
120.729 681.033 148
124.683 680.922 148
127.474 676.949 148
130.807 674.867 148
134.113 672.759 148
136.758 668.727 148
140.645 668.464 148
144.205 667.221 148
147.069 664.068 148
149.889 660.896 148
152.665 657.705 148
155.397 654.497 148
158.459 652.199 148
161.875 650.801 148
164.498 647.533 148
167.475 645.165 148
170.829 643.689 148
173.756 641.274 148
176.232 637.93 148
179.093 635.475 148
181.047 631.202 148
184.726 630.503 148
186.136 625.313 148
189.779 624.561 148
192.483 622.009 148
195.635 620.315 148
196.833 615.096 148
199.924 613.364 148
202.5 610.74 148
204.538 607.237 148
207.56 605.438 148
210.044 602.761 148
213.028 600.915 148
215.457 598.2 148
217.856 595.468 148
219.671 591.887 148
221.44 588.299 148
223.73 585.53 148
225.416 581.927 148
228.216 579.947 148
230.412 577.135 148
233.171 575.112 148
234.708 571.468 148
236.808 568.614 148
240.108 567.324 148
241.536 563.652 148
242.918 559.978 148
245.526 557.847 148
248.116 555.693 148
250.687 553.517 148
250.615 548.299 148
253.121 546.101 148
254.939 543.138 148
257.4 540.903 148
260.523 539.377 148
260.198 534.192 148
261.886 531.191 148
264.243 528.895 148
267.286 527.286 148
268.182 523.542 148
269.033 519.802 148
271.29 517.445 148
272.795 514.385 148
275.004 511.995 148
275.707 508.247 148
277.863 505.832 148
279.243 502.742 148
279.829 498.997 148
283.436 497.831 148
283.186 493.441 148
285.99 491.59 148
286.435 487.84 148
286.836 484.101 148
290.367 482.807 148
292.301 480.264 148
292.604 476.515 148
295.291 474.542 148
295.524 470.795 148
297.352 468.208 148
298.334 465.039 148
300.941 462.987 148
300.199 458.697 148
302.76 456.615 148
305.308 454.502 148
306.145 451.301 148
306.098 447.577 148
307.723 444.899 148
309.325 442.206 148
309.171 438.5 148
312.458 436.78 148
311.365 432.592 148
314.617 430.823 148
315.212 427.601 148
314.889 423.921 148
316.307 421.167 148
318.597 418.846 148
319.072 415.622 148
318.613 411.97 148
319.927 409.184 148
322.126 406.801 148
322.482 403.578 148
323.722 400.758 148
324.018 397.537 148
326.129 395.087 148
325.442 391.487 148
325.646 388.275 148
327.687 385.787 148
329.709 383.273 148
331.711 380.733 148
331.81 377.5 148
331.877 374.274 148
332.862 371.374 148
332.87 368.156 148
334.755 365.548 148
334.707 362.33 148
334.628 359.121 148
335.48 356.197 148
337.271 353.533 148
338.074 350.587 148
338.852 347.633 148
338.633 344.431 148
337.412 341.006 148
339.081 338.283 148
339.751 335.321 148
341.374 332.561 148
341.994 329.579 148
341.606 326.402 148
342.173 323.418 148
342.713 320.43 148
342.241 317.272 148
341.74 314.126 148
343.189 311.29 148
342.633 308.154 148
344.031 305.293 148
344.414 302.289 148
345.763 299.395 148
345.099 296.271 148
346.398 293.354 148
346.676 290.33 148
344.933 287.147 148
346.155 284.205 148
346.353 281.184 148
346.524 278.161 148
346.67 275.136 148
347.788 272.145 148
347.881 269.11 148
344.947 266.021 148
346.987 263.028 148
347 260 148
346.987 256.972 148
347.947 253.927 148
348.88 250.864 148
347.788 247.855 148
347.669 244.82 148
348.522 241.735 148
346.353 238.816 148
348.15 235.655 148
347.924 232.618 148
348.668 229.495 148
347.393 226.55 148
348.083 223.415 148
346.757 220.492 148
346.399 217.468 148
347.997 214.185 148
346.594 211.289 148
347.145 208.119 148
346.679 205.092 148
346.186 202.068 148
344.683 199.223 148
345.122 196.035 148
344.551 193.026 148
342.974 190.221 148
341.374 187.439 148
341.704 184.246 148
0 260 148
0 260 148
0 260 148
0 260 148
0 260 148
0 260 148
0 260 148
71.9115 238.699 148
71.7229 238.072 148
71.5288 237.447 148
74.1824 235.897 148
0 260 148
42.5483 245.349 148
39.5909 245.98 148
38.5274 245.977 148
37.4669 245.992 148
35.4761 246.382 148
35.3559 246.073 148
35.233 245.765 148
36.0313 245.075 148
33.1382 245.934 148
33.9312 245.246 148
31.9741 245.764 148
31.8486 245.486 148
33.5334 244.363 148
33.3957 244.071 148
33.2554 243.78 148
33.1126 243.491 148
32.0762 243.656 148
31.0454 243.839 148
30.9032 243.568 148
29.8798 243.777 148
29.7371 243.516 148
28.7217 243.75 148
29.4449 243 148
28.4338 243.251 148
28.2865 243.004 148
28.9898 242.235 148
28.8336 241.983 148
28.6753 241.732 148
28.5148 241.482 148
27.5182 241.786 148
27.3582 241.547 148
26.372 241.875 148
25.3937 242.219 148
26.0517 241.418 148
25.0795 241.779 148
24.1157 242.155 148
23.9591 241.946 148
34.9075 233.214 148
40.9766 227.986 148
34.4348 232.609 148
26.423 238.603 148
26.2352 238.373 148
23.7474 240.074 148
0 260 148
0 260 148
0 260 148
0 260 148
0 260 148
0 260 148
0 260 148
0 260 148
0 260 148
0 260 148
0 260 148
