-0 260 172
-0 260 172
-0 260 172
-0 260 172
-0 260 172
-0 260 172
-0 260 172
-0 260 172
-15.8489 246.223 172
-22.8122 240.517 172
-26.0455 238.145 172
-27.0069 237.737 172
-32.6401 233.569 172
-42.2608 226.384 172
-40.9766 227.986 172
-26.974 239.302 172
-25.5563 240.742 172
-27.3311 239.776 172
-26.6976 240.603 172
-26.8658 240.837 172
-25.3937 242.219 172
-25.5479 242.441 172
-26.5292 242.106 172
-27.5182 241.786 172
-26.8375 242.572 172
-26.9885 242.806 172
-27.1375 243.043 172
-27.2845 243.28 172
-28.2865 243.004 172
-26.7105 244.266 172
-28.5788 243.5 172
-27.8514 244.242 172
-28.8625 244.001 172
-29.8798 243.777 172
-30.9032 243.569 172
-30.1584 244.301 172
-30.2942 244.564 172
-30.4278 244.829 172
-30.559 245.095 172
-31.5905 244.932 172
-32.6271 244.786 172
-31.8486 245.486 172
-32.8876 245.357 172
-34.8483 244.848 172
-34.0587 245.543 172
-35.1074 245.458 172
-34.3058 246.14 172
-34.4255 246.439 172
-36.4096 246.024 172
-37.4669 245.992 172
-39.4671 245.635 172
-42.4189 244.979 172
-0 260 172
-0 260 172
-70.3782 237.133 172
-71.5288 237.447 172
-0 260 172
-72.8703 238.415 172
-0 260 172
-0 260 172
-0 260 172
-0 260 172
-0 260 172
-0 260 172
-0 260 172
-0 260 172
-0 260 172
-0 260 172
-0 260 172
-0 260 172
-0 260 172
-0 260 172
-717.062 146.429 172
-718.026 152.69 172
-718.935 158.96 172
-718.798 165.369 172
-720.589 171.523 172
-719.346 178.041 172
-720.034 184.322 172
-720.667 190.608 172
-721.245 196.899 172
-721.768 203.196 172
-721.239 209.566 172
-721.651 215.862 172
-722.009 222.161 172
-722.312 228.463 172
-722.56 234.768 172
-720.753 241.127 172
-721.89 247.399 172
-721.973 253.7 172
-721 260 172
-720.973 266.292 172
-720.89 272.583 172
-720.753 278.874 172
-719.561 285.128 172
-719.315 291.406 172
-718.015 297.63 172
-716.661 303.833 172
-716.251 310.085 172
-715.787 316.334 172
-715.268 322.578 172
-712.704 328.626 172
-712.078 334.842 172
-712.391 341.167 172
-708.678 347.015 172
-708.883 353.326 172
-706.061 359.231 172
-706.157 365.536 172
-702.246 371.225 172
-702.235 377.514 172
-699.213 383.29 172
-698.111 389.387 172
-697.937 395.665 172
-695.747 401.551 172
-692.528 407.202 172
-691.218 413.239 172
-689.854 419.265 172
-687.466 425.046 172
-684.058 430.555 172
-683.512 436.768 172
-680.012 442.209 172
-678.396 448.136 172
-675.767 453.773 172
-672.133 459.095 172
-669.413 464.66 172
-667.602 470.494 172
-662.886 475.385 172
-660.982 481.161 172
-659.026 486.921 172
-656.078 492.33 172
-653.086 497.704 172
-649.114 502.694 172
-646.971 508.349 172
-643.849 513.619 172
-639.757 518.479 172
-637.477 524.052 172
-633.307 528.823 172
-630.937 534.339 172
-627.606 539.428 172
-623.323 544.065 172
-619.914 549.071 172
-617.368 554.47 172
-613.876 559.408 172
-610.345 564.307 172
-606.775 569.168 172
-603.167 573.989 172
-598.638 578.302 172
-594.959 583.037 172
-591.243 587.731 172
-585.749 591.401 172
-583.701 597 172
-579.015 601.066 172
-575.159 605.591 172
-571.269 610.074 172
-567.344 614.516 172
-563.385 618.916 172
-559.393 623.274 172
-554.534 627.038 172
-551.31 631.863 172
-546.396 635.527 172
-541.459 639.134 172
-537.316 643.264 172
-532.333 646.763 172
-528.134 650.799 172
-524.703 655.393 172
-518.853 658.13 172
-515.359 662.643 172
-511.826 667.125 172
-506.699 670.317 172
-501.556 673.451 172
-496.397 676.526 172
-491.983 680.193 172
-487.542 683.814 172
-483.076 687.39 172
-478.585 690.92 172
-472.595 693.053 172
-468.798 697.161 172
-464.24 700.547 172
-457.5 701.803 172
-453.627 705.778 172
-450.427 710.427 172
-444.376 712.201 172
-439.024 714.623 172
-434.352 717.711 172
-428.295 719.29 172
-424.946 723.747 172
-418.876 725.209 172
-414.137 728.097 172
-408.725 730.184 172
-402.658 731.452 172
-398.528 734.948 172
-392.46 736.092 172
-388.92 740.276 172
-383.469 742.087 172
-378.016 743.839 172
-373.779 747.119 172
-367.107 747.168 172
-361.652 748.745 172
-357.961 752.691 172
-352.487 754.168 172
-347.014 755.587 172
-342.109 757.772 172
-337.193 759.91 172
-331.714 761.165 172
-326.239 762.364 172
-320.768 763.505 172
-315.302 764.589 172
-310.887 767.321 172
-304.387 766.586 172
-297.417 764.915 172
-282.5 749.304 172
-272.31 741.307 172
-266.16 740.166 172
-261.483 741.592 172
-269.946 767.695 172
-268.276 775.353 172
-263.314 776.784 172
-257.456 776.377 172
-252.94 778.604 172
-247.544 778.987 172
-242.583 780.221 172
-236.79 779.588 172
-231.84 780.721 172
-226.489 780.89 172
-221.154 781.006 172
-216.216 781.992 172
-210.529 781.077 172
-205.974 782.895 172
-201.044 783.739 172
-195.766 783.6 172
-190.505 783.409 172
-185.263 783.166 172
-180.365 783.817 172
-175.152 783.475 172
-170.268 784.032 172
-164.787 782.637 172
-160.22 784.055 172
-155.072 783.516 172
-150.222 783.888 172
-145.11 783.251 172
-140.021 782.566 172
-135.205 782.8 172
-130.396 782.989 172
-125.127 781.19 172
-120.349 781.288 172
-115.362 780.366 172
-110.609 780.375 172
-105.665 779.36 172
-100.938 779.281 172
-96.0381 778.175 172
-91.1652 777.024 172
-86.4849 776.814 172
-81.8152 776.561 172
-77.0087 775.277 172
-72.37 774.939 172
-67.482 772.577 172
-63.0064 773.146 172
-58.4128 772.683 172
-53.6231 770.19 172
-49.073 769.643 172
-44.4494 768.059 172
-40.0141 768.428 172
-35.3665 765.765 172
-30.8295 764.058 172
-26.3773 763.309 172
-21.8969 761.522 172
-17.5195 761.694 172
-13.0884 759.829 172
-8.70871 758.924 172
-4.34578 757.981 172
3.7447e-05 756 172
4.31967 754.981 172
8.60407 752.925 172
12.8791 751.831 172
17.1008 749.702 172
21.3299 748.535 172
25.54 747.331 172
29.7307 746.092 172
33.7622 742.821 172
37.9742 742.508 172
41.7476 737.177 172
46.006 737.79 172
50.0692 736.376 172
54.1112 734.927 172
58.0098 732.452 172
62.1305 731.928 172
65.9681 729.387 172
69.9139 727.804 172
73.5242 724.214 172
77.5724 723.554 172
81.2674 720.89 172
85.104 719.18 172
88.7262 716.457 172
92.108 712.725 172
96.4711 713.86 172
100.212 712.025 172
103.253 707.236 172
107.385 707.29 172
111.042 705.366 172
114.424 702.443 172
118.022 700.462 172
121.593 698.452 172
125.139 696.413 172
127.807 691.469 172
131.86 691.293 172
135.017 688.219 172
137.822 684.171 172
141.835 683.901 172
144.878 680.756 172
148.544 679.475 172
152.199 678.163 172
155.142 674.946 172
157.324 669.842 172
161.261 669.384 172
164.078 666.107 172
167.615 664.659 172
170.75 662.261 172
173.855 659.838 172
176.117 655.565 172
179.148 653.103 172
183.416 653.338 172
185.55 649.014 172
188.061 645.583 172
190.973 643.032 172
193.4 639.569 172
197.167 638.754 172
200.464 637.019 172
203.747 635.255 172
205.559 630.839 172
207.803 627.29 172
210 623.731 172
213.674 622.746 172
215.286 618.296 172
218.404 616.404 172
220.976 613.636 172
224.054 611.694 172
227.114 609.726 172
229.606 606.896 172
230.947 602.393 172
234.492 601.188 172
236.887 598.31 172
238.088 593.787 172
240.992 591.697 172
244.472 590.385 172
246.744 587.441 172
248.983 584.482 172
250.574 580.72 172
252.741 577.739 172
254.875 574.744 172
258.248 573.28 172
258.401 567.95 172
261.078 565.683 172
263.736 563.393 172
265.048 559.582 172
267.652 557.258 172
270.912 555.648 172
271.435 551.079 172
273.277 547.974 172
276.474 546.297 172
277.56 542.447 172
280.014 540.014 172
282.447 537.56 172
284.859 535.085 172
285.072 530.523 172
286.691 527.343 172
287.538 523.48 172
290.57 521.63 172
291.344 517.759 172
295.091 516.519 172
296.558 513.285 172
298.757 510.687 172
299.39 506.798 172
300.755 503.547 172
302.869 500.913 172
304.172 497.645 172
304.648 493.764 172
306.676 491.097 172
309.485 489.007 172
310.663 485.71 172
311.806 482.409 172
314.554 480.253 172
314.816 476.367 172
318.35 474.73 172
317.711 470.288 172
318.695 466.963 172
321.332 464.711 172
323.106 461.899 172
324.856 459.072 172
325.724 455.714 172
324.834 451.342 172
327.358 449 172
328.124 445.644 172
328.857 442.288 172
332.193 440.366 172
332.871 436.991 172
333.516 433.617 172
335.018 430.7 172
335.6 427.324 172
337.048 424.389 172
337.567 421.011 172
340.772 418.904 172
339.416 414.681 172
340.752 411.713 172
341.146 408.335 172
343.348 405.743 172
343.683 402.358 172
344.912 399.354 172
346.115 396.338 172
345.425 392.596 172
346.569 389.577 172
348.626 386.889 172
349.72 383.842 172
350.787 380.786 172
348.983 376.768 172
350.94 374.027 172
351.922 370.96 172
353.833 368.178 172
352.846 364.518 172
353.744 361.435 172
355.58 358.611 172
355.461 355.245 172
356.278 352.14 172
356.099 348.785 172
355.887 345.441 172
359.543 343.007 172
356.348 339 172
358.002 336.096 172
358.652 332.969 172
358.294 329.645 172
361.838 327.063 172
360.44 323.555 172
361.967 320.572 172
362.482 317.411 172
361.98 314.098 172
361.448 310.798 172
363.86 307.903 172
364.264 304.726 172
362.654 301.319 172
363 298.153 172
366.306 295.271 172
365.603 291.986 172
363.875 288.638 172
366.106 285.601 172
364.319 282.283 172
366.497 279.207 172
366.651 276.008 172
365.777 272.773 172
366.874 269.607 172
365.944 266.388 172
366.986 263.203 172
364 260 172
365.986 256.806 172
366.944 253.595 172
367.874 250.367 172
366.776 247.192 172
365.652 244.035 172
366.497 240.793 172
366.315 237.595 172
367.104 234.33 172
366.866 231.127 172
367.596 227.84 172
365.31 224.825 172
363.995 221.743 172
364.641 218.454 172
365.257 215.152 172
365.843 211.836 172
364.419 208.784 172
362.969 205.754 172
364.457 202.276 172
364.926 198.932 172
362.409 196.097 172
362.821 192.755 172
361.239 189.782 172
360.612 186.633 172
358.98 183.696 172
358.301 180.567 172
0 260 172
0 260 172
0 260 172
0 260 172
0 260 172
0 260 172
0 260 172
0 260 172
71.7229 238.072 172
71.5288 237.447 172
72.2803 236.515 172
0 260 172
0 260 172
39.5909 245.98 172
38.5274 245.977 172
37.4669 245.992 172
35.4761 246.382 172
36.2863 245.706 172
36.1602 245.39 172
34.1835 245.841 172
34.0587 245.543 172
33.9312 245.246 172
33.8012 244.951 172
31.8486 245.486 172
32.6271 244.786 172
34.2982 243.641 172
34.1542 243.342 172
33.1126 243.491 172
32.0762 243.656 172
31.0454 243.839 172
30.0202 244.038 172
29.8798 243.777 172
29.7371 243.516 172
29.5921 243.258 172
28.5788 243.5 172
29.2954 242.744 172
29.1437 242.489 172
28.9898 242.235 172
27.9856 242.513 172
27.8319 242.269 172
28.5148 241.482 172
28.3521 241.234 172
27.3582 241.547 172
27.1962 241.309 172
27.032 241.072 172
26.0517 241.418 172
25.8885 241.191 172
23.3118 242.75 172
24.7577 241.344 172
35.7009 232.606 172
40.9766 227.986 172
33.6522 233.232 172
27.2001 237.974 172
27.0069 237.737 172
23.7474 240.074 172
0 260 172
0 260 172
0 260 172
0 260 172
0 260 172
0 260 172
0 260 172
0 260 172
0 260 172
0 260 172
0 260 172
