-0 260 190
-0 260 190
-0 260 190
-0 260 190
-0 260 190
-0 260 190
-0 260 190
-0 260 190
-15.0942 246.879 190
-23.5726 239.867 190
-27.5776 236.86 190
-27.0069 237.737 190
-32.6401 233.569 190
-43.0435 225.762 190
-39.4005 229.217 190
-26.974 239.302 190
-24.7577 241.344 190
-25.7234 240.966 190
-25.8885 241.191 190
-26.8658 240.837 190
-25.3937 242.219 190
-25.5479 242.441 190
-26.5292 242.106 190
-26.6843 242.338 190
-27.6761 242.027 190
-26.1451 243.344 190
-27.9856 242.513 190
-27.2845 243.28 190
-27.4294 243.519 190
-28.4338 243.251 190
-27.7128 244 190
-26.981 244.735 190
-27.1132 244.971 190
-28.1222 244.731 190
-29.1373 244.507 190
-30.1584 244.301 190
-29.4032 245.018 190
-29.5328 245.275 190
-30.559 245.095 190
-31.5905 244.932 190
-31.7208 245.208 190
-31.8486 245.486 190
-32.8876 245.357 190
-33.0142 245.645 190
-33.1382 245.934 190
-35.1074 245.458 190
-34.3058 246.14 190
-35.3559 246.073 190
-36.4096 246.024 190
-36.5302 246.342 190
-38.5274 245.977 190
-42.4189 244.979 190
-0 260 190
-0 260 190
-72.2803 236.515 190
-72.4825 237.146 190
-0 260 190
-0 260 190
-0 260 190
-0 260 190
-0 260 190
-0 260 190
-0 260 190
-0 260 190
-0 260 190
-0 260 190
-0 260 190
-0 260 190
-0 260 190
-0 260 190
-0 260 190
-0 260 190
-717.062 146.429 190
-718.026 152.69 190
-718.935 158.96 190
-719.789 165.238 190
-720.589 171.523 190
-720.34 177.928 190
-721.028 184.217 190
-721.662 190.512 190
-722.241 196.812 190
-722.765 203.117 190
-722.236 209.496 190
-722.65 215.801 190
-723.008 222.109 190
-722.312 228.463 190
-721.56 234.803 190
-721.753 241.1 190
-722.89 247.382 190
-722.972 253.691 190
-723 260 190
-721.973 266.301 190
-720.89 272.583 190
-720.753 278.874 190
-721.56 285.198 190
-719.315 291.406 190
-719.013 297.682 190
-717.659 303.894 190
-718.246 310.225 190
-717.78 316.491 190
-717.26 322.752 190
-715.69 328.913 190
-714.067 335.052 190
-714.378 341.393 190
-711.656 347.38 190
-709.875 353.457 190
-709.032 359.648 190
-707.146 365.684 190
-706.197 371.851 190
-705.194 378.009 190
-703.153 383.985 190
-702.044 390.116 190
-699.9 396.047 190
-698.686 402.149 190
-696.441 408.033 190
-695.123 414.105 190
-692.777 419.94 190
-691.355 425.98 190
-687.94 431.523 190
-685.449 437.269 190
-683.875 443.244 190
-682.25 449.205 190
-678.651 454.6 190
-675.968 460.231 190
-674.195 466.122 190
-671.417 471.697 190
-668.593 477.239 190
-666.671 483.065 190
-662.808 488.223 190
-659.849 493.665 190
-656.845 499.072 190
-653.797 504.445 190
-650.706 509.783 190
-647.571 515.085 190
-644.393 520.352 190
-641.172 525.582 190
-637.91 530.777 190
-635.523 536.333 190
-632.173 541.462 190
-628.783 546.553 190
-622.633 550.339 190
-620.979 556.192 190
-618.37 561.599 190
-613.925 566.092 190
-610.339 570.984 190
-607.602 576.298 190
-603.053 580.649 190
-600.232 585.9 190
-595.616 590.155 190
-590.101 593.863 190
-588.031 599.5 190
-584.185 604.111 190
-580.302 608.681 190
-575.532 612.687 190
-571.584 617.166 190
-567.602 621.603 190
-562.748 625.453 190
-559.537 630.35 190
-554.626 634.1 190
-548.868 637.227 190
-546.374 642.576 190
-542.201 646.748 190
-537.187 650.289 190
-531.349 653.178 190
-527.898 657.8 190
-522.82 661.174 190
-518.511 665.105 190
-514.174 668.992 190
-507.476 670.946 190
-505.414 676.631 190
-499.461 679.098 190
-495.024 682.791 190
-490.561 686.438 190
-485.323 689.378 190
-480.072 692.258 190
-475.544 695.756 190
-469.529 697.843 190
-466.416 702.612 190
-461.097 705.276 190
-455.767 707.881 190
-451.134 711.134 190
-446.479 714.341 190
-441.108 716.781 190
-435.728 719.162 190
-430.341 721.484 190
-426.973 725.959 190
-420.883 727.438 190
-415.463 729.595 190
-410.037 731.694 190
-405.256 734.493 190
-400.457 737.246 190
-394.368 738.407 190
-390.179 741.831 190
-385.337 744.434 190
-378.632 744.627 190
-373.779 747.119 190
-368.913 749.564 190
-364.031 751.96 190
-358.549 753.5 190
-353.648 755.796 190
-347.587 756.406 190
-342.109 757.772 190
-336.634 759.081 190
-331.714 761.165 190
-326.783 763.202 190
-321.842 765.192 190
-316.892 767.133 190
-311.409 768.174 190
-305.418 768.3 190
-296.91 764.053 190
-281.5 747.572 190
-272.31 741.307 190
-268.1 743.665 190
-261.96 742.471 190
-270.885 769.461 190
-268.738 776.24 190
-263.314 776.784 190
-257.902 777.272 190
-252.94 778.604 190
-247.974 779.889 190
-242.583 780.221 190
-236.375 778.678 190
-231.433 779.807 190
-226.489 780.89 190
-221.935 782.847 190
-215.833 781.068 190
-210.903 782.005 190
-205.607 781.964 190
-200.686 782.805 190
-195.416 782.663 190
-190.163 782.469 190
-185.597 784.109 190
-180.039 782.872 190
-174.835 782.526 190
-170.268 784.032 190
-165.388 784.544 190
-160.22 784.055 190
-154.788 782.557 190
-149.947 782.926 190
-144.843 782.288 190
-139.762 781.6 190
-134.955 781.832 190
-129.912 781.049 190
-125.127 781.19 190
-120.124 780.314 190
-115.146 779.389 190
-110.193 778.418 190
-105.466 778.38 190
-100.556 777.318 190
-95.8558 777.192 190
-90.9916 776.039 190
-86.1548 774.841 190
-81.6587 775.573 190
-76.8609 774.288 190
-72.0916 772.959 190
-67.482 772.577 190
-62.8845 772.154 190
-57.96 768.709 190
-53.414 768.201 190
-48.8813 767.652 190
-44.3622 767.063 190
-39.7787 765.437 190
-35.2967 764.767 190
-30.8295 764.058 190
-26.2726 761.312 190
-21.8097 759.524 190
-17.3799 757.697 190
-13.0361 757.829 190
-8.6389 754.925 190
-4.3196 754.981 190
3.7296e-05 754 190
4.29349 751.981 190
8.55172 749.925 190
12.8006 748.832 190
16.9961 746.703 190
21.0682 742.54 190
25.3306 743.337 190
29.4865 742.099 190
33.6227 740.826 190
37.7389 739.517 190
41.6605 736.181 190
45.7185 734.804 190
49.7556 733.392 190
53.7716 731.947 190
57.2786 726.497 190
61.4779 726.971 190
65.4114 725.426 190
69.1748 722.859 190
73.0549 721.25 190
76.9122 719.609 190
80.5728 716.951 190
84.5573 716.23 190
87.7722 711.548 190
91.3105 708.806 190
95.4315 708.97 190
99.1294 707.144 190
102.803 705.287 190
105.751 700.484 190
110.074 701.485 190
113.172 697.603 190
116.469 694.667 190
119.723 691.706 190
122.934 688.723 190
126.955 688.592 190
130.398 686.512 190
134.115 685.358 190
137.204 682.269 190
140.883 681.056 190
143.901 677.919 190
146.875 674.762 190
149.463 670.646 190
153.391 670.262 190
155.89 666.107 190
159.428 664.732 190
162.954 663.325 190
166.085 660.964 190
168.796 657.658 190
171.861 655.253 190
174.083 650.997 190
176.659 647.643 190
180.458 646.993 190
183.828 645.404 190
186.746 642.886 190
189.634 640.347 190
192.038 636.896 190
195.32 635.206 190
197.648 631.721 190
200.884 629.982 190
203.135 626.466 190
205.833 623.809 190
208 620.267 190
212.151 620.161 190
214.256 616.582 190
215.792 612.14 190
219.387 611.092 190
221.367 607.477 190
224.391 605.532 190
225.742 601.059 190
229.269 599.905 190
231.66 597.068 190
234.019 594.214 190
235.765 590.531 190
238.053 587.652 190
240.308 584.758 190
242.531 581.85 190
246.548 581.308 190
247.496 576.78 190
250.873 575.391 190
251.099 570.081 190
254.431 568.65 190
256.472 565.652 190
259.13 563.402 190
260.455 559.62 190
261.735 555.837 190
264.976 554.285 190
267.534 551.962 190
269.389 548.885 190
271.212 545.797 190
272.306 541.981 190
274.056 538.881 190
275.772 535.772 190
277.454 532.654 190
279.104 529.527 190
282.171 527.77 190
284.497 525.297 190
286.801 522.805 190
286.854 518.284 190
288.348 515.109 190
290.563 512.583 190
292.756 510.037 190
293.395 506.188 190
296.304 504.254 190
298.424 501.659 190
299.739 498.423 190
301.02 495.183 190
302.268 491.938 190
305.877 490.495 190
306.269 486.627 190
306.617 482.771 190
308.55 480.086 190
311.278 477.959 190
313.992 475.801 190
315.034 472.493 190
315.209 468.632 190
317.017 465.874 190
318.802 463.099 190
320.562 460.309 190
322.298 457.504 190
321.438 453.139 190
323.973 450.834 190
326.492 448.5 190
326.383 444.659 190
327.982 441.804 190
329.556 438.935 190
331.988 436.521 190
330.855 432.232 190
331.454 428.884 190
334.705 426.878 190
337.048 424.389 190
335.762 420.15 190
336.24 416.791 190
338.506 414.266 190
340.752 411.713 190
339.312 407.537 190
341.507 404.961 190
343.683 402.358 190
343.985 398.979 190
346.115 396.338 190
345.425 392.596 190
347.505 389.927 190
347.686 386.547 190
346.892 382.841 190
348.896 380.135 190
348.983 376.768 190
351.891 374.336 190
352.875 371.261 190
351.92 367.593 190
352.846 364.518 190
352.783 361.159 190
354.616 358.344 190
354.495 354.987 190
356.278 352.14 190
357.069 349.027 190
357.832 345.908 190
357.594 342.557 190
358.301 339.433 190
358.98 336.304 190
359.632 333.168 190
361.239 330.218 190
360.855 326.88 190
359.455 323.382 190
360.981 320.407 190
362.482 317.411 190
361.98 314.098 190
362.438 310.937 190
363.86 307.903 190
364.264 304.726 190
365.634 301.659 190
364.99 298.362 190
365.31 295.175 190
365.603 291.986 190
364.872 288.716 190
366.106 285.601 190
367.314 282.466 190
365.498 279.155 190
365.652 275.965 190
367.776 272.843 190
367.874 269.633 190
365.944 266.388 190
368.986 263.22 190
367 260 190
367.986 256.789 190
367.944 253.578 190
366.874 250.393 190
369.775 247.087 190
367.65 243.948 190
370.492 240.583 190
368.312 237.473 190
370.096 234.12 190
370.853 230.813 190
367.596 227.84 190
367.301 224.633 190
369.962 221.115 190
369.609 217.888 190
369.227 214.665 190
367.826 211.575 190
366.399 208.506 190
366.925 205.163 190
366.432 201.963 190
367.885 198.437 190
366.348 195.403 190
366.754 192.026 190
365.165 189.019 190
365.512 185.636 190
363.871 182.657 190
362.206 179.701 190
0 260 190
0 260 190
0 260 190
0 260 190
0 260 190
0 260 190
0 260 190
0 260 190
72.6792 237.78 190
71.5288 237.447 190
0 260 190
0 260 190
42.5483 245.349 190
39.5909 245.98 190
37.5877 246.319 190
36.5302 246.342 190
36.4096 246.024 190
36.2863 245.706 190
35.233 245.765 190
35.1074 245.458 190
34.9792 245.152 190
33.0142 245.645 190
31.9741 245.764 190
31.8486 245.486 190
31.7208 245.208 190
33.3957 244.071 190
33.2554 243.78 190
33.1126 243.491 190
31.1852 244.11 190
30.1584 244.301 190
30.0202 244.038 190
29.001 244.254 190
28.8625 244.001 190
28.7217 243.75 190
29.4449 243 190
29.2954 242.744 190
29.1437 242.489 190
29.8424 241.713 190
27.9856 242.513 190
28.6753 241.732 190
27.6761 242.027 190
27.5182 241.786 190
27.3582 241.547 190
27.1962 241.309 190
26.2129 241.646 190
26.8658 240.837 190
25.8885 241.191 190
24.1157 242.155 190
24.7577 241.344 190
34.9075 233.214 190
40.9766 227.986 190
32.8695 233.854 190
25.6458 239.232 190
26.2352 238.373 190
23.7474 240.074 190
0 260 190
0 260 190
0 260 190
0 260 190
0 260 190
0 260 190
0 260 190
0 260 190
0 260 190
0 260 190
0 260 190
