-0 260 274
-0 260 274
-0 260 274
-0 260 274
-0 260 274
-0 260 274
-0 260 274
-0 260 274
-15.0942 246.879 274
-23.5726 239.867 274
-26.0455 238.145 274
-27.0069 237.737 274
-33.4173 232.939 274
-43.0435 225.762 274
-40.9766 227.986 274
-27.7674 238.693 274
-25.5563 240.742 274
-25.7234 240.966 274
-25.8885 241.191 274
-26.8658 240.837 274
-26.2129 241.646 274
-27.1962 241.309 274
-26.5292 242.106 274
-26.6843 242.338 274
-26.8375 242.572 274
-26.1451 243.344 274
-26.2895 243.573 274
-28.1371 242.758 274
-28.2865 243.004 274
-28.4338 243.251 274
-27.7128 244 274
-26.981 244.735 274
-27.1132 244.971 274
-28.1222 244.731 274
-30.0202 244.038 274
-30.1584 244.301 274
-30.2942 244.564 274
-30.4278 244.829 274
-31.4578 244.657 274
-31.5905 244.932 274
-31.7208 245.208 274
-31.8486 245.486 274
-31.9741 245.764 274
-32.0971 246.044 274
-33.1382 245.934 274
-34.1835 245.841 274
-34.3058 246.14 274
-34.4255 246.439 274
-37.3432 245.665 274
-36.5302 246.342 274
-38.5274 245.977 274
-0 260 274
-0 260 274
-0 260 274
-71.3292 236.824 274
-72.4825 237.146 274
-0 260 274
-72.8703 238.415 274
-0 260 274
-0 260 274
-0 260 274
-0 260 274
-0 260 274
-0 260 274
-0 260 274
-0 260 274
-0 260 274
-0 260 274
-0 260 274
-0 260 274
-0 260 274
-0 260 274
-742.742 142.361 274
-740.773 149.291 274
-745.672 155.203 274
-760.438 159.887 274
-752.35 167.623 274
-732.262 176.569 274
-729.979 183.276 274
-759.487 186.87 274
-815.883 188.62 274
-818.469 195.585 274
-806.032 203.637 274
-802.5 210.917 274
-814.882 217.294 274
-816.222 224.363 274
-825.497 231.173 274
-823.718 238.43 274
-825.874 245.584 274
-831.968 252.74 274
-841 260 274
-863.967 267.54 274
-892.864 275.585 274
-850.708 282.277 274
-833.492 289.106 274
-838.201 296.597 274
-873.801 305.794 274
-834.441 311.037 274
-837.954 318.596 274
-959.034 335.478 274
-935.427 341.839 274
-896.852 346.357 274
-911.977 355.853 274
-933.958 366.411 274
-1092.79 394.178 274
-1053.91 398.749 274
-1024.93 404.044 274
-1025.61 413.279 274
-1067.69 429.106 274
-1107.6 445.349 274
-1117.76 457.091 274
-1137.63 470.847 274
-1181.88 489.734 274
-1193.55 502.83 274
-1173.78 509.494 274
-1167.65 518.862 274
-965.444 500.712 274
-955.562 507.125 274
-944.675 513.125 274
-950.14 523.497 274
-940.114 529.573 274
-931.014 535.779 274
-917.096 540.385 274
-958.485 562.209 274
-964.371 573.343 274
-929.357 570.959 274
-930.39 580.359 274
-962.437 600.817 274
-973.522 614.333 274
-828.018 569.583 274
-828.086 577.872 274
-976.938 644.826 274
-968.907 651.464 274
-913.717 638.474 274
-715.232 563.598 274
-903.304 652.768 274
-960.136 687.48 274
-733.429 594.243 274
-856.461 659.374 274
-831.281 656.501 274
-833.182 666.37 274
-826.024 671.841 274
-825.072 680.395 274
-817.824 685.732 274
-0 260 274
-0 260 274
-0 260 274
-0 260 274
-0 260 274
-0 260 274
-0 260 274
-0 260 274
-0 260 274
-0 260 274
-0 260 274
-0 260 274
-0 260 274
-0 260 274
-0 260 274
-0 260 274
-0 260 274
-0 260 274
-0 260 274
-0 260 274
-0 260 274
-0 260 274
-0 260 274
-0 260 274
-0 260 274
-0 260 274
-0 260 274
-0 260 274
-0 260 274
-0 260 274
-0 260 274
-0 260 274
-0 260 274
-0 260 274
-0 260 274
-0 260 274
-0 260 274
-0 260 274
-0 260 274
-0 260 274
-0 260 274
-0 260 274
-0 260 274
-0 260 274
-0 260 274
-0 260 274
-0 260 274
-0 260 274
-0 260 274
-0 260 274
-0 260 274
-0 260 274
-0 260 274
-0 260 274
-0 260 274
-0 260 274
-0 260 274
-0 260 274
-0 260 274
-0 260 274
-0 260 274
-0 260 274
-0 260 274
-0 260 274
-0 260 274
-0 260 274
-0 260 274
-0 260 274
-0 260 274
-0 260 274
-0 260 274
-0 260 274
-0 260 274
-0 260 274
-0 260 274
-0 260 274
-0 260 274
-0 260 274
-0 260 274
-0 260 274
-0 260 274
-0 260 274
-0 260 274
-0 260 274
-0 260 274
-0 260 274
-0 260 274
-0 260 274
-0 260 274
-0 260 274
-0 260 274
-0 260 274
-0 260 274
-0 260 274
-0 260 274
-0 260 274
-0 260 274
-0 260 274
-0 260 274
-0 260 274
-0 260 274
-0 260 274
-0 260 274
-0 260 274
-0 260 274
-0 260 274
-0 260 274
-0 260 274
-0 260 274
-0 260 274
-0 260 274
-0 260 274
-0 260 274
-0 260 274
-0 260 274
-0 260 274
-0 260 274
-0 260 274
-0 260 274
-0 260 274
-0 260 274
-0 260 274
-0 260 274
-0 260 274
0 260 274
0 260 274
0 260 274
0 260 274
0 260 274
0 260 274
0 260 274
0 260 274
0 260 274
0 260 274
0 260 274
0 260 274
0 260 274
0 260 274
0 260 274
0 260 274
0 260 274
0 260 274
0 260 274
0 260 274
0 260 274
0 260 274
0 260 274
0 260 274
0 260 274
0 260 274
0 260 274
0 260 274
0 260 274
0 260 274
0 260 274
0 260 274
0 260 274
0 260 274
0 260 274
0 260 274
0 260 274
0 260 274
0 260 274
0 260 274
0 260 274
0 260 274
0 260 274
0 260 274
0 260 274
0 260 274
0 260 274
0 260 274
0 260 274
0 260 274
0 260 274
0 260 274
0 260 274
0 260 274
0 260 274
0 260 274
0 260 274
0 260 274
0 260 274
0 260 274
0 260 274
0 260 274
0 260 274
0 260 274
0 260 274
0 260 274
0 260 274
0 260 274
0 260 274
0 260 274
0 260 274
0 260 274
0 260 274
0 260 274
0 260 274
0 260 274
0 260 274
0 260 274
0 260 274
0 260 274
0 260 274
0 260 274
0 260 274
0 260 274
0 260 274
0 260 274
0 260 274
0 260 274
0 260 274
0 260 274
0 260 274
0 260 274
0 260 274
0 260 274
0 260 274
0 260 274
0 260 274
0 260 274
0 260 274
0 260 274
0 260 274
0 260 274
0 260 274
0 260 274
0 260 274
0 260 274
0 260 274
0 260 274
0 260 274
0 260 274
0 260 274
0 260 274
0 260 274
0 260 274
0 260 274
0 260 274
0 260 274
0 260 274
0 260 274
0 260 274
0 260 274
0 260 274
0 260 274
0 260 274
0 260 274
0 260 274
0 260 274
0 260 274
0 260 274
0 260 274
0 260 274
0 260 274
0 260 274
0 260 274
0 260 274
0 260 274
0 260 274
0 260 274
0 260 274
0 260 274
0 260 274
0 260 274
0 260 274
0 260 274
0 260 274
0 260 274
0 260 274
0 260 274
0 260 274
649.487 440.119 274
664.557 438.067 274
669.958 433.263 274
669.504 426.926 274
660.239 418.509 274
652.828 410.717 274
647.284 403.499 274
640.687 396.182 274
652.63 392.779 274
633.15 383.072 274
632.233 377.177 274
642.095 373.219 274
681.523 374.048 274
711.136 372.633 274
730.883 369.231 274
730.818 362.71 274
693.02 351.238 274
674.931 342.871 274
631.912 331.997 274
696.165 333.17 274
638.049 321.437 274
645.534 316.477 274
631.049 309.665 274
641.434 304.853 274
734.627 304.932 274
713.021 297.368 274
593.435 285.91 274
650.603 282.72 274
757.74 279.842 274
647.901 271.309 274
644.975 265.629 274
704 260 274
631.976 254.485 274
659.899 248.481 274
667.771 242.514 274
660.597 236.931 274
679.353 230.339 274
673.076 224.726 274
0 260 274
0 260 274
0 260 274
389.853 219.025 274
382.525 216.417 274
369.227 214.665 274
425.694 192.577 274
424.103 189.03 274
1088.21 68.1188 274
1078.63 60.0876 274
1050.34 55.8344 274
842.735 88.5436 274
847.076 79.9485 274
849.378 71.6975 274
0 260 274
0 260 274
0 260 274
0 260 274
0 260 274
0 260 274
0 260 274
0 260 274
71.7229 238.072 274
71.5288 237.447 274
74.1824 235.897 274
0 260 274
42.5483 245.349 274
39.5909 245.98 274
38.5274 245.977 274
37.4669 245.992 274
35.4761 246.382 274
36.2863 245.706 274
36.1602 245.39 274
35.1074 245.458 274
34.9792 245.152 274
33.0142 245.645 274
33.8012 244.951 274
32.7586 245.071 274
32.6271 244.786 274
33.3957 244.071 274
33.2554 243.78 274
33.1126 243.491 274
31.1852 244.11 274
31.0454 243.839 274
30.0202 244.038 274
29.001 244.254 274
28.8625 244.001 274
28.7217 243.75 274
28.5788 243.5 274
28.4338 243.251 274
28.2865 243.004 274
28.9898 242.235 274
28.8336 241.983 274
27.8319 242.269 274
27.6761 242.027 274
26.6843 242.338 274
26.5292 242.106 274
27.1962 241.309 274
26.2129 241.646 274
26.8658 240.837 274
25.0795 241.779 274
24.9196 241.56 274
23.9591 241.946 274
34.9075 233.214 274
40.1885 228.601 274
32.8695 233.854 274
26.423 238.603 274
27.0069 237.737 274
23.7474 240.074 274
0 260 274
0 260 274
0 260 274
0 260 274
0 260 274
0 260 274
0 260 274
0 260 274
0 260 274
0 260 274
0 260 274
