-0 260 59
-0 260 59
-0 260 59
-0 260 59
-0 260 59
-0 260 59
-0 260 59
-0 260 59
-15.8489 246.223 59
-22.0518 241.166 59
-26.0455 238.145 59
-26.2352 238.373 59
-34.1944 232.31 59
-43.8261 225.139 59
-41.7646 227.37 59
-27.7674 238.693 59
-25.5563 240.742 59
-26.5273 240.371 59
-25.8885 241.191 59
-25.2376 241.998 59
-25.3937 242.219 59
-26.372 241.875 59
-26.5292 242.106 59
-25.8505 242.89 59
-26.8375 242.572 59
-26.1451 243.344 59
-26.2895 243.573 59
-27.2845 243.28 59
-27.4294 243.519 59
-26.7105 244.266 59
-27.7128 244 59
-26.981 244.735 59
-27.9878 244.486 59
-28.1222 244.731 59
-29.1373 244.507 59
-29.2714 244.762 59
-29.4032 245.018 59
-30.4278 244.829 59
-30.559 245.095 59
-31.5905 244.932 59
-31.7208 245.208 59
-31.8486 245.486 59
-32.8876 245.357 59
-32.0971 246.044 59
-34.0587 245.543 59
-33.2597 246.223 59
-34.3058 246.14 59
-34.4255 246.439 59
-35.4761 246.382 59
-37.4669 245.992 59
-39.4671 245.635 59
-41.4762 245.313 59
-0 260 59
-0 260 59
-70.3782 237.133 59
-69.6213 238.048 59
-0 260 59
-71.9115 238.699 59
-0 260 59
-0 260 59
-0 260 59
-0 260 59
-0 260 59
-0 260 59
-0 260 59
-0 260 59
-0 260 59
-0 260 59
-0 260 59
-0 260 59
-0 260 59
-0 260 59
-709.16 147.68 59
-709.124 154.021 59
-711.012 160.074 59
-711.857 166.282 59
-711.656 172.62 59
-712.391 178.833 59
-713.072 185.053 59
-712.704 191.375 59
-713.275 197.597 59
-713.793 203.823 59
-713.258 210.124 59
-714.665 216.289 59
-714.02 222.58 59
-713.32 228.856 59
-714.564 235.047 59
-714.755 241.284 59
-713.891 247.539 59
-712.973 253.778 59
-714 260 59
-712.973 266.222 59
-712.891 272.444 59
-711.756 278.638 59
-710.567 284.814 59
-711.322 291.057 59
-710.026 297.211 59
-710.672 303.467 59
-709.268 309.597 59
-707.811 315.706 59
-707.298 321.881 59
-706.731 328.051 59
-705.116 334.111 59
-703.449 340.148 59
-702.723 346.284 59
-701.943 352.413 59
-700.12 358.395 59
-698.245 364.354 59
-696.32 370.286 59
-695.331 376.359 59
-694.289 382.422 59
-692.211 388.294 59
-691.066 394.33 59
-688.887 400.156 59
-687.638 406.162 59
-686.336 412.157 59
-682.059 417.466 59
-680.659 423.412 59
-678.237 429.103 59
-676.735 435.016 59
-674.216 440.656 59
-672.614 446.532 59
-669.038 451.844 59
-667.339 457.675 59
-663.675 462.906 59
-661.88 468.69 59
-659.082 474.149 59
-656.24 479.575 59
-653.353 484.968 59
-650.423 490.327 59
-647.448 495.652 59
-644.43 500.943 59
-640.436 505.84 59
-638.266 511.42 59
-634.194 516.231 59
-631.934 521.756 59
-628.705 526.869 59
-624.518 531.548 59
-622.124 536.988 59
-617.864 541.577 59
-615.383 546.958 59
-610.148 551.026 59
-607.585 556.339 59
-604.081 561.184 59
-601.429 566.444 59
-596.958 570.757 59
-595.107 576.424 59
-590.565 580.651 59
-586.87 585.307 59
-582.268 589.431 59
-579.371 594.5 59
-574.707 598.528 59
-570.873 603.015 59
-567.006 607.462 59
-563.104 611.866 59
-556.638 614.618 59
-555.2 620.551 59
-549.531 623.727 59
-545.507 627.949 59
-541.451 632.129 59
-538.183 636.84 59
-533.246 640.361 59
-529.097 644.412 59
-521.703 646.04 59
-489.564 628.913 59
-479.185 627.692 59
-478.322 633.707 59
-489.913 649.694 59
-501.259 665.912 59
-497.698 670.271 59
-492.567 673.312 59
-488.181 676.946 59
-483.769 680.534 59
-479.332 684.077 59
-474.126 686.905 59
-469.646 690.351 59
-464.41 693.069 59
-459.162 695.728 59
-454.623 699.024 59
-450.061 702.274 59
-444.77 704.77 59
-440.872 708.635 59
-436.245 711.745 59
-430.91 714.084 59
-425.567 716.365 59
-420.217 718.587 59
-414.861 720.75 59
-410.162 723.604 59
-404.788 725.656 59
-400.709 729.171 59
-395.314 731.117 59
-390.552 733.778 59
-384.515 734.836 59
-379.734 737.391 59
-373.706 738.323 59
-368.909 740.772 59
-363.496 742.376 59
-359.273 745.53 59
-354.434 747.837 59
-349.002 749.283 59
-344.146 751.491 59
-338.144 752.003 59
-333.279 754.106 59
-327.299 754.494 59
-322.971 757.332 59
-317.544 758.444 59
-312.122 759.5 59
-307.229 761.352 59
-302.327 763.157 59
-296.402 763.191 59
-291 764.027 59
-285.606 764.806 59
-280.705 766.405 59
-275.798 767.956 59
-270.416 768.578 59
-265.505 770.031 59
-260.137 770.547 59
-254.779 771.008 59
-249.433 771.414 59
-244.1 771.766 59
-239.625 773.877 59
-234.302 774.128 59
-228.993 774.326 59
-223.299 773.554 59
-218.809 775.483 59
-213.92 776.449 59
-208.656 776.441 59
-203.042 775.451 59
-198.177 776.27 59
-193.314 777.043 59
-188.111 776.831 59
-182.926 776.568 59
-177.76 776.253 59
-172.931 776.836 59
-168.105 777.375 59
-162.982 776.915 59
-157.881 776.405 59
-153.084 776.804 59
-148.293 777.159 59
-143.24 776.506 59
-138.209 775.804 59
-133.452 776.023 59
-128.46 775.227 59
-123.493 774.384 59
-118.774 774.467 59
-114.064 774.508 59
-109.154 773.527 59
-104.469 773.481 59
-99.7931 773.391 59
-94.9447 772.276 59
-90.1234 771.115 59
-85.4946 770.896 59
-80.8766 770.635 59
-76.1218 769.343 59
-71.5349 768.998 59
-66.8294 767.62 59
-62.2752 767.191 59
-57.6204 765.728 59
-53.2049 766.212 59
-48.5938 764.666 59
-44.0136 763.078 59
-39.4649 761.449 59
-35.0875 761.775 59
-30.5853 760.066 59
-26.1156 758.316 59
-21.766 758.525 59
-17.3101 755.698 59
-12.9052 752.831 59
-8.62145 753.925 59
-4.30214 752.981 59
3.70695e-05 751 59
4.27604 749.981 59
8.51681 747.926 59
12.7744 747.833 59
16.9612 745.704 59
21.0682 742.54 59
25.226 741.339 59
29.3644 740.103 59
33.5529 739.828 59
37.6604 738.52 59
41.7476 737.177 59
45.7185 734.804 59
49.7556 733.392 59
53.7716 731.947 59
57.6442 729.474 59
61.4779 726.971 59
65.2722 724.436 59
69.3226 723.848 59
73.3678 723.226 59
76.7472 718.623 59
80.9201 718.92 59
84.7395 717.214 59
87.963 712.53 59
92.3074 713.705 59
95.6394 709.948 59
99.5623 709.096 59
103.253 707.236 59
106.685 704.373 59
110.074 701.485 59
113.923 700.507 59
117.245 697.564 59
120.257 693.634 59
122.107 685.839 59
117.014 655.034 59
118.995 649.216 59
122.688 649.117 59
126.079 648.031 59
129.143 645.968 59
133.483 647.663 59
140.867 657.795 59
150.831 674.404 59
154.091 672.136 59
157.324 669.842 59
160.894 668.453 59
162.205 661.471 59
164.937 658.192 59
168.405 656.738 59
173.456 658.921 59
175.71 654.652 59
174.171 642.184 59
170.315 625.242 59
173.927 624.644 59
177.102 623.113 59
180.264 621.553 59
182.504 618.185 59
187.008 619.239 59
189.667 616.711 59
192.295 614.163 59
196.833 615.096 59
207.31 626.42 59
211 625.463 59
213.674 622.746 59
216.316 620.01 59
218.404 616.404 59
220.446 612.788 59
222.979 610.007 59
226.025 608.048 59
229.054 606.063 59
231.506 603.222 59
234.492 601.188 59
236.887 598.31 59
238.669 594.601 59
240.992 591.697 59
243.283 588.777 59
244.939 585.045 59
248.375 583.688 59
251.19 581.508 59
253.363 578.522 59
254.245 573.967 59
257.612 572.508 59
260.329 570.248 59
261.728 566.444 59
263.08 562.639 59
267.036 561.829 59
268.991 558.744 59
271.587 556.385 59
273.481 553.273 59
275.342 550.15 59
276.474 546.297 59
278.962 543.874 59
280.014 540.014 59
281.734 536.859 59
284.139 534.39 59
286.523 531.9 59
288.885 529.389 59
289.75 525.507 59
290.57 521.63 59
292.093 518.422 59
295.091 516.519 59
295.798 512.635 59
298.757 510.687 59
300.162 507.434 59
303.087 505.435 59
302.087 500.291 59
304.172 497.645 59
307.028 495.591 59
309.072 492.902 59
309.485 489.007 59
311.472 486.297 59
313.434 483.571 59
316.193 481.4 59
317.289 478.066 59
317.521 474.171 59
319.378 471.392 59
322.05 469.141 59
321.332 464.711 59
322.258 461.369 59
325.709 459.594 59
327.438 456.745 59
327.419 452.865 59
329.09 450 59
329.865 446.629 59
332.355 444.228 59
332.193 440.366 59
334.637 437.93 59
336.177 435.003 59
336.8 431.608 59
339.18 429.109 59
339.744 425.704 59
339.372 421.872 59
341.678 419.327 59
342.145 415.925 59
341.666 412.119 59
345.732 410.328 59
345.189 406.524 59
347.379 403.889 59
348.621 400.852 59
347.976 397.071 59
348.226 393.671 59
349.379 390.627 59
351.445 387.916 59
350.663 384.176 59
353.624 381.762 59
352.776 378.037 59
355.695 375.572 59
354.783 371.863 59
354.789 368.47 59
356.681 365.654 59
356.628 362.261 59
357.507 359.145 59
357.393 355.763 59
359.183 352.891 59
360.95 349.995 59
360.749 346.608 59
359.543 343.007 59
361.23 340.083 59
361.915 336.927 59
363.552 333.966 59
363.202 330.599 59
362.821 327.245 59
362.409 323.903 59
364.926 321.068 59
364.457 317.724 59
364.947 314.542 59
365.409 311.355 59
365.843 308.164 59
365.257 304.848 59
365.634 301.659 59
367.973 298.676 59
369.292 295.559 59
366.6 292.073 59
368.859 289.03 59
369.099 285.81 59
367.314 282.466 59
367.496 279.26 59
368.649 276.096 59
368.775 272.878 59
370.873 269.712 59
368.944 266.44 59
368.986 263.22 59
369 260 59
368.986 256.78 59
367.944 253.578 59
369.873 250.315 59
370.774 247.052 59
369.648 243.861 59
369.493 240.636 59
370.308 237.351 59
370.096 234.12 59
368.859 230.97 59
368.592 227.752 59
369.292 224.441 59
369.962 221.115 59
370.602 217.775 59
369.227 214.665 59
367.826 211.575 59
369.37 208.088 59
367.914 205.015 59
368.408 201.65 59
365.912 198.767 59
367.333 195.229 59
366.754 192.026 59
365.165 189.019 59
366.492 185.436 59
363.871 182.657 59
361.23 179.917 59
0 260 59
0 260 59
0 260 59
0 260 59
0 260 59
0 260 59
0 260 59
0 260 59
71.7229 238.072 59
70.5751 237.748 59
0 260 59
0 260 59
0 260 59
38.6483 246.314 59
36.648 246.661 59
36.5302 246.342 59
34.5425 246.74 59
35.3559 246.073 59
35.233 245.765 59
35.1074 245.458 59
34.0587 245.543 59
33.9312 245.246 59
31.9741 245.764 59
31.8486 245.486 59
31.7208 245.208 59
33.3957 244.071 59
32.3566 244.219 59
33.1126 243.491 59
31.1852 244.11 59
31.0454 243.839 59
30.0202 244.038 59
29.8798 243.777 59
29.7371 243.516 59
28.7217 243.75 59
28.5788 243.5 59
28.4338 243.251 59
28.2865 243.004 59
28.9898 242.235 59
28.8336 241.983 59
26.9885 242.806 59
28.5148 241.482 59
28.3521 241.234 59
27.3582 241.547 59
26.372 241.875 59
26.2129 241.646 59
26.0517 241.418 59
25.8885 241.191 59
24.9196 241.56 59
23.1604 242.547 59
34.1142 233.823 59
40.9766 227.986 59
31.3043 235.099 59
24.8687 239.862 59
26.2352 238.373 59
22.9813 240.716 59
0 260 59
0 260 59
0 260 59
0 260 59
0 260 59
0 260 59
0 260 59
0 260 59
0 260 59
0 260 59
0 260 59
