-0 260 267
-0 260 267
-0 260 267
-0 260 267
-0 260 267
-0 260 267
-0 260 267
-0 260 267
-17.3583 244.911 267
-22.8122 240.517 267
-26.8116 237.502 267
-25.4636 239.009 267
-33.4173 232.939 267
-42.2608 226.384 267
-40.1886 228.601 267
-27.7674 238.693 267
-25.5563 240.742 267
-25.7234 240.966 267
-27.5066 240.015 267
-25.2376 241.998 267
-24.5746 242.793 267
-25.5479 242.441 267
-26.5292 242.106 267
-26.6843 242.338 267
-26.8375 242.572 267
-26.9885 242.806 267
-27.1375 243.043 267
-28.1371 242.758 267
-27.4294 243.519 267
-26.7105 244.266 267
-27.7128 244 267
-27.8514 244.242 267
-27.1132 244.971 267
-28.1222 244.731 267
-30.0202 244.038 267
-30.1584 244.301 267
-30.2942 244.564 267
-30.4278 244.829 267
-31.4578 244.657 267
-30.6879 245.363 267
-31.7208 245.208 267
-31.8486 245.486 267
-31.9741 245.764 267
-33.9312 245.246 267
-34.0587 245.543 267
-34.1835 245.841 267
-34.3058 246.14 267
-34.4255 246.439 267
-37.3432 245.665 267
-37.4669 245.992 267
-37.5877 246.319 267
-0 260 267
-0 260 267
-0 260 267
-70.3782 237.133 267
-70.5751 237.748 267
-0 260 267
-70.9527 238.983 267
-0 260 267
-0 260 267
-0 260 267
-0 260 267
-0 260 267
-0 260 267
-0 260 267
-0 260 267
-0 260 267
-0 260 267
-0 260 267
-0 260 267
-0 260 267
-0 260 267
-670.64 153.781 267
-670.553 159.785 267
-671.402 165.641 267
-672.2 171.503 267
-673.939 177.251 267
-674.635 183.135 267
-675.28 189.025 267
-673.883 195.113 267
-674.424 200.996 267
-673.916 206.962 267
-675.351 212.775 267
-673.741 218.792 267
-672.078 224.778 267
-674.358 230.557 267
-672.59 236.513 267
-672.769 242.383 267
-673.897 248.237 267
-674.974 254.11 267
-673 260 267
-673.974 265.882 267
-672.897 271.746 267
-672.769 277.617 267
-671.591 283.453 267
-669.362 289.225 267
-670.08 295.118 267
-670.747 301.025 267
-669.365 306.807 267
-669.928 312.725 267
-668.447 318.482 267
-667.911 324.313 267
-666.33 330.034 267
-665.693 335.846 267
-665.006 341.653 267
-663.277 347.322 267
-661.499 352.968 267
-660.663 358.737 267
-659.776 364.498 267
-658.839 370.252 267
-656.867 375.823 267
-654.848 381.369 267
-653.764 387.079 267
-651.65 392.58 267
-649.49 398.053 267
-648.261 403.716 267
-645.033 408.918 267
-645.654 415.008 267
-642.336 420.152 267
-640.914 425.752 267
-638.477 431.079 267
-635.996 436.377 267
-634.433 441.921 267
-631.862 447.166 267
-629.249 452.381 267
-627.546 457.865 267
-624.844 463.024 267
-621.152 467.835 267
-619.315 473.247 267
-617.43 478.644 267
-614.559 483.681 267
-611.647 488.686 267
-608.694 493.656 267
-606.632 498.959 267
-602.669 503.494 267
-601.446 509.127 267
-596.487 513.194 267
-595.172 518.788 267
-591.064 523.159 267
-587.835 527.892 267
-585.475 533.011 267
-581.265 537.249 267
-578.823 542.311 267
-575.443 546.905 267
-572.917 551.916 267
-569.461 556.443 267
-565.086 560.462 267
-562.443 565.382 267
-558.007 569.309 267
-555.287 574.166 267
-553.39 579.5 267
-548.858 583.302 267
-545.158 587.564 267
-542.279 592.309 267
-537.662 595.969 267
-534.71 600.648 267
-530.878 604.757 267
-527.016 608.824 267
-523.123 612.851 267
-520.024 617.402 267
-516.066 621.353 267
-512.079 625.262 267
-507.254 628.541 267
-504.018 632.954 267
-498.349 635.533 267
-495.052 639.867 267
-490.931 643.557 267
-487.565 647.827 267
-482.608 650.808 267
-479.179 655.005 267
-475.714 659.171 267
-469.17 660.71 267
-465.656 664.788 267
-461.357 668.174 267
-457.034 671.515 267
-453.426 675.488 267
-448.32 678.065 267
-444.654 681.961 267
-439.517 684.436 267
-435.796 688.256 267
-431.335 691.335 267
-426.153 693.656 267
-420.963 695.92 267
-417.143 699.577 267
-411.927 701.738 267
-408.732 706.053 267
-403.486 708.116 267
-398.897 710.871 267
-394.291 713.581 267
-388.37 714.723 267
-384.387 718.095 267
-379.739 720.66 267
-375.075 723.179 267
-369.774 724.869 267
-366.319 728.866 267
-360.995 730.459 267
-356.876 733.591 267
-351.54 735.079 267
-345.618 735.702 267
-341.453 738.7 267
-336.689 740.842 267
-332.48 743.762 267
-327.128 744.987 267
-322.331 746.989 267
-316.98 748.106 267
-312.171 750.01 267
-306.823 751.02 267
-302.004 752.826 267
-297.177 754.586 267
-292.342 756.298 267
-288 758.831 267
-282.651 759.584 267
-278.281 762.032 267
-272.935 762.683 267
-268.068 764.163 267
-263.197 765.596 267
-257.867 766.092 267
-243.178 747.739 267
-234.09 739.956 267
-227.74 737.468 267
-223.142 738.531 267
-223.934 751.379 267
-227.772 771.585 267
-223.299 773.554 267
-217.637 772.721 267
-213.537 775.525 267
-207.907 774.587 267
-203.775 777.312 267
-198.177 776.27 267
-193.314 777.043 267
-188.453 777.771 267
-183.26 777.51 267
-178.737 779.09 267
-173.883 779.681 267
-169.032 780.228 267
-163.885 779.776 267
-159.05 780.23 267
-153.936 779.68 267
-149.12 780.043 267
-144.309 780.36 267
-139.503 780.634 267
-134.704 780.863 267
-129.67 780.079 267
-124.893 780.218 267
-120.124 780.314 267
-115.362 780.366 267
-110.609 780.375 267
-105.864 780.34 267
-101.129 780.262 267
-96.2203 779.159 267
-91.5125 778.994 267
-86.815 778.786 267
-82.1281 778.536 267
-77.5999 779.233 267
-72.7875 777.91 267
-68.1346 777.534 267
-63.4939 777.117 267
-58.8656 776.657 267
-54.2502 776.157 267
-49.7439 776.611 267
-44.9723 774.036 267
-40.5633 775.406 267
-35.8548 772.748 267
-31.3179 772.043 267
-26.796 771.298 267
-22.3331 771.513 267
-17.7987 769.689 267
-13.3502 769.825 267
-8.88324 768.922 267
-4.43304 767.981 267
3.82019e-05 766 267
4.41566 765.981 267
8.79605 763.923 267
13.1409 761.828 267
17.5196 761.694 267
21.8533 760.523 267
26.2204 760.313 267
30.4633 758.069 267
34.7388 756.787 267
39.0727 756.465 267
43.2293 754.113 267
47.4437 752.721 267
51.7416 752.288 267
55.8092 749.831 267
59.9598 748.333 267
64.2189 747.791 267
68.334 746.222 267
72.4266 744.618 267
76.3401 741.992 267
80.5433 741.307 267
84.393 738.617 267
88.3843 736.879 267
92.5424 736.089 267
96.0954 732.324 267
100.006 730.489 267
104.54 731.551 267
108.201 728.672 267
112.054 726.738 267
115.639 723.801 267
119.181 720.838 267
123.457 720.747 267
127.473 719.652 267
131.203 717.561 267
134.339 713.522 267
138.584 713.288 267
142.234 711.108 267
145.238 706.997 267
149.451 706.66 267
153.017 704.394 267
156.889 703.041 267
160.407 700.716 267
163.897 698.363 267
166.999 695.048 267
170.79 693.575 267
173.817 690.213 267
176.8 686.832 267
181.299 687.114 267
184.621 684.599 267
187.506 681.144 267
191.174 679.492 267
194.404 676.902 267
197.605 674.287 267
201.212 672.546 267
203.466 668.09 267
206.566 665.408 267
210.096 663.59 267
214.079 662.624 267
217.584 660.741 267
220.104 657.077 267
223.068 654.271 267
226.5 652.309 267
229.915 650.318 267
232.282 646.582 267
235.124 643.688 267
236.874 639.077 267
240.71 637.839 267
242.909 634.047 267
246.716 632.747 267
249.959 630.58 267
252.051 626.736 267
254.094 622.884 267
257.251 620.653 267
260.389 618.395 267
264.101 616.912 267
266.604 613.796 267
269.681 611.456 267
271.507 607.513 267
273.284 603.565 267
276.901 601.944 267
277.966 597.2 267
282.184 596.293 267
284.458 593.058 267
287.354 590.563 267
287.577 585.047 267
292.41 584.754 267
293.206 579.978 267
296.669 578.139 267
298.058 574.087 267
300.092 570.755 267
302.793 568.124 267
305.47 565.47 267
307.411 562.092 267
310.755 560.092 267
312.636 556.681 267
314.482 553.259 267
315.555 549.153 267
318.809 547.057 267
320.553 543.601 267
323.77 541.449 267
325.454 537.964 267
327.867 535.113 267
330.255 532.241 267
332.618 529.349 267
334.174 525.814 267
334.905 521.656 267
337.175 518.724 267
339.42 515.771 267
342.443 513.394 267
343.023 509.221 267
343.557 505.057 267
348.14 503.77 267
348.605 499.59 267
351.512 497.098 267
351.9 492.917 267
354.758 490.382 267
356.755 487.278 267
358.724 484.156 267
359.814 480.494 267
360.867 476.831 267
361.884 473.166 267
362.865 469.5 267
366.42 467.31 267
367.34 463.62 267
367.346 459.452 267
370.838 457.178 267
372.545 453.934 267
371.55 449.314 267
374.978 446.957 267
374.797 442.801 267
379.086 440.815 267
377.93 436.232 267
380.364 433.342 267
380.948 429.609 267
383.331 426.677 267
383.851 422.935 267
386.182 419.962 267
386.636 416.211 267
387.984 412.831 267
390.237 409.798 267
391.529 406.387 267
389.972 401.938 267
394.024 399.531 267
394.281 395.762 267
394.503 391.999 267
394.688 388.242 267
394.839 384.492 267
399.735 382.211 267
397.91 377.866 267
397.962 374.114 267
399.907 370.904 267
399.893 367.151 267
400.813 363.657 267
402.673 360.398 267
402.561 356.646 267
403.389 353.13 267
404.187 349.606 267
403.975 345.868 267
405.689 342.538 267
407.375 339.186 267
408.051 335.628 267
407.71 331.89 267
407.336 328.165 267
410.878 325.077 267
408.464 321.045 267
409.971 317.618 267
412.441 314.299 267
412.899 310.698 267
412.332 306.979 267
410.738 303.17 267
413.089 299.776 267
411.428 295.995 267
411.727 292.404 267
413.989 288.949 267
415.224 285.396 267
416.429 281.824 267
415.604 278.146 267
415.747 274.518 267
415.857 270.89 267
413.937 267.225 267
414.984 263.622 267
417 260 267
415.984 256.37 267
417.936 252.705 267
415.857 249.11 267
415.747 245.482 267
416.603 241.811 267
416.429 238.176 267
415.224 234.604 267
416.982 230.842 267
415.715 227.283 267
417.406 223.482 267
415.08 220.032 267
416.705 216.203 267
416.307 212.568 267
414.884 209.059 267
412.441 205.701 267
413.932 201.826 267
414.398 198.068 267
415.817 194.141 267
415.226 190.515 267
413.619 187.068 267
411.984 183.643 267
411.302 180.051 267
410.588 176.465 267
410.822 172.677 267
409.068 169.312 267
0 260 267
0 260 267
0 260 267
0 260 267
0 260 267
0 260 267
0 260 267
0 260 267
70.7666 238.364 267
71.5288 237.447 267
0 260 267
0 260 267
42.5483 245.349 267
39.5909 245.98 267
38.5274 245.977 267
37.4669 245.992 267
35.4761 246.382 267
36.2863 245.706 267
36.1602 245.39 267
35.1074 245.458 267
34.0587 245.543 267
33.0142 245.645 267
31.9741 245.764 267
31.8486 245.486 267
31.7208 245.208 267
33.3957 244.071 267
33.2554 243.78 267
33.1126 243.491 267
32.0762 243.656 267
30.1584 244.301 267
29.1373 244.507 267
29.8798 243.777 267
29.7371 243.516 267
28.7217 243.75 267
27.7128 244 267
28.4338 243.251 267
28.2865 243.004 267
28.1371 242.758 267
27.9856 242.513 267
27.8319 242.269 267
28.5148 241.482 267
27.5182 241.786 267
26.5292 242.106 267
26.372 241.875 267
25.3937 242.219 267
26.0517 241.418 267
25.0795 241.779 267
24.1157 242.155 267
23.9591 241.946 267
34.1142 233.823 267
40.9766 227.986 267
33.6522 233.232 267
26.423 238.603 267
26.2352 238.373 267
22.2153 241.359 267
0 260 267
0 260 267
0 260 267
0 260 267
0 260 267
0 260 267
0 260 267
0 260 267
0 260 267
0 260 267
0 260 267
