-0 260 211
-0 260 211
-0 260 211
-0 260 211
-0 260 211
-0 260 211
-0 260 211
-0 260 211
-15.8489 246.223 211
-22.8122 240.517 211
-27.5776 236.86 211
-26.2352 238.373 211
-34.9716 231.681 211
-40.6956 227.629 211
-39.4005 229.217 211
-26.974 239.302 211
-26.355 240.14 211
-26.5273 240.371 211
-26.6976 240.603 211
-26.8658 240.837 211
-26.2129 241.646 211
-26.372 241.875 211
-25.7002 242.665 211
-26.6843 242.338 211
-26.8375 242.572 211
-27.8319 242.269 211
-27.1375 243.043 211
-26.4318 243.803 211
-27.4294 243.519 211
-27.5721 243.759 211
-28.5788 243.5 211
-26.981 244.735 211
-26.2386 245.456 211
-29.001 244.254 211
-30.0202 244.038 211
-30.1584 244.301 211
-31.1852 244.11 211
-30.4278 244.829 211
-29.6602 245.534 211
-30.6879 245.363 211
-31.7208 245.208 211
-31.8486 245.486 211
-32.8876 245.357 211
-33.0142 245.645 211
-34.0587 245.543 211
-35.1074 245.458 211
-34.3058 246.14 211
-35.3559 246.073 211
-36.4096 246.024 211
-38.4036 245.642 211
-40.4068 245.293 211
-42.4189 244.979 211
-0 260 211
-0 260 211
-71.3292 236.824 211
-71.5288 237.447 211
-0 260 211
-0 260 211
-0 260 211
-0 260 211
-0 260 211
-0 260 211
-0 260 211
-0 260 211
-0 260 211
-0 260 211
-0 260 211
-0 260 211
-0 260 211
-0 260 211
-0 260 211
-0 260 211
-730.889 144.239 211
-730.883 150.769 211
-729.828 157.43 211
-731.686 163.672 211
-731.507 170.182 211
-732.262 176.569 211
-732.963 182.963 211
-733.607 189.362 211
-734.196 195.766 211
-733.731 202.254 211
-734.207 208.659 211
-734.627 215.068 211
-733.993 221.533 211
-734.3 227.94 211
-734.552 234.349 211
-732.749 240.812 211
-733.888 247.19 211
-733.972 253.595 211
-734 260 211
-731.972 266.388 211
-731.889 272.775 211
-731.749 279.162 211
-732.553 285.581 211
-730.304 291.886 211
-729.998 298.258 211
-729.637 304.627 211
-728.222 310.922 211
-727.75 317.275 211
-725.23 323.449 211
-725.644 329.872 211
-724.012 336.097 211
-722.327 342.299 211
-720.588 348.477 211
-719.789 354.762 211
-716.954 360.761 211
-717.036 367.162 211
-716.074 373.415 211
-713.084 379.33 211
-712.016 385.548 211
-709.91 391.574 211
-707.753 397.573 211
-705.546 403.545 211
-703.288 409.489 211
-700.981 415.404 211
-699.598 421.515 211
-697.189 427.38 211
-694.732 433.216 211
-693.194 439.272 211
-689.671 444.797 211
-688.032 450.808 211
-684.418 456.254 211
-682.68 462.219 211
-679.933 467.876 211
-677.139 473.501 211
-673.348 478.784 211
-671.413 484.652 211
-667.536 489.851 211
-665.505 495.668 211
-662.483 501.124 211
-658.481 506.196 211
-655.373 511.574 211
-653.153 517.284 211
-648.101 521.85 211
-644.868 527.113 211
-642.512 532.73 211
-639.191 537.928 211
-635.828 543.089 211
-631.513 547.797 211
-628.071 552.875 211
-624.589 557.914 211
-621.067 562.915 211
-617.505 567.877 211
-613.012 572.346 211
-610.263 577.683 211
-606.585 582.527 211
-602.868 587.331 211
-598.24 591.61 211
-594.453 596.325 211
-590.629 601 211
-586.769 605.634 211
-580.302 608.681 211
-578.09 614.254 211
-574.129 618.755 211
-569.289 622.677 211
-566.103 627.631 211
-561.205 631.454 211
-556.284 635.219 211
-552.989 640.059 211
-547.194 643.149 211
-543.829 647.91 211
-537.187 650.289 211
-534.565 655.557 211
-530.294 659.605 211
-525.993 663.609 211
-521.663 667.568 211
-516.521 670.86 211
-511.362 674.093 211
-506.957 677.903 211
-501.759 681.026 211
-498.066 685.389 211
-492.825 688.407 211
-487.57 691.366 211
-483.044 694.935 211
-477.018 697.107 211
-473.186 701.253 211
-466.416 702.612 211
-461.816 705.971 211
-457.193 709.283 211
-452.548 712.548 211
-447.881 715.767 211
-443.192 718.939 211
-437.793 721.338 211
-433.069 724.41 211
-427.649 726.697 211
-421.552 728.181 211
-416.788 731.093 211
-412.005 733.958 211
-406.554 736.014 211
-401.742 738.778 211
-396.277 740.722 211
-391.437 743.385 211
-385.959 745.217 211
-379.863 746.203 211
-375.606 749.499 211
-369.514 750.362 211
-364.031 751.96 211
-359.725 755.118 211
-354.809 757.425 211
-348.734 758.044 211
-343.809 760.245 211
-337.752 760.739 211
-332.266 761.999 211
-327.328 764.041 211
-321.842 765.192 211
-310.003 756.108 211
-292.599 737.479 211
-286.876 737.442 211
-282.191 739.066 211
-282 748.438 211
-288.56 770.028 211
-285.553 775.151 211
-279.615 774.987 211
-274.171 775.641 211
-268.276 775.353 211
-263.768 777.675 211
-258.795 779.062 211
-253.817 780.402 211
-248.405 780.792 211
-241.738 778.408 211
-237.204 780.498 211
-231.84 780.721 211
-226.888 781.807 211
-221.545 781.926 211
-216.216 781.992 211
-211.653 783.859 211
-205.974 782.895 211
-200.686 782.805 211
-195.416 782.663 211
-190.505 783.409 211
-185.263 783.166 211
-180.039 782.872 211
-174.835 782.526 211
-169.65 782.13 211
-164.787 782.637 211
-159.927 783.099 211
-154.788 782.557 211
-149.947 782.926 211
-144.576 781.324 211
-139.762 781.6 211
-134.704 780.863 211
-129.67 780.079 211
-124.893 780.218 211
-120.124 780.314 211
-115.146 779.389 211
-110.193 778.418 211
-105.466 778.38 211
-100.365 776.336 211
-95.6736 776.209 211
-90.9916 776.039 211
-85.9898 773.855 211
-81.3459 773.598 211
-76.713 773.299 211
-72.0916 772.959 211
-67.2209 770.594 211
-62.6408 770.169 211
-57.96 768.709 211
-53.414 768.201 211
-48.6896 765.661 211
-44.1879 765.071 211
-39.6218 763.443 211
-35.0875 761.775 211
-30.7074 762.062 211
-26.2203 760.313 211
-21.8097 759.524 211
-17.3799 757.697 211
-13.0099 756.83 211
-8.6389 754.925 211
-4.29342 751.981 211
3.70695e-05 751 211
4.27604 749.981 211
8.53426 748.926 211
12.7482 746.833 211
16.9263 744.705 211
21.1118 743.539 211
25.1736 740.341 211
29.3033 739.105 211
33.4831 738.831 211
37.5035 736.526 211
41.5733 735.185 211
45.5268 732.813 211
49.2329 728.42 211
53.5452 729.959 211
57.4005 727.489 211
60.9558 723.005 211
64.9939 722.455 211
68.8792 720.881 211
72.7421 719.275 211
76.5821 717.637 211
80.3991 715.966 211
84.1928 714.264 211
87.5814 710.567 211
91.3105 708.806 211
94.8078 706.035 211
98.6965 705.191 211
102.128 702.364 211
105.284 698.539 211
109.349 698.574 211
112.671 695.666 211
116.21 693.701 211
119.456 690.743 211
123.486 690.645 211
126.387 686.675 211
130.105 685.556 211
132.912 681.543 211
136.895 681.318 211
139.931 678.211 211
142.924 675.083 211
145.874 671.934 211
149.121 669.706 211
152.69 668.389 211
155.173 664.24 211
157.962 661.01 211
161.455 659.616 211
164.554 657.268 211
167.624 654.897 211
171.063 653.419 211
173.27 649.17 211
175.83 645.824 211
179.613 645.181 211
182.537 642.696 211
184.993 639.291 211
187.403 635.872 211
189.768 632.441 211
193.011 630.771 211
195.3 627.306 211
198.498 625.588 211
201.196 622.967 211
204.356 621.198 211
206.5 617.668 211
209.613 615.853 211
212.196 613.153 211
215.269 611.288 211
216.737 606.852 211
219.218 604.104 211
221.123 600.5 211
224.638 599.392 211
225.914 594.931 211
230.527 595.419 211
231.725 590.937 211
233.443 587.274 211
236.877 586.034 211
238.524 582.347 211
240.124 578.656 211
244.113 578.135 211
245.033 573.628 211
248.383 572.261 211
249.211 567.75 211
250.615 564.02 211
253.901 562.588 211
256.532 560.36 211
258.487 557.356 211
261.072 555.089 211
260.961 549.826 211
264.156 548.275 211
266.661 545.959 211
267.77 542.171 211
269.527 539.104 211
270.551 535.315 211
272.236 532.236 211
274.601 529.85 211
275.507 526.054 211
279.269 525.017 211
280.84 521.887 211
280.903 517.4 211
283.138 514.939 211
284.603 511.796 211
286.79 509.302 211
288.194 506.141 211
289.565 502.974 211
292.446 501.074 211
293.761 497.883 211
296.608 495.933 211
297.08 492.104 211
298.301 488.894 211
300.287 486.282 211
301.446 483.059 211
304.19 481.007 211
304.479 477.183 211
305.544 473.944 211
308.223 471.836 211
309.231 468.579 211
309.372 464.769 211
311.985 462.606 211
313.742 459.875 211
313.778 456.07 211
315.477 453.324 211
314.58 449.019 211
317.941 447.282 211
320.429 445 211
320.291 441.212 211
321.86 438.41 211
323.405 435.594 211
322.276 431.357 211
324.646 429 211
325.217 425.707 211
326.651 422.862 211
327.161 419.567 211
328.541 416.706 211
328.99 413.41 211
331.226 410.948 211
330.703 407.239 211
331.976 404.347 211
334.143 401.835 211
335.368 398.914 211
335.641 395.608 211
335.881 392.307 211
337.956 389.729 211
339.075 386.775 211
339.229 383.469 211
340.294 380.504 211
340.387 377.205 211
341.397 374.23 211
343.331 371.555 211
340.477 367.352 211
343.313 364.961 211
344.216 361.962 211
345.093 358.954 211
343.052 355.137 211
344.836 352.398 211
345.629 349.386 211
347.366 346.608 211
348.108 343.573 211
347.85 340.308 211
347.561 337.052 211
349.199 334.224 211
348.853 330.975 211
349.459 327.928 211
352.005 325.24 211
351.576 321.992 211
351.118 318.757 211
351.617 315.691 211
352.09 312.62 211
352.535 309.546 211
353.946 306.598 211
354.339 303.507 211
351.724 300.074 211
353.055 297.108 211
352.37 293.929 211
352.653 290.853 211
354.903 287.931 211
356.13 284.903 211
353.34 281.611 211
356.511 278.684 211
355.661 275.529 211
354.784 272.389 211
356.878 269.345 211
354.946 266.196 211
355.986 263.107 211
357 260 211
356.986 256.885 211
355.946 253.787 211
356.878 250.655 211
356.783 247.541 211
357.659 244.384 211
354.513 241.421 211
356.334 238.206 211
356.13 235.097 211
356.896 231.912 211
355.642 228.885 211
355.356 225.783 211
356.039 222.579 211
354.705 219.586 211
356.324 216.249 211
354.937 213.272 211
355.506 210.037 211
355.057 206.936 211
352.605 204.153 211
355.063 200.583 211
353.546 197.66 211
353.972 194.395 211
351.423 191.69 211
349.833 188.826 211
350.177 185.568 211
347.561 182.948 211
0 260 211
0 260 211
0 260 211
0 260 211
0 260 211
0 260 211
0 260 211
0 260 211
71.7229 238.072 211
71.5288 237.447 211
0 260 211
0 260 211
0 260 211
38.6483 246.314 211
38.5274 245.977 211
36.5302 246.342 211
35.4761 246.382 211
34.4255 246.439 211
35.233 245.765 211
34.1835 245.841 211
34.9792 245.152 211
33.0142 245.645 211
31.9741 245.764 211
32.7586 245.071 211
32.6271 244.786 211
33.3957 244.071 211
33.2554 243.78 211
33.1126 243.491 211
32.0762 243.656 211
31.9324 243.377 211
30.0202 244.038 211
29.8798 243.777 211
29.7371 243.516 211
28.7217 243.75 211
27.7128 244 211
28.4338 243.251 211
29.1437 242.489 211
28.1371 242.758 211
28.8336 241.983 211
26.9885 242.806 211
28.5148 241.482 211
27.5182 241.786 211
27.3582 241.547 211
27.1962 241.309 211
26.2129 241.646 211
26.0517 241.418 211
25.0795 241.779 211
24.1157 242.155 211
23.9591 241.946 211
35.7009 232.606 211
40.9766 227.986 211
32.8695 233.854 211
26.423 238.603 211
25.4636 239.009 211
22.9813 240.716 211
0 260 211
0 260 211
0 260 211
0 260 211
0 260 211
0 260 211
0 260 211
0 260 211
0 260 211
0 260 211
0 260 211
