-0 260 263
-0 260 263
-0 260 263
-0 260 263
-0 260 263
-0 260 263
-0 260 263
-0 260 263
-16.6036 245.567 263
-22.0518 241.166 263
-26.0455 238.145 263
-26.2352 238.373 263
-34.1944 232.31 263
-42.2608 226.384 263
-40.9766 227.986 263
-26.974 239.302 263
-26.355 240.14 263
-25.7234 240.966 263
-26.6976 240.603 263
-25.2376 241.998 263
-25.3937 242.219 263
-26.372 241.875 263
-26.5292 242.106 263
-26.6843 242.338 263
-27.6761 242.027 263
-26.1451 243.344 263
-26.2895 243.573 263
-27.2845 243.28 263
-26.5722 244.034 263
-26.7105 244.266 263
-26.8468 244.5 263
-26.981 244.735 263
-27.1132 244.971 263
-29.001 244.254 263
-29.1373 244.507 263
-30.1584 244.301 263
-29.4032 245.018 263
-29.5328 245.275 263
-30.559 245.095 263
-31.5905 244.932 263
-31.7208 245.208 263
-31.8486 245.486 263
-32.8876 245.357 263
-33.0142 245.645 263
-34.0587 245.543 263
-34.1835 245.841 263
-33.3786 246.514 263
-34.4255 246.439 263
-36.4096 246.024 263
-36.5302 246.342 263
-38.5274 245.977 263
-0 260 263
-0 260 263
-0 260 263
-72.2803 236.515 263
-71.5288 237.447 263
-0 260 263
-71.9115 238.699 263
-0 260 263
-0 260 263
-0 260 263
-0 260 263
-0 260 263
-0 260 263
-0 260 263
-0 260 263
-0 260 263
-0 260 263
-0 260 263
-0 260 263
-0 260 263
-0 260 263
-674.591 153.155 263
-674.509 159.194 263
-675.363 165.084 263
-677.157 170.851 263
-676.916 176.885 263
-674.635 183.135 263
-676.275 188.921 263
-677.865 194.729 263
-679.405 200.56 263
-676.907 206.726 263
-677.346 212.635 263
-677.734 218.548 263
-679.068 224.412 263
-678.354 230.383 263
-678.586 236.303 263
-677.768 242.252 263
-677.897 248.167 263
-677.974 254.084 263
-677 260 263
-676.974 265.908 263
-676.897 271.815 263
-677.768 277.748 263
-675.588 283.592 263
-676.356 289.53 263
-674.075 295.327 263
-673.741 301.208 263
-674.353 307.155 263
-672.919 312.96 263
-671.435 318.743 263
-669.902 324.504 263
-670.308 330.452 263
-668.674 336.186 263
-665.998 341.774 263
-667.242 347.844 263
-665.46 353.524 263
-663.63 359.18 263
-662.739 364.968 263
-660.811 370.582 263
-659.821 376.344 263
-658.781 382.098 263
-655.727 387.461 263
-655.57 393.377 263
-653.403 398.885 263
-651.189 404.365 263
-648.93 409.817 263
-647.598 415.475 263
-644.276 420.636 263
-642.85 426.252 263
-641.375 431.856 263
-638.887 437.179 263
-637.316 442.748 263
-634.739 448.018 263
-632.117 453.258 263
-630.407 458.767 263
-626.746 463.642 263
-624.945 469.104 263
-623.097 474.549 263
-620.258 479.645 263
-617.378 484.707 263
-615.394 490.086 263
-612.429 495.089 263
-608.493 499.692 263
-605.451 504.618 263
-603.293 509.892 263
-601.09 515.148 263
-597.006 519.586 263
-593.805 524.379 263
-590.565 529.136 263
-588.194 534.279 263
-583.07 538.11 263
-580.621 543.188 263
-577.233 547.798 263
-573.808 552.37 263
-571.235 557.366 263
-568.618 562.34 263
-565.079 566.813 263
-561.506 571.248 263
-557.898 575.644 263
-555.122 580.5 263
-551.443 584.825 263
-546.873 588.594 263
-543.132 592.832 263
-539.359 597.029 263
-535.554 601.185 263
-532.556 605.846 263
-528.684 609.928 263
-525.61 614.528 263
-521.672 618.535 263
-515.247 620.78 263
-512.893 625.843 263
-508.872 629.717 263
-504.822 633.549 263
-501.543 637.94 263
-497.432 641.693 263
-492.507 644.788 263
-488.347 648.449 263
-483.385 651.437 263
-479.179 655.005 263
-474.948 658.528 263
-470.691 662.008 263
-467.165 666.101 263
-462.106 668.837 263
-457.034 671.515 263
-454.9 676.839 263
-449.782 679.429 263
-444.654 681.961 263
-440.236 685.131 263
-436.509 688.957 263
-432.042 692.042 263
-428.256 695.796 263
-423.047 698.078 263
-417.143 699.577 263
-413.973 703.932 263
-408.056 705.316 263
-404.155 708.86 263
-400.222 712.369 263
-394.947 714.335 263
-390.968 717.764 263
-385.673 719.627 263
-380.375 721.432 263
-376.963 725.51 263
-371.019 726.435 263
-366.319 728.866 263
-360.995 730.459 263
-356.274 732.792 263
-352.135 735.883 263
-346.793 737.32 263
-342.615 740.328 263
-337.263 741.661 263
-331.914 742.938 263
-328.246 746.645 263
-322.883 747.823 263
-318.069 749.784 263
-312.708 750.854 263
-307.883 752.716 263
-303.049 754.531 263
-298.207 756.3 263
-293.357 758.022 263
-289 760.563 263
-284.128 762.195 263
-278.281 762.032 263
-273.889 764.441 263
-268.538 765.046 263
-263.658 766.483 263
-258.321 766.983 263
-248.086 757.584 263
-234.967 741.754 263
-228.601 739.273 263
-223.565 739.437 263
-218.958 740.46 263
-224.925 765.191 263
-223.299 773.554 263
-218.419 774.562 263
-213.537 775.525 263
-209.03 777.369 263
-203.775 777.312 263
-198.536 777.204 263
-193.665 777.98 263
-188.795 778.71 263
-183.928 779.395 263
-179.062 780.035 263
-174.2 780.63 263
-169.032 780.228 263
-164.185 780.729 263
-159.343 781.186 263
-154.22 780.639 263
-149.395 781.004 263
-144.576 781.324 263
-139.762 781.6 263
-134.955 781.832 263
-130.154 782.019 263
-125.127 781.19 263
-120.574 782.262 263
-115.362 780.366 263
-110.817 781.353 263
-106.064 781.32 263
-101.32 781.244 263
-96.5848 781.125 263
-91.6862 779.979 263
-87.1451 780.759 263
-82.1281 778.536 263
-77.7477 780.222 263
-72.9267 778.9 263
-68.2652 778.526 263
-63.6158 778.109 263
-58.8656 776.657 263
-54.2502 776.157 263
-49.6481 775.615 263
-45.1466 776.029 263
-40.4064 773.412 263
-35.9943 774.743 263
-31.3179 772.043 263
-26.796 771.298 263
-22.3331 771.513 263
-17.8336 770.689 263
-13.324 768.826 263
-8.88324 768.922 263
-4.43304 767.981 263
3.82019e-05 766 263
4.39821 763.981 263
8.79605 763.923 263
13.167 762.828 263
17.5545 762.694 263
21.8097 759.524 263
26.168 759.315 263
30.4633 758.069 263
34.7388 756.787 263
38.9157 754.471 263
43.1421 753.116 263
47.4437 752.721 263
51.3235 748.31 263
55.696 748.837 263
59.9598 748.333 263
63.9579 745.808 263
68.1949 745.231 263
71.8354 740.662 263
76.3401 741.992 263
80.3782 740.321 263
84.393 738.617 263
88.3843 736.879 263
92.3516 735.108 263
96.2947 733.304 263
100.006 730.489 263
103.891 728.622 263
107.302 724.775 263
111.353 723.82 263
115.639 723.801 263
119.181 720.838 263
123.198 719.781 263
127.205 718.688 263
130.928 716.599 263
134.339 713.522 263
137.707 710.42 263
141.632 709.201 263
144.929 706.045 263
148.499 703.815 263
152.366 702.503 263
156.222 701.156 263
159.723 698.836 263
163.197 696.489 263
166.283 693.181 263
170.057 691.714 263
173.068 688.359 263
176.417 685.908 263
180.127 684.353 263
183.823 682.765 263
187.099 680.231 263
189.93 676.762 263
193.559 675.089 263
196.744 672.481 263
199.459 668.951 263
203.02 667.195 263
206.112 664.517 263
209.634 662.703 263
213.14 660.858 263
216.153 658.104 263
218.649 654.453 263
221.591 651.66 263
224.5 648.845 263
227.377 646.01 263
230.222 643.154 263
234.079 641.983 263
236.874 639.077 263
239.636 636.153 263
242.909 634.047 263
244.508 629.411 263
247.163 626.435 263
249.785 623.44 263
252.947 621.246 263
256.09 619.025 263
258.038 615.158 263
261.722 613.697 263
264.799 611.4 263
267.246 608.282 263
269.044 604.361 263
271.416 601.217 263
273.125 597.281 263
277.33 596.428 263
280.255 593.995 263
282.51 590.777 263
282.761 585.28 263
286.914 584.298 263
289.064 581.039 263
291.179 577.767 263
293.941 575.213 263
295.992 571.911 263
298.008 568.597 263
300.69 565.984 263
303.349 563.349 263
305.271 559.989 263
307.158 556.619 263
309.009 553.239 263
311.557 550.531 263
314.08 547.801 263
315.093 543.711 263
319.055 542.276 263
321.506 539.481 263
322.412 535.366 263
324.803 532.542 263
325.626 528.425 263
326.401 524.315 263
331.043 523.324 263
331.753 519.193 263
334.002 516.289 263
336.226 513.364 263
338.424 510.42 263
338.978 506.282 263
340.3 502.734 263
342.406 499.755 263
344.485 496.758 263
346.538 493.743 263
348.564 490.71 263
350.564 487.659 263
351.694 484.054 263
355.332 482.036 263
355.551 477.882 263
357.439 474.771 263
358.438 471.136 263
359.401 467.5 263
362.068 464.848 263
363.842 461.681 263
365.588 458.498 263
367.306 455.3 263
368.997 452.087 263
369.768 448.406 263
372.293 445.618 263
371.202 441.047 263
373.67 438.232 263
375.211 434.964 263
377.634 432.098 263
377.294 427.982 263
379.663 425.082 263
380.169 421.372 263
381.562 418.048 263
382 414.338 263
384.262 411.365 263
385.569 408.006 263
384.972 403.935 263
389.033 401.596 263
389.311 397.862 263
389.554 394.134 263
389.761 390.412 263
390.884 387.006 263
391.978 383.59 263
393.998 380.457 263
394.075 376.73 263
394.117 373.011 263
395.088 369.568 263
397.961 366.633 263
397.909 362.906 263
398.792 359.43 263
398.672 355.713 263
399.492 352.23 263
399.305 348.524 263
401.041 345.244 263
402.749 341.94 263
402.467 338.232 263
402.151 334.534 263
402.786 331.022 263
405.363 327.835 263
404.952 324.138 263
405.497 320.602 263
407 317.2 263
407.484 313.646 263
407.936 310.088 263
407.364 306.413 263
408.748 302.961 263
409.108 299.393 263
408.44 295.734 263
408.736 292.168 263
410.996 288.74 263
409.235 285.03 263
409.438 281.458 263
412.607 278.015 263
409.75 274.309 263
411.859 270.785 263
410.937 267.173 263
412.984 263.604 263
412 260 263
411.984 256.405 263
410.937 252.827 263
412.858 249.189 263
412.748 245.587 263
412.607 241.985 263
414.431 238.281 263
411.232 234.848 263
411.994 231.191 263
411.727 227.596 263
409.436 224.179 263
413.089 220.224 263
411.732 216.725 263
412.332 213.021 263
412.899 209.302 263
411.45 205.832 263
409.971 202.382 263
412.42 198.363 263
410.878 194.923 263
411.281 191.175 263
409.68 187.762 263
408.051 184.372 263
408.357 180.623 263
410.588 176.465 263
406.909 173.509 263
407.115 169.745 263
0 260 263
0 260 263
0 260 263
0 260 263
0 260 263
0 260 263
0 260 263
0 260 263
71.7229 238.072 263
71.5288 237.447 263
73.2314 236.206 263
0 260 263
41.6028 245.675 263
38.6483 246.314 263
38.5274 245.977 263
36.5302 246.342 263
34.5425 246.74 263
36.2863 245.706 263
35.233 245.765 263
35.1074 245.458 263
34.0587 245.543 263
33.0142 245.645 263
32.8876 245.357 263
32.7586 245.071 263
31.7208 245.208 263
33.3957 244.071 263
32.3566 244.219 263
33.1126 243.491 263
31.1852 244.11 263
31.0454 243.839 263
30.0202 244.038 263
29.001 244.254 263
28.8625 244.001 263
27.8514 244.242 263
28.5788 243.5 263
28.4338 243.251 263
29.1437 242.489 263
28.9898 242.235 263
27.1375 243.043 263
28.6753 241.732 263
28.5148 241.482 263
27.5182 241.786 263
27.3582 241.547 263
27.1962 241.309 263
26.2129 241.646 263
26.0517 241.418 263
25.0795 241.779 263
23.3118 242.75 263
24.7577 241.344 263
34.1142 233.823 263
40.9766 227.986 263
32.8695 233.854 263
26.423 238.603 263
27.0069 237.737 263
22.9813 240.716 263
0 260 263
0 260 263
0 260 263
0 260 263
0 260 263
0 260 263
0 260 263
0 260 263
0 260 263
0 260 263
0 260 263
