-0 260 48
-0 260 48
-0 260 48
-0 260 48
-0 260 48
-0 260 48
-0 260 48
-0 260 48
-15.8489 246.223 48
-23.5726 239.867 48
-26.0455 238.145 48
-26.2352 238.373 48
-34.1944 232.31 48
-43.8261 225.139 48
-40.1886 228.601 48
-26.974 239.302 48
-26.355 240.14 48
-26.5273 240.371 48
-26.6976 240.603 48
-26.0517 241.418 48
-25.3937 242.219 48
-26.372 241.875 48
-24.8711 243.224 48
-27.5182 241.786 48
-25.9988 243.116 48
-26.9885 242.806 48
-26.2895 243.573 48
-27.2845 243.28 48
-27.4294 243.519 48
-27.5721 243.759 48
-27.7128 244 48
-27.8514 244.242 48
-27.1132 244.971 48
-27.2433 245.208 48
-28.2543 244.977 48
-30.1584 244.301 48
-30.2942 244.564 48
-31.3227 244.383 48
-30.559 245.095 48
-30.6879 245.363 48
-30.8145 245.631 48
-30.9387 245.9 48
-31.9741 245.764 48
-33.0142 245.645 48
-33.1382 245.934 48
-35.1074 245.458 48
-33.3786 246.514 48
-33.495 246.806 48
-36.4096 246.024 48
-37.4669 245.992 48
-38.5274 245.977 48
-0 260 48
-0 260 48
-0 260 48
-71.3292 236.824 48
-70.5751 237.748 48
-0 260 48
-0 260 48
-0 260 48
-0 260 48
-0 260 48
-0 260 48
-0 260 48
-0 260 48
-0 260 48
-0 260 48
-0 260 48
-0 260 48
-0 260 48
-0 260 48
-0 260 48
-705.194 141.991 48
-713.111 147.054 48
-714.069 153.282 48
-712.993 159.795 48
-713.84 166.021 48
-714.633 172.254 48
-713.385 178.72 48
-715.061 184.844 48
-714.694 191.183 48
-716.264 197.335 48
-713.793 203.823 48
-715.253 209.985 48
-714.665 216.289 48
-715.019 222.528 48
-714.319 228.812 48
-714.564 235.047 48
-714.755 241.284 48
-714.891 247.522 48
-714.973 253.761 48
-713 260 48
-712.973 266.222 48
-712.891 272.444 48
-711.756 278.638 48
-710.567 284.814 48
-710.323 291.013 48
-709.027 297.159 48
-709.674 303.406 48
-707.273 309.457 48
-706.814 315.628 48
-705.306 321.706 48
-705.736 327.955 48
-702.132 333.797 48
-702.455 340.035 48
-699.745 345.918 48
-698.969 352.021 48
-698.139 358.117 48
-696.267 364.058 48
-693.357 369.817 48
-692.372 375.864 48
-690.35 381.727 48
-688.278 387.565 48
-687.139 393.566 48
-684.967 399.358 48
-683.725 405.33 48
-682.431 411.291 48
-678.162 416.566 48
-675.797 422.245 48
-675.326 428.378 48
-671.894 433.764 48
-669.387 439.362 48
-667.796 445.196 48
-664.232 450.466 48
-661.586 455.971 48
-658.894 461.444 48
-656.157 466.886 48
-652.425 471.986 48
-651.498 477.988 48
-647.68 483.014 48
-644.767 488.324 48
-642.75 493.942 48
-638.81 498.842 48
-634.835 503.69 48
-632.684 509.221 48
-628.631 513.983 48
-625.466 519.077 48
-621.341 523.744 48
-618.098 528.757 48
-614.816 533.734 48
-612.404 539.089 48
-609.039 544 48
-605.635 548.873 48
-601.293 553.27 48
-598.711 558.506 48
-594.301 562.812 48
-590.749 567.525 48
-586.277 571.729 48
-583.535 576.833 48
-579.873 581.429 48
-576.175 585.984 48
-572.443 590.5 48
-567.814 594.468 48
-564.873 599.41 48
-559.332 602.759 48
-557.168 608.157 48
-552.421 611.931 48
-547.652 615.649 48
-545.361 620.967 48
-540.532 624.594 48
-536.506 628.731 48
-531.63 632.251 48
-515.335 627.585 48
-508.063 629.129 48
-505.626 634.144 48
-501.543 637.94 48
-482.359 630.127 48
-471.23 628.166 48
-467.217 631.641 48
-474.836 644.515 48
-492.296 665.818 48
-488.736 670.099 48
-482.858 672.4 48
-478.486 675.941 48
-474.089 679.439 48
-470.411 683.56 48
-464.485 685.622 48
-461.484 690.341 48
-456.26 692.975 48
-449.587 694.162 48
-445.781 698.068 48
-439.82 699.82 48
-435.966 703.642 48
-432.077 707.429 48
-426.091 709.007 48
-421.475 711.977 48
-416.839 714.9 48
-411.515 717.034 48
-407.511 720.608 48
-402.164 722.637 48
-396.813 724.608 48
-392.1 727.287 48
-388.008 730.691 48
-381.997 731.728 48
-377.866 735.043 48
-373.091 737.535 48
-367.692 739.185 48
-362.293 740.779 48
-357.488 743.118 48
-352.671 745.41 48
-346.099 745.213 48
-341.278 747.396 48
-335.879 748.707 48
-332.161 752.448 48
-326.747 753.66 48
-321.337 754.816 48
-315.932 755.914 48
-311.592 758.652 48
-305.662 758.795 48
-301.297 761.443 48
-295.895 762.33 48
-291.5 764.893 48
-286.59 766.547 48
-281.19 767.279 48
-275.321 767.078 48
-270.416 768.578 48
-265.044 769.144 48
-260.59 771.438 48
-254.779 771.008 48
-249.872 772.313 48
-244.1 771.766 48
-240.047 774.783 48
-234.302 774.128 48
-228.993 774.326 48
-224.496 776.305 48
-219.591 777.324 48
-213.92 776.449 48
-208.656 776.441 48
-204.141 778.243 48
-199.253 779.071 48
-193.665 777.98 48
-188.795 778.71 48
-183.594 778.453 48
-179.062 780.035 48
-173.883 779.681 48
-169.032 780.228 48
-163.584 778.822 48
-158.758 779.273 48
-153.936 779.68 48
-148.844 779.081 48
-144.041 779.397 48
-139.245 779.668 48
-134.204 778.927 48
-129.428 779.108 48
-124.426 778.273 48
-119.449 777.391 48
-115.146 779.389 48
-109.985 777.44 48
-105.067 776.42 48
-100.365 776.336 48
-95.6736 776.209 48
-90.818 775.054 48
-86.3199 775.827 48
-81.5023 774.586 48
-76.5652 772.31 48
-71.9525 771.969 48
-67.482 772.577 48
-62.8845 772.154 48
-58.0732 769.702 48
-53.6231 770.19 48
-48.8813 767.652 48
-44.4494 768.059 48
-39.9356 767.431 48
-35.2967 764.767 48
-30.7074 762.062 48
-26.3773 763.309 48
-21.9841 763.52 48
-17.5195 761.694 48
-13.1146 760.828 48
-8.70871 758.924 48
-4.34578 757.981 48
3.75225e-05 757 48
4.31967 754.981 48
8.62153 753.925 48
12.8791 751.831 48
17.1008 749.702 48
21.3735 749.534 48
25.5923 748.33 48
29.7307 746.092 48
33.9714 745.814 48
38.0527 743.505 48
42.0963 741.162 48
46.006 737.79 48
50.3828 739.36 48
54.3376 736.914 48
58.2536 734.437 48
62.3916 733.911 48
66.3856 732.358 48
70.2095 729.783 48
73.6807 725.201 48
77.9025 725.527 48
81.962 724.829 48
85.6507 722.13 48
89.4894 720.383 48
93.3042 718.605 48
97.0948 716.795 48
100.428 713.001 48
103.927 710.159 48
108.085 710.207 48
111.768 708.277 48
115.425 706.316 48
119.057 704.326 48
122.662 702.306 48
126.242 700.258 48
129.511 697.222 48
133.029 695.119 48
134.115 685.358 48
126.697 649.933 48
129.778 647.864 48
132.832 645.772 48
136.527 645.54 48
140.57 646.214 48
144.285 645.909 48
152.306 656.772 48
156.863 658.219 48
160.332 656.835 48
163.023 653.573 48
162.544 642.93 48
169.468 649.751 48
179.371 662.874 48
182.465 660.383 48
185.529 657.869 48
187.272 652.625 48
190.253 650.077 48
194.542 650.191 48
197.486 647.588 48
199.937 644.076 48
202.342 640.55 48
205.655 638.77 48
208.953 636.961 48
211.25 633.383 48
214 630.659 48
216.719 627.916 48
219.921 626.01 48
223.107 624.077 48
226.276 622.117 48
228.352 618.441 48
229.838 613.919 48
232.917 611.9 48
235.979 609.854 48
237.324 605.309 48
240.329 603.225 48
242.734 600.3 48
246.282 598.978 48
248.636 596.012 48
251.559 593.83 48
253.854 590.828 48
255.5 587.024 48
258.344 584.782 48
260.539 581.738 48
262.7 578.681 48
266.114 577.142 48
266.274 571.766 48
269.64 570.186 48
272.337 567.821 48
274.344 564.689 48
276.992 562.284 48
278.255 558.392 48
280.849 555.953 48
283.421 553.491 48
285.971 551.006 48
287.792 547.792 48
288.153 543.167 48
289.894 539.947 48
292.326 537.407 48
293.273 533.481 48
295.648 530.912 48
297.258 527.652 48
301.08 526.373 48
302.639 523.08 48
303.402 519.13 48
304.886 515.829 48
307.107 513.159 48
308.527 509.84 48
309.913 506.516 48
312.84 504.418 48
315.755 502.287 48
316.26 498.319 48
319.131 496.145 48
318.753 491.587 48
322.39 489.958 48
322.746 485.989 48
324.706 483.164 48
326.641 480.322 48
327.717 476.911 48
330.436 474.588 48
330.609 470.621 48
331.587 467.198 48
334.235 464.819 48
336.01 461.895 48
335.174 457.432 48
337.75 455 48
339.439 452.045 48
341.102 449.076 48
341.86 445.615 48
342.584 442.155 48
343.273 438.697 48
343.929 435.24 48
346.34 432.679 48
348.732 430.088 48
349.301 426.608 48
351.647 423.976 48
352.155 420.486 48
350.801 416.187 48
352.151 413.12 48
354.394 410.431 48
354.77 406.95 48
355.111 403.474 48
355.42 400.003 48
360.362 398.33 48
360.619 394.83 48
359.902 390.994 48
361.032 387.848 48
363.079 385.018 48
362.26 381.21 48
363.304 378.044 48
364.32 374.87 48
366.265 371.978 48
367.228 368.778 48
365.279 364.742 48
367.143 361.818 48
368.984 358.869 48
368.864 355.395 48
368.712 351.93 48
371.445 349.176 48
370.261 345.481 48
373.921 342.896 48
373.652 339.422 48
373.351 335.959 48
374 332.698 48
374.62 329.432 48
373.242 325.813 48
377.747 323.213 48
376.309 319.602 48
376.815 316.315 48
378.282 313.164 48
376.749 309.6 48
378.16 306.432 48
378.551 303.13 48
376.924 299.616 48
378.251 296.421 48
380.546 293.293 48
380.822 289.971 48
382.067 286.717 48
380.289 283.259 48
380.478 279.94 48
381.636 276.663 48
379.769 273.262 48
381.869 270 48
380.942 266.649 48
381.985 263.334 48
382 260 48
380.985 256.675 48
381.942 253.333 48
382.869 249.974 48
382.767 246.633 48
380.637 243.381 48
382.475 239.955 48
382.286 236.618 48
383.065 233.214 48
381.819 229.95 48
381.543 226.619 48
381.237 223.291 48
380.902 219.966 48
380.538 216.643 48
381.138 213.202 48
381.706 209.747 48
382.243 206.279 48
381.76 202.946 48
379.272 199.929 48
378.734 196.622 48
378.166 193.319 48
378.553 189.839 48
375.963 186.92 48
377.271 183.243 48
375.609 180.162 48
375.874 176.671 48
0 260 48
0 260 48
0 260 48
0 260 48
0 260 48
0 260 48
0 260 48
0 260 48
70.7666 238.364 48
70.5751 237.748 48
0 260 48
0 260 48
0 260 48
39.5909 245.98 48
37.5877 246.319 48
35.5935 246.692 48
36.4096 246.024 48
35.3559 246.073 48
35.233 245.765 48
34.1835 245.841 48
34.0587 245.543 48
33.0142 245.645 48
32.8876 245.357 48
32.7586 245.071 48
32.6271 244.786 48
33.3957 244.071 48
32.3566 244.219 48
32.2176 243.937 48
31.1852 244.11 48
31.0454 243.839 48
30.0202 244.038 48
29.8798 243.777 48
29.7371 243.516 48
28.7217 243.75 48
26.8468 244.5 48
27.5721 243.759 48
29.1437 242.489 48
28.9898 242.235 48
28.8336 241.983 48
27.8319 242.269 48
28.5148 241.482 48
28.3521 241.234 48
26.5292 242.106 48
26.372 241.875 48
26.2129 241.646 48
26.0517 241.418 48
25.0795 241.779 48
24.1157 242.155 48
23.9591 241.946 48
34.1142 233.823 48
39.4005 229.217 48
32.8695 233.854 48
26.423 238.603 48
26.2352 238.373 48
22.2153 241.359 48
0 260 48
0 260 48
0 260 48
0 260 48
0 260 48
0 260 48
0 260 48
0 260 48
0 260 48
0 260 48
0 260 48
