-0 260 30
-0 260 30
-0 260 30
-0 260 30
-0 260 30
-0 260 30
-0 260 30
-0 260 30
-15.8489 246.223 30
-22.8122 240.517 30
-26.0455 238.145 30
-27.0069 237.737 30
-33.4173 232.939 30
-43.0435 225.762 30
-40.1886 228.601 30
-27.7674 238.693 30
-26.355 240.14 30
-26.5273 240.371 30
-25.8885 241.191 30
-25.2376 241.998 30
-25.3937 242.219 30
-26.372 241.875 30
-26.5292 242.106 30
-26.6843 242.338 30
-26.8375 242.572 30
-26.9885 242.806 30
-27.9856 242.513 30
-27.2845 243.28 30
-28.2865 243.004 30
-27.5721 243.759 30
-27.7128 244 30
-27.8514 244.242 30
-27.1132 244.971 30
-29.001 244.254 30
-30.0202 244.038 30
-30.1584 244.301 30
-29.4032 245.018 30
-30.4278 244.829 30
-30.559 245.095 30
-31.5905 244.932 30
-31.7208 245.208 30
-32.7586 245.071 30
-31.9741 245.764 30
-33.0142 245.645 30
-34.0587 245.543 30
-34.1835 245.841 30
-34.3058 246.14 30
-35.3559 246.073 30
-36.4096 246.024 30
-37.4669 245.992 30
-39.4671 245.635 30
-0 260 30
-0 260 30
-0 260 30
-70.3782 237.133 30
-70.5751 237.748 30
-0 260 30
-0 260 30
-0 260 30
-0 260 30
-0 260 30
-0 260 30
-0 260 30
-0 260 30
-0 260 30
-0 260 30
-0 260 30
-0 260 30
-0 260 30
-0 260 30
-0 260 30
-0 260 30
-873.117 121.712 30
-868.356 130.223 30
-863.514 138.641 30
-859.583 146.834 30
-857.56 154.705 30
-860.433 161.966 30
-860.261 169.583 30
-861.018 177.094 30
-859.716 184.785 30
-857.349 192.525 30
-837.954 201.405 30
-838.433 208.719 30
-844.841 215.724 30
-828.211 223.84 30
-823.498 231.243 30
-827.716 238.326 30
-832.873 245.462 30
-836.968 252.696 30
-843 260 30
-855.967 267.47 30
-857.869 274.974 30
-859.705 282.512 30
-859.476 290.014 30
-858.182 297.469 30
-859.82 305.061 30
-853.405 312.197 30
-853.915 319.712 30
-853.361 327.161 30
-845.769 333.995 30
-843.101 341.181 30
-850.316 349.372 30
-837.581 355.43 30
-805.947 358.958 30
-825.874 368.728 30
-1136.83 419.771 30
-1111.65 426.138 30
-855.338 395.472 30
-856.096 403.261 30
-855.798 410.9 30
-855.432 418.545 30
-855.979 426.386 30
-856.454 434.248 30
-855.879 441.923 30
-1008.35 502.083 30
-977.088 503.615 30
-854.874 481.086 30
-855.81 489.314 30
-855.704 497.308 30
-855.267 513.342 30
-855.893 521.673 30
-853.577 529.132 30
-855.951 538.115 30
-855.388 546.209 30
-1124.22 647.101 30
-1047.27 630.86 30
-1041.18 638.958 30
-1057.5 655.384 30
-999.865 643.812 30
-1029.04 665.35 30
-997.65 663.077 30
-1032.9 687.84 30
-972.974 673.003 30
-968.415 681.079 30
-961.963 688.294 30
-962.739 698.746 30
-980.625 717.273 30
-1194.12 829.566 30
-1199.89 845.226 30
-1033.65 775.359 30
-853.584 694.923 30
-852.417 703.741 30
-844.981 709.284 30
-810.269 699.94 30
-797.653 702.146 30
-799.857 712.537 30
-790.681 716.5 30
-0 260 30
-0 260 30
-794.661 746.969 30
-785.292 750.705 30
-771.703 751.629 30
-0 260 30
-0 260 30
-0 260 30
-0 260 30
-0 260 30
-0 260 30
-0 260 30
-0 260 30
-0 260 30
-0 260 30
-0 260 30
-0 260 30
-0 260 30
-0 260 30
-0 260 30
-0 260 30
-0 260 30
-0 260 30
-0 260 30
-0 260 30
-0 260 30
-0 260 30
-0 260 30
-0 260 30
-0 260 30
-0 260 30
-0 260 30
-0 260 30
-0 260 30
-0 260 30
-0 260 30
-0 260 30
-0 260 30
-0 260 30
-0 260 30
-0 260 30
-0 260 30
-0 260 30
-0 260 30
-0 260 30
-0 260 30
-0 260 30
-0 260 30
-0 260 30
-0 260 30
-0 260 30
-0 260 30
-0 260 30
-0 260 30
-0 260 30
-0 260 30
-0 260 30
-0 260 30
-0 260 30
-0 260 30
-0 260 30
-0 260 30
-0 260 30
-0 260 30
-0 260 30
-0 260 30
-0 260 30
-0 260 30
-0 260 30
-0 260 30
-0 260 30
-0 260 30
-0 260 30
-0 260 30
-0 260 30
-0 260 30
-0 260 30
-0 260 30
-0 260 30
-0 260 30
-0 260 30
-0 260 30
-0 260 30
-0 260 30
-0 260 30
-0 260 30
-0 260 30
-0 260 30
-0 260 30
-0 260 30
-0 260 30
-0 260 30
-0 260 30
-0 260 30
-0 260 30
-0 260 30
-0 260 30
-0 260 30
-0 260 30
-0 260 30
-0 260 30
-0 260 30
-0 260 30
-0 260 30
-0 260 30
-0 260 30
-0 260 30
-0 260 30
-0 260 30
-0 260 30
-0 260 30
-0 260 30
-0 260 30
-0 260 30
-0 260 30
-0 260 30
-0 260 30
-0 260 30
-0 260 30
0 260 30
0 260 30
0 260 30
0 260 30
0 260 30
0 260 30
0 260 30
0 260 30
0 260 30
0 260 30
0 260 30
0 260 30
0 260 30
0 260 30
0 260 30
0 260 30
0 260 30
0 260 30
0 260 30
0 260 30
0 260 30
0 260 30
0 260 30
0 260 30
0 260 30
0 260 30
0 260 30
0 260 30
0 260 30
0 260 30
0 260 30
0 260 30
0 260 30
0 260 30
0 260 30
0 260 30
0 260 30
0 260 30
0 260 30
0 260 30
0 260 30
0 260 30
0 260 30
0 260 30
0 260 30
0 260 30
0 260 30
0 260 30
0 260 30
0 260 30
0 260 30
0 260 30
0 260 30
0 260 30
0 260 30
0 260 30
0 260 30
0 260 30
0 260 30
0 260 30
0 260 30
0 260 30
0 260 30
0 260 30
0 260 30
0 260 30
0 260 30
0 260 30
0 260 30
0 260 30
0 260 30
0 260 30
0 260 30
0 260 30
0 260 30
0 260 30
0 260 30
0 260 30
0 260 30
0 260 30
0 260 30
0 260 30
0 260 30
0 260 30
0 260 30
0 260 30
0 260 30
0 260 30
0 260 30
0 260 30
0 260 30
0 260 30
0 260 30
0 260 30
0 260 30
0 260 30
0 260 30
0 260 30
0 260 30
0 260 30
0 260 30
0 260 30
0 260 30
0 260 30
0 260 30
0 260 30
0 260 30
0 260 30
0 260 30
0 260 30
0 260 30
0 260 30
0 260 30
0 260 30
0 260 30
0 260 30
0 260 30
0 260 30
0 260 30
0 260 30
0 260 30
0 260 30
0 260 30
0 260 30
0 260 30
0 260 30
0 260 30
0 260 30
0 260 30
0 260 30
0 260 30
0 260 30
0 260 30
0 260 30
0 260 30
0 260 30
0 260 30
0 260 30
0 260 30
0 260 30
0 260 30
0 260 30
0 260 30
0 260 30
0 260 30
0 260 30
0 260 30
0 260 30
0 260 30
0 260 30
0 260 30
0 260 30
0 260 30
0 260 30
0 260 30
0 260 30
0 260 30
0 260 30
0 260 30
0 260 30
0 260 30
0 260 30
0 260 30
0 260 30
0 260 30
0 260 30
0 260 30
0 260 30
0 260 30
0 260 30
0 260 30
0 260 30
0 260 30
0 260 30
0 260 30
0 260 30
0 260 30
0 260 30
1169.95 53.706 30
1123.86 51.7048 30
1079.79 50.1101 30
1026.96 51.0624 30
966.41 54.5833 30
917.718 56.5468 30
0 260 30
0 260 30
0 260 30
0 260 30
0 260 30
0 260 30
0 260 30
0 260 30
71.7229 238.072 30
72.4825 237.146 30
0 260 30
0 260 30
0 260 30
39.5909 245.98 30
37.5877 246.319 30
37.4669 245.992 30
36.4096 246.024 30
36.2863 245.706 30
35.233 245.765 30
35.1074 245.458 30
34.0587 245.543 30
33.9312 245.246 30
32.8876 245.357 30
31.8486 245.486 30
32.6271 244.786 30
34.2982 243.641 30
33.2554 243.78 30
33.1126 243.491 30
32.0762 243.656 30
31.0454 243.839 30
30.9032 243.568 30
29.001 244.254 30
29.7371 243.516 30
29.5921 243.258 30
27.7128 244 30
29.2954 242.744 30
29.1437 242.489 30
29.8424 241.713 30
29.6817 241.453 30
27.8319 242.269 30
28.5148 241.482 30
28.3521 241.234 30
27.3582 241.547 30
26.372 241.875 30
27.032 241.072 30
26.0517 241.418 30
25.8885 241.191 30
24.9196 241.56 30
23.9591 241.946 30
35.7009 232.606 30
40.9766 227.986 30
32.8695 233.854 30
24.8687 239.862 30
25.4636 239.009 30
23.7474 240.074 30
0 260 30
0 260 30
0 260 30
0 260 30
0 260 30
0 260 30
0 260 30
0 260 30
0 260 30
0 260 30
0 260 30
