-0 260 82
-0 260 82
-0 260 82
-0 260 82
-0 260 82
-0 260 82
-0 260 82
-0 260 82
-16.6036 245.567 82
-22.8122 240.517 82
-26.8116 237.502 82
-27.7785 237.101 82
-32.6401 233.569 82
-43.0435 225.762 82
-41.7646 227.37 82
-27.7674 238.693 82
-27.1536 239.538 82
-26.5273 240.371 82
-26.6976 240.603 82
-26.8658 240.837 82
-26.2129 241.646 82
-26.372 241.875 82
-26.5292 242.106 82
-27.5182 241.786 82
-26.8375 242.572 82
-26.1451 243.344 82
-27.1375 243.043 82
-28.1371 242.758 82
-28.2865 243.004 82
-28.4338 243.251 82
-28.5788 243.5 82
-26.981 244.735 82
-28.8625 244.001 82
-29.001 244.254 82
-29.1373 244.507 82
-29.2714 244.762 82
-30.2942 244.564 82
-31.3227 244.383 82
-30.559 245.095 82
-30.6879 245.363 82
-31.7208 245.208 82
-31.8486 245.486 82
-32.8876 245.357 82
-33.9312 245.246 82
-34.0587 245.543 82
-36.0313 245.075 82
-35.233 245.765 82
-35.3559 246.073 82
-36.4096 246.024 82
-38.4036 245.642 82
-40.4068 245.293 82
-0 260 82
-0 260 82
-0 260 82
-72.2803 236.515 82
-71.5288 237.447 82
-0 260 82
-0 260 82
-0 260 82
-0 260 82
-0 260 82
-0 260 82
-0 260 82
-0 260 82
-0 260 82
-0 260 82
-0 260 82
-0 260 82
-0 260 82
-0 260 82
-0 260 82
-0 260 82
-691.382 150.496 82
-692.311 156.534 82
-692.197 162.718 82
-693.02 168.762 82
-692.797 174.935 82
-693.513 180.984 82
-693.182 187.144 82
-693.791 193.196 82
-693.352 199.34 82
-693.854 205.393 82
-694.305 211.45 82
-694.702 217.51 82
-692.05 223.731 82
-694.339 229.685 82
-694.577 235.745 82
-694.762 241.807 82
-693.894 247.888 82
-692.974 253.953 82
-694 260 82
-692.974 266.048 82
-691.895 272.077 82
-690.763 278.088 82
-690.579 284.116 82
-690.342 290.141 82
-691.052 296.217 82
-689.711 302.185 82
-688.319 308.132 82
-687.873 314.137 82
-686.378 320.05 82
-685.828 326.038 82
-684.231 331.916 82
-684.571 337.997 82
-681.879 343.724 82
-681.123 349.672 82
-679.324 355.473 82
-677.476 361.25 82
-677.554 367.314 82
-675.606 373.058 82
-673.608 378.775 82
-672.546 384.649 82
-670.451 390.323 82
-667.329 395.77 82
-667.097 401.796 82
-662.905 406.963 82
-662.572 412.967 82
-661.212 418.743 82
-658.831 424.265 82
-656.404 429.758 82
-654.898 435.479 82
-652.378 440.92 82
-648.852 446.055 82
-648.162 451.994 82
-643.593 456.766 82
-642.805 462.676 82
-640.061 467.969 82
-636.325 472.912 82
-634.443 478.456 82
-632.512 483.984 82
-629.594 489.154 82
-625.697 493.939 82
-622.698 499.032 82
-618.728 503.723 82
-616.577 509.113 82
-614.38 514.485 82
-611.215 519.446 82
-608.011 524.371 82
-604.767 529.26 82
-600.574 533.698 82
-598.163 538.928 82
-594.804 543.707 82
-590.508 548.01 82
-587.077 552.706 82
-584.5 557.818 82
-580.992 562.445 82
-577.448 567.034 82
-573.868 571.585 82
-570.252 576.096 82
-566.602 580.568 82
-563.782 585.5 82
-560.059 589.9 82
-556.302 594.26 82
-552.511 598.579 82
-548.687 602.858 82
-544.831 607.096 82
-540.942 611.292 82
-537.856 615.999 82
-533.9 620.12 82
-528.265 623.066 82
-524.257 627.089 82
-521.848 632.231 82
-516.962 635.595 82
-512.057 638.902 82
-507.932 642.754 82
-504.573 647.172 82
-500.387 650.945 82
-485.217 645.959 82
-459.293 631.928 82
-452.944 633.378 82
-451.966 639.245 82
-469.931 661.359 82
-474.712 672.661 82
-470.344 676.125 82
-465.952 679.545 82
-461.536 682.92 82
-455.633 684.885 82
-451.908 688.845 82
-446.71 691.383 82
-441.502 693.863 82
-437.699 697.699 82
-433.863 701.502 82
-429.299 704.552 82
-424.026 706.831 82
-418.065 708.32 82
-413.461 711.214 82
-409.508 714.805 82
-404.861 717.612 82
-400.196 720.373 82
-394.864 722.327 82
-390.815 725.755 82
-386.099 728.376 82
-381.368 730.95 82
-375.376 731.913 82
-370.628 734.383 82
-365.866 736.805 82
-361.089 739.181 82
-356.894 742.314 82
-350.908 742.983 82
-346.68 746.027 82
-340.704 746.576 82
-335.879 748.707 82
-331.042 750.79 82
-326.195 752.827 82
-320.792 753.977 82
-315.932 755.914 82
-311.063 757.804 82
-306.184 759.647 82
-300.782 760.586 82
-296.402 763.191 82
-291 764.027 82
-286.098 765.677 82
-280.705 766.405 82
-275.798 767.956 82
-270.416 768.578 82
-265.505 770.031 82
-260.59 771.438 82
-255.671 772.797 82
-250.748 774.11 82
-245.391 774.474 82
-240.047 774.783 82
-235.546 776.858 82
-230.213 777.067 82
-224.894 777.222 82
-219.982 778.244 82
-215.068 779.22 82
-210.154 780.15 82
-204.874 780.103 82
-199.969 780.938 82
-195.065 781.726 82
-190.163 782.469 82
-184.929 782.223 82
-180.039 782.872 82
-174.835 782.526 82
-169.959 783.081 82
-164.787 782.637 82
-160.22 784.055 82
-155.072 783.516 82
-150.222 783.888 82
-145.378 784.215 82
-140.539 784.498 82
-135.456 783.768 82
-130.638 783.96 82
-125.827 784.107 82
-120.574 782.262 82
-116.012 783.295 82
-111.233 783.309 82
-106.462 783.28 82
-101.701 783.207 82
-96.767 782.108 82
-92.0335 781.948 82
-87.1451 780.759 82
-82.5974 781.499 82
-77.7477 780.222 82
-73.0658 779.891 82
-68.3957 779.517 82
-63.6158 778.109 82
-59.092 778.645 82
-54.4593 778.146 82
-49.6481 775.615 82
-45.0595 775.033 82
-40.4849 774.409 82
-35.9943 774.743 82
-31.3789 773.041 82
-26.8483 772.297 82
-22.3331 771.513 82
-17.7987 769.689 82
-13.324 768.826 82
-8.86578 767.923 82
-4.41559 765.981 82
3.80509e-05 764 82
4.39821 763.981 82
8.79605 763.923 82
13.1409 761.828 82
17.4847 760.695 82
21.8097 759.524 82
26.0633 757.318 82
30.4022 757.071 82
34.669 755.789 82
38.9157 754.471 82
43.055 752.12 82
47.0603 748.74 82
51.428 749.305 82
55.4696 746.85 82
59.8379 747.34 82
63.8273 744.817 82
67.6382 741.27 82
71.8354 740.662 82
76.0272 740.017 82
79.718 736.376 82
84.0457 736.647 82
87.8376 733.929 82
91.97 733.144 82
95.6966 730.364 82
99.7976 729.511 82
103.025 724.717 82
107.077 723.8 82
111.12 722.848 82
114.187 717.98 82
118.68 718.902 82
122.421 716.883 82
125.869 713.87 82
129.55 711.793 82
132.635 707.769 82
136.245 705.638 82
139.828 703.478 82
143.693 702.241 82
147.547 700.97 82
151.389 699.666 82
153.551 693.615 82
146.385 662.188 82
145.336 648.719 82
148.723 647.436 82
152.098 646.123 82
156.586 647.563 82
161.492 649.877 82
171.531 664.102 82
181.83 678.179 82
185.065 675.663 82
187.856 672.212 82
191.023 669.651 82
193.73 666.163 82
198.144 666.255 82
200.789 662.72 82
204.75 661.844 82
206.402 656.494 82
210.793 656.443 82
213.767 653.71 82
216.225 650.08 82
218.144 645.568 82
222.5 645.381 82
224.84 641.702 82
228.162 639.725 82
231.467 637.72 82
234.224 634.837 82
235.875 630.249 82
239.641 629.015 82
241.748 625.242 82
243.808 621.46 82
247.52 620.143 82
248.932 615.512 82
253.187 614.954 82
256.274 612.731 82
258.153 608.874 82
260.586 605.809 82
263.594 603.522 82
266.581 601.209 82
269.549 598.869 82
269.978 593.396 82
274.15 592.57 82
276.399 589.399 82
278.613 586.214 82
281.449 583.77 82
282.276 579.055 82
285.719 577.323 82
287.126 573.343 82
290.531 571.557 82
292.551 568.284 82
295.23 565.719 82
295.784 560.992 82
299.106 559.106 82
300.278 555.083 82
302.123 551.757 82
304.657 549.109 82
305.706 545.075 82
309.656 543.748 82
310.635 539.697 82
313.812 537.638 82
315.469 534.233 82
317.089 530.82 82
318.674 527.4 82
320.224 523.972 82
324.07 522.427 82
324.782 518.344 82
327.024 515.5 82
329.242 512.636 82
331.434 509.753 82
332.797 506.257 82
333.315 502.168 82
335.416 499.25 82
336.671 495.74 82
338.716 492.793 82
341.563 490.387 82
341.893 486.294 82
343.855 483.302 82
346.634 480.83 82
346.852 476.737 82
349.582 474.224 82
350.581 470.651 82
352.406 467.583 82
354.204 464.5 82
356.846 461.894 82
357.719 458.287 82
359.436 455.158 82
361.126 452.014 82
361.9 448.393 82
363.531 445.228 82
363.343 441.156 82
364.91 437.979 82
365.547 434.357 82
368.867 432.006 82
368.534 427.951 82
368.159 423.915 82
370.492 421.095 82
372.804 418.246 82
373.247 414.604 82
375.509 411.716 82
377.75 408.799 82
376.233 404.422 82
379.352 401.834 82
381.515 398.86 82
379.885 394.524 82
381.99 391.53 82
382.174 387.874 82
382.325 384.225 82
383.394 380.884 82
383.478 377.241 82
387.363 374.742 82
387.388 371.082 82
387.379 367.43 82
389.268 364.304 82
389.195 360.653 82
390.059 357.253 82
390.893 353.845 82
390.722 350.205 82
394.424 347.442 82
395.172 343.996 82
393.93 340.146 82
394.614 336.705 82
395.268 333.259 82
395.893 329.807 82
395.501 326.184 82
398.038 323.043 82
398.573 319.567 82
398.088 315.948 82
399.552 312.602 82
399.004 308.991 82
400.409 305.621 82
399.798 302.02 82
400.149 298.53 82
400.47 295.037 82
401.758 291.619 82
402.018 288.112 82
401.25 284.542 82
402.448 281.091 82
403.615 277.622 82
402.755 274.064 82
402.862 270.549 82
403.938 267.051 82
402.985 263.517 82
403 260 82
405.985 256.457 82
401.939 252.984 82
403.862 249.425 82
404.753 245.866 82
402.616 242.421 82
402.448 238.909 82
406.241 235.153 82
403.016 231.818 82
405.745 228.067 82
404.455 224.615 82
405.126 220.991 82
405.765 217.352 82
402.397 214.153 82
401.981 210.643 82
402.527 207.006 82
403.039 203.357 82
404.507 199.546 82
401.001 196.488 82
401.418 192.826 82
399.832 189.499 82
399.201 186.012 82
400.504 182.15 82
397.849 179.057 82
398.106 175.38 82
394.424 172.558 82
0 260 82
0 260 82
0 260 82
0 260 82
0 260 82
0 260 82
0 260 82
0 260 82
72.6792 237.78 82
71.5288 237.447 82
0 260 82
0 260 82
0 260 82
40.5336 245.646 82
38.5274 245.977 82
36.5302 246.342 82
36.4096 246.024 82
36.2863 245.706 82
36.1602 245.39 82
35.1074 245.458 82
34.0587 245.543 82
33.9312 245.246 82
33.8012 244.951 82
32.7586 245.071 82
32.6271 244.786 82
34.2982 243.641 82
32.3566 244.219 82
33.1126 243.491 82
32.0762 243.656 82
31.0454 243.839 82
30.9032 243.568 82
29.8798 243.777 82
29.7371 243.516 82
29.5921 243.258 82
29.4449 243 82
28.4338 243.251 82
28.2865 243.004 82
28.9898 242.235 82
28.8336 241.983 82
27.8319 242.269 82
29.3535 240.938 82
27.5182 241.786 82
27.3582 241.547 82
27.1962 241.309 82
26.2129 241.646 82
26.0517 241.418 82
25.8885 241.191 82
24.9196 241.56 82
24.7577 241.344 82
36.4943 231.997 82
40.9766 227.986 82
34.4348 232.609 82
26.423 238.603 82
25.4636 239.009 82
23.7474 240.074 82
0 260 82
0 260 82
0 260 82
0 260 82
0 260 82
0 260 82
0 260 82
0 260 82
0 260 82
0 260 82
0 260 82
