-0 260 61
-0 260 61
-0 260 61
-0 260 61
-0 260 61
-0 260 61
-0 260 61
-0 260 61
-15.8489 246.223 61
-22.8122 240.517 61
-26.8116 237.502 61
-27.0069 237.737 61
-34.1944 232.31 61
-43.0435 225.762 61
-40.1886 228.601 61
-26.1807 239.911 61
-26.355 240.14 61
-27.3311 239.776 61
-26.6976 240.603 61
-26.0517 241.418 61
-26.2129 241.646 61
-25.5479 242.441 61
-26.5292 242.106 61
-26.6843 242.338 61
-25.9988 243.116 61
-26.9885 242.806 61
-26.2895 243.573 61
-27.2845 243.28 61
-27.4294 243.519 61
-26.7105 244.266 61
-26.8468 244.5 61
-27.8514 244.242 61
-27.9878 244.486 61
-28.1222 244.731 61
-28.2543 244.977 61
-30.1584 244.301 61
-29.4032 245.018 61
-29.5328 245.275 61
-30.559 245.095 61
-30.6879 245.363 61
-30.8145 245.631 61
-30.9387 245.9 61
-31.9741 245.764 61
-33.0142 245.645 61
-33.1382 245.934 61
-33.2597 246.223 61
-34.3058 246.14 61
-34.4255 246.439 61
-36.4096 246.024 61
-36.5302 246.342 61
-38.5274 245.977 61
-0 260 61
-0 260 61
-0 260 61
-71.3292 236.824 61
-69.6213 238.048 61
-0 260 61
-0 260 61
-0 260 61
-0 260 61
-0 260 61
-0 260 61
-0 260 61
-0 260 61
-0 260 61
-0 260 61
-0 260 61
-0 260 61
-0 260 61
-0 260 61
-0 260 61
-0 260 61
-707.185 147.993 61
-707.146 154.316 61
-709.032 160.352 61
-707.892 166.804 61
-708.678 172.985 61
-709.41 179.173 61
-710.089 185.367 61
-711.708 191.47 61
-711.283 197.771 61
-711.799 203.98 61
-711.263 210.264 61
-712.668 216.411 61
-712.023 222.685 61
-712.321 228.899 61
-712.566 235.117 61
-711.756 241.362 61
-711.892 247.574 61
-711.973 253.787 61
-712 260 61
-711.973 266.213 61
-710.892 272.409 61
-710.756 278.612 61
-709.567 284.779 61
-708.325 290.926 61
-708.028 297.106 61
-708.676 303.345 61
-707.273 309.457 61
-705.817 315.549 61
-705.306 321.706 61
-703.745 327.763 61
-703.127 333.902 61
-702.455 340.035 61
-700.738 346.04 61
-699.96 352.152 61
-699.129 358.256 61
-696.267 364.058 61
-695.333 370.13 61
-693.359 376.029 61
-692.32 382.075 61
-689.262 387.747 61
-689.102 393.948 61
-686.927 399.757 61
-685.681 405.746 61
-683.407 411.508 61
-682.059 417.466 61
-678.714 422.945 61
-676.296 428.62 61
-673.831 434.265 61
-673.25 440.397 61
-670.687 445.998 61
-668.077 451.568 61
-664.462 456.823 61
-662.719 462.614 61
-659.972 468.089 61
-657.18 473.531 61
-654.343 478.94 61
-651.462 484.317 61
-649.48 489.993 61
-646.508 495.31 61
-642.557 500.242 61
-639.503 505.482 61
-637.336 511.053 61
-633.267 515.856 61
-630.086 520.99 61
-626.864 526.088 61
-623.601 531.149 61
-620.297 536.174 61
-617.864 541.577 61
-613.57 546.113 61
-611.05 551.456 61
-605.787 555.462 61
-603.186 560.737 61
-599.647 565.536 61
-596.958 570.757 61
-591.575 574.546 61
-588.807 579.696 61
-585.121 584.338 61
-581.398 588.939 61
-577.639 593.5 61
-572.983 597.513 61
-568.302 601.47 61
-554.216 599.624 61
-546.991 601.798 61
-538.084 602.797 61
-531.717 605.301 61
-527.016 608.824 61
-538.874 623.475 61
-538.978 630.43 61
-535.725 635.119 61
-531.617 639.199 61
-527.479 643.236 61
-519.291 644.256 61
-492.758 631.32 61
-479.185 627.692 61
-475.958 631.86 61
-485.217 645.959 61
-500.482 665.282 61
-496.155 668.998 61
-491.8 672.67 61
-486.66 675.647 61
-482.259 679.222 61
-477.834 682.752 61
-474.126 686.905 61
-468.908 689.675 61
-462.215 691.023 61
-458.437 695.04 61
-453.184 697.635 61
-448.634 700.872 61
-443.356 703.356 61
-439.47 707.208 61
-434.856 710.307 61
-429.533 712.634 61
-424.885 715.633 61
-418.866 717.112 61
-414.192 720.007 61
-408.837 722.106 61
-404.132 724.901 61
-398.761 726.889 61
-395.314 731.117 61
-389.916 733.006 61
-384.515 734.836 61
-379.111 736.608 61
-373.706 738.323 61
-368.301 739.979 61
-363.496 742.376 61
-358.678 744.726 61
-353.259 746.219 61
-348.422 748.469 61
-342.999 749.853 61
-338.144 752.003 61
-332.72 753.277 61
-327.299 754.494 61
-322.426 756.493 61
-317.007 757.601 61
-312.122 759.5 61
-307.752 762.205 61
-302.327 763.157 61
-296.91 764.053 61
-291.5 764.893 61
-286.098 765.677 61
-281.674 768.154 61
-276.275 768.835 61
-270.416 768.578 61
-265.044 769.144 61
-260.137 770.547 61
-255.225 771.902 61
-249.872 772.313 61
-244.961 773.571 61
-239.625 773.877 61
-234.302 774.128 61
-229.399 775.24 61
-224.097 775.388 61
-219.2 776.403 61
-213.92 776.449 61
-209.03 777.369 61
-203.775 777.312 61
-198.894 778.137 61
-194.015 778.916 61
-188.453 777.771 61
-183.594 778.453 61
-178.086 777.199 61
-173.566 778.733 61
-168.723 779.277 61
-163.283 777.868 61
-158.465 778.317 61
-153.368 777.763 61
-148.568 778.12 61
-143.774 778.433 61
-138.986 778.702 61
-133.703 776.991 61
-128.944 777.168 61
-124.193 777.301 61
-119.224 776.416 61
-114.497 776.461 61
-109.569 775.484 61
-104.867 775.44 61
-100.175 775.354 61
-95.4914 775.226 61
-90.4707 773.085 61
-85.6597 771.882 61
-81.033 771.623 61
-76.4174 771.321 61
-71.6741 769.988 61
-67.0904 769.603 61
-62.3971 768.184 61
-57.8468 767.715 61
-53.3095 767.206 61
-48.6896 765.661 61
-44.0136 763.078 61
-39.6218 763.443 61
-35.1572 762.772 61
-30.7074 762.062 61
-26.1679 759.315 61
-21.766 758.525 61
-17.4148 758.696 61
-13.0099 756.83 61
-8.604 752.925 61
-4.31087 753.981 61
3.72205e-05 753 61
4.28477 750.981 61
8.55172 749.925 61
12.8006 748.832 61
16.9961 746.703 61
21.1554 744.538 61
25.3306 743.337 61
29.4865 742.099 61
33.6227 740.826 61
37.6604 738.52 61
41.7476 737.177 61
45.7185 734.804 61
49.8601 734.387 61
53.8848 732.94 61
57.5224 728.482 61
61.3473 725.979 61
65.5506 726.416 61
69.4705 724.837 61
73.3678 723.226 61
77.2423 721.582 61
80.9201 718.92 61
84.7395 717.214 61
88.3446 714.493 61
91.9086 711.745 61
95.8473 710.926 61
99.1294 707.144 61
103.028 706.261 61
106.918 705.345 61
110.074 701.485 61
113.923 700.507 61
117.504 698.53 61
120.525 694.597 61
124.588 694.49 61
122.979 675.169 61
117.826 645.391 61
121.485 645.302 61
125.152 645.178 61
128.826 645.019 61
132.832 645.772 61
137.862 649.311 61
149.805 671.585 61
153.741 671.199 61
158.04 671.709 61
161.261 669.384 61
164.078 666.107 61
167.233 663.735 61
170.359 661.34 61
173.057 658.004 61
176.117 655.565 61
179.562 654.013 61
182.148 650.619 61
185.12 648.112 61
188.5 646.481 61
191.419 643.927 61
194.308 641.351 61
197.167 638.754 61
199.525 635.253 61
201.838 631.74 61
205.074 629.964 61
208.295 628.16 61
211 625.463 61
214.689 624.469 61
216.831 620.867 61
219.449 618.109 61
220.976 613.636 61
223.517 610.851 61
226.025 608.048 61
229.606 606.896 61
232.065 604.051 61
235.059 602.012 61
236.314 597.491 61
239.83 596.23 61
242.755 594.124 61
243.283 588.777 61
246.744 587.441 61
249.592 585.275 61
251.19 581.508 61
253.363 578.522 61
256.763 577.076 61
258.884 574.051 61
260.972 571.014 61
262.377 567.204 61
265.704 565.657 61
266.373 561.08 61
269.66 559.487 61
271.587 556.385 61
272.799 552.541 61
276.03 550.875 61
277.169 547.017 61
278.261 543.16 61
280.014 540.014 61
282.447 537.56 61
284.139 534.39 61
286.523 531.9 61
288.153 528.707 61
289.75 525.507 61
291.313 522.299 61
295.089 521.072 61
295.091 516.519 61
297.319 513.934 61
299.523 511.33 61
300.934 508.07 61
303.087 505.435 61
304.435 502.158 61
305.748 498.877 61
308.614 496.808 61
309.871 493.504 61
311.093 490.196 61
312.281 486.885 61
315.063 484.732 61
315.374 480.827 61
318.937 479.199 61
319.179 475.289 61
321.046 472.496 61
321.211 468.597 61
323.862 466.323 61
323.954 462.429 61
326.561 460.117 61
328.295 457.26 61
330.004 454.387 61
329.09 450 61
331.606 447.613 61
333.23 444.712 61
334.829 441.797 61
334.637 437.93 61
336.177 435.003 61
338.582 432.516 61
340.075 429.555 61
342.441 427.019 61
343.885 424.025 61
342.584 419.75 61
344.875 417.169 61
345.32 413.746 61
344.815 409.93 61
346.11 406.915 61
348.303 404.272 61
348.621 400.852 61
349.837 397.804 61
350.093 394.388 61
351.252 391.328 61
352.385 388.258 61
355.376 385.845 61
352.678 381.437 61
355.621 378.989 61
357.597 376.19 61
357.644 372.765 61
357.658 369.347 61
359.557 366.506 61
359.512 363.088 61
359.434 359.68 61
360.29 356.539 61
362.087 353.642 61
362.891 350.479 61
362.694 347.075 61
363.44 343.907 61
363.182 340.516 61
363.871 337.343 61
365.512 334.364 61
364.184 330.79 61
366.754 327.974 61
366.348 324.597 61
368.871 321.728 61
368.408 318.35 61
367.914 314.985 61
368.38 311.772 61
369.809 308.686 61
367.242 305.092 61
369.609 302.112 61
369.962 298.885 61
371.283 295.75 61
371.581 292.509 61
370.853 289.187 61
371.094 285.949 61
371.306 282.71 61
370.492 279.417 61
372.645 276.27 61
370.774 272.948 61
372.872 269.764 61
372.943 266.51 61
372.986 263.255 61
373 260 61
372.986 256.745 61
371.943 253.508 61
371.873 250.262 61
373.772 246.948 61
374.643 243.643 61
373.487 240.426 61
372.304 237.229 61
373.089 233.911 61
372.847 230.656 61
373.573 227.317 61
373.274 224.058 61
372.946 220.802 61
372.589 217.549 61
374.19 214.055 61
371.792 211.053 61
372.341 207.671 61
372.859 204.276 61
371.371 201.181 61
369.857 198.107 61
370.288 194.708 61
368.721 191.662 61
370.073 188.065 61
368.452 185.038 61
367.783 181.825 61
366.111 178.835 61
0 260 61
0 260 61
0 260 61
0 260 61
0 260 61
0 260 61
0 260 61
0 260 61
70.7666 238.364 61
72.4825 237.146 61
73.2314 236.206 61
0 260 61
42.5483 245.349 61
38.6483 246.314 61
36.648 246.661 61
35.5935 246.692 61
34.5425 246.74 61
36.2863 245.706 61
35.233 245.765 61
34.1835 245.841 61
34.0587 245.543 61
33.0142 245.645 61
32.8876 245.357 61
30.9387 245.9 61
31.7208 245.208 61
33.3957 244.071 61
32.3566 244.219 61
33.1126 243.491 61
31.1852 244.11 61
30.1584 244.301 61
29.1373 244.507 61
29.001 244.254 61
29.7371 243.516 61
29.5921 243.258 61
27.7128 244 61
29.2954 242.744 61
28.2865 243.004 61
28.9898 242.235 61
28.8336 241.983 61
27.8319 242.269 61
26.8375 242.572 61
26.6843 242.338 61
27.3582 241.547 61
27.1962 241.309 61
25.3937 242.219 61
25.2376 241.998 61
25.0795 241.779 61
24.9196 241.56 61
23.9591 241.946 61
34.9075 233.214 61
40.1885 228.601 61
32.0869 234.477 61
26.423 238.603 61
26.2352 238.373 61
22.9813 240.716 61
0 260 61
0 260 61
0 260 61
0 260 61
0 260 61
0 260 61
0 260 61
0 260 61
0 260 61
0 260 61
0 260 61
