-0 260 145
-0 260 145
-0 260 145
-0 260 145
-0 260 145
-0 260 145
-0 260 145
-0 260 145
-15.8489 246.223 145
-22.8122 240.517 145
-26.8116 237.502 145
-27.7785 237.101 145
-34.1944 232.31 145
-41.4782 227.007 145
-39.4005 229.217 145
-27.7674 238.693 145
-26.355 240.14 145
-26.5273 240.371 145
-26.6976 240.603 145
-26.0517 241.418 145
-25.3937 242.219 145
-25.5479 242.441 145
-25.7002 242.665 145
-26.6843 242.338 145
-26.8375 242.572 145
-26.1451 243.344 145
-26.2895 243.573 145
-28.1371 242.758 145
-28.2865 243.004 145
-27.5721 243.759 145
-28.5788 243.5 145
-26.981 244.735 145
-27.9878 244.486 145
-29.001 244.254 145
-30.0202 244.038 145
-30.1584 244.301 145
-30.2942 244.564 145
-30.4278 244.829 145
-30.559 245.095 145
-30.6879 245.363 145
-31.7208 245.208 145
-31.8486 245.486 145
-31.9741 245.764 145
-33.9312 245.246 145
-34.0587 245.543 145
-34.1835 245.841 145
-35.233 245.765 145
-34.4255 246.439 145
-35.4761 246.382 145
-36.5302 246.342 145
-38.5274 245.977 145
-0 260 145
-0 260 145
-0 260 145
-72.2803 236.515 145
-72.4825 237.146 145
-0 260 145
-72.8703 238.415 145
-0 260 145
-0 260 145
-0 260 145
-0 260 145
-0 260 145
-0 260 145
-0 260 145
-0 260 145
-0 260 145
-0 260 145
-0 260 145
-0 260 145
-0 260 145
-0 260 145
-725.951 145.021 145
-726.927 151.36 145
-728.837 157.569 145
-728.712 164.063 145
-729.521 170.426 145
-729.282 176.909 145
-729.979 183.276 145
-730.621 189.649 145
-730.211 196.115 145
-732.734 202.333 145
-733.21 208.729 145
-733.629 215.129 145
-731.995 221.638 145
-733.301 227.983 145
-732.553 234.419 145
-733.748 240.786 145
-733.888 247.19 145
-732.972 253.604 145
-734 260 145
-733.972 266.405 145
-731.889 272.775 145
-732.749 279.188 145
-731.554 285.547 145
-731.303 291.93 145
-730.997 298.31 145
-729.637 304.627 145
-728.222 310.922 145
-728.747 317.354 145
-728.218 323.711 145
-725.644 329.872 145
-725.006 336.201 145
-724.314 342.525 145
-723.566 348.843 145
-721.772 355.023 145
-719.925 361.179 145
-719.015 367.458 145
-717.062 373.572 145
-716.043 379.825 145
-713.986 385.895 145
-712.86 392.121 145
-710.698 398.146 145
-709.465 404.342 145
-708.179 410.528 145
-704.886 416.27 145
-703.495 422.415 145
-702.051 428.548 145
-698.613 434.184 145
-697.066 440.274 145
-694.501 446.091 145
-691.887 451.877 145
-689.225 457.632 145
-687.474 463.639 145
-684.714 469.338 145
-681.908 475.005 145
-680.005 480.947 145
-675.206 485.921 145
-674.155 492.13 145
-670.218 497.337 145
-668.121 503.176 145
-665.037 508.647 145
-660.975 513.725 145
-657.805 519.116 145
-654.592 524.472 145
-652.259 530.175 145
-648.956 535.466 145
-644.693 540.321 145
-642.222 545.936 145
-638.793 551.115 145
-635.322 556.255 145
-631.81 561.358 145
-627.358 565.983 145
-624.664 571.446 145
-621.032 576.431 145
-614.698 579.992 145
-611.883 585.344 145
-608.141 590.194 145
-604.362 595.004 145
-600.545 599.772 145
-595.825 604 145
-592.801 609.186 145
-588.017 613.316 145
-583.206 617.389 145
-580.065 622.465 145
-576.036 626.976 145
-571.135 630.899 145
-567.876 635.869 145
-562.916 639.692 145
-558.758 644.023 145
-553.747 647.738 145
-549.528 651.975 145
-544.468 655.58 145
-540.192 659.721 145
-535.086 663.216 145
-530.753 667.261 145
-525.603 670.646 145
-521.217 674.595 145
-516.802 678.498 145
-512.359 682.356 145
-507.121 685.525 145
-501.868 688.636 145
-495.844 691.031 145
-492.064 695.341 145
-486.76 698.281 145
-482.179 701.836 145
-476.111 703.981 145
-472.219 708.119 145
-467.571 711.528 145
-460.76 712.787 145
-456.084 716.084 145
-450.685 718.62 145
-446.665 722.536 145
-441.235 724.965 145
-435.797 727.335 145
-431.027 730.383 145
-426.236 733.383 145
-420.101 734.838 145
-415.285 737.731 145
-409.152 739.056 145
-403.671 741.076 145
-400.093 745.352 145
-393.325 745.716 145
-389.072 749.13 145
-383.557 750.931 145
-377.432 751.879 145
-373.125 755.154 145
-367.006 755.98 145
-362.076 758.355 145
-357.132 760.681 145
-351.602 762.14 145
-345.508 762.717 145
-340.548 764.884 145
-334.474 765.335 145
-328.962 766.557 145
-323.992 768.565 145
-314.772 763.741 145
-296.779 744.3 145
-288.936 740.871 145
-283.714 741.651 145
-280.5 745.84 145
-289.053 770.899 145
-287.007 777.775 145
-281.046 777.623 145
-275.11 777.407 145
-269.661 778.014 145
-265.13 780.348 145
-259.687 780.852 145
-253.817 780.402 145
-248.835 781.694 145
-243.428 782.033 145
-238.863 784.138 145
-232.653 782.548 145
-227.287 782.724 145
-222.326 783.767 145
-217.364 784.764 145
-212.027 784.786 145
-206.34 783.825 145
-201.403 784.672 145
-196.466 785.473 145
-190.847 784.349 145
-185.93 785.051 145
-180.365 783.817 145
-175.469 784.423 145
-170.577 784.983 145
-165.087 783.591 145
-159.927 783.099 145
-155.072 783.516 145
-149.947 782.926 145
-144.843 782.288 145
-139.762 781.6 145
-134.955 781.832 145
-129.912 781.049 145
-124.893 780.218 145
-120.124 780.314 145
-114.929 778.413 145
-110.401 779.396 145
-105.665 779.36 145
-100.556 777.318 145
-95.6736 776.209 145
-90.9916 776.039 145
-85.8247 772.869 145
-81.3459 773.598 145
-76.5652 772.31 145
-71.9525 771.969 145
-67.0904 769.603 145
-62.6408 770.169 145
-57.8468 767.715 145
-53.3095 767.206 145
-48.6896 765.661 145
-44.1879 765.071 145
-39.7003 764.44 145
-35.1572 762.772 145
-30.6463 761.064 145
-26.1156 758.316 145
-21.7224 757.526 145
-17.3101 755.698 145
-12.9314 753.831 145
-8.604 752.925 145
-4.29342 751.981 145
3.6994e-05 750 145
4.25859 747.981 145
8.46445 744.926 145
12.6697 743.834 145
16.9263 744.705 145
20.9373 739.543 145
25.1213 739.342 145
29.3033 739.105 145
33.3436 736.836 145
37.3466 734.533 145
41.399 733.192 145
45.0475 727.836 145
49.2329 728.42 145
53.2055 726.979 145
56.913 723.519 145
60.8252 722.013 145
64.8547 721.465 145
68.5836 718.903 145
72.4292 717.3 145
76.087 714.678 145
79.8782 713.012 145
83.4639 710.331 145
87.1997 708.604 145
90.9118 706.846 145
94.5998 705.057 145
98.0472 702.262 145
101.453 699.441 145
104.817 696.594 145
108.623 695.663 145
111.67 691.794 145
115.175 689.837 145
118.654 687.852 145
121.832 684.878 145
125.535 683.798 145
128.059 678.861 145
131.709 677.728 145
135.04 675.612 145
137.71 671.572 145
141.948 672.246 145
144.538 668.164 145
148.095 666.887 145
151.29 664.642 145
154.098 661.44 145
156.496 657.288 145
159.582 654.98 145
162.258 651.725 145
165.67 650.294 145
169.07 648.833 145
171.643 645.516 145
175.001 644.004 145
177.922 641.556 145
179.954 637.281 145
183.678 636.595 145
186.065 633.188 145
188.86 630.659 145
191.164 627.222 145
193.892 624.657 145
197.544 623.83 145
199.742 620.343 145
202.386 617.716 145
204.5 614.204 145
207.076 611.545 145
209.105 608.01 145
212.134 606.172 145
215.147 604.308 145
217.069 600.73 145
220.034 598.823 145
221.879 595.222 145
223.677 591.615 145
227.129 590.475 145
228.283 586.023 145
229.958 582.39 145
232.763 580.371 145
235.55 578.327 145
237.717 575.461 145
240.461 573.375 145
240.724 568.112 145
244.026 566.782 145
246.064 563.864 145
248.071 560.934 145
250.044 557.991 145
252.635 555.798 145
254.551 552.827 145
256.434 549.846 145
257.615 546.111 145
259.427 543.114 145
261.205 540.108 145
262.951 537.093 145
264.665 534.068 145
267.046 531.748 145
268.701 528.701 145
270.322 525.645 145
272.63 523.276 145
273.466 519.51 145
274.989 516.431 145
276.479 513.346 145
278.679 510.924 145
280.109 507.82 145
282.261 505.366 145
282.871 501.595 145
284.969 499.117 145
286.273 495.985 145
288.321 493.478 145
289.565 490.33 145
291.564 487.795 145
294.334 485.85 145
294.697 482.07 145
296.623 479.49 145
298.527 476.893 145
298.78 473.118 145
299.81 469.929 145
302.454 467.871 145
302.599 464.105 145
304.368 461.457 145
304.437 457.704 145
305.308 454.502 145
309.538 453.421 145
310.361 450.189 145
310.295 446.444 145
311.91 443.729 145
313.501 441 145
313.328 437.272 145
315.738 435.016 145
315.495 431.3 145
316.978 428.54 145
319.324 426.229 145
318.98 422.529 145
319.492 419.293 145
321.768 416.937 145
324.028 414.553 145
322.646 410.452 145
323.946 407.631 145
326.136 405.205 145
327.39 402.353 145
325.859 398.319 145
327.977 395.853 145
329.15 392.985 145
329.368 389.741 145
329.554 386.504 145
330.645 383.623 145
333.591 381.417 145
333.695 378.168 145
334.714 375.251 145
333.81 371.691 145
335.723 369.083 145
335.708 365.848 145
336.619 362.915 145
337.505 359.973 145
338.364 357.024 145
336.307 353.266 145
339.04 350.845 145
338.852 347.633 145
338.633 344.431 145
341.302 341.939 145
340.055 338.508 145
341.704 335.754 145
340.395 332.353 145
341.994 329.579 145
343.57 326.783 145
344.139 323.782 145
344.683 320.777 145
344.214 317.602 145
345.691 314.752 145
343.189 311.29 145
345.604 308.571 145
345.023 305.423 145
346.399 302.532 145
346.757 299.508 145
346.094 296.376 145
347.393 293.45 145
347.672 290.417 145
348.921 287.461 145
347.152 284.275 145
348.349 281.306 145
347.523 278.213 145
348.668 275.223 145
349.787 272.215 145
348.88 269.136 145
349.947 266.108 145
347.987 263.037 145
348 260 145
349.987 256.946 145
349.947 253.892 145
349.88 250.838 145
347.788 247.855 145
348.668 244.777 145
349.52 241.682 145
349.347 238.633 145
347.152 235.725 145
347.924 232.618 145
348.668 229.495 145
348.389 226.454 145
349.077 223.311 145
347.75 220.379 145
348.384 217.224 145
348.989 214.055 145
348.574 211.011 145
347.145 208.119 145
347.666 204.935 145
346.186 202.068 145
346.652 198.876 145
345.122 196.035 145
344.551 193.026 145
343.954 190.022 145
343.33 187.023 145
339.751 184.679 145
0 260 145
0 260 145
0 260 145
0 260 145
0 260 145
0 260 145
0 260 145
0 260 145
71.7229 238.072 145
70.5751 237.748 145
0 260 145
0 260 145
0 260 145
39.5909 245.98 145
38.5274 245.977 145
36.5302 246.342 145
36.4096 246.024 145
35.3559 246.073 145
36.1602 245.39 145
35.1074 245.458 145
34.0587 245.543 145
34.8483 244.848 145
32.8876 245.357 145
32.7586 245.071 145
33.5334 244.363 145
33.3957 244.071 145
33.2554 243.78 145
33.1126 243.491 145
31.1852 244.11 145
30.1584 244.301 145
30.9032 243.568 145
29.8798 243.777 145
28.8625 244.001 145
29.5921 243.258 145
28.5788 243.5 145
29.2954 242.744 145
29.1437 242.489 145
29.8424 241.713 145
28.8336 241.983 145
28.6753 241.732 145
27.6761 242.027 145
27.5182 241.786 145
27.3582 241.547 145
27.1962 241.309 145
27.032 241.072 145
26.0517 241.418 145
25.0795 241.779 145
24.9196 241.56 145
24.7577 241.344 145
34.9075 233.214 145
40.1885 228.601 145
34.4348 232.609 145
26.423 238.603 145
27.0069 237.737 145
22.2153 241.359 145
0 260 145
0 260 145
0 260 145
0 260 145
0 260 145
0 260 145
0 260 145
0 260 145
0 260 145
0 260 145
0 260 145
