-0 260 217
-0 260 217
-0 260 217
-0 260 217
-0 260 217
-0 260 217
-0 260 217
-0 260 217
-16.6036 245.567 217
-23.5726 239.867 217
-27.5776 236.86 217
-27.7785 237.101 217
-34.9716 231.681 217
-43.0435 225.762 217
-41.7646 227.37 217
-26.974 239.302 217
-25.5563 240.742 217
-25.7234 240.966 217
-26.6976 240.603 217
-26.8658 240.837 217
-26.2129 241.646 217
-26.372 241.875 217
-25.7002 242.665 217
-26.6843 242.338 217
-26.8375 242.572 217
-26.9885 242.806 217
-27.1375 243.043 217
-28.1371 242.758 217
-27.4294 243.519 217
-28.4338 243.251 217
-27.7128 244 217
-26.981 244.735 217
-27.1132 244.971 217
-28.1222 244.731 217
-29.1373 244.507 217
-31.0454 243.839 217
-30.2942 244.564 217
-30.4278 244.829 217
-30.559 245.095 217
-30.6879 245.363 217
-31.7208 245.208 217
-31.8486 245.486 217
-32.8876 245.357 217
-33.0142 245.645 217
-34.0587 245.543 217
-35.1074 245.458 217
-35.233 245.765 217
-35.3559 246.073 217
-36.4096 246.024 217
-37.4669 245.992 217
-39.4671 245.635 217
-42.4189 244.979 217
-0 260 217
-0 260 217
-71.3292 236.824 217
-71.5288 237.447 217
-0 260 217
-0 260 217
-0 260 217
-0 260 217
-0 260 217
-0 260 217
-0 260 217
-0 260 217
-0 260 217
-0 260 217
-0 260 217
-0 260 217
-0 260 217
-0 260 217
-0 260 217
-0 260 217
-719.037 146.116 217
-720.993 152.247 217
-720.915 158.682 217
-722.763 164.847 217
-722.574 171.279 217
-724.314 177.475 217
-723.017 184.008 217
-724.648 190.224 217
-725.23 196.551 217
-725.756 202.882 217
-726.227 209.217 217
-724.646 215.679 217
-726.004 221.952 217
-726.308 228.289 217
-725.558 234.663 217
-724.752 241.022 217
-724.89 247.347 217
-723.972 253.682 217
-725 260 217
-724.972 266.327 217
-723.89 272.636 217
-724.752 278.978 217
-723.559 285.267 217
-721.313 291.493 217
-722.009 297.839 217
-721.651 304.138 217
-720.241 310.364 217
-719.774 316.648 217
-719.253 322.927 217
-717.681 329.105 217
-717.05 335.365 217
-715.372 341.506 217
-714.633 347.746 217
-711.857 353.718 217
-712.003 360.066 217
-710.113 366.127 217
-708.173 372.164 217
-707.167 378.339 217
-705.122 384.332 217
-703.027 390.299 217
-702.845 396.619 217
-698.686 402.149 217
-697.419 408.241 217
-696.099 414.322 217
-693.751 420.165 217
-692.327 426.213 217
-688.91 431.765 217
-687.385 437.77 217
-683.875 443.244 217
-682.25 449.205 217
-679.612 454.876 217
-676.927 460.515 217
-675.151 466.415 217
-672.37 471.998 217
-668.593 477.239 217
-666.671 483.065 217
-663.754 488.549 217
-660.792 493.999 217
-657.785 499.414 217
-653.797 504.445 217
-650.706 509.783 217
-647.571 515.085 217
-645.32 520.726 217
-642.096 525.965 217
-638.83 531.167 217
-635.523 536.333 217
-632.173 541.462 217
-628.783 546.553 217
-624.446 551.184 217
-620.979 556.192 217
-618.37 561.599 217
-613.03 565.646 217
-610.339 570.984 217
-606.715 575.836 217
-602.17 580.18 217
-599.353 585.422 217
-595.616 590.155 217
-590.971 594.356 217
-586.299 598.5 217
-583.323 603.604 217
-579.445 608.166 217
-575.532 612.687 217
-570.736 616.636 217
-566.759 621.065 217
-562.748 625.453 217
-557.036 628.694 217
-553.797 633.541 217
-548.044 636.66 217
-546.374 642.576 217
-540.573 645.587 217
-537.187 650.289 217
-532.957 654.368 217
-527.099 657.198 217
-523.613 661.783 217
-517.723 664.49 217
-513.391 668.37 217
-508.253 671.576 217
-504.642 675.995 217
-500.227 679.74 217
-495.024 682.791 217
-490.561 686.438 217
-485.323 689.378 217
-480.072 692.258 217
-474.069 694.405 217
-470.992 699.207 217
-465.69 701.924 217
-461.097 705.276 217
-455.767 707.881 217
-451.134 711.134 217
-445.778 713.627 217
-440.413 716.061 217
-436.417 719.887 217
-430.341 721.484 217
-424.946 723.747 217
-420.883 727.438 217
-415.463 729.595 217
-409.381 730.939 217
-403.957 732.973 217
-399.814 736.48 217
-394.368 738.407 217
-389.549 741.053 217
-384.091 742.869 217
-378.016 743.839 217
-374.388 747.912 217
-368.311 748.765 217
-362.842 750.353 217
-357.373 751.882 217
-353.067 754.982 217
-347.014 755.587 217
-341.543 756.948 217
-336.075 758.252 217
-330.61 759.498 217
-326.239 762.364 217
-320.231 762.661 217
-315.302 764.589 217
-301.482 751.973 217
-286.876 737.442 217
-280.669 736.481 217
-275 736.314 217
-277.727 750.881 217
-283.129 770.778 217
-278.661 773.229 217
-273.232 773.876 217
-266.891 772.692 217
-262.86 775.893 217
-257.01 775.482 217
-252.063 776.807 217
-247.113 778.084 217
-240.892 776.595 217
-236.375 778.678 217
-230.62 777.98 217
-225.692 779.056 217
-219.982 778.244 217
-215.451 780.144 217
-209.78 779.223 217
-204.874 780.103 217
-199.611 780.004 217
-194.365 779.853 217
-189.821 781.529 217
-184.595 781.281 217
-179.714 781.926 217
-173.883 779.681 217
-169.032 780.228 217
-163.885 779.776 217
-158.758 779.273 217
-153.936 779.68 217
-149.12 780.043 217
-144.041 779.397 217
-139.245 779.668 217
-134.204 778.927 217
-129.428 779.108 217
-124.426 778.273 217
-119.449 777.391 217
-114.713 777.437 217
-109.569 775.484 217
-104.867 775.44 217
-100.175 775.354 217
-95.3091 774.242 217
-90.6443 774.07 217
-85.8247 772.869 217
-81.1894 772.61 217
-76.2696 770.332 217
-71.8133 770.978 217
-67.0904 769.603 217
-62.3971 768.184 217
-57.8468 767.715 217
-53.3095 767.206 217
-48.6896 765.661 217
-44.1008 764.075 217
-39.5433 762.446 217
-35.0177 760.777 217
-30.5853 760.066 217
-26.2203 760.313 217
-21.7224 757.526 217
-17.345 756.697 217
-12.9576 754.83 217
-8.62145 753.925 217
-4.29342 751.981 217
3.70695e-05 751 217
4.25859 747.981 217
8.51681 747.926 217
12.7482 746.833 217
16.9612 745.704 217
20.981 740.542 217
25.2783 742.338 217
29.3644 740.103 217
33.3436 736.836 217
37.5035 736.526 217
41.399 733.192 217
45.5268 732.813 217
49.442 730.409 217
53.4319 728.966 217
57.4005 727.489 217
61.3473 725.979 217
65.133 723.445 217
68.8792 720.881 217
72.7421 719.275 217
76.5821 717.637 217
80.3991 715.966 217
84.1928 714.264 217
87.7722 711.548 217
91.7093 710.765 217
95.2236 707.992 217
98.4801 704.215 217
102.578 704.313 217
105.984 701.456 217
109.591 699.544 217
112.921 696.635 217
116.469 694.667 217
119.99 692.67 217
122.659 687.761 217
126.103 685.716 217
129.813 684.599 217
133.513 683.45 217
136.586 680.367 217
139.931 678.211 217
143.25 676.028 217
146.875 674.762 217
149.805 671.585 217
152.69 668.389 217
155.173 664.24 217
158.695 662.871 217
162.205 661.471 217
165.702 660.04 217
168.014 655.817 217
170.665 652.502 217
173.677 650.084 217
176.659 647.643 217
179.613 645.181 217
182.106 641.794 217
185.869 641.089 217
187.849 636.767 217
190.676 634.223 217
193.473 631.658 217
196.239 629.072 217
199.93 628.224 217
203.135 626.466 217
204.848 622.068 217
207.5 619.401 217
210.121 616.714 217
213.226 614.867 217
215.269 611.288 217
217.797 608.548 217
220.83 606.634 217
222.757 603.016 217
226.294 601.893 217
227.032 596.589 217
229.395 593.771 217
231.725 590.937 217
234.604 588.903 217
236.877 586.034 217
239.714 583.954 217
241.93 581.051 217
244.113 578.135 217
246.265 575.204 217
247.761 571.478 217
251.099 570.081 217
253.159 567.107 217
255.187 564.12 217
257.181 561.121 217
259.799 558.865 217
263.06 557.335 217
263.637 552.799 217
266.183 550.487 217
268.707 548.153 217
269.147 543.621 217
271.611 541.262 217
274.056 538.881 217
275.772 535.772 217
277.454 532.654 217
278.385 528.833 217
281.445 527.082 217
283.034 523.933 217
283.852 520.102 217
286.111 517.615 217
288.348 515.109 217
289.808 511.927 217
292.756 510.037 217
293.395 506.188 217
294.761 502.982 217
296.093 499.771 217
298.956 497.801 217
299.444 493.951 217
301.474 491.329 217
303.482 488.69 217
305.466 486.033 217
306.617 482.771 217
307.736 479.506 217
309.639 476.812 217
311.52 474.102 217
311.718 470.257 217
315.209 468.632 217
314.501 464.24 217
315.428 460.95 217
318.866 459.25 217
319.74 455.937 217
319.723 452.109 217
322.249 449.819 217
323.894 447 217
322.902 442.689 217
325.359 440.349 217
326.041 437.026 217
329.339 435.113 217
329.968 431.77 217
331.454 428.884 217
331.126 425.093 217
333.453 422.636 217
333.957 419.289 217
335.334 416.369 217
335.776 413.022 217
338.012 410.493 217
339.312 407.537 217
339.666 404.18 217
339.988 400.827 217
341.204 397.855 217
343.324 395.239 217
341.69 391.163 217
343.759 388.526 217
344.867 385.521 217
346.892 382.841 217
347.005 379.484 217
346.138 375.816 217
348.087 373.1 217
350.014 370.359 217
348.095 366.423 217
349.969 363.666 217
350.861 360.608 217
351.725 357.542 217
350.631 353.951 217
352.406 351.138 217
353.188 348.06 217
354.915 345.208 217
355.645 342.107 217
353.419 338.351 217
355.068 335.472 217
356.693 332.57 217
358.294 329.645 217
357.905 326.334 217
357.485 323.034 217
357.035 319.747 217
359.519 316.942 217
357.035 313.359 217
359.467 310.52 217
358.903 307.25 217
359.302 304.117 217
361.66 301.206 217
361.011 297.944 217
361.329 294.792 217
362.615 291.725 217
360.884 288.402 217
361.118 285.252 217
363.321 282.222 217
364.5 279.103 217
363.654 275.877 217
362.779 272.669 217
362.876 269.502 217
364.944 266.37 217
364.986 263.185 217
362 260 217
364.986 256.815 217
364.944 253.63 217
365.875 250.419 217
364.778 247.262 217
363.654 244.123 217
363.501 240.95 217
365.317 237.656 217
363.113 234.609 217
363.875 231.362 217
364.607 228.101 217
363.32 225.016 217
365.984 221.534 217
363.647 218.568 217
364.264 215.274 217
364.852 211.966 217
364.419 208.784 217
363.958 205.606 217
362.482 202.589 217
362.953 199.262 217
362.409 196.097 217
360.855 193.12 217
360.257 189.973 217
359.632 186.832 217
358.98 183.696 217
356.348 181 217
0 260 217
0 260 217
0 260 217
0 260 217
0 260 217
0 260 217
0 260 217
0 260 217
71.7229 238.072 217
71.5288 237.447 217
72.2803 236.515 217
0 260 217
0 260 217
39.5909 245.98 217
37.5877 246.319 217
36.5302 246.342 217
36.4096 246.024 217
36.2863 245.706 217
36.1602 245.39 217
35.1074 245.458 217
34.9792 245.152 217
33.0142 245.645 217
32.8876 245.357 217
32.7586 245.071 217
33.5334 244.363 217
33.3957 244.071 217
33.2554 243.78 217
33.1126 243.491 217
31.1852 244.11 217
31.0454 243.839 217
30.0202 244.038 217
29.8798 243.777 217
28.8625 244.001 217
29.5921 243.258 217
28.5788 243.5 217
28.4338 243.251 217
29.1437 242.489 217
28.9898 242.235 217
28.8336 241.983 217
28.6753 241.732 217
28.5148 241.482 217
27.5182 241.786 217
27.3582 241.547 217
27.1962 241.309 217
26.2129 241.646 217
26.0517 241.418 217
25.8885 241.191 217
23.3118 242.75 217
25.5563 240.742 217
33.3208 234.432 217
41.7646 227.37 217
32.8695 233.854 217
27.2001 237.974 217
26.2352 238.373 217
22.9813 240.716 217
0 260 217
0 260 217
0 260 217
0 260 217
0 260 217
0 260 217
0 260 217
0 260 217
0 260 217
0 260 217
0 260 217
