-0 260 201
-0 260 201
-0 260 201
-0 260 201
-0 260 201
-0 260 201
-0 260 201
-0 260 201
-15.8489 246.223 201
-22.0518 241.166 201
-25.2795 238.788 201
-25.4636 239.009 201
-33.4173 232.939 201
-43.8261 225.139 201
-41.7646 227.37 201
-26.974 239.302 201
-25.5563 240.742 201
-26.5273 240.371 201
-25.8885 241.191 201
-26.8658 240.837 201
-25.3937 242.219 201
-25.5479 242.441 201
-26.5292 242.106 201
-27.5182 241.786 201
-26.8375 242.572 201
-26.1451 243.344 201
-26.2895 243.573 201
-27.2845 243.28 201
-27.4294 243.519 201
-27.5721 243.759 201
-28.5788 243.5 201
-26.981 244.735 201
-27.9878 244.486 201
-28.1222 244.731 201
-30.0202 244.038 201
-30.1584 244.301 201
-30.2942 244.564 201
-29.5328 245.275 201
-30.559 245.095 201
-31.5905 244.932 201
-31.7208 245.208 201
-31.8486 245.486 201
-32.8876 245.357 201
-33.9312 245.246 201
-34.0587 245.543 201
-34.1835 245.841 201
-34.3058 246.14 201
-35.3559 246.073 201
-36.4096 246.024 201
-36.5302 246.342 201
-39.4671 245.635 201
-0 260 201
-0 260 201
-0 260 201
-74.1824 235.897 201
-69.6213 238.048 201
-0 260 201
-72.8703 238.415 201
-0 260 201
-0 260 201
-0 260 201
-0 260 201
-0 260 201
-0 260 201
-0 260 201
-0 260 201
-0 260 201
-0 260 201
-0 260 201
-0 260 201
-0 260 201
-0 260 201
-730.889 144.239 201
-730.883 150.769 201
-730.818 157.29 201
-731.686 163.672 201
-732.499 170.061 201
-733.256 176.456 201
-732.963 182.963 201
-734.602 189.266 201
-735.192 195.679 201
-734.728 202.176 201
-735.205 208.59 201
-734.627 215.068 201
-734.991 221.481 201
-735.299 227.896 201
-735.552 234.314 201
-735.748 240.734 201
-735.888 247.155 201
-735.972 253.577 201
-735 260 201
-733.972 266.405 201
-733.888 272.81 201
-733.748 279.214 201
-732.553 285.581 201
-732.302 291.973 201
-730.997 298.31 201
-731.633 304.749 201
-730.217 311.062 201
-729.743 317.432 201
-729.215 323.798 201
-726.639 329.968 201
-725.006 336.201 201
-724.314 342.525 201
-723.566 348.843 201
-721.772 355.023 201
-718.935 361.04 201
-719.015 367.458 201
-717.062 373.572 201
-717.03 379.99 201
-713.986 385.895 201
-711.877 391.939 201
-710.698 398.146 201
-708.486 404.143 201
-706.223 410.112 201
-703.909 416.053 201
-701.546 421.965 201
-700.106 428.081 201
-696.672 433.7 201
-695.13 439.773 201
-692.569 445.573 201
-689.959 451.343 201
-687.302 457.081 201
-685.556 463.071 201
-681.845 468.461 201
-679.046 474.103 201
-677.152 480.02 201
-673.31 485.286 201
-671.318 491.153 201
-668.333 496.669 201
-665.302 502.15 201
-660.354 506.896 201
-659.108 513.008 201
-655.014 518.017 201
-650.883 522.974 201
-647.64 528.261 201
-644.353 533.512 201
-641.025 538.726 201
-637.655 543.902 201
-633.333 548.627 201
-630.79 554.142 201
-628.199 559.636 201
-624.662 564.668 201
-620.189 569.215 201
-616.576 574.162 201
-612.924 579.068 201
-608.351 583.466 201
-602.868 587.331 201
-599.114 592.095 201
-596.194 597.31 201
-593.227 602.5 201
-587.631 606.141 201
-584.588 611.256 201
-579.795 615.299 201
-576.673 620.345 201
-571.819 624.289 201
-566.103 627.631 201
-563.707 633.109 201
-558.771 636.896 201
-554.637 641.191 201
-548.832 644.296 201
-545.457 649.071 201
-541.232 653.228 201
-536.976 657.342 201
-531.891 660.809 201
-527.58 664.826 201
-523.239 668.799 201
-518.087 672.105 201
-513.693 675.981 201
-507.729 678.54 201
-503.291 682.312 201
-496.545 684.09 201
-493.58 689.063 201
-488.319 692.028 201
-484.53 696.273 201
-479.23 699.134 201
-473.917 701.935 201
-467.141 703.3 201
-463.974 708.055 201
-457.907 709.984 201
-453.255 713.255 201
-447.18 715.054 201
-443.192 718.939 201
-438.482 722.064 201
-433.751 725.141 201
-426.297 725.222 201
-421.552 728.181 201
-416.788 731.093 201
-410.693 732.448 201
-407.204 736.775 201
-400.457 737.246 201
-395.641 739.951 201
-390.808 742.608 201
-384.714 743.652 201
-380.479 746.991 201
-374.388 747.912 201
-368.913 749.564 201
-363.437 751.157 201
-358.549 753.5 201
-353.067 754.982 201
-349.308 758.864 201
-342.676 758.596 201
-336.634 759.081 201
-331.162 760.332 201
-326.239 762.364 201
-321.305 764.348 201
-310.003 756.108 201
-292.599 737.479 201
-287.906 739.157 201
-281.684 738.204 201
-277.5 740.644 201
-287.083 767.417 201
-283.614 771.653 201
-277.706 771.472 201
-273.232 773.876 201
-267.814 774.466 201
-261.498 773.22 201
-257.01 775.482 201
-252.063 776.807 201
-245.822 775.376 201
-241.315 777.502 201
-235.546 776.858 201
-230.213 777.067 201
-224.894 777.222 201
-219.591 777.324 201
-214.303 777.373 201
-209.78 779.223 201
-204.141 778.243 201
-199.253 779.071 201
-194.365 779.853 201
-189.137 779.65 201
-183.594 778.453 201
-178.737 779.09 201
-173.566 778.733 201
-168.105 777.375 201
-163.584 778.822 201
-158.465 778.317 201
-153.368 777.763 201
-148.568 778.12 201
-143.24 776.506 201
-138.468 776.77 201
-133.703 776.991 201
-128.702 776.197 201
-123.959 776.328 201
-118.999 775.442 201
-113.847 773.532 201
-109.154 773.527 201
-104.469 773.481 201
-99.6023 772.409 201
-94.9447 772.276 201
-90.1234 771.115 201
-85.4946 770.896 201
-80.5637 768.66 201
-75.8262 767.365 201
-71.2566 767.017 201
-66.8294 767.62 201
-62.0315 765.206 201
-57.6204 765.728 201
-52.9959 764.223 201
-48.4979 763.67 201
-43.8393 761.086 201
-39.3864 760.453 201
-34.948 759.78 201
-30.4632 758.069 201
-26.0109 756.319 201
-21.6352 755.528 201
-17.2403 753.699 201
-12.9052 752.831 201
-8.56909 750.925 201
-4.26724 748.981 201
3.6692e-05 746 201
4.24113 745.981 201
8.42955 742.926 201
12.6435 742.834 201
16.8565 742.706 201
20.8937 738.544 201
25.1213 739.342 201
29.1812 737.108 201
33.2041 734.84 201
37.0327 730.545 201
41.2247 731.2 201
45.2392 729.827 201
49.1284 727.425 201
53.0923 725.985 201
57.0349 724.512 201
60.6947 721.022 201
64.298 717.504 201
68.1402 715.936 201
71.8035 713.349 201
75.7569 712.705 201
79.5309 711.042 201
83.2817 709.347 201
86.6273 705.659 201
90.7124 705.866 201
94.184 703.101 201
97.3979 699.333 201
101.003 697.492 201
104.817 696.594 201
108.381 694.692 201
111.67 691.794 201
114.657 687.905 201
118.654 687.852 201
122.107 685.839 201
124.967 681.881 201
128.351 679.818 201
131.408 676.774 201
135.349 676.563 201
138.028 672.521 201
141.297 670.355 201
144.538 668.164 201
147.753 665.947 201
151.29 664.642 201
154.457 662.373 201
156.863 658.219 201
159.208 654.053 201
163.023 653.573 201
166.061 651.215 201
169.867 650.668 201
172.456 647.343 201
175.001 644.004 201
177.077 639.743 201
180.815 639.086 201
182.801 634.797 201
185.618 632.293 201
188.86 630.659 201
191.626 628.109 201
193.892 624.657 201
197.067 622.951 201
199.257 619.469 201
201.894 616.846 201
204 613.338 201
208.091 613.268 201
209.621 608.867 201
212.134 606.172 201
214.087 602.611 201
217.606 601.574 201
220.034 598.823 201
222.431 596.056 201
223.677 591.615 201
225.996 588.826 201
227.71 585.203 201
231.12 584.018 201
233.939 581.989 201
236.739 579.935 201
238.319 576.26 201
240.461 573.375 201
243.186 571.264 201
244.648 567.565 201
246.064 563.864 201
248.707 561.705 201
251.33 559.523 201
253.934 557.319 201
256.519 555.091 201
256.434 549.846 201
258.954 547.597 201
260.778 544.589 201
263.251 542.303 201
264.328 538.544 201
266.749 536.226 201
268.448 533.175 201
270.822 530.822 201
271.748 527.046 201
274.068 524.665 201
275.642 521.575 201
277.914 519.159 201
277.954 514.697 201
280.166 512.262 201
282.356 509.808 201
284.526 507.334 201
285.152 503.543 201
287.267 501.045 201
289.359 498.529 201
289.875 494.736 201
292.695 492.82 201
294.716 490.257 201
295.921 487.068 201
297.092 483.875 201
299.035 481.274 201
300.145 478.068 201
302.851 476.021 201
302.267 471.65 201
304.927 469.57 201
307.573 467.461 201
306.87 463.113 201
307.792 459.883 201
310.368 457.726 201
309.538 453.421 201
312.066 451.234 201
314.58 449.019 201
316.218 446.267 201
314.367 441.5 201
317.68 439.735 201
318.362 436.471 201
319.011 433.209 201
322.276 431.357 201
321.098 427.153 201
323.435 424.799 201
324.861 421.97 201
324.465 418.252 201
324.931 414.984 201
327.177 412.565 201
329.406 410.119 201
330.703 407.239 201
330.142 403.55 201
333.223 401.445 201
330.749 397.001 201
332.859 394.484 201
333.089 391.207 201
334.222 388.296 201
336.265 385.724 201
336.41 382.443 201
338.408 379.837 201
339.441 376.879 201
339.5 373.595 201
341.429 370.937 201
340.477 367.352 201
342.357 364.669 201
343.257 361.677 201
341.248 357.851 201
344.016 355.404 201
344.836 352.398 201
344.661 349.135 201
344.455 345.882 201
346.164 343.107 201
346.876 340.083 201
346.585 336.836 201
348.221 334.017 201
348.853 330.975 201
346.514 327.356 201
348.072 324.511 201
349.607 321.645 201
350.131 318.592 201
348.654 315.221 201
350.112 312.325 201
352.535 309.546 201
351.963 306.337 201
352.354 303.264 201
352.718 300.187 201
352.061 297.003 201
353.366 294.025 201
353.649 290.94 201
352.909 287.775 201
353.138 284.694 201
354.338 281.672 201
355.512 278.632 201
354.662 275.485 201
354.784 272.389 201
355.878 269.319 201
354.946 266.196 201
355.986 263.107 201
355 260 201
354.986 256.902 201
356.946 253.769 201
354.878 250.707 201
355.783 247.576 201
356.66 244.428 201
355.512 241.368 201
355.336 238.267 201
355.133 235.167 201
355.899 231.99 201
355.642 228.885 201
355.356 225.783 201
354.05 222.788 201
355.699 219.473 201
355.332 216.371 201
353.946 213.402 201
352.535 210.454 201
356.046 206.789 201
354.58 203.84 201
355.063 200.583 201
351.576 198.008 201
351.022 194.942 201
351.423 191.69 201
352.773 188.228 201
349.199 185.776 201
348.538 182.731 201
0 260 201
0 260 201
0 260 201
0 260 201
0 260 201
0 260 201
0 260 201
0 260 201
71.7229 238.072 201
70.5751 237.748 201
0 260 201
0 260 201
42.5483 245.349 201
39.5909 245.98 201
38.5274 245.977 201
37.4669 245.992 201
36.4096 246.024 201
36.2863 245.706 201
36.1602 245.39 201
34.1835 245.841 201
34.0587 245.543 201
33.9312 245.246 201
32.8876 245.357 201
32.7586 245.071 201
32.6271 244.786 201
33.3957 244.071 201
32.3566 244.219 201
34.0075 243.044 201
32.0762 243.656 201
31.0454 243.839 201
30.0202 244.038 201
29.8798 243.777 201
29.7371 243.516 201
28.7217 243.75 201
27.7128 244 201
29.2954 242.744 201
29.1437 242.489 201
28.9898 242.235 201
29.6817 241.453 201
27.8319 242.269 201
28.5148 241.482 201
28.3521 241.234 201
27.3582 241.547 201
26.372 241.875 201
25.3937 242.219 201
25.2376 241.998 201
25.0795 241.779 201
24.1157 242.155 201
24.7577 241.344 201
34.9075 233.214 201
40.9766 227.986 201
32.8695 233.854 201
27.2001 237.974 201
26.2352 238.373 201
22.2153 241.359 201
0 260 201
0 260 201
0 260 201
0 260 201
0 260 201
0 260 201
0 260 201
0 260 201
0 260 201
0 260 201
0 260 201
