-0 260 106
-0 260 106
-0 260 106
-0 260 106
-0 260 106
-0 260 106
-0 260 106
-0 260 106
-16.6036 245.567 106
-22.8122 240.517 106
-26.0455 238.145 106
-27.7785 237.101 106
-31.863 234.198 106
-43.8261 225.139 106
-40.1886 228.601 106
-27.7674 238.693 106
-25.5563 240.742 106
-28.135 239.181 106
-26.6976 240.603 106
-26.8658 240.837 106
-26.2129 241.646 106
-26.372 241.875 106
-26.5292 242.106 106
-26.6843 242.338 106
-26.8375 242.572 106
-26.9885 242.806 106
-27.1375 243.043 106
-27.2845 243.28 106
-28.2865 243.004 106
-28.4338 243.251 106
-27.7128 244 106
-26.981 244.735 106
-27.1132 244.971 106
-29.001 244.254 106
-29.1373 244.507 106
-30.1584 244.301 106
-30.2942 244.564 106
-31.3227 244.383 106
-31.4578 244.657 106
-30.6879 245.363 106
-31.7208 245.208 106
-31.8486 245.486 106
-32.8876 245.357 106
-33.9312 245.246 106
-34.9792 245.152 106
-35.1074 245.458 106
-35.233 245.765 106
-34.4255 246.439 106
-36.4096 246.024 106
-36.5302 246.342 106
-38.5274 245.977 106
-0 260 106
-0 260 106
-0 260 106
-72.2803 236.515 106
-72.4825 237.146 106
-0 260 106
-0 260 106
-0 260 106
-0 260 106
-0 260 106
-0 260 106
-0 260 106
-0 260 106
-0 260 106
-0 260 106
-0 260 106
-0 260 106
-0 260 106
-0 260 106
-0 260 106
-0 260 106
-703.234 148.619 106
-703.19 154.908 106
-704.081 161.048 106
-704.917 167.196 106
-704.708 173.473 106
-705.436 179.626 106
-706.111 185.785 106
-705.736 192.045 106
-706.302 198.207 106
-705.817 204.451 106
-706.275 210.613 106
-707.678 216.717 106
-708.028 222.894 106
-706.327 229.161 106
-706.569 235.326 106
-706.758 241.493 106
-706.892 247.661 106
-705.973 253.839 106
-707 260 106
-705.973 266.161 106
-704.893 272.304 106
-705.758 278.481 106
-704.571 284.604 106
-704.329 290.752 106
-704.034 296.897 106
-702.687 302.978 106
-702.285 309.109 106
-700.833 315.157 106
-700.325 321.271 106
-699.764 327.38 106
-698.154 333.379 106
-696.494 339.356 106
-695.775 345.431 106
-695.003 351.499 106
-693.188 357.421 106
-692.311 363.467 106
-690.394 369.348 106
-688.427 375.203 106
-687.396 381.207 106
-685.329 387.018 106
-684.194 392.994 106
-682.028 398.76 106
-678.834 404.291 106
-679.502 410.642 106
-677.187 416.341 106
-673.852 421.778 106
-672.415 427.652 106
-669.958 433.263 106
-668.421 439.103 106
-665.869 444.662 106
-663.271 450.19 106
-661.586 455.971 106
-656.981 460.859 106
-656.157 466.886 106
-653.376 472.295 106
-649.602 477.354 106
-647.68 483.014 106
-645.709 488.658 106
-641.81 493.6 106
-638.81 498.842 106
-636.702 504.407 106
-632.684 509.221 106
-630.485 514.733 106
-626.39 519.459 106
-623.182 524.525 106
-620.85 529.953 106
-616.643 534.547 106
-614.224 539.918 106
-609.945 544.422 106
-608.342 550.165 106
-603.99 554.585 106
-601.396 559.845 106
-597.865 564.628 106
-593.41 568.91 106
-588.926 573.138 106
-586.171 578.265 106
-582.497 582.883 106
-578.786 587.462 106
-575.907 592.5 106
-572.122 597.006 106
-568.302 601.47 106
-564.448 605.894 106
-559.712 609.747 106
-555.795 614.081 106
-552.684 618.917 106
-547.863 622.623 106
-544.678 627.39 106
-539.803 630.996 106
-534.906 634.545 106
-531.617 639.199 106
-527.479 643.236 106
-523.311 647.23 106
-518.314 650.578 106
-514.093 654.477 106
-509.055 657.717 106
-504.782 661.522 106
-501.259 665.912 106
-496.926 669.634 106
-492.567 673.312 106
-487.42 676.296 106
-483.769 680.534 106
-479.332 684.077 106
-474.126 686.905 106
-468.908 689.675 106
-465.872 694.433 106
-460.613 697.105 106
-456.061 700.413 106
-450.774 702.975 106
-446.184 706.184 106
-440.872 708.635 106
-435.551 711.026 106
-430.91 714.084 106
-425.567 716.365 106
-421.568 720.061 106
-416.868 722.979 106
-412.812 726.599 106
-406.1 727.165 106
-402.658 731.452 106
-396.6 732.649 106
-391.824 735.321 106
-387.661 738.722 106
-381.601 739.739 106
-376.785 742.263 106
-371.953 744.739 106
-367.709 747.966 106
-361.652 748.745 106
-356.786 751.073 106
-351.325 752.54 106
-345.867 753.949 106
-340.977 756.124 106
-336.075 758.252 106
-330.058 758.664 106
-326.239 762.364 106
-320.768 763.505 106
-315.302 764.589 106
-309.842 765.616 106
-304.902 767.443 106
-300.97 770.946 106
-284.5 752.768 106
-272.803 742.177 106
-267.615 742.79 106
-262.914 744.228 106
-263.373 755.334 106
-268.738 776.24 106
-263.768 777.675 106
-258.348 778.167 106
-253.378 779.503 106
-248.405 780.792 106
-242.583 780.221 106
-238.034 782.318 106
-233.06 783.462 106
-228.084 784.558 106
-222.717 784.688 106
-217.364 784.764 106
-212.027 784.786 106
-207.44 786.616 106
-201.761 785.606 106
-197.167 787.346 106
-191.873 787.168 106
-186.932 787.879 106
-181.341 786.654 106
-176.739 788.216 106
-171.504 787.836 106
-166.591 788.359 106
-161.389 787.88 106
-156.776 789.269 106
-151.6 788.694 106
-146.981 789.997 106
-141.574 788.361 106
-136.707 788.609 106
-131.605 787.841 106
-126.527 787.025 106
-121.474 786.16 106
-116.661 786.224 106
-111.856 786.243 106
-106.861 785.24 106
-102.274 786.152 106
-97.3137 785.058 106
-92.5544 784.903 106
-87.6402 783.718 106
-82.9102 783.475 106
-78.1911 783.189 106
-73.3442 781.871 106
-68.6567 781.5 106
-63.7376 779.102 106
-59.3184 780.632 106
-54.4593 778.146 106
-49.8397 777.606 106
-45.2338 777.025 106
-40.6418 776.403 106
-36.0641 775.741 106
-31.44 774.039 106
-26.8483 772.297 106
-22.2895 770.514 106
-17.7987 769.689 106
-13.3502 769.825 106
-8.84833 766.923 106
-4.41559 765.981 106
3.81264e-05 765 106
4.39821 763.981 106
8.76115 761.924 106
13.0885 759.829 106
17.4498 759.695 106
21.7225 757.526 106
26.011 756.319 106
30.2191 754.077 106
34.4597 752.797 106
38.7588 752.477 106
42.8807 750.128 106
47.0603 748.74 106
51.1145 746.321 106
55.2432 744.863 106
59.2285 742.377 106
63.5663 742.834 106
67.499 740.28 106
71.392 737.695 106
75.4014 736.066 106
79.3879 734.403 106
83.3512 732.708 106
86.9264 729.013 106
91.0159 728.236 106
94.8992 726.444 106
98.966 725.598 106
101.943 719.835 106
106.402 720.877 106
109.953 717.986 106
113.703 716.039 106
117.178 713.093 106
121.127 712.053 106
124.266 708.088 106
128.171 706.987 106
132.067 705.851 106
135.368 702.769 106
139.227 701.571 106
142.457 698.437 106
145.96 696.229 106
149.11 693.047 106
152.884 691.73 106
155.619 687.56 106
159.695 687.123 106
163.057 684.779 106
165.659 680.549 106
169.697 680.014 106
172.59 676.67 106
175.438 673.307 106
178.64 670.843 106
181.811 668.355 106
185.783 667.663 106
188.91 665.12 106
191.577 661.65 106
194.198 658.166 106
198.112 657.351 106
200.664 653.825 106
203.169 650.285 106
206.568 648.497 106
209.473 645.801 106
212.347 643.083 106
215.189 640.345 106
218.5 638.453 106
221.287 635.67 106
223.527 632.011 106
226.242 629.193 106
229.455 627.205 106
231.576 623.502 106
234.195 620.628 106
237.333 618.571 106
241.012 617.315 106
242.988 613.55 106
245.491 610.597 106
247.96 607.627 106
250.984 605.45 106
252.205 600.835 106
255.17 598.621 106
257.506 595.588 106
261.04 594.117 106
262.079 589.478 106
265.573 587.956 106
267.153 584.082 106
269.328 580.973 106
273.418 580.131 106
273.577 574.714 106
276.313 572.315 106
279.697 570.635 106
281.721 567.445 106
282.347 562.78 106
284.29 559.58 106
286.894 557.087 106
290.176 555.286 106
289.914 549.914 106
293.146 548.074 106
294.929 544.81 106
297.404 542.225 106
299.855 539.619 106
300.809 535.641 106
302.46 532.336 106
305.574 530.349 106
306.412 526.36 106
309.485 524.325 106
310.248 520.329 106
310.965 516.34 106
314.744 514.875 106
316.174 511.496 106
317.568 508.112 106
318.135 504.113 106
320.253 501.328 106
321.543 497.929 106
323.607 495.114 106
326.46 492.862 106
326.842 488.857 106
329.65 486.562 106
329.957 482.559 106
332.72 480.223 106
332.952 476.222 106
333.983 472.771 106
334.979 469.318 106
338.498 467.432 106
340.295 464.47 106
341.205 460.985 106
342.946 458 106
342.05 453.522 106
343.726 450.53 106
345.375 447.523 106
347.881 444.972 106
348.595 441.467 106
349.275 437.964 106
350.814 434.91 106
351.428 431.403 106
352.911 428.33 106
353.46 424.821 106
354.885 421.73 106
355.369 418.221 106
355.819 414.715 106
358.997 412.385 106
360.313 409.247 106
359.747 405.347 106
361.932 402.569 106
362.229 399.047 106
363.429 395.88 106
365.54 393.046 106
365.745 389.517 106
365.916 385.995 106
367.001 382.797 106
368.059 379.59 106
368.135 376.072 106
368.177 372.563 106
369.146 369.346 106
371.047 366.396 106
370.034 362.62 106
370.916 359.387 106
371.769 356.146 106
373.564 353.14 106
373.39 349.643 106
374.158 346.381 106
374.898 343.113 106
374.631 339.63 106
375.311 336.358 106
374.982 332.889 106
375.603 329.614 106
377.181 326.507 106
379.72 323.543 106
379.272 320.071 106
378.793 316.611 106
380.263 313.442 106
381.706 310.253 106
378.16 306.432 106
380.538 303.357 106
380.902 300.034 106
381.237 296.709 106
383.535 293.555 106
381.819 290.05 106
382.067 286.717 106
382.286 283.382 106
381.476 279.992 106
381.636 276.663 106
382.767 273.367 106
384.868 270.078 106
384.941 266.719 106
382.985 263.342 106
383 260 106
382.985 256.658 106
381.942 253.333 106
383.868 249.948 106
383.766 246.599 106
383.635 243.25 106
384.472 239.851 106
382.286 236.618 106
383.065 233.214 106
382.816 229.872 106
382.539 226.532 106
381.237 223.291 106
382.891 219.757 106
382.525 216.417 106
382.13 213.08 106
381.706 209.747 106
381.253 206.418 106
380.771 203.093 106
381.248 199.616 106
379.72 196.457 106
381.121 192.798 106
379.536 189.657 106
377.926 186.539 106
379.231 182.845 106
377.565 179.746 106
374.898 176.887 106
0 260 106
0 260 106
0 260 106
0 260 106
0 260 106
0 260 106
0 260 106
0 260 106
71.7229 238.072 106
70.5751 237.748 106
0 260 106
0 260 106
0 260 106
39.5909 245.98 106
38.5274 245.977 106
36.5302 246.342 106
35.4761 246.382 106
37.2167 245.34 106
35.233 245.765 106
35.1074 245.458 106
34.9792 245.152 106
33.9312 245.246 106
32.8876 245.357 106
32.7586 245.071 106
32.6271 244.786 106
33.3957 244.071 106
34.1542 243.342 106
33.1126 243.491 106
31.1852 244.11 106
31.9324 243.377 106
30.9032 243.568 106
29.8798 243.777 106
29.7371 243.516 106
28.7217 243.75 106
28.5788 243.5 106
29.2954 242.744 106
29.1437 242.489 106
28.9898 242.235 106
28.8336 241.983 106
27.8319 242.269 106
27.6761 242.027 106
27.5182 241.786 106
27.3582 241.547 106
28.0203 240.742 106
26.2129 241.646 106
26.8658 240.837 106
25.0795 241.779 106
24.1157 242.155 106
24.7577 241.344 106
36.4943 231.997 106
40.9766 227.986 106
34.4348 232.609 106
27.2001 237.974 106
25.4636 239.009 106
22.9813 240.716 106
0 260 106
0 260 106
0 260 106
0 260 106
0 260 106
0 260 106
0 260 106
0 260 106
0 260 106
0 260 106
0 260 106
