-0 260 73
-0 260 73
-0 260 73
-0 260 73
-0 260 73
-0 260 73
-0 260 73
-0 260 73
-15.8489 246.223 73
-23.5726 239.867 73
-26.8116 237.502 73
-27.0069 237.737 73
-34.9716 231.681 73
-43.8261 225.139 73
-40.9766 227.986 73
-26.974 239.302 73
-27.1536 239.538 73
-27.3311 239.776 73
-27.5066 240.015 73
-26.0517 241.418 73
-27.032 241.072 73
-25.5479 242.441 73
-26.5292 242.106 73
-27.5182 241.786 73
-27.6761 242.027 73
-28.6753 241.732 73
-27.9856 242.513 73
-27.2845 243.28 73
-29.1437 242.489 73
-28.4338 243.251 73
-27.7128 244 73
-26.981 244.735 73
-27.9878 244.486 73
-29.001 244.254 73
-30.0202 244.038 73
-31.0454 243.839 73
-30.2942 244.564 73
-29.5328 245.275 73
-31.4578 244.657 73
-32.4931 244.502 73
-31.7208 245.208 73
-32.7586 245.071 73
-32.8876 245.357 73
-33.0142 245.645 73
-34.9792 245.152 73
-35.1074 245.458 73
-35.233 245.765 73
-35.3559 246.073 73
-37.3432 245.665 73
-37.4669 245.992 73
-39.4671 245.635 73
-0 260 73
-0 260 73
-0 260 73
-72.2803 236.515 73
-72.4825 237.146 73
-0 260 73
-72.8703 238.415 73
-0 260 73
-0 260 73
-0 260 73
-0 260 73
-0 260 73
-0 260 73
-0 260 73
-0 260 73
-0 260 73
-0 260 73
-0 260 73
-0 260 73
-0 260 73
-0 260 73
-694.345 150.027 73
-695.278 156.09 73
-697.149 162.022 73
-695.994 168.371 73
-695.775 174.57 73
-696.494 180.645 73
-696.165 186.83 73
-696.777 192.908 73
-697.336 198.991 73
-696.845 205.157 73
-697.297 211.24 73
-697.696 217.327 73
-698.042 223.417 73
-697.336 229.554 73
-697.575 235.64 73
-696.761 241.755 73
-697.894 247.818 73
-696.973 253.918 73
-696 260 73
-695.973 266.074 73
-695.894 272.147 73
-694.762 278.193 73
-695.576 284.29 73
-694.339 290.316 73
-693.049 296.321 73
-693.704 302.429 73
-692.309 308.411 73
-690.864 314.372 73
-690.363 320.399 73
-687.819 326.23 73
-687.215 332.229 73
-686.558 338.224 73
-684.857 344.09 73
-684.097 350.063 73
-682.295 355.89 73
-680.443 361.693 73
-679.53 367.627 73
-678.564 373.553 73
-675.578 379.123 73
-674.513 385.014 73
-673.396 390.895 73
-670.268 396.368 73
-668.075 402.004 73
-667.786 408.045 73
-664.52 413.417 73
-663.156 419.21 73
-660.771 424.749 73
-658.34 430.258 73
-654.898 435.479 73
-654.305 441.455 73
-650.774 446.607 73
-648.162 451.994 73
-646.462 457.643 73
-643.759 462.977 73
-641.012 468.278 73
-638.222 473.546 73
-635.388 478.782 73
-632.512 483.984 73
-630.534 489.496 73
-628.507 494.989 73
-623.632 499.39 73
-621.519 504.823 73
-618.432 509.863 73
-614.38 514.485 73
-613.056 520.227 73
-608.928 524.769 73
-604.767 529.26 73
-602.394 534.527 73
-599.069 539.351 73
-594.804 543.707 73
-591.406 548.448 73
-587.972 553.152 73
-585.391 558.272 73
-581.879 562.907 73
-579.214 567.973 73
-574.746 572.062 73
-572.001 577.066 73
-567.472 581.06 73
-562.916 585 73
-560.059 589.9 73
-557.159 594.775 73
-552.511 598.579 73
-548.687 602.858 73
-543.987 606.558 73
-540.942 611.292 73
-537.022 615.447 73
-533.9 620.12 73
-528.265 623.066 73
-525.076 627.663 73
-521.034 631.65 73
-516.962 635.595 73
-513.664 640.092 73
-509.529 643.958 73
-504.573 647.172 73
-479.899 634.938 73
-462.521 627.906 73
-459.293 631.928 73
-466.061 644.191 73
-483.374 665.599 73
-479.056 669.152 73
-475.467 673.317 73
-469.595 675.463 73
-465.952 679.545 73
-460.798 682.244 73
-456.365 685.567 73
-450.457 687.468 73
-446.71 691.383 73
-442.215 694.564 73
-436.992 696.992 73
-433.863 701.502 73
-427.215 702.394 73
-424.026 706.831 73
-419.429 709.783 73
-414.137 711.951 73
-408.839 714.062 73
-404.198 716.863 73
-398.884 718.863 73
-394.864 722.327 73
-390.172 724.989 73
-386.099 728.376 73
-379.48 728.619 73
-374.131 730.348 73
-370.012 733.595 73
-365.866 736.805 73
-361.089 739.181 73
-355.704 740.706 73
-350.32 742.174 73
-345.518 744.399 73
-340.704 746.576 73
-336.445 749.531 73
-330.483 749.961 73
-325.643 751.993 73
-320.792 753.977 73
-315.395 755.071 73
-310.533 756.956 73
-305.139 757.942 73
-300.267 759.729 73
-294.88 760.607 73
-290.5 763.161 73
-285.113 763.936 73
-280.22 765.53 73
-274.843 766.199 73
-269.946 767.695 73
-265.044 769.144 73
-260.137 770.547 73
-254.779 771.008 73
-250.31 773.211 73
-245.391 774.474 73
-240.047 774.783 73
-234.716 775.038 73
-230.213 777.067 73
-225.293 778.139 73
-219.982 778.244 73
-215.068 779.22 73
-209.78 779.223 73
-204.508 779.173 73
-199.611 780.004 73
-194.715 780.79 73
-189.479 780.59 73
-184.595 781.281 73
-179.388 780.981 73
-174.2 780.63 73
-169.65 782.13 73
-165.087 783.591 73
-159.635 782.142 73
-154.788 782.557 73
-149.947 782.926 73
-145.11 783.251 73
-140.021 782.566 73
-135.205 782.8 73
-130.154 782.019 73
-125.594 783.135 73
-120.574 782.262 73
-115.362 780.366 73
-111.025 782.331 73
-106.064 781.32 73
-101.51 782.226 73
-96.767 782.108 73
-91.8598 780.963 73
-86.98 779.773 73
-82.2845 779.524 73
-77.4521 778.244 73
-72.9267 778.9 73
-68.1346 777.534 73
-63.6158 778.109 73
-58.8656 776.657 73
-54.2502 776.157 73
-49.5522 774.62 73
-44.9723 774.036 73
-40.3279 772.416 73
-35.785 771.75 73
-31.2568 771.045 73
-26.796 771.298 73
-22.2022 768.516 73
-17.7289 767.691 73
-13.324 768.826 73
-8.84833 766.923 73
-4.40686 764.981 73
3.80509e-05 764 73
4.38076 761.981 73
8.76115 761.924 73
13.0885 759.829 73
17.4149 758.696 73
21.6789 756.527 73
25.9587 755.32 73
30.2801 755.075 73
34.4597 752.797 73
38.6019 750.483 73
42.8807 750.128 73
47.0603 748.74 73
51.219 747.316 73
55.4696 746.85 73
59.3504 743.37 73
63.5663 742.834 73
67.6382 741.27 73
71.6876 739.673 73
75.7143 738.041 73
79.553 735.39 73
83.3512 732.708 73
87.4731 731.962 73
91.3975 730.199 73
95.0985 727.424 73
98.7581 724.62 73
102.592 722.764 73
106.627 721.851 73
110.42 719.931 73
114.429 718.95 73
118.179 716.966 73
121.904 714.951 73
125.602 712.906 73
128.723 708.909 73
132.067 705.851 73
135.953 704.682 73
139.828 703.478 73
143.384 701.29 73
146.277 697.177 73
139.343 664.682 73
138.864 652.139 73
142.622 651.852 73
146.387 651.529 73
150.515 652.104 73
154.297 651.706 73
164.827 667.961 73
174.504 681.289 73
177.783 678.83 73
180.633 675.428 73
184.658 674.75 73
187.027 670.393 73
189.756 666.932 73
194.161 667.066 73
197.267 664.457 73
199.897 660.931 73
203.388 659.171 73
206.402 656.494 73
208.915 652.912 73
212.336 651.074 73
214.771 647.457 73
216.666 642.956 73
221 642.783 73
224.332 640.84 73
227.132 638.011 73
230.422 636.014 73
232.635 632.293 73
234.263 627.719 73
237.463 625.66 73
240.645 623.574 73
242.69 619.802 73
245.82 617.671 73
248.359 614.693 73
252.025 613.326 73
253.923 609.495 73
256.369 606.462 73
258.78 603.413 73
261.159 600.349 73
264.734 598.845 73
267.059 595.739 73
269.349 592.618 73
270.333 587.94 73
274.47 587.101 73
276.665 583.933 73
278.169 579.997 73
280.288 576.808 73
282.373 573.607 73
286.45 572.606 73
287.803 568.631 73
289.797 565.383 73
293.841 564.281 73
293.681 558.852 73
296.278 556.278 73
299.565 554.382 73
300.684 550.367 73
301.756 546.355 73
304.243 543.711 73
305.97 540.37 73
308.405 537.689 73
310.817 534.987 73
312.45 531.608 73
313.287 527.573 73
316.376 525.471 73
318.681 522.7 73
320.184 519.28 73
321.652 515.854 73
323.084 512.421 73
324.482 508.983 73
326.642 506.142 73
328.777 503.283 73
330.888 500.404 73
332.159 496.927 73
332.576 492.872 73
336.243 491.094 73
337.418 487.592 73
339.392 484.638 73
340.5 481.123 73
341.574 477.606 73
344.308 475.147 73
344.467 471.089 73
348.01 469.105 73
348.098 465.045 73
349.874 462 73
350.753 458.447 73
353.346 455.863 73
353.284 451.818 73
354.945 448.728 73
354.804 444.699 73
359.076 442.958 73
357.974 438.479 73
359.518 435.348 73
361.937 432.635 73
361.617 428.625 73
363.985 425.877 73
364.505 422.288 73
365.907 419.101 73
367.281 415.902 73
367.704 412.308 73
368.092 408.719 73
371.237 406.234 73
370.631 402.272 73
371.859 399.032 73
372.118 395.44 73
373.286 392.188 73
375.371 389.251 73
374.588 385.335 73
375.667 382.062 73
377.672 379.079 73
380.609 376.364 73
379.693 372.47 73
380.66 369.152 73
381.598 365.826 73
381.541 362.234 73
382.418 358.9 73
383.267 355.559 73
383.114 351.977 73
382.927 348.406 73
384.661 345.277 73
385.39 341.917 73
385.11 338.352 73
385.779 334.988 73
387.402 331.801 73
386.045 328.07 73
387.61 324.864 73
389.149 321.635 73
389.672 318.237 73
391.156 314.973 73
389.638 311.297 73
390.071 307.895 73
389.48 304.376 73
389.853 300.975 73
391.191 297.667 73
391.505 294.252 73
392.785 290.913 73
393.04 287.484 73
391.269 283.931 73
391.463 280.516 73
393.625 277.186 73
391.761 273.681 73
391.866 270.261 73
391.94 266.841 73
394.985 263.447 73
395 260 73
392.985 256.57 73
393.94 253.124 73
394.865 249.66 73
392.761 246.284 73
393.625 242.814 73
394.459 239.327 73
395.261 235.825 73
394.038 232.446 73
394.779 228.93 73
393.497 225.573 73
393.181 222.141 73
391.842 218.816 73
393.454 215.172 73
392.056 211.862 73
391.621 208.442 73
392.146 204.887 73
392.639 201.32 73
392.112 197.896 73
390.569 194.641 73
389.984 191.235 73
390.352 187.652 73
386.761 184.821 73
388.05 181.05 73
388.325 177.459 73
386.613 174.29 73
0 260 73
0 260 73
0 260 73
0 260 73
0 260 73
0 260 73
0 260 73
71.9115 238.699 73
71.7229 238.072 73
72.4825 237.146 73
71.3292 236.824 73
0 260 73
0 260 73
40.5336 245.646 73
37.5877 246.319 73
36.5302 246.342 73
37.3432 245.665 73
36.2863 245.706 73
35.233 245.765 73
35.1074 245.458 73
34.9792 245.152 73
33.9312 245.246 73
33.8012 244.951 73
32.7586 245.071 73
33.5334 244.363 73
34.2982 243.641 73
34.1542 243.342 73
34.0075 243.044 73
32.0762 243.656 73
31.0454 243.839 73
30.9032 243.568 73
29.8798 243.777 73
30.6117 243.032 73
27.8514 244.242 73
28.5788 243.5 73
29.2954 242.744 73
29.1437 242.489 73
28.9898 242.235 73
29.6817 241.453 73
27.8319 242.269 73
28.5148 241.482 73
29.186 240.682 73
27.3582 241.547 73
27.1962 241.309 73
27.032 241.072 73
26.0517 241.418 73
25.8885 241.191 73
24.9196 241.56 73
24.7577 241.344 73
35.7009 232.606 73
40.9766 227.986 73
31.3043 235.099 73
27.2001 237.974 73
26.2352 238.373 73
23.7474 240.074 73
0 260 73
0 260 73
0 260 73
0 260 73
0 260 73
0 260 73
0 260 73
0 260 73
0 260 73
0 260 73
0 260 73
