-0 260 273
-0 260 273
-0 260 273
-0 260 273
-0 260 273
-0 260 273
-0 260 273
-0 260 273
-15.8489 246.223 273
-22.0518 241.166 273
-26.8116 237.502 273
-27.0069 237.737 273
-31.863 234.198 273
-43.8261 225.139 273
-40.1886 228.601 273
-27.7674 238.693 273
-26.355 240.14 273
-27.3311 239.776 273
-27.5066 240.015 273
-26.8658 240.837 273
-26.2129 241.646 273
-24.7238 243.008 273
-26.5292 242.106 273
-26.6843 242.338 273
-27.6761 242.027 273
-26.9885 242.806 273
-26.2895 243.573 273
-26.4318 243.803 273
-28.2865 243.004 273
-28.4338 243.251 273
-27.7128 244 273
-27.8514 244.242 273
-27.9878 244.486 273
-28.1222 244.731 273
-30.0202 244.038 273
-30.1584 244.301 273
-30.2942 244.564 273
-30.4278 244.829 273
-30.559 245.095 273
-32.4931 244.502 273
-31.7208 245.208 273
-32.7586 245.071 273
-32.8876 245.357 273
-33.9312 245.246 273
-33.1382 245.934 273
-34.1835 245.841 273
-35.233 245.765 273
-34.4255 246.439 273
-36.4096 246.024 273
-35.5935 246.692 273
-38.5274 245.977 273
-0 260 273
-0 260 273
-0 260 273
-71.3292 236.824 273
-72.4825 237.146 273
-0 260 273
-71.9115 238.699 273
-0 260 273
-0 260 273
-0 260 273
-0 260 273
-0 260 273
-0 260 273
-0 260 273
-0 260 273
-0 260 273
-0 260 273
-0 260 273
-0 260 273
-0 260 273
-0 260 273
-740.766 142.674 273
-747.696 148.256 273
-749.633 154.646 273
-754.49 160.67 273
-761.283 166.526 273
-750.147 174.532 273
-743.902 181.813 273
-753.515 187.445 273
-785.998 191.234 273
-754.666 200.607 273
-723.234 209.427 273
-738.62 214.824 273
-743.979 221.01 273
-757.279 226.937 273
-796.514 232.185 273
-806.723 238.875 273
-815.876 245.759 273
-815.969 252.879 273
-820 260 273
-828.968 267.234 273
-844.871 274.747 273
-856.706 282.434 273
-918.44 292.073 273
-908.135 299.65 273
-897.768 307.05 273
-921.278 316.348 273
-850.922 319.502 273
-875.293 328.887 273
-809.906 330.858 273
-816.225 338.594 273
-824.459 346.654 273
-931.97 366.185 273
-924.06 373.46 273
-922.044 381.389 273
-902.134 386.787 273
-928.686 398.793 273
-929.415 407.205 273
-930.067 415.64 273
-929.658 423.924 273
-873.13 421.825 273
-852.052 425.622 273
-843.715 431.656 273
-846.098 439.844 273
-1045.61 491.807 273
-1120.53 518.694 273
-1103.64 524.961 273
-1106.14 535.791 273
-966.211 509.879 273
-994.904 526.584 273
-1139.97 576.143 273
-619.053 437.511 273
-611.727 441.202 273
-610.122 446.533 273
-605.61 450.948 273
-1047.11 600.228 273
-1048.85 610.939 273
-655.244 485.619 273
-888.009 583.209 273
-889.839 592.697 273
-719.79 536.302 273
-732.239 548.437 273
-700.024 542.828 273
-673.508 538.976 273
-662.763 541.326 273
-659.366 546.701 273
-655.012 551.63 273
-634.243 549.041 273
-628.978 553.297 273
-613.758 552.748 273
-642.638 573.435 273
-569.178 543.782 273
-562.225 546.468 273
-624.456 585.071 273
-620.712 590.039 273
-705.69 643.159 273
-697.072 646.393 273
-631.008 617.007 273
-626.136 621.5 273
-739.278 695.468 273
-619.732 632.373 273
-610.49 634.109 273
-597.026 633.063 273
-591.217 636.647 273
-602.165 651.051 273
-595.394 654.083 273
-611.001 672.125 273
-546.396 635.527 273
-721.673 765.321 273
-694.44 755.34 273
-686.046 758.442 273
-652.732 742.996 273
-648.492 748.674 273
-552.967 684.307 273
-527.967 672.493 273
-514.956 669.615 273
-506.699 670.317 273
-728.414 860.458 273
-719.316 863.578 273
-722.386 876.976 273
-716.219 882.6 273
-704.018 882.863 273
-695.583 886.306 273
-0 260 273
-0 260 273
-0 260 273
-0 260 273
-0 260 273
-0 260 273
-0 260 273
-0 260 273
-0 260 273
-0 260 273
-0 260 273
-0 260 273
-0 260 273
-0 260 273
-0 260 273
-0 260 273
-0 260 273
-0 260 273
-0 260 273
-0 260 273
-0 260 273
-0 260 273
-0 260 273
-0 260 273
-0 260 273
-0 260 273
-0 260 273
-0 260 273
-0 260 273
-0 260 273
-0 260 273
-0 260 273
-0 260 273
-0 260 273
-0 260 273
-0 260 273
-0 260 273
-0 260 273
-0 260 273
-0 260 273
-0 260 273
-0 260 273
-0 260 273
-0 260 273
-0 260 273
-0 260 273
-0 260 273
-0 260 273
-0 260 273
-0 260 273
-0 260 273
-0 260 273
-0 260 273
-0 260 273
-0 260 273
-0 260 273
-0 260 273
-0 260 273
-0 260 273
-0 260 273
-0 260 273
-0 260 273
-0 260 273
-0 260 273
-0 260 273
-0 260 273
-0 260 273
-0 260 273
-0 260 273
-0 260 273
-0 260 273
-0 260 273
-0 260 273
-0 260 273
-0 260 273
-0 260 273
-0 260 273
-0 260 273
-0 260 273
-0 260 273
-0 260 273
-0 260 273
-0 260 273
-0 260 273
-0 260 273
-0 260 273
-0 260 273
-0 260 273
-0 260 273
-0 260 273
-0 260 273
-0 260 273
-0 260 273
-0 260 273
-0 260 273
0 260 273
0 260 273
0 260 273
0 260 273
0 260 273
0 260 273
0 260 273
0 260 273
0 260 273
0 260 273
0 260 273
0 260 273
0 260 273
0 260 273
0 260 273
0 260 273
0 260 273
0 260 273
0 260 273
0 260 273
0 260 273
0 260 273
0 260 273
0 260 273
0 260 273
0 260 273
0 260 273
0 260 273
0 260 273
0 260 273
0 260 273
0 260 273
0 260 273
0 260 273
0 260 273
0 260 273
0 260 273
0 260 273
0 260 273
0 260 273
0 260 273
0 260 273
0 260 273
0 260 273
0 260 273
0 260 273
0 260 273
0 260 273
0 260 273
0 260 273
0 260 273
0 260 273
0 260 273
0 260 273
0 260 273
0 260 273
0 260 273
0 260 273
0 260 273
0 260 273
0 260 273
0 260 273
0 260 273
0 260 273
0 260 273
0 260 273
0 260 273
0 260 273
0 260 273
0 260 273
0 260 273
0 260 273
0 260 273
0 260 273
0 260 273
0 260 273
0 260 273
0 260 273
0 260 273
0 260 273
0 260 273
0 260 273
0 260 273
0 260 273
0 260 273
0 260 273
0 260 273
0 260 273
0 260 273
0 260 273
0 260 273
0 260 273
0 260 273
0 260 273
0 260 273
0 260 273
0 260 273
0 260 273
0 260 273
0 260 273
0 260 273
0 260 273
0 260 273
0 260 273
0 260 273
0 260 273
0 260 273
0 260 273
0 260 273
0 260 273
0 260 273
0 260 273
0 260 273
0 260 273
0 260 273
0 260 273
0 260 273
0 260 273
0 260 273
0 260 273
0 260 273
0 260 273
0 260 273
0 260 273
0 260 273
0 260 273
0 260 273
0 260 273
0 260 273
0 260 273
0 260 273
0 260 273
898.929 660.229 273
897.802 650.375 273
889.208 637.446 273
892.468 629.672 273
916.058 630.111 273
945.304 632.365 273
924.245 614.784 273
941.356 611.958 273
960.366 609.545 273
787.106 538.729 273
772.489 525.989 273
779.522 520.824 273
796.985 518.956 273
806.845 514.397 273
829.116 513.486 273
836.091 507.661 273
899.741 517.997 273
920.267 515.213 273
897.345 500.443 273
921.677 498.362 273
922.751 490.068 273
957.784 489.944 273
1075.7 508.346 273
1075.88 498.516 273
1092.59 492.237 273
0 260 273
0 260 273
998.987 445.151 273
1013.37 438.684 273
998.121 427.028 273
993.614 417.373 273
542.97 341.147 273
543.657 336.406 273
556.201 333.225 273
579.647 331.172 273
582.233 326.337 273
535.053 316.236 273
601.219 317.891 273
604.69 312.904 273
605.129 307.625 273
592.553 301.435 273
579.916 295.469 273
560.231 289.36 273
552.474 284.122 273
558.659 279.509 273
554.81 274.528 273
546.917 269.546 273
536.98 264.686 273
509 260 273
506.981 255.576 273
516.921 250.977 273
525.82 246.231 273
541.67 241.084 273
563.463 235.399 273
558.234 230.744 273
587.901 224.042 273
553.648 221.285 273
549.301 216.769 273
489.132 217.207 273
413.089 220.224 273
393.831 218.607 273
403.39 214.039 273
434.735 206.621 273
467.962 198.392 273
435.718 198.764 273
405.497 199.398 273
396.063 197.27 273
396.487 193.651 273
394.908 190.367 273
401.168 185.648 273
399.522 182.341 273
402.749 178.06 273
400.062 174.964 273
0 260 273
0 260 273
0 260 273
0 260 273
0 260 273
0 260 273
0 260 273
0 260 273
0 260 273
70.7666 238.364 273
71.5288 237.447 273
0 260 273
0 260 273
0 260 273
39.5909 245.98 273
37.5877 246.319 273
37.4669 245.992 273
36.4096 246.024 273
36.2863 245.706 273
35.233 245.765 273
34.1835 245.841 273
34.9792 245.152 273
33.0142 245.645 273
32.8876 245.357 273
31.8486 245.486 273
33.5334 244.363 273
34.2982 243.641 273
33.2554 243.78 273
33.1126 243.491 273
32.0762 243.656 273
31.0454 243.839 273
30.0202 244.038 273
29.8798 243.777 273
29.7371 243.516 273
29.5921 243.258 273
28.5788 243.5 273
29.2954 242.744 273
29.1437 242.489 273
28.1371 242.758 273
28.8336 241.983 273
27.8319 242.269 273
27.6761 242.027 273
27.5182 241.786 273
26.5292 242.106 273
26.372 241.875 273
26.2129 241.646 273
26.8658 240.837 273
25.0795 241.779 273
24.9196 241.56 273
24.7577 241.344 273
34.9075 233.214 273
40.9766 227.986 273
33.6522 233.232 273
25.6458 239.232 273
26.2352 238.373 273
23.7474 240.074 273
0 260 273
0 260 273
0 260 273
0 260 273
0 260 273
0 260 273
0 260 273
0 260 273
0 260 273
0 260 273
0 260 273
