-0 260 268
-0 260 268
-0 260 268
-0 260 268
-0 260 268
-0 260 268
-0 260 268
-0 260 268
-15.0942 246.879 268
-22.8122 240.517 268
-26.0455 238.145 268
-27.0069 237.737 268
-32.6401 233.569 268
-43.8261 225.139 268
-40.1886 228.601 268
-27.7674 238.693 268
-26.355 240.14 268
-27.3311 239.776 268
-25.8885 241.191 268
-25.2376 241.998 268
-26.2129 241.646 268
-25.5479 242.441 268
-26.5292 242.106 268
-25.8505 242.89 268
-25.9988 243.116 268
-26.9885 242.806 268
-26.2895 243.573 268
-26.4318 243.803 268
-27.4294 243.519 268
-27.5721 243.759 268
-27.7128 244 268
-26.981 244.735 268
-27.9878 244.486 268
-28.1222 244.731 268
-30.0202 244.038 268
-31.0454 243.839 268
-30.2942 244.564 268
-30.4278 244.829 268
-30.559 245.095 268
-31.5905 244.932 268
-30.8145 245.631 268
-32.7586 245.071 268
-31.9741 245.764 268
-33.0142 245.645 268
-34.0587 245.543 268
-35.1074 245.458 268
-33.3786 246.514 268
-34.4255 246.439 268
-37.3432 245.665 268
-37.4669 245.992 268
-39.4671 245.635 268
-41.4762 245.313 268
-0 260 268
-0 260 268
-69.4271 237.442 268
-70.5751 237.748 268
-0 260 268
-72.8703 238.415 268
-0 260 268
-0 260 268
-0 260 268
-0 260 268
-0 260 268
-0 260 268
-0 260 268
-0 260 268
-0 260 268
-0 260 268
-0 260 268
-0 260 268
-0 260 268
-0 260 268
-668.665 154.094 268
-668.575 160.081 268
-669.421 165.919 268
-669.225 171.895 268
-669.969 177.738 268
-668.674 183.814 268
-670.308 189.548 268
-671.892 195.304 268
-671.435 201.257 268
-671.922 207.119 268
-672.358 212.984 268
-672.743 218.853 268
-672.078 224.778 268
-673.359 230.601 268
-673.589 236.478 268
-672.769 242.383 268
-672.898 248.255 268
-671.974 254.136 268
-672 260 268
-671.974 265.864 268
-671.898 271.728 268
-671.77 277.591 268
-670.591 283.418 268
-671.36 289.312 268
-668.083 295.013 268
-668.75 300.903 268
-667.37 306.667 268
-668.932 312.646 268
-666.454 318.307 268
-665.92 324.121 268
-664.341 329.825 268
-664.7 335.733 268
-663.021 341.409 268
-661.294 347.061 268
-659.519 352.689 268
-656.707 358.146 268
-657.8 364.185 268
-655.88 369.757 268
-654.897 375.476 268
-653.864 381.187 268
-651.8 386.697 268
-649.69 392.181 268
-647.534 397.638 268
-647.284 403.5 268
-643.084 408.468 268
-642.736 414.307 268
-641.365 419.91 268
-639.946 425.501 268
-635.579 430.303 268
-635.996 436.377 268
-632.51 441.369 268
-631.862 447.166 268
-627.336 451.796 268
-624.685 456.962 268
-622.942 462.406 268
-621.152 467.835 268
-618.369 472.922 268
-616.488 478.31 268
-614.559 483.681 268
-610.71 488.335 268
-607.761 493.298 268
-603.841 497.859 268
-601.742 503.12 268
-598.674 507.979 268
-596.487 513.194 268
-593.338 517.991 268
-591.064 523.159 268
-586.925 527.477 268
-583.662 532.166 268
-581.265 537.249 268
-577.925 541.873 268
-574.548 546.459 268
-572.026 551.462 268
-568.574 555.981 268
-565.086 560.462 268
-561.564 564.905 268
-558.882 569.793 268
-553.546 573.181 268
-551.658 578.5 268
-547.134 582.287 268
-545.158 587.564 268
-540.574 591.264 268
-535.966 594.909 268
-534.71 600.648 268
-529.201 603.667 268
-527.016 608.824 268
-522.294 612.292 268
-518.375 616.27 268
-513.608 619.632 268
-510.45 624.101 268
-506.445 627.954 268
-503.214 632.359 268
-498.349 635.533 268
-495.052 639.867 268
-490.931 643.557 268
-486.782 647.204 268
-482.608 650.808 268
-478.407 654.369 268
-473.415 657.243 268
-469.17 660.71 268
-465.656 664.788 268
-461.357 668.174 268
-457.034 671.515 268
-450.476 672.786 268
-447.588 677.383 268
-443.204 680.585 268
-439.517 684.436 268
-434.369 686.854 268
-429.921 689.921 268
-425.452 692.943 268
-422.352 697.359 268
-415.766 698.126 268
-412.609 702.469 268
-406.705 703.841 268
-402.817 707.373 268
-397.572 709.373 268
-392.979 712.071 268
-389.019 715.483 268
-383.744 717.329 268
-379.103 719.888 268
-374.446 722.402 268
-369.774 724.869 268
-365.087 727.29 268
-360.387 729.665 268
-354.469 730.396 268
-350.351 733.472 268
-346.793 737.32 268
-340.873 737.886 268
-336.689 740.842 268
-331.348 742.114 268
-326.569 744.158 268
-321.779 746.155 268
-316.435 747.268 268
-312.171 750.01 268
-306.823 751.02 268
-302.004 752.826 268
-297.692 755.443 268
-292.342 756.298 268
-287 757.099 268
-282.159 758.714 268
-277.796 761.157 268
-272.458 761.805 268
-268.068 764.163 268
-262.735 764.709 268
-257.867 766.092 268
-252.548 766.533 268
-248.118 768.717 268
-242.808 769.058 268
-237.511 769.345 268
-232.643 770.488 268
-227.772 771.585 268
-222.502 771.72 268
-218.028 773.642 268
-212.772 773.677 268
-207.907 774.587 268
-203.408 776.382 268
-198.177 776.27 268
-193.314 777.043 268
-188.453 777.771 268
-183.594 778.453 268
-178.737 779.09 268
-173.566 778.733 268
-168.723 779.277 268
-163.885 779.776 268
-158.758 779.273 268
-153.936 779.68 268
-149.12 780.043 268
-144.309 780.36 268
-139.503 780.634 268
-134.704 780.863 268
-129.912 781.049 268
-124.893 780.218 268
-120.124 780.314 268
-115.362 780.366 268
-110.609 780.375 268
-105.665 779.36 268
-100.938 779.281 268
-96.4025 780.142 268
-91.6862 779.979 268
-86.815 778.786 268
-82.1281 778.536 268
-77.4521 778.244 268
-72.9267 778.9 268
-68.1346 777.534 268
-63.372 776.124 268
-58.8656 776.657 268
-54.1457 775.162 268
-49.6481 775.615 268
-44.9723 774.036 268
-40.3279 772.416 268
-35.8548 772.748 268
-31.3179 772.043 268
-26.796 771.298 268
-22.2895 770.514 268
-17.7987 769.689 268
-13.3502 769.825 268
-8.84833 766.923 268
-4.42432 766.981 268
3.82774e-05 767 268
4.40694 764.981 268
8.79605 763.923 268
13.1409 761.828 268
17.5196 761.694 268
21.8533 760.523 268
26.1157 758.316 268
30.4022 757.071 268
34.669 755.789 268
38.9157 754.471 268
43.2293 754.113 268
47.5395 753.717 268
51.5326 750.299 268
55.696 748.837 268
59.716 746.348 268
63.9579 745.808 268
68.1949 745.231 268
72.2788 743.629 268
76.3401 741.992 268
80.3782 740.321 268
84.5667 739.601 268
88.5665 737.862 268
91.97 733.144 268
96.0954 732.324 268
100.213 731.467 268
104.54 731.551 268
107.977 727.698 268
112.054 726.738 268
115.881 724.772 268
119.682 722.775 268
123.457 720.747 268
126.671 716.761 268
130.928 716.599 268
134.339 713.522 268
138.584 713.288 268
141.933 710.154 268
145.856 708.899 268
148.816 704.764 268
152.691 703.448 268
156.222 701.156 268
159.723 698.836 268
163.547 697.426 268
166.999 695.048 268
170.79 693.575 268
174.567 692.068 268
177.948 689.604 268
180.909 686.194 268
183.823 682.765 268
186.692 679.317 268
190.344 677.672 268
193.982 675.995 268
197.605 674.287 268
201.212 672.546 268
204.359 669.88 268
207.928 668.081 268
210.557 664.477 268
212.671 659.975 268
217.107 659.862 268
219.619 656.203 268
223.068 654.271 268
225.5 650.577 268
229.407 649.456 268
231.767 645.725 268
234.602 642.835 268
237.404 639.926 268
241.248 638.683 268
243.454 634.886 268
246.164 631.913 268
249.959 630.58 268
253.184 628.384 268
254.668 623.703 268
257.832 621.467 268
259.801 617.585 268
262.317 614.501 268
265.4 612.198 268
269.073 610.662 268
270.891 606.725 268
274.529 605.13 268
276.901 601.944 268
278.602 597.972 268
281.541 595.527 268
282.51 590.777 268
285.386 588.299 268
288.902 586.545 268
291.072 583.268 268
293.206 579.978 268
295.305 576.676 268
298.746 574.812 268
300.787 571.474 268
302.793 568.124 268
304.763 564.763 268
306.698 561.391 268
309.316 558.703 268
311.911 555.992 268
315.213 553.941 268
317.029 550.504 268
317.323 545.719 268
319.055 542.276 268
321.506 539.481 268
324.693 537.314 268
326.335 533.828 268
328.712 530.969 268
330.287 527.461 268
333.391 525.191 268
334.117 521.04 268
337.175 518.724 268
337.823 514.568 268
339.228 511.015 268
342.214 508.633 268
344.371 505.637 268
347.32 503.196 268
346.957 498.457 268
350.683 496.539 268
351.9 492.917 268
352.242 488.748 268
354.224 485.666 268
357.876 483.626 268
357.256 478.927 268
360.01 476.316 268
362.746 473.674 268
363.731 470 268
364.679 466.325 268
365.591 462.65 268
367.346 459.452 268
370.838 457.178 268
370.771 453.011 268
373.332 450.222 268
374.083 446.511 268
375.696 443.239 268
376.378 439.523 268
377.93 436.232 268
380.364 433.342 268
379.121 428.796 268
381.497 425.88 268
383.851 422.935 268
385.258 419.579 268
386.636 416.211 268
387.054 412.465 268
388.369 409.081 268
389.656 405.686 268
389.972 401.938 268
390.254 398.196 268
393.336 395.436 268
394.503 391.999 268
395.64 388.551 268
394.839 384.492 268
395.91 381.042 268
396.951 377.582 268
397.001 373.838 268
400.87 371.171 268
398.927 366.892 268
402.749 364.158 268
400.732 359.914 268
402.561 356.646 268
401.44 352.68 268
403.21 349.39 268
402.997 345.66 268
404.709 342.339 268
407.375 339.186 268
406.084 335.263 268
409.68 332.238 268
408.322 328.33 268
408.903 324.764 268
410.442 321.341 268
409.971 317.618 268
409.467 313.907 268
410.914 310.454 268
411.339 306.866 268
412.727 303.379 268
413.089 299.776 268
413.421 296.17 268
413.721 292.561 268
411.994 288.809 268
414.226 285.335 268
415.43 281.772 268
414.605 278.102 268
415.747 274.518 268
415.857 270.89 268
413.937 267.225 268
414.984 263.622 268
416 260 268
415.984 256.37 268
415.937 252.74 268
415.857 249.11 268
416.746 245.447 268
416.603 241.811 268
416.429 238.176 268
416.222 234.543 268
415.984 230.912 268
417.708 227.126 268
414.417 223.743 268
416.076 219.936 268
416.705 216.203 268
414.319 212.794 268
416.869 208.815 268
414.424 205.44 268
414.922 201.686 268
413.409 198.216 268
411.866 194.767 268
413.254 190.845 268
412.634 187.241 268
412.967 183.461 268
412.283 179.86 268
410.588 176.465 268
408.866 173.093 268
410.044 169.095 268
0 260 268
0 260 268
0 260 268
0 260 268
0 260 268
0 260 268
0 260 268
0 260 268
71.7229 238.072 268
72.4825 237.146 268
0 260 268
0 260 268
0 260 268
39.5909 245.98 268
38.5274 245.977 268
36.5302 246.342 268
36.4096 246.024 268
37.2167 245.34 268
35.233 245.765 268
34.1835 245.841 268
34.0587 245.543 268
32.0971 246.044 268
32.8876 245.357 268
32.7586 245.071 268
32.6271 244.786 268
33.3957 244.071 268
32.3566 244.219 268
33.1126 243.491 268
31.1852 244.11 268
31.0454 243.839 268
30.0202 244.038 268
29.001 244.254 268
27.9878 244.486 268
28.7217 243.75 268
27.7128 244 268
28.4338 243.251 268
28.2865 243.004 268
28.9898 242.235 268
28.8336 241.983 268
27.8319 242.269 268
26.8375 242.572 268
26.6843 242.338 268
27.3582 241.547 268
27.1962 241.309 268
26.2129 241.646 268
26.0517 241.418 268
25.0795 241.779 268
24.1157 242.155 268
24.7577 241.344 268
34.9075 233.214 268
40.1885 228.601 268
32.8695 233.854 268
26.423 238.603 268
26.2352 238.373 268
22.2153 241.359 268
0 260 268
0 260 268
0 260 268
0 260 268
0 260 268
0 260 268
0 260 268
0 260 268
0 260 268
0 260 268
0 260 268
