-0 260 226
-0 260 226
-0 260 226
-0 260 226
-0 260 226
-0 260 226
-0 260 226
-0 260 226
-16.6036 245.567 226
-22.0518 241.166 226
-26.8116 237.502 226
-27.0069 237.737 226
-34.9716 231.681 226
-43.8261 225.139 226
-41.7646 227.37 226
-27.7674 238.693 226
-26.355 240.14 226
-26.5273 240.371 226
-26.6976 240.603 226
-26.8658 240.837 226
-26.2129 241.646 226
-27.1962 241.309 226
-25.7002 242.665 226
-27.5182 241.786 226
-25.9988 243.116 226
-26.9885 242.806 226
-26.2895 243.573 226
-27.2845 243.28 226
-28.2865 243.004 226
-28.4338 243.251 226
-28.5788 243.5 226
-27.8514 244.242 226
-28.8625 244.001 226
-29.001 244.254 226
-30.0202 244.038 226
-30.1584 244.301 226
-30.2942 244.564 226
-30.4278 244.829 226
-31.4578 244.657 226
-31.5905 244.932 226
-31.7208 245.208 226
-32.7586 245.071 226
-31.9741 245.764 226
-33.9312 245.246 226
-34.0587 245.543 226
-34.1835 245.841 226
-34.3058 246.14 226
-36.2863 245.706 226
-37.3432 245.665 226
-37.4669 245.992 226
-39.4671 245.635 226
-0 260 226
-0 260 226
-0 260 226
-72.2803 236.515 226
-71.5288 237.447 226
-0 260 226
-69.9938 239.267 226
-0 260 226
-0 260 226
-0 260 226
-0 260 226
-0 260 226
-0 260 226
-0 260 226
-0 260 226
-0 260 226
-0 260 226
-0 260 226
-0 260 226
-0 260 226
-0 260 226
-720.025 145.959 226
-720.993 152.247 226
-721.905 158.543 226
-721.772 164.977 226
-721.581 171.401 226
-724.314 177.475 226
-724.012 183.903 226
-723.653 190.32 226
-723.237 196.725 226
-723.762 203.039 226
-724.232 209.357 226
-724.646 215.679 226
-724.006 222.057 226
-723.311 228.42 226
-725.558 234.663 226
-724.752 241.022 226
-723.89 247.365 226
-722.972 253.691 226
-722 260 226
-722.972 266.309 226
-722.89 272.618 226
-722.752 278.926 226
-719.561 285.128 226
-721.313 291.493 226
-719.013 297.682 226
-718.657 303.955 226
-718.246 310.225 226
-715.787 316.334 226
-715.268 322.578 226
-714.694 328.817 226
-713.072 334.947 226
-712.391 341.167 226
-711.656 347.38 226
-707.892 353.196 226
-708.042 359.509 226
-706.157 365.536 226
-705.209 371.694 226
-703.222 377.679 226
-701.183 383.638 226
-700.077 389.752 226
-697.937 395.665 226
-695.747 401.551 226
-694.485 407.617 226
-691.218 413.239 226
-688.88 419.04 226
-687.466 425.046 226
-685.029 430.797 226
-682.544 436.518 226
-680.978 442.468 226
-677.432 447.869 226
-675.767 453.773 226
-673.091 459.379 226
-670.37 464.953 226
-666.648 470.193 226
-663.837 475.694 226
-661.93 481.479 226
-658.081 486.596 226
-656.078 492.33 226
-652.147 497.362 226
-649.114 502.694 226
-644.17 507.274 226
-642.919 513.252 226
-638.83 518.104 226
-635.629 523.286 226
-630.546 527.651 226
-629.103 533.542 226
-625.779 538.615 226
-621.504 543.236 226
-619.008 548.648 226
-614.661 553.178 226
-612.079 558.531 226
-607.66 562.968 226
-604.102 567.806 226
-600.506 572.604 226
-597.755 577.832 226
-593.202 582.082 226
-589.494 586.762 226
-585.749 591.401 226
-581.103 595.5 226
-577.291 600.051 226
-573.445 604.561 226
-569.564 609.029 226
-565.648 613.456 226
-560.855 617.304 226
-557.716 622.185 226
-553.7 626.486 226
-548.823 630.186 226
-544.747 634.395 226
-540.64 638.561 226
-537.316 643.264 226
-532.333 646.763 226
-527.33 650.204 226
-523.106 654.189 226
-518.853 658.13 226
-514.571 662.027 226
-510.26 665.88 226
-505.145 669.058 226
-500.013 672.179 226
-495.631 675.884 226
-491.983 680.193 226
-486.033 682.502 226
-481.578 686.065 226
-477.099 689.582 226
-472.595 693.053 226
-466.604 695.115 226
-462.063 698.482 226
-456.781 701.108 226
-452.914 705.077 226
-448.306 708.306 226
-442.975 710.774 226
-438.329 713.903 226
-433.663 716.986 226
-427.613 718.559 226
-422.244 720.798 226
-417.537 723.722 226
-412.15 725.851 226
-407.413 728.675 226
-402.658 731.452 226
-397.885 734.182 226
-393.096 736.864 226
-387.032 737.945 226
-381.601 739.739 226
-376.785 742.263 226
-371.953 744.739 226
-366.505 746.369 226
-361.652 748.745 226
-356.198 750.264 226
-351.325 752.54 226
-345.867 753.949 226
-339.844 754.476 226
-334.956 756.594 226
-330.058 758.664 226
-324.605 759.848 226
-318.619 760.131 226
-314.772 763.741 226
-309.842 765.616 226
-302.842 764.014 226
-286.759 746.821 226
-276.5 738.912 226
-270.833 738.696 226
-266.16 740.166 226
-272.935 762.683 226
-273.232 773.876 226
-267.352 773.579 226
-262.406 775.002 226
-257.456 776.377 226
-251.625 775.908 226
-246.252 776.279 226
-240.892 776.595 226
-235.96 777.768 226
-231.026 778.894 226
-225.293 778.139 226
-220.763 780.085 226
-215.833 781.068 226
-210.154 780.15 226
-204.874 780.103 226
-199.969 780.938 226
-194.715 780.79 226
-189.479 780.59 226
-184.595 781.281 226
-179.388 780.981 226
-174.518 781.578 226
-169.65 782.13 226
-164.185 780.729 226
-159.343 781.186 226
-154.504 781.598 226
-149.671 781.965 226
-144.576 781.324 226
-139.503 780.634 226
-134.454 779.895 226
-129.67 780.079 226
-124.893 780.218 226
-120.124 780.314 226
-115.146 779.389 226
-110.193 778.418 226
-105.266 777.4 226
-100.747 778.299 226
-95.8558 777.192 226
-90.9916 776.039 226
-86.3199 775.827 226
-81.5023 774.586 226
-76.8609 774.288 226
-72.2308 773.949 226
-67.482 772.577 226
-62.8845 772.154 226
-58.2996 771.69 226
-53.7276 771.184 226
-48.9771 768.647 226
-44.3622 767.063 226
-39.8572 766.434 226
-35.3665 765.765 226
-30.8905 765.056 226
-26.3773 763.309 226
-21.9405 762.521 226
-17.4846 760.695 226
-13.0884 759.829 226
-8.70871 758.924 226
-4.32832 755.981 226
3.73715e-05 755 226
4.31095 753.981 226
8.60407 752.925 226
12.8791 751.831 226
17.031 747.703 226
21.2427 746.536 226
25.4876 746.333 226
29.6696 745.094 226
33.8319 743.819 226
37.8958 741.511 226
42.0091 740.166 226
46.006 737.79 226
50.0692 736.376 226
54.1112 734.927 226
58.1317 733.445 226
62 730.936 226
65.9681 729.387 226
69.9139 727.804 226
73.8371 726.189 226
77.7375 724.541 226
81.441 721.875 226
85.2863 720.163 226
88.917 717.438 226
92.7061 715.665 226
96.4711 713.86 226
99.9951 711.049 226
103.702 709.185 226
107.618 708.263 226
110.558 703.425 226
114.424 702.443 226
118.28 701.428 226
121.593 698.452 226
124.864 695.452 226
128.375 693.387 226
131.86 691.293 226
135.318 689.173 226
138.749 687.024 226
142.47 685.797 226
145.529 682.647 226
147.876 677.59 226
152.199 678.163 226
154.792 674.009 226
158.399 672.643 226
161.261 669.384 226
164.827 667.961 226
167.998 665.583 226
171.14 663.181 226
174.253 660.755 226
176.93 657.392 226
179.562 654.013 226
182.571 651.525 226
185.55 649.014 226
188.5 646.481 226
191.419 643.927 226
194.762 642.242 226
197.167 638.754 226
200.934 637.902 226
203.747 635.255 226
205.559 630.839 226
208.295 628.16 226
211.5 626.329 226
214.181 623.607 226
217.346 621.725 226
219.972 618.961 226
222.566 616.18 226
224.591 612.538 226
227.114 609.726 226
229.606 606.896 226
231.506 603.222 226
235.059 602.012 226
238.608 600.767 226
240.411 597.044 226
242.755 594.124 226
245.067 591.189 226
246.744 587.441 226
248.983 584.482 226
252.421 583.084 226
254.609 580.087 226
256.763 577.076 226
260.156 575.594 226
261.615 571.78 226
264.325 569.485 226
265.704 565.657 226
267.699 562.578 226
268.991 558.744 226
271.587 556.385 226
273.481 553.273 226
274.653 549.424 226
278.558 548.455 226
279.663 544.587 226
281.429 541.428 226
282.447 537.56 226
284.859 535.085 226
287.248 532.588 226
289.616 530.071 226
291.225 526.858 226
292.056 522.968 226
295.089 521.072 226
297.356 518.487 226
298.079 514.584 226
301.055 512.616 226
300.934 508.07 226
303.087 505.435 226
306 503.403 226
308.112 500.724 226
307.028 495.591 226
311.468 494.708 226
311.896 490.791 226
313.899 488.061 226
314.249 484.151 226
317.831 482.548 226
319.761 479.766 226
320.009 475.848 226
322.714 473.6 226
322.888 469.686 226
323.019 465.786 226
326.499 464.019 226
328.266 461.162 226
327.438 456.745 226
330.004 454.387 226
330.822 451 226
332.476 448.106 226
335.854 446.167 226
334.829 441.797 226
336.403 438.869 226
338.838 436.388 226
337.691 432.062 226
340.075 429.555 226
339.744 425.704 226
343.885 424.025 226
345.303 421.018 226
344.875 417.169 226
346.234 414.153 226
348.483 411.525 226
347.03 407.306 226
350.15 405.037 226
350.475 401.601 226
352.628 398.904 226
353.827 395.821 226
353.125 392.028 226
353.324 388.6 226
353.491 385.178 226
355.515 382.414 226
355.621 378.989 226
356.646 375.881 226
358.598 373.065 226
358.614 369.639 226
359.557 366.506 226
361.434 363.64 226
361.361 360.214 226
362.222 357.057 226
360.151 353.141 226
361.92 350.237 226
363.666 347.309 226
364.414 344.132 226
366.111 341.165 226
364.849 337.551 226
365.512 334.364 226
368.11 331.553 226
367.737 328.156 226
366.348 324.597 226
366.898 321.398 226
369.395 318.506 226
369.892 315.281 226
370.36 312.051 226
369.809 308.686 226
371.212 305.579 226
370.602 302.225 226
369.962 298.885 226
373.274 295.942 226
370.584 292.422 226
373.844 289.422 226
373.089 286.089 226
374.301 282.893 226
374.486 279.626 226
373.644 276.314 226
371.773 272.983 226
373.872 269.79 226
374.943 266.545 226
374.986 263.272 226
375 260 226
375.986 256.719 226
375.943 253.438 226
375.871 250.157 226
372.773 246.982 226
375.642 243.599 226
373.487 240.426 226
376.297 236.985 226
375.084 233.772 226
373.844 230.578 226
374.569 227.229 226
375.264 223.866 226
373.94 220.697 226
374.577 217.322 226
374.19 214.055 226
371.792 211.053 226
375.312 207.253 226
371.87 204.424 226
372.359 201.024 226
373.802 197.447 226
372.257 194.361 226
370.687 191.297 226
369.092 188.256 226
369.432 184.838 226
369.74 181.409 226
368.064 178.402 226
0 260 226
0 260 226
0 260 226
0 260 226
0 260 226
0 260 226
0 260 226
0 260 226
71.7229 238.072 226
71.5288 237.447 226
0 260 226
0 260 226
0 260 226
39.5909 245.98 226
37.5877 246.319 226
37.4669 245.992 226
36.4096 246.024 226
37.2167 245.34 226
36.1602 245.39 226
36.0313 245.075 226
34.9792 245.152 226
33.9312 245.246 226
33.8012 244.951 226
32.7586 245.071 226
32.6271 244.786 226
33.3957 244.071 226
33.2554 243.78 226
34.0075 243.044 226
32.9672 243.202 226
31.0454 243.839 226
30.9032 243.568 226
30.7586 243.299 226
30.6117 243.032 226
28.7217 243.75 226
27.7128 244 226
28.4338 243.251 226
29.1437 242.489 226
28.1371 242.758 226
28.8336 241.983 226
28.6753 241.732 226
28.5148 241.482 226
28.3521 241.234 226
26.5292 242.106 226
26.372 241.875 226
26.2129 241.646 226
26.8658 240.837 226
25.0795 241.779 226
24.1157 242.155 226
24.7577 241.344 226
34.9075 233.214 226
40.9766 227.986 226
34.4348 232.609 226
25.6458 239.232 226
27.0069 237.737 226
23.7474 240.074 226
0 260 226
0 260 226
0 260 226
0 260 226
0 260 226
0 260 226
0 260 226
0 260 226
0 260 226
0 260 226
0 260 226
