-0 260 243
-0 260 243
-0 260 243
-0 260 243
-0 260 243
-0 260 243
-0 260 243
-0 260 243
-15.8489 246.223 243
-21.2914 241.815 243
-26.0455 238.145 243
-26.2352 238.373 243
-33.4173 232.939 243
-43.0435 225.762 243
-40.9766 227.986 243
-27.7674 238.693 243
-25.5563 240.742 243
-27.3311 239.776 243
-27.5066 240.015 243
-26.8658 240.837 243
-26.2129 241.646 243
-26.372 241.875 243
-26.5292 242.106 243
-27.5182 241.786 243
-27.6761 242.027 243
-26.9885 242.806 243
-26.2895 243.573 243
-28.1371 242.758 243
-26.5722 244.034 243
-28.4338 243.251 243
-27.7128 244 243
-27.8514 244.242 243
-27.9878 244.486 243
-29.001 244.254 243
-30.0202 244.038 243
-31.0454 243.839 243
-30.2942 244.564 243
-30.4278 244.829 243
-32.3566 244.219 243
-30.6879 245.363 243
-31.7208 245.208 243
-31.8486 245.486 243
-32.8876 245.357 243
-33.9312 245.246 243
-34.0587 245.543 243
-35.1074 245.458 243
-35.233 245.765 243
-36.2863 245.706 243
-36.4096 246.024 243
-36.5302 246.342 243
-39.4671 245.635 243
-0 260 243
-0 260 243
-0 260 243
-71.3292 236.824 243
-70.5751 237.748 243
-0 260 243
-70.9527 238.983 243
-0 260 243
-0 260 243
-0 260 243
-0 260 243
-0 260 243
-0 260 243
-0 260 243
-0 260 243
-0 260 243
-0 260 243
-0 260 243
-0 260 243
-0 260 243
-0 260 243
-688.419 150.965 243
-690.333 156.829 243
-690.217 162.996 243
-691.037 169.023 243
-691.805 175.057 243
-691.526 181.211 243
-692.187 187.248 243
-692.796 193.291 243
-693.352 199.34 243
-691.861 205.549 243
-693.307 211.519 243
-694.702 217.51 243
-694.048 223.627 243
-694.339 229.685 243
-694.577 235.745 243
-693.762 241.833 243
-692.894 247.906 243
-693.974 253.944 243
-694 260 243
-692.974 266.048 243
-693.894 272.112 243
-693.762 278.167 243
-692.578 284.185 243
-691.341 290.185 243
-691.052 296.217 243
-690.709 302.246 243
-690.314 308.272 243
-688.87 314.215 243
-688.371 320.225 243
-687.819 326.23 243
-686.22 332.125 243
-685.565 338.11 243
-684.857 344.09 243
-683.105 349.933 243
-682.295 355.89 243
-680.443 361.693 243
-676.566 367.158 243
-677.578 373.388 243
-675.578 379.123 243
-674.513 385.014 243
-673.396 390.895 243
-672.228 396.766 243
-670.031 402.42 243
-667.786 408.045 243
-666.469 413.867 243
-663.156 419.21 243
-661.742 424.991 243
-661.245 431.01 243
-657.795 436.256 243
-655.269 441.722 243
-653.658 447.433 243
-651.997 453.131 243
-648.375 458.228 243
-646.62 463.879 243
-643.865 469.205 243
-642.015 474.815 243
-638.225 479.759 243
-635.34 484.986 243
-633.353 490.522 243
-629.444 495.339 243
-627.366 500.823 243
-624.31 505.922 243
-621.213 510.986 243
-618.999 516.398 243
-614.897 521.008 243
-613.513 526.763 243
-609.335 531.293 243
-606.034 536.186 243
-603.601 541.464 243
-599.317 545.859 243
-596.799 551.079 243
-592.447 555.383 243
-588.064 559.634 243
-584.54 564.292 243
-582.745 569.851 243
-579.14 574.448 243
-576.374 579.49 243
-571.824 583.522 243
-568.113 588 243
-564.367 592.438 243
-561.445 597.35 243
-555.921 600.669 243
-552.927 605.507 243
-549.048 609.782 243
-545.136 614.015 243
-542.026 618.759 243
-537.216 622.357 243
-531.561 625.332 243
-528.353 629.957 243
-524.29 633.973 243
-520.198 637.946 243
-516.88 642.471 243
-512.724 646.365 243
-509.333 650.825 243
-504.327 654.023 243
-500.087 657.787 243
-495.042 660.877 243
-490.753 664.546 243
-487.204 668.813 243
-480.577 670.451 243
-477.731 675.285 243
-471.842 677.451 243
-468.181 681.552 243
-464.485 685.622 243
-459.29 688.295 243
-454.81 691.598 243
-449.587 694.162 243
-445.068 697.367 243
-440.527 700.528 243
-435.966 703.642 243
-430.688 705.991 243
-426.78 709.732 243
-422.157 712.708 243
-416.839 714.9 243
-411.515 717.034 243
-406.186 719.11 243
-401.508 721.882 243
-396.813 724.608 243
-392.1 727.287 243
-387.372 729.919 243
-382.627 732.505 243
-377.866 735.043 243
-372.475 736.747 243
-367.083 738.392 243
-362.293 740.779 243
-357.488 743.118 243
-352.083 744.601 243
-347.26 746.841 243
-342.999 749.853 243
-338.144 752.003 243
-333.279 754.106 243
-327.299 754.494 243
-322.426 756.493 243
-317.007 757.601 243
-312.122 759.5 243
-307.752 762.205 243
-301.812 762.3 243
-297.417 764.915 243
-292.5 766.625 243
-287.575 768.288 243
-281.674 768.154 243
-276.275 768.835 243
-270.885 769.461 243
-258.117 755.839 243
-246.063 742.926 243
-241.839 745.054 243
-236.72 745.349 243
-235.92 754.617 243
-240.047 774.783 243
-235.96 777.768 243
-231.026 778.894 243
-225.692 779.056 243
-220.372 779.165 243
-215.068 779.22 243
-210.154 780.15 243
-205.241 781.034 243
-200.686 782.805 243
-195.065 781.726 243
-190.163 782.469 243
-185.263 783.166 243
-180.365 783.817 243
-175.152 783.475 243
-169.959 783.081 243
-165.388 784.544 243
-160.22 784.055 243
-155.356 784.474 243
-150.222 783.888 243
-145.11 783.251 243
-140.28 783.532 243
-135.456 783.768 243
-130.396 782.989 243
-125.594 783.135 243
-120.799 783.237 243
-116.012 783.295 243
-111.025 782.331 243
-106.263 782.3 243
-101.51 782.226 243
-96.767 782.108 243
-92.0335 781.948 243
-87.1451 780.759 243
-82.4409 780.512 243
-77.7477 780.222 243
-72.9267 778.9 243
-68.2652 778.526 243
-63.6158 778.109 243
-58.8656 776.657 243
-54.2502 776.157 243
-49.6481 775.615 243
-44.9723 774.036 243
-40.4064 773.412 243
-35.785 771.75 243
-31.2568 771.045 243
-26.7436 770.3 243
-22.2458 769.515 243
-17.7638 768.69 243
-13.2717 766.826 243
-8.84833 766.923 243
-4.40686 764.981 243
3.78999e-05 762 243
4.37203 760.981 243
8.74369 760.924 243
13.0885 759.829 243
17.38 757.697 243
21.7225 757.526 243
25.9587 755.32 243
30.158 753.079 243
34.39 751.799 243
38.6019 750.483 243
42.7935 749.132 243
46.9645 747.744 243
51.1145 746.321 243
55.13 743.869 243
59.3504 743.37 243
63.1747 739.859 243
67.3598 739.29 243
71.5398 738.684 243
75.5579 737.053 243
79.2229 733.417 243
83.3512 732.708 243
87.2908 730.979 243
91.2067 729.218 243
94.8992 726.444 243
98.7581 724.62 243
102.376 721.788 243
106.177 719.903 243
109.486 716.041 243
113.703 716.039 243
117.428 714.061 243
121.127 712.053 243
124.8 710.015 243
128.723 708.909 243
132.067 705.851 243
135.368 702.769 243
138.625 699.664 243
142.766 699.388 243
146.277 697.177 243
149.761 694.939 243
153.217 692.672 243
156.303 689.44 243
160.045 688.059 243
163.416 685.713 243
166.025 681.479 243
170.071 680.941 243
172.973 677.594 243
176.61 676.068 243
179.038 671.76 243
183.032 671.095 243
186.197 668.573 243
188.91 665.12 243
192.008 662.553 243
194.637 659.065 243
198.558 658.246 243
201.572 655.607 243
205.016 653.833 243
207.976 651.146 243
210.904 648.437 243
213.316 644.833 243
215.682 641.216 243
219 639.319 243
222.302 637.394 243
225.072 634.582 243
228.332 632.604 243
231.045 629.749 243
233.725 626.875 243
235.284 622.306 243
238.989 621.073 243
241.571 618.144 243
244.121 615.198 243
247.211 613.055 243
249.702 610.07 243
252.748 607.877 243
255.179 604.855 243
257.577 601.816 243
259.332 597.969 243
262.272 595.693 243
263.946 591.826 243
267.461 590.287 243
268.425 585.626 243
272.542 584.803 243
275.366 582.412 243
276.201 577.733 243
278.3 574.561 243
281.035 572.121 243
283.072 568.919 243
284.393 564.974 243
287.732 563.206 243
290.367 560.684 243
292.279 557.425 243
294.156 554.156 243
295.286 550.176 243
297.807 547.589 243
298.854 543.602 243
301.318 540.983 243
303.758 538.343 243
306.176 535.682 243
308.57 532.999 243
308.676 528.328 243
311.766 526.274 243
313.312 522.9 243
316.366 520.792 243
317.076 516.763 243
319.304 513.986 243
320.72 510.574 243
322.895 507.766 243
325.843 505.541 243
327.17 502.093 243
327.652 498.053 243
328.903 494.604 243
332.576 492.872 243
333.771 489.395 243
334.931 485.914 243
336.89 482.983 243
338.823 480.034 243
340.73 477.069 243
340.915 473.028 243
342.761 470.044 243
345.438 467.56 243
348.098 465.045 243
346.41 460 243
348.142 456.969 243
352.472 455.378 243
353.284 451.818 243
353.179 447.789 243
353.917 444.238 243
357.294 442.05 243
357.079 438.033 243
359.518 435.348 243
358.326 430.913 243
361.617 428.625 243
363.985 425.877 243
364.505 422.288 243
364.073 418.303 243
365.44 415.12 243
366.78 411.925 243
367.165 408.344 243
369.376 405.501 243
370.631 402.272 243
372.796 399.383 243
372.118 395.44 243
374.229 392.521 243
372.534 388.274 243
374.588 385.335 243
374.716 381.753 243
377.672 379.079 243
375.828 374.902 243
378.734 372.186 243
380.66 369.152 243
378.707 365.025 243
380.575 361.975 243
381.45 358.65 243
383.267 355.559 243
382.141 351.744 243
384.876 348.856 243
386.613 345.71 243
386.368 342.125 243
386.09 338.551 243
385.779 334.988 243
387.402 331.801 243
388.014 328.417 243
388.597 325.029 243
388.162 321.479 243
388.683 318.089 243
390.166 314.834 243
391.621 311.558 243
389.078 307.773 243
391.467 304.602 243
390.847 301.08 243
391.191 297.667 243
392.501 294.339 243
391.789 290.834 243
394.038 287.554 243
393.265 284.053 243
393.46 280.62 243
394.624 277.23 243
393.76 273.75 243
392.865 270.288 243
393.94 266.876 243
393.985 263.438 243
396 260 243
395.985 256.544 243
395.94 253.089 243
395.864 249.634 243
393.76 246.25 243
393.625 242.814 243
394.459 239.327 243
395.261 235.825 243
396.033 232.307 243
396.773 228.773 243
394.493 225.486 243
395.172 221.949 243
394.825 218.502 243
395.442 214.945 243
395.033 211.496 243
392.612 208.312 243
394.127 204.609 243
394.617 201.024 243
394.088 197.583 243
392.542 194.311 243
391.953 190.888 243
391.335 187.47 243
390.688 184.058 243
389.03 180.851 243
389.303 177.251 243
389.542 173.641 243
0 260 243
0 260 243
0 260 243
0 260 243
0 260 243
0 260 243
0 260 243
0 260 243
72.6792 237.78 243
71.5288 237.447 243
0 260 243
0 260 243
0 260 243
38.6483 246.314 243
37.5877 246.319 243
37.4669 245.992 243
36.4096 246.024 243
35.3559 246.073 243
36.1602 245.39 243
35.1074 245.458 243
34.0587 245.543 243
33.9312 245.246 243
33.8012 244.951 243
31.8486 245.486 243
31.7208 245.208 243
33.3957 244.071 243
34.1542 243.342 243
32.2176 243.937 243
31.1852 244.11 243
31.0454 243.839 243
30.9032 243.568 243
29.001 244.254 243
29.7371 243.516 243
29.5921 243.258 243
27.7128 244 243
29.2954 242.744 243
29.1437 242.489 243
28.9898 242.235 243
27.9856 242.513 243
28.6753 241.732 243
28.5148 241.482 243
27.5182 241.786 243
26.5292 242.106 243
26.372 241.875 243
26.2129 241.646 243
26.8658 240.837 243
25.0795 241.779 243
24.9196 241.56 243
23.9591 241.946 243
32.5275 235.041 243
40.9766 227.986 243
34.4348 232.609 243
26.423 238.603 243
26.2352 238.373 243
22.9813 240.716 243
0 260 243
0 260 243
0 260 243
0 260 243
0 260 243
0 260 243
0 260 243
0 260 243
0 260 243
0 260 243
0 260 243
