-0 260 259
-0 260 259
-0 260 259
-0 260 259
-0 260 259
-0 260 259
-0 260 259
-0 260 259
-16.6036 245.567 259
-22.8122 240.517 259
-26.8116 237.502 259
-27.0069 237.737 259
-34.9716 231.681 259
-40.6956 227.629 259
-39.4005 229.217 259
-25.3873 240.52 259
-25.5563 240.742 259
-26.5273 240.371 259
-26.6976 240.603 259
-26.0517 241.418 259
-25.3937 242.219 259
-26.372 241.875 259
-26.5292 242.106 259
-25.8505 242.89 259
-25.9988 243.116 259
-26.9885 242.806 259
-26.2895 243.573 259
-26.4318 243.803 259
-27.4294 243.519 259
-28.4338 243.251 259
-27.7128 244 259
-26.981 244.735 259
-27.9878 244.486 259
-28.1222 244.731 259
-29.1373 244.507 259
-30.1584 244.301 259
-30.2942 244.564 259
-30.4278 244.829 259
-30.559 245.095 259
-30.6879 245.363 259
-31.7208 245.208 259
-31.8486 245.486 259
-31.9741 245.764 259
-33.0142 245.645 259
-34.0587 245.543 259
-34.1835 245.841 259
-34.3058 246.14 259
-35.3559 246.073 259
-36.4096 246.024 259
-35.5935 246.692 259
-38.5274 245.977 259
-0 260 259
-0 260 259
-0 260 259
-71.3292 236.824 259
-71.5288 237.447 259
-0 260 259
-69.9938 239.267 259
-0 260 259
-0 260 259
-0 260 259
-0 260 259
-0 260 259
-0 260 259
-0 260 259
-0 260 259
-0 260 259
-0 260 259
-0 260 259
-0 260 259
-0 260 259
-0 260 259
-673.603 153.312 259
-674.509 159.194 259
-675.363 165.084 259
-676.165 170.981 259
-674.931 177.129 259
-676.622 182.909 259
-676.275 188.921 259
-677.865 194.729 259
-678.409 200.647 259
-678.901 206.569 259
-676.348 212.705 259
-677.734 218.548 259
-678.069 224.464 259
-678.354 230.383 259
-678.586 236.303 259
-678.767 242.226 259
-678.897 248.15 259
-677.974 254.084 259
-679 260 259
-677.974 265.917 259
-678.897 271.85 259
-676.768 277.722 259
-675.588 283.592 259
-677.355 289.574 259
-677.071 295.484 259
-675.737 301.33 259
-675.351 307.225 259
-673.916 313.038 259
-673.428 318.917 259
-671.892 324.696 259
-671.302 330.557 259
-671.655 336.525 259
-669.969 342.262 259
-668.234 347.975 259
-667.441 353.803 259
-666.597 359.624 259
-664.714 365.28 259
-662.784 370.912 259
-661.791 376.692 259
-659.764 382.28 259
-658.672 388.033 259
-656.55 393.577 259
-656.337 399.509 259
-654.118 405.015 259
-653.802 410.942 259
-650.515 416.175 259
-649.128 421.846 259
-647.691 427.504 259
-643.307 432.374 259
-642.741 438.248 259
-640.2 443.575 259
-638.574 449.154 259
-635.943 454.427 259
-633.268 459.669 259
-629.599 464.569 259
-628.739 470.373 259
-625.933 475.526 259
-623.086 480.646 259
-620.197 485.733 259
-619.14 491.487 259
-615.229 496.165 259
-613.145 501.524 259
-611.014 506.866 259
-606.989 511.423 259
-603.851 516.32 259
-600.674 521.181 259
-597.459 526.006 259
-595.115 531.209 259
-591.819 535.97 259
-589.388 541.124 259
-586.014 545.818 259
-583.497 550.921 259
-579.154 555.094 259
-576.557 560.137 259
-572.15 564.218 259
-567.716 568.245 259
-565.879 573.672 259
-562.25 578.106 259
-558.586 582.5 259
-555.751 587.362 259
-550.301 590.655 259
-548.248 595.967 259
-544.447 600.208 259
-539.77 603.872 259
-536.749 608.569 259
-532.853 612.688 259
-528.926 616.765 259
-524.968 620.801 259
-521.8 625.368 259
-516.963 628.746 259
-512.108 632.068 259
-509.645 637.118 259
-504.738 640.347 259
-501.399 644.737 259
-497.235 648.482 259
-492.26 651.562 259
-488.048 655.213 259
-484.58 659.457 259
-478.778 661.742 259
-474.493 665.256 259
-470.184 668.725 259
-466.599 672.812 259
-462.236 676.199 259
-456.375 678.19 259
-451.977 681.475 259
-448.281 685.403 259
-443.833 688.604 259
-439.362 691.76 259
-434.164 694.164 259
-430.358 697.936 259
-425.131 700.236 259
-421.273 703.929 259
-416.019 706.126 259
-410.759 708.265 259
-406.831 711.832 259
-401.548 713.867 259
-396.916 716.599 259
-392.916 720.046 259
-386.958 721.159 259
-382.919 724.518 259
-378.851 727.842 259
-373.509 729.565 259
-369.397 732.806 259
-364.039 734.425 259
-359.284 736.785 259
-353.92 738.295 259
-349.144 740.556 259
-344.357 742.771 259
-338.41 743.3 259
-334.18 746.234 259
-329.365 748.303 259
-325.091 751.159 259
-319.703 752.3 259
-314.858 754.227 259
-309.473 755.26 259
-304.617 757.089 259
-299.752 758.871 259
-294.88 760.607 259
-290 762.295 259
-285.113 763.936 259
-280.22 765.53 259
-274.366 765.32 259
-269.007 765.929 259
-264.12 767.37 259
-258.321 766.983 259
-241.839 745.054 259
-234.09 739.956 259
-229.462 741.078 259
-223.565 739.437 259
-223.52 750.469 259
-228.993 774.326 259
-224.097 775.388 259
-219.2 776.403 259
-214.303 777.373 259
-209.03 777.369 259
-204.508 779.173 259
-199.611 780.004 259
-195.065 781.726 259
-189.821 781.529 259
-184.595 781.281 259
-179.714 781.926 259
-174.518 781.578 259
-169.65 782.13 259
-164.486 781.683 259
-159.635 782.142 259
-154.788 782.557 259
-149.947 782.926 259
-145.11 783.251 259
-140.021 782.566 259
-135.456 783.768 259
-130.396 782.989 259
-125.594 783.135 259
-120.574 782.262 259
-115.795 782.318 259
-110.817 781.353 259
-106.064 781.32 259
-101.51 782.226 259
-96.767 782.108 259
-91.8598 780.963 259
-87.1451 780.759 259
-82.4409 780.512 259
-77.5999 779.233 259
-73.0658 779.891 259
-68.3957 779.517 259
-63.7376 779.102 259
-58.9788 777.651 259
-54.4593 778.146 259
-49.7439 776.611 259
-45.1466 776.029 259
-40.5633 775.406 259
-35.9943 774.743 259
-31.3789 773.041 259
-26.9006 773.296 259
-22.3331 771.513 259
-17.8336 770.689 259
-13.324 768.826 259
-8.86578 767.923 259
-4.43304 767.981 259
3.82019e-05 766 259
4.40694 764.981 259
8.79605 763.923 259
13.1409 761.828 259
17.5196 761.694 259
21.8097 759.524 259
26.1157 758.316 259
30.4022 757.071 259
34.7388 756.787 259
38.9942 755.468 259
43.1421 753.116 259
47.3478 751.726 259
51.5326 750.299 259
55.3564 745.857 259
59.8379 747.34 259
63.9579 745.808 259
67.6382 741.27 259
71.8354 740.662 259
76.1836 741.004 259
79.8831 737.362 259
84.0457 736.647 259
88.0198 734.912 259
91.97 733.144 259
96.0954 732.324 259
99.7976 729.511 259
103.675 727.646 259
107.527 725.749 259
111.12 722.848 259
115.155 721.861 259
118.931 719.87 259
122.68 717.849 259
126.671 716.761 259
130.101 713.716 259
133.487 710.645 259
136.83 707.551 259
141.031 707.293 259
144.62 705.094 259
148.181 702.867 259
151.715 700.612 259
155.554 699.271 259
158.697 696.017 259
162.146 693.679 259
165.924 692.248 259
168.224 687.062 259
172.319 686.505 259
176.034 684.985 259
178.955 681.591 259
182.228 679.096 259
186.285 678.404 259
189.515 675.852 259
191.869 671.464 259
195.022 668.871 259
199.021 668.052 259
202.128 665.405 259
205.204 662.735 259
207.787 659.155 259
211.732 658.209 259
214.721 655.468 259
216.71 650.955 259
220.113 649.049 259
222.5 645.381 259
225.855 643.425 259
229.707 642.297 259
231.467 637.72 259
234.754 635.685 259
238.561 634.466 259
241.275 631.531 259
242.852 626.91 259
247.163 626.435 259
249.219 622.616 259
252.374 620.427 259
254.929 617.397 259
258.038 615.158 259
259.938 611.285 259
262.993 609.004 259
264.811 605.109 259
267.197 601.997 259
269.549 598.869 259
273.125 597.281 259
275.422 594.113 259
278.327 591.697 259
280.562 588.495 259
282.761 585.28 259
284.927 582.051 259
286.388 578.066 259
288.477 574.817 259
291.213 572.288 259
293.239 569.009 259
295.924 566.439 259
299.288 564.558 259
301.228 561.227 259
303.845 558.587 259
305 554.535 259
306.833 551.174 259
309.363 548.485 259
311.868 545.775 259
313.607 542.373 259
316.059 539.626 259
318.487 536.857 259
319.371 532.768 259
320.973 529.328 259
324.082 527.153 259
325.624 523.685 259
327.13 520.211 259
328.6 516.731 259
330.828 513.854 259
333.83 511.559 259
334.404 507.446 259
338.169 505.694 259
339.486 502.153 259
339.129 497.461 259
342.012 495.059 259
344.88 492.624 259
346.897 489.606 259
347.21 485.481 259
349.164 482.442 259
350.244 478.857 259
351.288 475.269 259
354.01 472.711 259
356.714 470.121 259
357.668 466.5 259
360.327 463.863 259
359.469 459.257 259
360.315 455.635 259
364.657 453.892 259
364.561 449.779 259
365.313 446.136 259
367.818 443.387 259
369.404 440.171 259
370.06 436.51 259
372.493 433.696 259
373.994 430.439 259
373.64 426.355 259
374.161 422.69 259
377.407 420.2 259
378.791 416.9 259
379.218 413.214 259
379.61 409.532 259
380.901 406.214 259
384.036 403.585 259
385.274 400.228 259
384.598 396.193 259
385.772 392.832 259
386.916 389.46 259
388.031 386.079 259
388.163 382.387 259
392.085 379.872 259
390.24 375.594 259
392.195 372.46 259
393.161 369.033 259
395.064 365.857 259
395.972 362.405 259
394.91 358.462 259
396.727 355.246 259
396.569 351.555 259
398.329 348.307 259
397.128 344.412 259
398.829 341.143 259
400.504 337.85 259
400.185 334.17 259
400.817 330.675 259
402.405 327.339 259
402.977 323.825 259
403.518 320.306 259
402.049 316.504 259
402.527 312.994 259
402.974 309.479 259
404.384 306.074 259
405.765 302.648 259
406.122 299.105 259
407.444 295.647 259
406.742 292.011 259
406.009 288.391 259
408.237 284.969 259
408.439 281.405 259
409.61 277.884 259
408.751 274.274 259
409.86 270.733 259
409.938 267.155 259
409.984 263.578 259
408 260 259
408.984 256.431 259
408.938 252.862 259
411.859 249.215 259
409.75 245.691 259
410.609 242.072 259
412.434 238.385 259
411.232 234.848 259
410.996 231.26 259
409.733 227.753 259
409.436 224.179 259
408.112 220.703 259
407.754 217.143 259
408.358 213.473 259
408.929 209.79 259
408.475 206.223 259
408.981 202.522 259
408.464 198.955 259
407.915 195.393 259
407.336 191.835 259
404.756 188.631 259
407.068 184.554 259
406.394 181.005 259
406.669 177.262 259
404.953 173.925 259
403.21 170.61 259
0 260 259
0 260 259
0 260 259
0 260 259
0 260 259
0 260 259
0 260 259
0 260 259
71.7229 238.072 259
70.5751 237.748 259
0 260 259
0 260 259
0 260 259
39.5909 245.98 259
36.648 246.661 259
37.4669 245.992 259
35.4761 246.382 259
36.2863 245.706 259
35.233 245.765 259
34.1835 245.841 259
34.0587 245.543 259
33.9312 245.246 259
32.8876 245.357 259
31.8486 245.486 259
32.6271 244.786 259
32.4931 244.502 259
33.2554 243.78 259
34.0075 243.044 259
31.1852 244.11 259
31.0454 243.839 259
30.9032 243.568 259
29.001 244.254 259
29.7371 243.516 259
28.7217 243.75 259
28.5788 243.5 259
29.2954 242.744 259
29.1437 242.489 259
28.9898 242.235 259
27.9856 242.513 259
27.8319 242.269 259
28.5148 241.482 259
27.5182 241.786 259
26.5292 242.106 259
27.1962 241.309 259
26.2129 241.646 259
26.0517 241.418 259
25.0795 241.779 259
24.9196 241.56 259
23.9591 241.946 259
34.1142 233.823 259
40.9766 227.986 259
32.0869 234.477 259
26.423 238.603 259
27.0069 237.737 259
23.7474 240.074 259
0 260 259
0 260 259
0 260 259
0 260 259
0 260 259
0 260 259
0 260 259
0 260 259
0 260 259
0 260 259
0 260 259
