-0 260 163
-0 260 163
-0 260 163
-0 260 163
-0 260 163
-0 260 163
-0 260 163
-0 260 163
-16.6036 245.567 163
-22.8122 240.517 163
-27.5776 236.86 163
-25.4636 239.009 163
-33.4173 232.939 163
-43.8261 225.139 163
-40.9766 227.986 163
-26.974 239.302 163
-25.5563 240.742 163
-26.5273 240.371 163
-27.5066 240.015 163
-26.8658 240.837 163
-26.2129 241.646 163
-26.372 241.875 163
-26.5292 242.106 163
-26.6843 242.338 163
-26.8375 242.572 163
-26.9885 242.806 163
-27.1375 243.043 163
-28.1371 242.758 163
-28.2865 243.004 163
-26.7105 244.266 163
-27.7128 244 163
-26.981 244.735 163
-27.1132 244.971 163
-28.1222 244.731 163
-30.0202 244.038 163
-31.0454 243.839 163
-31.1852 244.11 163
-31.3227 244.383 163
-31.4578 244.657 163
-30.6879 245.363 163
-30.8145 245.631 163
-31.8486 245.486 163
-31.9741 245.764 163
-33.0142 245.645 163
-33.1382 245.934 163
-35.1074 245.458 163
-34.3058 246.14 163
-35.3559 246.073 163
-35.4761 246.382 163
-36.5302 246.342 163
-38.5274 245.977 163
-0 260 163
-0 260 163
-0 260 163
-69.4271 237.442 163
-69.6213 238.048 163
-0 260 163
-71.9115 238.699 163
-0 260 163
-0 260 163
-0 260 163
-0 260 163
-0 260 163
-0 260 163
-0 260 163
-0 260 163
-0 260 163
-0 260 163
-0 260 163
-0 260 163
-0 260 163
-0 260 163
-713.111 147.054 163
-712.091 153.577 163
-712.993 159.795 163
-714.832 165.891 163
-713.641 172.376 163
-714.378 178.607 163
-714.067 184.949 163
-714.694 191.183 163
-715.268 197.422 163
-715.787 203.666 163
-715.253 209.985 163
-715.663 216.228 163
-716.017 222.475 163
-716.318 228.725 163
-715.564 235.012 163
-715.755 241.257 163
-713.891 247.539 163
-714.973 253.761 163
-715 260 163
-714.973 266.24 163
-713.891 272.461 163
-713.755 278.69 163
-713.565 284.918 163
-713.32 291.144 163
-712.023 297.316 163
-710.672 303.467 163
-710.266 309.667 163
-708.808 315.785 163
-707.298 321.881 163
-707.727 328.146 163
-705.116 334.111 163
-704.442 340.261 163
-702.723 346.284 163
-700.952 352.282 163
-701.11 358.535 163
-699.234 364.501 163
-697.308 370.443 163
-695.331 376.359 163
-694.289 382.422 163
-692.211 388.294 163
-690.084 394.139 163
-688.887 400.156 163
-685.681 405.746 163
-684.383 411.724 163
-683.033 417.691 163
-680.659 423.412 163
-678.237 429.103 163
-675.767 434.765 163
-672.284 440.138 163
-670.687 445.998 163
-668.077 451.568 163
-666.38 457.391 163
-663.675 462.906 163
-660.926 468.389 163
-657.18 473.531 163
-655.292 479.258 163
-652.408 484.642 163
-649.48 489.993 163
-643.689 494.284 163
-642.557 500.242 163
-640.436 505.84 163
-636.406 510.687 163
-633.267 515.856 163
-631.01 521.373 163
-626.864 526.088 163
-623.601 531.149 163
-621.211 536.581 163
-615.134 540.333 163
-612.664 545.69 163
-610.148 551.026 163
-606.686 555.901 163
-603.186 560.737 163
-599.647 565.536 163
-596.071 570.295 163
-592.458 575.015 163
-587.929 579.219 163
-583.371 583.368 163
-580.527 588.447 163
-577.639 593.5 163
-573.845 598.021 163
-569.159 601.985 163
-566.153 606.939 163
-561.408 610.807 163
-557.482 615.155 163
-552.684 618.917 163
-547.863 622.623 163
-544.678 627.39 163
-540.627 631.563 163
-537.364 636.266 163
-533.246 640.361 163
-529.097 644.412 163
-524.115 647.825 163
-519.912 651.782 163
-515.68 655.695 163
-509.843 658.333 163
-506.347 662.767 163
-502.036 666.541 163
-497.698 670.271 163
-493.333 673.955 163
-487.42 676.296 163
-483.769 680.534 163
-477.834 682.752 163
-473.383 686.236 163
-468.171 689 163
-464.41 693.069 163
-459.162 695.728 163
-455.342 699.719 163
-450.774 702.975 163
-446.184 706.184 163
-440.872 708.635 163
-434.856 710.307 163
-431.598 714.81 163
-424.885 715.633 163
-421.568 720.061 163
-416.199 722.236 163
-411.487 725.102 163
-406.757 727.92 163
-401.359 729.931 163
-397.243 733.416 163
-391.188 734.549 163
-385.773 736.391 163
-380.356 738.174 163
-375.553 740.687 163
-370.736 743.152 163
-365.302 744.772 163
-361.057 747.941 163
-355.61 749.455 163
-349.583 750.098 163
-344.719 752.31 163
-339.844 754.476 163
-334.397 755.765 163
-329.506 757.83 163
-325.149 760.686 163
-320.231 762.661 163
-314.772 763.741 163
-308.797 763.91 163
-304.387 766.586 163
-297.925 765.776 163
-283 750.17 163
-271.325 739.566 163
-267.615 742.79 163
-261.006 740.713 163
-268.068 764.163 163
-266.891 772.692 163
-262.406 775.002 163
-257.01 775.482 163
-252.063 776.807 163
-246.683 777.181 163
-241.315 777.502 163
-236.79 779.588 163
-231.433 779.807 163
-226.888 781.807 163
-221.154 781.006 163
-215.833 781.068 163
-210.903 782.005 163
-205.607 781.964 163
-200.328 781.871 163
-195.065 781.726 163
-190.505 783.409 163
-185.263 783.166 163
-180.69 784.763 163
-174.835 782.526 163
-170.268 784.032 163
-165.087 783.591 163
-160.22 784.055 163
-155.072 783.516 163
-149.947 782.926 163
-145.11 783.251 163
-140.28 783.532 163
-135.205 782.8 163
-130.396 782.989 163
-125.36 782.163 163
-120.574 782.262 163
-115.795 782.318 163
-110.817 781.353 163
-105.864 780.34 163
-101.32 781.244 163
-96.2203 779.159 163
-91.5125 778.994 163
-86.815 778.786 163
-81.9716 777.549 163
-77.3043 777.255 163
-72.6483 776.92 163
-67.8736 775.551 163
-63.1283 774.139 163
-58.6392 774.67 163
-54.0412 774.168 163
-49.2647 771.634 163
-44.7109 771.048 163
-40.171 770.422 163
-35.5758 768.758 163
-31.0126 767.052 163
-26.5866 767.304 163
-22.0278 764.519 163
-17.5893 763.693 163
-13.1408 761.828 163
-8.74362 760.924 163
-4.37196 760.981 163
3.76735e-05 759 163
4.34585 757.981 163
8.67388 756.924 163
12.9576 754.83 163
17.1357 750.701 163
21.4608 751.532 163
25.6447 749.328 163
29.7307 746.092 163
34.0412 746.811 163
38.2096 745.499 163
42.3577 744.151 163
46.4852 742.767 163
50.3828 739.36 163
54.6772 739.895 163
58.4973 736.422 163
62.5221 734.902 163
66.5248 733.348 163
70.5051 731.761 163
74.3064 729.152 163
78.2326 727.499 163
82.1356 725.814 163
85.6507 722.13 163
89.6803 721.365 163
93.3042 718.605 163
97.5106 718.751 163
101.077 715.93 163
104.602 713.082 163
108.319 711.18 163
112.01 709.247 163
115.175 705.348 163
118.539 702.394 163
122.395 701.343 163
126.242 700.258 163
129.795 698.181 163
133.322 696.075 163
136.821 693.941 163
140.294 691.78 163
143.422 688.642 163
147.157 687.374 163
149.879 683.246 163
153.567 681.922 163
157.243 680.566 163
160.549 678.244 163
163.46 674.966 163
166.7 672.597 163
169.911 670.203 163
172.312 665.943 163
175.45 663.506 163
178.964 661.96 163
182.05 659.473 163
185.529 657.869 163
187.703 653.527 163
191.568 652.773 163
194.542 650.191 163
197.032 646.697 163
199.475 643.189 163
202.342 640.55 163
205.178 637.891 163
208.953 636.961 163
211.742 634.253 163
215 632.391 163
217.226 628.777 163
219.406 625.153 163
222.584 623.225 163
224.156 618.724 163
227.278 616.755 163
230.382 614.758 163
233.469 612.734 163
236.539 610.683 163
237.324 605.309 163
239.181 601.586 163
243.895 601.929 163
246.282 598.978 163
248.041 595.208 163
249.753 591.434 163
252.636 589.242 163
254.884 586.236 163
258.344 584.782 163
259.909 580.961 163
262.7 578.681 163
264.186 574.844 163
266.274 571.766 163
268.984 569.431 163
271.012 566.323 163
273.674 563.946 163
276.316 561.546 163
277.573 557.661 163
279.472 554.502 163
282.031 552.052 163
283.167 548.153 163
284.257 544.257 163
286.013 541.065 163
289.894 539.947 163
291.601 536.719 163
293.273 533.481 163
294.911 530.236 163
295.772 526.314 163
298.084 523.723 163
301.129 521.768 163
303.402 519.13 163
304.12 515.187 163
305.563 511.887 163
307.75 509.211 163
309.913 506.516 163
310.476 502.571 163
312.581 499.852 163
316.26 498.319 163
315.112 493.171 163
317.944 491 163
320.762 488.797 163
321.927 485.416 163
323.057 482.031 163
323.325 478.085 163
325.215 475.255 163
327.082 472.409 163
327.236 468.472 163
329.891 466.139 163
329.972 462.207 163
333.438 460.35 163
333.45 456.417 163
335.152 453.5 163
336.828 450.568 163
338.478 447.621 163
339.223 444.183 163
341.701 441.685 163
342.386 438.235 163
343.038 434.786 163
345.445 432.232 163
345.137 428.335 163
346.593 425.316 163
348.022 422.285 163
348.515 418.828 163
348.061 414.967 163
351.234 412.721 163
351.633 409.259 163
353.846 406.568 163
353.257 402.725 163
353.559 399.27 163
356.628 396.897 163
356.872 393.429 163
356.144 389.626 163
357.261 386.513 163
359.297 383.716 163
361.311 380.893 163
362.353 377.735 163
360.505 373.667 163
361.483 370.516 163
362.434 367.358 163
364.318 364.467 163
364.252 361.016 163
366.086 358.092 163
366.928 354.894 163
365.801 351.205 163
364.639 347.542 163
366.363 344.582 163
368.064 341.598 163
368.762 338.383 163
368.452 334.962 163
370.073 331.935 163
370.687 328.703 163
372.257 325.639 163
371.83 322.223 163
372.359 318.976 163
372.859 315.724 163
372.341 312.329 163
372.783 309.078 163
373.197 305.823 163
373.583 302.564 163
375.929 299.512 163
375.264 296.134 163
376.562 292.945 163
376.835 289.658 163
375.084 286.228 163
376.297 283.015 163
376.483 279.731 163
376.641 276.445 163
378.769 273.227 163
378.87 269.921 163
376.943 266.58 163
377.986 263.299 163
378 260 163
375.986 256.719 163
376.943 253.42 163
377.87 250.105 163
377.77 246.808 163
375.642 243.599 163
376.483 240.269 163
379.291 236.802 163
377.079 233.632 163
375.838 230.421 163
378.554 226.881 163
377.255 223.674 163
376.924 220.384 163
378.551 216.87 163
378.16 213.568 163
375.758 210.531 163
375.312 207.253 163
375.826 203.832 163
374.334 200.711 163
374.789 197.282 163
374.227 194.014 163
374.62 190.568 163
374 187.302 163
372.371 184.24 163
371.696 180.994 163
370.992 177.753 163
0 260 163
0 260 163
0 260 163
0 260 163
0 260 163
0 260 163
0 260 163
0 260 163
72.6792 237.78 163
72.4825 237.146 163
0 260 163
0 260 163
43.4939 245.024 163
39.5909 245.98 163
36.648 246.661 163
36.5302 246.342 163
35.4761 246.382 163
36.2863 245.706 163
35.233 245.765 163
35.1074 245.458 163
34.0587 245.543 163
33.9312 245.246 163
32.8876 245.357 163
31.8486 245.486 163
32.6271 244.786 163
33.3957 244.071 163
33.2554 243.78 163
33.1126 243.491 163
32.0762 243.656 163
31.0454 243.839 163
30.0202 244.038 163
30.7586 243.299 163
29.7371 243.516 163
29.5921 243.258 163
28.5788 243.5 163
28.4338 243.251 163
29.1437 242.489 163
28.9898 242.235 163
28.8336 241.983 163
27.8319 242.269 163
28.5148 241.482 163
26.6843 242.338 163
27.3582 241.547 163
28.0203 240.742 163
26.2129 241.646 163
26.0517 241.418 163
25.0795 241.779 163
24.1157 242.155 163
23.1604 242.547 163
34.1142 233.823 163
40.9766 227.986 163
33.6522 233.232 163
26.423 238.603 163
26.2352 238.373 163
23.7474 240.074 163
0 260 163
0 260 163
0 260 163
0 260 163
0 260 163
0 260 163
0 260 163
0 260 163
0 260 163
0 260 163
0 260 163
