-0 260 232
-0 260 232
-0 260 232
-0 260 232
-0 260 232
-0 260 232
-0 260 232
-0 260 232
-15.8489 246.223 232
-22.8122 240.517 232
-26.0455 238.145 232
-26.2352 238.373 232
-33.4173 232.939 232
-43.0435 225.762 232
-42.5526 226.754 232
-27.7674 238.693 232
-26.355 240.14 232
-25.7234 240.966 232
-25.8885 241.191 232
-26.0517 241.418 232
-25.3937 242.219 232
-27.1962 241.309 232
-26.5292 242.106 232
-27.5182 241.786 232
-27.6761 242.027 232
-26.9885 242.806 232
-27.1375 243.043 232
-27.2845 243.28 232
-29.1437 242.489 232
-27.5721 243.759 232
-28.5788 243.5 232
-27.8514 244.242 232
-27.9878 244.486 232
-29.8798 243.777 232
-30.0202 244.038 232
-30.1584 244.301 232
-30.2942 244.564 232
-30.4278 244.829 232
-31.4578 244.657 232
-30.6879 245.363 232
-32.6271 244.786 232
-31.8486 245.486 232
-33.8012 244.951 232
-34.8483 244.848 232
-34.0587 245.543 232
-35.1074 245.458 232
-34.3058 246.14 232
-36.2863 245.706 232
-36.4096 246.024 232
-37.4669 245.992 232
-40.4068 245.293 232
-0 260 232
-0 260 232
-0 260 232
-72.2803 236.515 232
-71.5288 237.447 232
-0 260 232
-0 260 232
-0 260 232
-0 260 232
-0 260 232
-0 260 232
-0 260 232
-0 260 232
-0 260 232
-0 260 232
-0 260 232
-0 260 232
-0 260 232
-0 260 232
-0 260 232
-0 260 232
-708.173 147.837 232
-709.124 154.021 232
-710.022 160.213 232
-710.866 166.413 232
-711.656 172.62 232
-712.391 178.833 232
-711.083 185.262 232
-711.708 191.47 232
-710.287 197.858 232
-712.796 203.902 232
-712.261 210.194 232
-713.666 216.35 232
-713.021 222.632 232
-713.32 228.856 232
-711.566 235.152 232
-712.756 241.336 232
-712.891 247.557 232
-711.973 253.787 232
-713 260 232
-710.973 266.205 232
-710.892 272.409 232
-711.756 278.638 232
-710.567 284.814 232
-709.324 290.97 232
-710.026 297.211 232
-709.674 303.406 232
-708.27 309.527 232
-707.811 315.706 232
-706.302 321.794 232
-705.736 327.955 232
-705.116 334.111 232
-704.442 340.261 232
-701.73 346.162 232
-700.952 352.282 232
-700.12 358.395 232
-697.256 364.206 232
-697.308 370.443 232
-696.318 376.524 232
-693.305 382.248 232
-693.195 388.476 232
-690.084 394.139 232
-687.907 399.956 232
-686.66 405.954 232
-684.383 411.724 232
-683.033 417.691 232
-679.687 423.178 232
-677.266 428.862 232
-675.767 434.765 232
-675.182 440.915 232
-670.687 445.998 232
-669.999 452.119 232
-667.339 457.675 232
-664.632 463.198 232
-661.88 468.69 232
-659.082 474.149 232
-657.188 479.892 232
-654.299 485.293 232
-651.365 490.661 232
-648.388 495.994 232
-644.43 500.943 232
-643.237 506.916 232
-638.266 511.42 232
-636.048 516.98 232
-632.857 522.138 232
-630.546 527.651 232
-626.352 532.346 232
-623.038 537.394 232
-620.594 542.821 232
-616.289 547.38 232
-613.758 552.748 232
-610.281 557.654 232
-605.871 562.076 232
-603.211 567.352 232
-599.619 572.142 232
-595.99 576.893 232
-592.323 581.605 232
-588.619 586.277 232
-584.879 590.909 232
-581.103 595.5 232
-576.43 599.543 232
-572.588 604.046 232
-568.711 608.507 232
-564.8 612.926 232
-560.012 616.767 232
-556.877 621.64 232
-552.032 625.382 232
-547.994 629.627 232
-543.099 633.262 232
-539.821 637.987 232
-534.874 641.522 232
-530.715 645.587 232
-526.526 649.609 232
-522.308 653.587 232
-517.266 656.913 232
-513.783 661.411 232
-508.695 664.635 232
-503.591 667.8 232
-500.013 672.179 232
-494.865 675.241 232
-490.462 678.894 232
-485.278 681.846 232
-480.83 685.402 232
-476.356 688.913 232
-471.12 691.702 232
-466.604 695.115 232
-462.063 698.482 232
-456.781 701.108 232
-450.774 702.975 232
-447.599 707.599 232
-442.274 710.061 232
-436.94 712.465 232
-432.287 715.535 232
-426.931 717.827 232
-420.893 719.324 232
-416.199 722.236 232
-412.15 725.851 232
-406.757 727.92 232
-400.709 729.171 232
-396.6 732.649 232
-390.552 733.778 232
-386.403 737.168 232
-381.601 739.739 232
-376.169 741.475 232
-370.736 743.152 232
-366.505 746.369 232
-360.463 747.137 232
-356.198 750.264 232
-351.325 752.54 232
-345.293 753.13 232
-339.844 754.476 232
-334.956 756.594 232
-330.058 758.664 232
-324.06 759.009 232
-318.619 760.131 232
-313.182 761.196 232
-308.797 763.91 232
-303.872 765.729 232
-298.433 766.638 232
-287.5 757.965 232
-271.818 740.436 232
-266.645 741.041 232
-261.96 742.471 232
-254.923 739.441 232
-264.582 768.257 232
-261.952 774.111 232
-257.01 775.482 232
-251.625 775.908 232
-246.252 776.279 232
-240.892 776.595 232
-235.96 777.768 232
-230.213 777.067 232
-225.692 779.056 232
-220.763 780.085 232
-215.068 779.22 232
-210.154 780.15 232
-204.508 779.173 232
-199.969 780.938 232
-194.715 780.79 232
-189.479 780.59 232
-183.928 779.395 232
-179.388 780.981 232
-174.518 781.578 232
-169.65 782.13 232
-164.486 781.683 232
-159.343 781.186 232
-154.22 780.639 232
-149.12 780.043 232
-144.041 779.397 232
-139.503 780.634 232
-134.454 779.895 232
-129.67 780.079 232
-124.66 779.246 232
-119.674 778.365 232
-114.929 778.413 232
-110.193 778.418 232
-105.266 777.4 232
-100.556 777.318 232
-95.6736 776.209 232
-90.9916 776.039 232
-86.1548 774.841 232
-81.3459 773.598 232
-76.713 773.299 232
-72.0916 772.959 232
-67.482 772.577 232
-62.8845 772.154 232
-58.1864 770.696 232
-53.6231 770.19 232
-48.9771 768.647 232
-44.4494 768.059 232
-39.8572 766.434 232
-35.2967 764.767 232
-30.8295 764.058 232
-26.3773 763.309 232
-21.9405 762.521 232
-17.4497 759.695 232
-13.0884 759.829 232
-8.70871 758.924 232
-4.33705 756.981 232
3.73715e-05 755 232
4.31095 753.981 232
8.60407 752.925 232
12.8529 750.832 232
17.0659 748.702 232
21.2863 747.536 232
25.4876 746.333 232
29.6696 745.094 232
33.7622 742.821 232
37.8958 741.511 232
42.0091 740.166 232
46.006 737.79 232
50.0692 736.376 232
53.8848 732.94 232
58.0098 732.452 232
62.1305 731.928 232
65.9681 729.387 232
69.4705 724.837 232
73.6807 725.201 232
77.7375 724.541 232
81.6147 722.86 232
85.2863 720.163 232
88.917 717.438 232
92.7061 715.665 232
96.2631 712.882 232
100.212 712.025 232
103.478 708.21 232
107.385 707.29 232
111.042 705.366 232
114.173 701.475 232
118.28 701.428 232
121.326 697.488 232
125.139 696.413 232
128.375 693.387 232
131.86 691.293 232
135.318 689.173 232
138.749 687.024 232
141.835 683.901 232
144.878 680.756 232
148.21 678.533 232
152.199 678.163 232
154.792 674.009 232
158.04 671.709 232
161.627 670.314 232
164.827 667.961 232
167.615 664.659 232
170.359 661.34 232
174.253 660.755 232
177.337 658.306 232
179.562 654.013 232
182.148 650.619 232
185.55 649.014 232
188.938 647.38 232
191.865 644.822 232
195.216 643.133 232
197.167 638.754 232
200.934 637.902 232
203.27 634.376 232
206.044 631.713 232
208.788 629.031 232
211.5 626.329 232
213.674 622.746 232
216.316 620.01 232
219.972 618.961 232
222.036 615.332 232
224.054 611.694 232
227.114 609.726 232
229.606 606.896 232
231.506 603.222 232
235.059 602.012 232
236.887 598.31 232
239.83 596.23 232
242.755 594.124 232
245.067 591.189 232
246.744 587.441 232
248.375 583.688 232
251.806 582.296 232
253.986 579.304 232
256.133 576.298 232
257.612 572.508 232
260.329 570.248 232
263.676 568.725 232
264.392 564.148 232
266.373 561.08 232
268.991 558.744 232
270.912 555.648 232
272.117 551.81 232
274.653 549.424 232
277.863 547.736 232
279.663 544.587 232
280.721 540.721 232
282.447 537.56 232
284.859 535.085 232
285.798 531.212 232
286.691 527.343 232
290.487 526.183 232
292.056 522.968 232
293.591 519.747 232
295.846 517.175 232
298.079 514.584 232
298.757 510.687 232
300.934 508.07 232
303.087 505.435 232
303.652 501.536 232
305.748 498.877 232
308.614 496.808 232
309.871 493.504 232
311.896 490.791 232
313.899 488.061 232
314.249 484.151 232
314.554 480.253 232
317.289 478.066 232
319.179 475.289 232
321.046 472.496 232
323.727 470.231 232
323.019 465.786 232
323.954 462.429 232
324.856 459.072 232
328.295 457.26 232
329.142 453.88 232
329.956 450.5 232
331.606 447.613 232
334.105 445.197 232
333.951 441.32 232
335.52 438.399 232
336.177 435.003 232
337.691 432.062 232
336.495 427.77 232
339.744 425.704 232
342.08 423.164 232
343.491 420.172 232
342.145 415.925 232
342.58 412.526 232
344.815 409.93 232
347.03 407.306 232
346.455 403.506 232
347.694 400.477 232
349.837 397.804 232
351.026 394.746 232
350.315 390.978 232
351.445 387.916 232
352.548 384.844 232
353.624 381.762 232
353.725 378.355 232
354.744 375.263 232
355.736 372.163 232
356.702 369.055 232
356.681 365.654 232
358.551 362.813 232
358.471 359.413 232
359.324 356.281 232
360.151 353.141 232
360.95 349.995 232
362.694 347.075 232
363.44 343.907 232
364.158 340.732 232
363.871 337.343 232
363.552 333.966 232
365.165 330.981 232
364.788 327.609 232
365.364 324.423 232
366.898 321.398 232
367.42 318.194 232
367.914 314.985 232
368.38 311.772 232
367.826 308.425 232
370.22 305.457 232
369.609 302.112 232
371.951 299.094 232
371.283 295.75 232
371.581 292.509 232
371.85 289.265 232
371.094 285.949 232
371.306 282.71 232
371.49 279.469 232
372.645 276.27 232
370.774 272.948 232
371.873 269.738 232
372.943 266.51 232
373.986 263.264 232
374 260 232
370.986 256.762 232
370.943 253.525 232
372.872 250.236 232
371.773 247.017 232
370.647 243.817 232
371.49 240.531 232
373.302 237.168 232
373.089 233.911 232
370.853 230.813 232
371.581 227.491 232
371.283 224.25 232
371.951 220.906 232
371.596 217.662 232
372.205 214.299 232
371.792 211.053 232
372.341 207.671 232
370.881 204.571 232
370.383 201.337 232
370.843 197.942 232
370.288 194.708 232
368.721 191.662 232
369.092 188.256 232
368.452 185.038 232
367.783 181.825 232
366.111 178.835 232
0 260 232
0 260 232
0 260 232
0 260 232
0 260 232
0 260 232
0 260 232
0 260 232
71.7229 238.072 232
72.4825 237.146 232
0 260 232
0 260 232
0 260 232
40.5336 245.646 232
37.5877 246.319 232
36.5302 246.342 232
35.4761 246.382 232
37.2167 245.34 232
36.1602 245.39 232
36.0313 245.075 232
34.0587 245.543 232
33.9312 245.246 232
32.8876 245.357 232
32.7586 245.071 232
33.5334 244.363 232
32.4931 244.502 232
32.3566 244.219 232
33.1126 243.491 232
32.9672 243.202 232
31.9324 243.377 232
30.9032 243.568 232
30.7586 243.299 232
29.7371 243.516 232
28.7217 243.75 232
28.5788 243.5 232
28.4338 243.251 232
30.0009 241.974 232
29.8424 241.713 232
28.8336 241.983 232
29.5187 241.195 232
28.5148 241.482 232
28.3521 241.234 232
27.3582 241.547 232
26.372 241.875 232
26.2129 241.646 232
26.8658 240.837 232
25.0795 241.779 232
24.9196 241.56 232
24.7577 241.344 232
35.7009 232.606 232
39.4005 229.217 232
33.6522 233.232 232
24.8687 239.862 232
26.2352 238.373 232
23.7474 240.074 232
0 260 232
0 260 232
0 260 232
0 260 232
0 260 232
0 260 232
0 260 232
0 260 232
0 260 232
0 260 232
0 260 232
