-0 260 194
-0 260 194
-0 260 194
-0 260 194
-0 260 194
-0 260 194
-0 260 194
-0 260 194
-15.8489 246.223 194
-22.0518 241.166 194
-26.8116 237.502 194
-27.0069 237.737 194
-34.1944 232.31 194
-43.0435 225.762 194
-40.9766 227.986 194
-27.7674 238.693 194
-25.5563 240.742 194
-27.3311 239.776 194
-26.6976 240.603 194
-26.0517 241.418 194
-26.2129 241.646 194
-26.372 241.875 194
-26.5292 242.106 194
-26.6843 242.338 194
-25.9988 243.116 194
-26.9885 242.806 194
-26.2895 243.573 194
-27.2845 243.28 194
-28.2865 243.004 194
-26.7105 244.266 194
-27.7128 244 194
-26.981 244.735 194
-27.1132 244.971 194
-29.001 244.254 194
-29.1373 244.507 194
-30.1584 244.301 194
-30.2942 244.564 194
-30.4278 244.829 194
-30.559 245.095 194
-30.6879 245.363 194
-32.6271 244.786 194
-31.8486 245.486 194
-33.8012 244.951 194
-33.9312 245.246 194
-34.0587 245.543 194
-34.1835 245.841 194
-34.3058 246.14 194
-35.3559 246.073 194
-35.4761 246.382 194
-36.5302 246.342 194
-39.4671 245.635 194
-0 260 194
-0 260 194
-0 260 194
-71.3292 236.824 194
-72.4825 237.146 194
-0 260 194
-72.8703 238.415 194
-0 260 194
-0 260 194
-0 260 194
-0 260 194
-0 260 194
-0 260 194
-0 260 194
-0 260 194
-0 260 194
-0 260 194
-0 260 194
-0 260 194
-0 260 194
-0 260 194
-723.976 145.334 194
-723.96 151.804 194
-723.886 158.265 194
-724.746 164.585 194
-726.544 170.792 194
-727.295 177.135 194
-727.99 183.485 194
-727.635 189.937 194
-727.222 196.376 194
-729.743 202.568 194
-729.219 209.008 194
-729.637 215.374 194
-728.001 221.847 194
-729.305 228.158 194
-728.556 234.558 194
-729.75 240.891 194
-729.889 247.26 194
-729.972 253.63 194
-730 260 194
-728.972 266.362 194
-727.889 272.705 194
-729.75 279.109 194
-727.557 285.407 194
-728.306 291.799 194
-728.001 298.153 194
-725.644 304.382 194
-725.229 310.713 194
-724.759 317.04 194
-723.237 323.275 194
-721.662 329.488 194
-721.028 335.783 194
-720.34 342.072 194
-720.588 348.477 194
-717.806 354.501 194
-716.954 360.761 194
-715.058 366.866 194
-714.099 373.102 194
-712.098 379.164 194
-710.046 385.2 194
-709.91 391.574 194
-705.79 397.192 194
-705.546 403.545 194
-703.288 409.489 194
-701.957 415.62 194
-699.598 421.515 194
-697.189 427.38 194
-694.732 433.216 194
-693.194 439.272 194
-690.637 445.056 194
-688.996 451.076 194
-685.38 456.53 194
-682.68 462.219 194
-680.889 468.169 194
-678.093 473.802 194
-675.25 479.402 194
-672.361 484.969 194
-668.482 490.177 194
-666.448 496.002 194
-664.363 501.808 194
-660.354 506.896 194
-657.241 512.291 194
-654.084 517.65 194
-651.81 523.349 194
-648.563 528.644 194
-644.353 533.512 194
-641.025 538.726 194
-638.568 544.309 194
-635.153 549.456 194
-630.79 554.142 194
-627.297 559.205 194
-623.763 564.23 194
-621.084 569.661 194
-616.576 574.162 194
-612.037 578.607 194
-608.351 583.466 194
-605.505 588.762 194
-600.864 593.064 194
-596.194 597.31 194
-593.227 602.5 194
-589.354 607.156 194
-584.588 611.256 194
-580.648 615.822 194
-576.673 620.345 194
-572.663 624.827 194
-567.78 628.721 194
-563.707 633.109 194
-559.6 637.455 194
-554.637 641.191 194
-550.47 645.443 194
-545.457 649.071 194
-541.232 653.228 194
-536.976 657.342 194
-530.294 659.605 194
-527.58 664.826 194
-522.451 668.184 194
-518.869 672.727 194
-512.916 675.352 194
-508.501 679.176 194
-504.057 682.954 194
-498.826 686.038 194
-493.58 689.063 194
-489.068 692.691 194
-483.787 695.604 194
-477.756 697.783 194
-474.649 702.617 194
-469.317 705.365 194
-463.974 708.055 194
-459.333 711.386 194
-454.67 714.67 194
-449.283 717.194 194
-443.192 718.939 194
-439.17 722.789 194
-433.751 725.141 194
-426.973 725.959 194
-423.56 730.411 194
-416.788 731.093 194
-413.317 735.467 194
-408.503 738.295 194
-401.099 738.012 194
-396.277 740.722 194
-392.067 744.162 194
-385.959 745.217 194
-381.71 748.567 194
-375.606 749.499 194
-370.718 751.96 194
-365.816 754.372 194
-360.9 756.736 194
-354.229 756.611 194
-348.734 758.044 194
-343.242 759.421 194
-338.312 761.568 194
-333.37 763.667 194
-327.873 764.88 194
-322.917 766.878 194
-317.952 768.829 194
-311.932 769.026 194
-305.933 769.157 194
-289.804 751.99 194
-279.5 744.108 194
-274.772 745.659 194
-267.615 742.79 194
-272.935 762.683 194
-274.641 776.524 194
-269.661 778.014 194
-264.222 778.566 194
-258.795 779.062 194
-253.378 779.503 194
-247.974 779.889 194
-243.005 781.127 194
-237.204 780.498 194
-231.84 780.721 194
-226.888 781.807 194
-221.154 781.006 194
-216.216 781.992 194
-210.903 782.005 194
-206.34 783.825 194
-200.686 782.805 194
-195.416 782.663 194
-190.163 782.469 194
-185.263 783.166 194
-180.365 783.817 194
-174.835 782.526 194
-169.65 782.13 194
-164.486 781.683 194
-159.635 782.142 194
-154.504 781.598 194
-149.671 781.965 194
-144.576 781.324 194
-139.762 781.6 194
-134.454 779.895 194
-129.912 781.049 194
-124.66 779.246 194
-119.674 778.365 194
-114.929 778.413 194
-109.985 777.44 194
-105.266 777.4 194
-100.365 776.336 194
-95.6736 776.209 194
-90.6443 774.07 194
-85.9898 773.855 194
-81.1894 772.61 194
-76.4174 771.321 194
-71.8133 770.978 194
-67.2209 770.594 194
-62.5189 769.176 194
-57.7336 766.722 194
-53.2049 766.212 194
-48.6896 765.661 194
-44.1008 764.075 194
-39.5433 762.446 194
-35.0875 761.775 194
-30.6463 761.064 194
-26.1679 759.315 194
-21.7224 757.526 194
-17.2403 753.699 194
-12.9314 753.831 194
-8.62145 753.925 194
-4.28469 750.981 194
3.6994e-05 750 194
4.26731 748.981 194
8.49936 746.926 194
12.6959 744.834 194
16.9263 744.705 194
20.9373 739.543 194
25.1736 740.341 194
29.3033 739.105 194
33.3436 736.836 194
37.3466 734.533 194
41.399 733.192 194
45.3351 730.822 194
49.2329 728.42 194
53.3187 727.972 194
57.1568 725.504 194
60.9558 723.005 194
64.5764 719.484 194
68.5836 718.903 194
72.5856 718.287 194
76.087 714.678 194
80.0518 713.996 194
83.2817 709.347 194
86.8181 706.64 194
90.9118 706.846 194
94.5998 705.057 194
98.0472 702.262 194
101.678 700.415 194
105.284 698.539 194
108.623 695.663 194
111.67 691.794 194
114.916 688.871 194
118.119 685.925 194
122.107 685.839 194
125.819 684.757 194
128.936 681.73 194
131.709 677.728 194
135.658 677.514 194
138.662 674.417 194
141.622 671.301 194
144.538 668.164 194
147.411 665.008 194
151.29 664.642 194
154.815 663.307 194
156.863 658.219 194
160.706 657.762 194
163.789 655.42 194
166.451 652.135 194
169.07 648.833 194
172.863 648.257 194
175.415 644.914 194
178.345 642.462 194
181.245 639.988 194
184.116 637.493 194
186.957 634.977 194
189.768 632.441 194
192.549 629.884 194
193.892 624.657 194
197.067 622.951 194
199.742 620.343 194
202.879 618.587 194
205 615.07 194
207.583 612.406 194
209.621 608.867 194
213.179 607.877 194
215.147 604.308 194
217.606 601.574 194
220.034 598.823 194
222.983 596.89 194
225.355 594.102 194
227.129 590.475 194
230.004 588.48 194
232.862 586.46 194
235.114 583.607 194
237.929 581.543 194
238.319 576.26 194
241.678 574.961 194
243.186 571.264 194
246.516 569.913 194
247.952 566.195 194
249.343 562.477 194
250.687 558.757 194
253.285 556.558 194
255.207 553.582 194
257.759 551.344 194
259.623 548.34 194
263.48 547.538 194
262.569 541.571 194
265.017 539.269 194
267.443 536.946 194
270.551 535.315 194
270.822 530.822 194
273.175 528.448 194
276.226 526.749 194
277.818 523.64 194
280.108 521.205 194
279.428 516.049 194
283.138 514.939 194
285.352 512.458 194
286.035 508.646 194
286.673 504.842 194
289.565 502.974 194
291.674 500.438 194
293.761 497.883 194
294.261 494.065 194
295.504 490.873 194
297.508 488.286 194
299.488 485.681 194
299.839 481.869 194
304.19 481.007 194
303.665 476.602 194
307.182 475.091 194
309.047 472.402 194
308.402 468.02 194
310.206 465.321 194
312.824 463.15 194
312.898 459.338 194
315.474 457.13 194
314.624 452.802 194
317.152 450.564 194
317.08 446.774 194
319.563 444.5 194
322.902 442.689 194
322.735 438.895 194
324.284 436.072 194
323.159 431.827 194
326.42 429.923 194
326.999 426.615 194
327.546 423.308 194
328.959 420.444 194
330.346 417.567 194
330.802 414.256 194
333.046 411.778 194
331.617 407.645 194
333.81 405.145 194
335.984 402.617 194
335.368 398.914 194
338.422 396.731 194
338.672 393.406 194
339.823 390.446 194
341.885 387.826 194
340.169 383.811 194
341.236 380.838 194
343.223 378.181 194
342.345 374.547 194
344.282 371.864 194
345.246 368.855 194
346.182 365.839 194
348.052 363.098 194
347.977 359.781 194
349.798 357.008 194
347.733 353.175 194
351.438 350.888 194
352.217 347.818 194
351.998 344.507 194
351.748 341.207 194
354.395 338.568 194
354.089 335.264 194
353.753 331.972 194
354.367 328.882 194
354.955 325.787 194
353.546 322.34 194
357.035 319.747 194
356.555 316.473 194
355.057 313.064 194
357.487 310.241 194
355.929 306.859 194
358.309 303.995 194
359.673 300.98 194
360.017 297.839 194
360.333 294.696 194
359.626 291.463 194
359.887 288.324 194
361.118 285.252 194
359.329 281.977 194
360.505 278.893 194
361.655 275.79 194
362.779 272.669 194
362.876 269.502 194
361.945 266.318 194
362.986 263.168 194
362 260 194
363.986 256.824 194
360.945 253.7 194
361.876 250.524 194
362.779 247.331 194
362.655 244.166 194
362.503 241.002 194
362.323 237.839 194
364.111 234.539 194
361.881 231.519 194
360.622 228.45 194
362.324 225.112 194
363 221.847 194
363.647 218.568 194
363.272 215.396 194
361.877 212.358 194
362.438 209.063 194
362.969 205.754 194
360.506 202.901 194
359.994 199.758 194
361.424 196.271 194
359.871 193.302 194
360.257 189.973 194
360.612 186.633 194
358.002 183.904 194
357.324 180.783 194
0 260 194
0 260 194
0 260 194
0 260 194
0 260 194
0 260 194
0 260 194
0 260 194
72.6792 237.78 194
70.5751 237.748 194
0 260 194
0 260 194
0 260 194
38.6483 246.314 194
37.5877 246.319 194
35.5935 246.692 194
36.4096 246.024 194
35.3559 246.073 194
35.233 245.765 194
35.1074 245.458 194
34.0587 245.543 194
33.9312 245.246 194
32.8876 245.357 194
32.7586 245.071 194
32.6271 244.786 194
33.3957 244.071 194
33.2554 243.78 194
33.1126 243.491 194
30.2942 244.564 194
31.0454 243.839 194
30.0202 244.038 194
29.8798 243.777 194
29.7371 243.516 194
29.5921 243.258 194
29.4449 243 194
29.2954 242.744 194
29.1437 242.489 194
29.8424 241.713 194
28.8336 241.983 194
27.8319 242.269 194
26.8375 242.572 194
28.3521 241.234 194
26.5292 242.106 194
27.1962 241.309 194
27.032 241.072 194
26.8658 240.837 194
24.2705 242.366 194
24.1157 242.155 194
23.1604 242.547 194
34.1142 233.823 194
40.9766 227.986 194
32.8695 233.854 194
24.8687 239.862 194
26.2352 238.373 194
23.7474 240.074 194
0 260 194
0 260 194
0 260 194
0 260 194
0 260 194
0 260 194
0 260 194
0 260 194
0 260 194
0 260 194
0 260 194
