-0 260 222
-0 260 222
-0 260 222
-0 260 222
-0 260 222
-0 260 222
-0 260 222
-0 260 222
-15.8489 246.223 222
-22.8122 240.517 222
-25.2795 238.788 222
-27.0069 237.737 222
-34.1944 232.31 222
-43.0435 225.762 222
-41.7646 227.37 222
-28.5607 238.085 222
-26.355 240.14 222
-27.3311 239.776 222
-26.6976 240.603 222
-26.0517 241.418 222
-24.5746 242.793 222
-24.7238 243.008 222
-26.5292 242.106 222
-27.5182 241.786 222
-27.6761 242.027 222
-26.9885 242.806 222
-27.1375 243.043 222
-27.2845 243.28 222
-27.4294 243.519 222
-27.5721 243.759 222
-26.8468 244.5 222
-27.8514 244.242 222
-27.9878 244.486 222
-29.001 244.254 222
-30.0202 244.038 222
-30.1584 244.301 222
-30.2942 244.564 222
-31.3227 244.383 222
-32.3566 244.219 222
-31.5905 244.932 222
-31.7208 245.208 222
-32.7586 245.071 222
-33.8012 244.951 222
-33.0142 245.645 222
-34.0587 245.543 222
-34.1835 245.841 222
-34.3058 246.14 222
-34.4255 246.439 222
-36.4096 246.024 222
-37.4669 245.992 222
-39.4671 245.635 222
-0 260 222
-0 260 222
-0 260 222
-73.2314 236.206 222
-71.5288 237.447 222
-0 260 222
-0 260 222
-0 260 222
-0 260 222
-0 260 222
-0 260 222
-0 260 222
-0 260 222
-0 260 222
-0 260 222
-0 260 222
-0 260 222
-0 260 222
-0 260 222
-0 260 222
-0 260 222
-720.025 145.959 222
-719.015 152.543 222
-718.935 158.96 222
-720.78 165.108 222
-721.581 171.401 222
-721.333 177.815 222
-721.028 184.217 222
-721.662 190.512 222
-722.241 196.812 222
-721.768 203.196 222
-724.232 209.357 222
-722.65 215.801 222
-723.008 222.109 222
-723.311 228.42 222
-723.559 234.733 222
-721.753 241.1 222
-723.89 247.365 222
-723.972 253.682 222
-722 260 222
-721.973 266.301 222
-721.89 272.601 222
-721.753 278.9 222
-721.56 285.198 222
-719.315 291.406 222
-719.013 297.682 222
-718.657 303.955 222
-718.246 310.225 222
-716.784 316.412 222
-717.26 322.752 222
-715.69 328.913 222
-714.067 335.052 222
-713.385 341.28 222
-712.648 347.502 222
-711.857 353.718 222
-709.032 359.648 222
-708.135 365.832 222
-705.209 371.694 222
-704.208 377.844 222
-702.168 383.811 222
-701.061 389.934 222
-699.9 396.047 222
-697.706 401.95 222
-695.463 407.825 222
-694.146 413.889 222
-691.803 419.715 222
-690.383 425.746 222
-686.969 431.281 222
-685.449 437.269 222
-683.875 443.244 222
-680.323 448.67 222
-678.651 454.6 222
-675.009 459.947 222
-672.282 465.537 222
-671.417 471.697 222
-666.691 476.621 222
-663.827 482.113 222
-661.863 487.898 222
-658.906 493.331 222
-655.905 498.73 222
-652.86 504.095 222
-649.772 509.424 222
-647.571 515.085 222
-643.466 519.977 222
-640.248 525.2 222
-636.989 530.386 222
-633.688 535.536 222
-630.346 540.648 222
-626.963 545.724 222
-623.54 550.761 222
-620.076 555.761 222
-617.471 561.161 222
-613.925 566.092 222
-609.448 570.53 222
-604.941 574.913 222
-603.053 580.649 222
-597.596 584.468 222
-594.741 589.671 222
-590.971 594.356 222
-586.299 598.5 222
-581.6 602.588 222
-578.588 607.651 222
-573.827 611.642 222
-569.888 616.106 222
-566.759 621.065 222
-561.909 624.908 222
-557.036 628.694 222
-553.797 633.541 222
-548.044 636.66 222
-544.736 641.428 222
-539.759 645.006 222
-535.569 649.114 222
-530.545 652.583 222
-527.099 657.198 222
-522.026 660.565 222
-518.511 665.105 222
-513.391 668.37 222
-509.031 672.205 222
-503.099 674.723 222
-497.929 677.812 222
-493.503 681.492 222
-489.052 685.126 222
-484.574 688.715 222
-480.072 692.258 222
-474.807 695.08 222
-470.26 698.525 222
-465.69 701.924 222
-460.377 704.581 222
-454.34 706.479 222
-449.72 709.72 222
-446.479 714.341 222
-439.719 715.342 222
-435.04 718.437 222
-431.023 722.216 222
-425.622 724.485 222
-419.545 725.952 222
-414.8 728.846 222
-410.037 731.694 222
-404.606 733.733 222
-399.171 735.714 222
-393.732 737.636 222
-388.92 740.276 222
-384.091 742.869 222
-378.632 744.627 222
-373.779 747.119 222
-367.709 747.966 222
-362.247 749.549 222
-357.373 751.882 222
-351.906 753.354 222
-346.44 754.768 222
-340.977 756.124 222
-336.075 758.252 222
-330.61 759.498 222
-325.694 761.525 222
-321.305 764.348 222
-314.772 763.741 222
-309.319 764.763 222
-297.692 755.443 222
-282.191 739.066 222
-276.5 738.912 222
-270.833 738.696 222
-268.584 744.539 222
-276.275 768.835 222
-273.702 774.758 222
-267.814 774.466 222
-262.86 775.893 222
-257.456 776.377 222
-251.187 775.009 222
-246.683 777.181 222
-240.892 776.595 222
-236.375 778.678 222
-231.026 778.894 222
-225.692 779.056 222
-221.154 781.006 222
-215.451 780.144 222
-209.78 779.223 222
-204.874 780.103 222
-199.969 780.938 222
-195.065 781.726 222
-189.479 780.59 222
-184.261 780.338 222
-179.062 780.035 222
-174.2 780.63 222
-169.032 780.228 222
-164.185 780.729 222
-159.05 780.23 222
-153.936 779.68 222
-149.12 780.043 222
-144.309 780.36 222
-139.245 779.668 222
-134.454 779.895 222
-129.67 780.079 222
-124.426 778.273 222
-119.674 778.365 222
-114.713 777.437 222
-109.777 776.462 222
-105.266 777.4 222
-100.175 775.354 222
-95.1269 773.259 222
-90.818 775.054 222
-85.9898 773.855 222
-81.3459 773.598 222
-76.5652 772.31 222
-71.8133 770.978 222
-67.3515 771.586 222
-62.6408 770.169 222
-57.8468 767.715 222
-53.414 768.201 222
-48.7854 766.657 222
-44.2751 766.067 222
-39.7787 765.437 222
-35.227 763.77 222
-30.7074 762.062 222
-26.1679 759.315 222
-21.766 758.525 222
-17.3799 757.697 222
-13.0099 756.83 222
-8.6389 754.925 222
-4.30214 752.981 222
3.7145e-05 752 222
4.28477 750.981 222
8.56917 750.925 222
12.7744 747.833 222
16.9612 745.704 222
21.1991 745.537 222
25.3306 743.337 222
29.4865 742.099 222
33.6227 740.826 222
37.6604 738.52 222
41.6605 736.181 222
45.7185 734.804 222
49.6511 732.398 222
53.6584 730.953 222
57.6442 729.474 222
61.4779 726.971 222
65.5506 726.416 222
69.4705 724.837 222
73.2114 722.238 222
76.9122 719.609 222
80.3991 715.966 222
84.3751 715.247 222
88.3446 714.493 222
91.9086 711.745 222
95.6394 709.948 222
99.1294 707.144 222
102.803 705.287 222
106.451 703.401 222
110.074 701.485 222
112.671 695.666 222
116.727 695.633 222
120.257 693.634 222
123.761 691.606 222
127.239 689.551 222
130.398 686.512 222
134.115 685.358 222
136.895 681.318 222
140.249 679.159 222
143.901 677.919 222
146.875 674.762 222
150.147 672.525 222
154.091 672.136 222
156.965 668.908 222
159.428 664.732 222
162.579 662.398 222
166.467 661.888 222
168.796 657.658 222
172.658 657.087 222
175.304 653.738 222
177.489 649.463 222
181.303 648.806 222
184.259 646.306 222
186.746 642.886 222
189.634 640.347 222
192.038 636.896 222
194.858 634.319 222
198.586 633.487 222
201.361 630.861 222
203.62 627.34 222
206.818 625.549 222
209.5 622.865 222
212.659 621.023 222
215.286 618.296 222
216.314 612.993 222
218.857 610.244 222
222.442 609.164 222
224.936 606.371 222
226.846 602.727 222
229.828 600.734 222
232.227 597.892 222
235.166 595.852 222
236.346 591.345 222
238.641 588.461 222
240.903 585.562 222
243.735 583.447 222
246.548 581.308 222
248.112 577.568 222
250.251 574.608 222
252.357 571.636 222
255.067 569.421 222
256.472 565.652 222
260.429 564.923 222
260.455 559.62 222
263.723 558.084 222
266.314 555.772 222
268.209 552.699 222
270.071 549.616 222
271.212 545.797 222
274.39 544.139 222
275.457 540.307 222
277.893 537.893 222
279.594 534.756 222
281.981 532.306 222
283.621 529.147 222
283.765 524.615 222
286.801 522.805 222
289.826 520.961 222
289.846 516.434 222
291.318 513.239 222
295.038 511.986 222
295.693 508.116 222
298.619 506.162 222
299.978 502.918 222
300.522 499.046 222
302.596 496.414 222
303.854 493.156 222
305.877 490.495 222
307.073 487.222 222
309.044 484.534 222
310.992 481.829 222
313.735 479.68 222
313.992 475.801 222
315.863 473.052 222
316.043 469.184 222
317.017 465.874 222
317.959 462.562 222
320.562 460.309 222
321.445 456.982 222
322.295 453.654 222
324.834 451.342 222
327.358 449 222
327.254 445.151 222
327.982 441.804 222
330.435 439.412 222
330.222 435.582 222
332.629 433.156 222
334.127 430.246 222
335.6 427.324 222
337.048 424.389 222
336.664 420.581 222
338.959 418.059 222
339.416 414.681 222
340.752 411.713 222
342.063 408.733 222
343.348 405.743 222
344.607 402.741 222
345.84 399.728 222
347.046 396.705 222
347.292 393.313 222
347.505 389.927 222
349.566 387.231 222
350.663 384.176 222
348.896 380.135 222
351.828 377.72 222
352.842 374.645 222
353.829 371.562 222
352.876 367.885 222
354.763 365.086 222
354.706 361.71 222
355.58 358.611 222
358.358 356.022 222
358.215 352.641 222
359.98 349.753 222
359.777 346.375 222
357.594 342.557 222
360.253 339.866 222
360.936 336.719 222
360.612 333.367 222
362.22 330.409 222
361.838 327.063 222
363.394 324.076 222
362.953 320.738 222
362.482 317.411 222
364.947 314.542 222
364.419 311.216 222
365.843 308.164 222
365.257 304.848 222
367.622 301.885 222
364.99 298.362 222
368.297 295.463 222
366.6 292.073 222
366.866 288.873 222
368.101 285.74 222
367.314 282.466 222
367.496 279.26 222
369.648 276.139 222
368.775 272.878 222
369.873 269.685 222
369.944 266.457 222
368.986 263.22 222
371 260 222
369.986 256.771 222
370.943 253.525 222
369.873 250.315 222
370.774 247.052 222
371.646 243.774 222
370.492 240.583 222
369.31 237.412 222
371.094 234.051 222
369.856 230.892 222
370.584 227.578 222
369.292 224.441 222
367.973 221.324 222
370.602 217.775 222
371.212 214.421 222
369.809 211.314 222
368.38 208.228 222
368.903 204.867 222
367.42 201.806 222
366.898 198.602 222
368.318 195.056 222
366.754 192.026 222
367.129 188.637 222
365.512 185.636 222
363.871 182.657 222
363.182 179.484 222
0 260 222
0 260 222
0 260 222
0 260 222
0 260 222
0 260 222
0 260 222
0 260 222
72.6792 237.78 222
73.4362 236.846 222
0 260 222
0 260 222
0 260 222
38.6483 246.314 222
38.5274 245.977 222
37.4669 245.992 222
36.4096 246.024 222
36.2863 245.706 222
35.233 245.765 222
35.1074 245.458 222
34.0587 245.543 222
33.9312 245.246 222
33.8012 244.951 222
33.6686 244.656 222
32.6271 244.786 222
34.2982 243.641 222
33.2554 243.78 222
34.0075 243.044 222
32.0762 243.656 222
30.1584 244.301 222
30.9032 243.568 222
29.001 244.254 222
28.8625 244.001 222
29.5921 243.258 222
29.4449 243 222
28.4338 243.251 222
28.2865 243.004 222
28.9898 242.235 222
27.9856 242.513 222
28.6753 241.732 222
27.6761 242.027 222
27.5182 241.786 222
27.3582 241.547 222
27.1962 241.309 222
26.2129 241.646 222
26.0517 241.418 222
25.0795 241.779 222
24.1157 242.155 222
23.9591 241.946 222
35.7009 232.606 222
39.4005 229.217 222
32.8695 233.854 222
27.2001 237.974 222
27.0069 237.737 222
23.7474 240.074 222
0 260 222
0 260 222
0 260 222
0 260 222
0 260 222
0 260 222
0 260 222
0 260 222
0 260 222
0 260 222
0 260 222
