-0 260 189
-0 260 189
-0 260 189
-0 260 189
-0 260 189
-0 260 189
-0 260 189
-0 260 189
-15.8489 246.223 189
-22.8122 240.517 189
-26.0455 238.145 189
-27.0069 237.737 189
-34.9716 231.681 189
-43.0435 225.762 189
-40.9766 227.986 189
-26.1807 239.911 189
-25.5563 240.742 189
-26.5273 240.371 189
-26.6976 240.603 189
-25.2376 241.998 189
-26.2129 241.646 189
-26.372 241.875 189
-25.7002 242.665 189
-27.5182 241.786 189
-26.8375 242.572 189
-26.9885 242.806 189
-27.1375 243.043 189
-27.2845 243.28 189
-27.4294 243.519 189
-26.7105 244.266 189
-28.5788 243.5 189
-26.981 244.735 189
-27.1132 244.971 189
-29.001 244.254 189
-29.1373 244.507 189
-31.0454 243.839 189
-30.2942 244.564 189
-30.4278 244.829 189
-30.559 245.095 189
-31.5905 244.932 189
-30.8145 245.631 189
-32.7586 245.071 189
-32.8876 245.357 189
-33.0142 245.645 189
-34.0587 245.543 189
-35.1074 245.458 189
-34.3058 246.14 189
-34.4255 246.439 189
-35.4761 246.382 189
-36.5302 246.342 189
-38.5274 245.977 189
-0 260 189
-0 260 189
-0 260 189
-0 260 189
-71.5288 237.447 189
-0 260 189
-0 260 189
-0 260 189
-0 260 189
-0 260 189
-0 260 189
-0 260 189
-0 260 189
-0 260 189
-0 260 189
-0 260 189
-0 260 189
-0 260 189
-0 260 189
-0 260 189
-0 260 189
-716.074 146.585 189
-716.048 152.986 189
-715.964 159.378 189
-717.806 165.499 189
-717.611 171.889 189
-717.359 178.267 189
-719.039 184.426 189
-719.671 190.704 189
-720.249 196.987 189
-718.777 203.431 189
-720.241 209.636 189
-720.653 215.923 189
-721.011 222.214 189
-721.313 228.507 189
-721.56 234.803 189
-720.753 241.127 189
-721.89 247.399 189
-720.973 253.708 189
-722 260 189
-719.973 266.283 189
-719.89 272.566 189
-720.753 278.874 189
-719.561 285.128 189
-718.316 291.362 189
-719.013 297.682 189
-716.661 303.833 189
-716.251 310.085 189
-715.787 316.334 189
-713.275 322.404 189
-712.704 328.626 189
-713.072 334.947 189
-711.397 341.054 189
-709.67 347.137 189
-709.875 353.457 189
-708.042 359.509 189
-707.146 365.684 189
-704.222 371.538 189
-702.235 377.514 189
-701.183 383.638 189
-700.077 389.752 189
-697.937 395.665 189
-696.726 401.751 189
-694.485 407.617 189
-692.194 413.456 189
-689.854 419.265 189
-687.466 425.046 189
-685.029 430.797 189
-683.512 436.768 189
-680.978 442.468 189
-679.359 448.403 189
-677.689 454.324 189
-674.05 459.663 189
-671.326 465.245 189
-668.556 470.795 189
-666.691 476.621 189
-663.827 482.113 189
-660.917 487.572 189
-657.964 492.997 189
-654.966 498.388 189
-651.924 503.744 189
-649.772 509.424 189
-646.64 514.718 189
-642.538 519.602 189
-639.325 524.817 189
-634.228 529.214 189
-632.771 535.137 189
-630.346 540.648 189
-626.053 545.309 189
-622.633 550.339 189
-619.173 555.331 189
-615.674 560.284 189
-610.345 564.307 189
-608.557 570.076 189
-604.941 574.913 189
-601.287 579.71 189
-597.596 584.468 189
-592.992 588.701 189
-590.101 593.863 189
-585.433 598 189
-580.738 602.081 189
-577.731 607.136 189
-572.974 611.119 189
-569.888 616.106 189
-565.072 619.991 189
-561.071 624.364 189
-557.036 628.694 189
-552.139 632.423 189
-548.044 636.66 189
-543.917 640.855 189
-539.759 645.006 189
-535.569 649.114 189
-531.349 653.178 189
-527.099 657.198 189
-522.82 661.174 189
-517.723 664.49 189
-513.391 668.37 189
-508.253 671.576 189
-502.328 674.087 189
-497.163 677.169 189
-493.503 681.492 189
-489.052 685.126 189
-485.323 689.378 189
-480.072 692.258 189
-475.544 695.756 189
-470.26 698.525 189
-464.965 701.235 189
-460.377 704.581 189
-454.34 706.479 189
-450.427 710.427 189
-445.077 712.914 189
-440.413 716.061 189
-435.728 719.162 189
-431.023 722.216 189
-424.946 723.747 189
-420.214 726.695 189
-414.137 728.097 189
-408.725 730.184 189
-404.606 733.733 189
-399.171 735.714 189
-395.641 739.951 189
-389.549 741.053 189
-384.091 742.869 189
-378.632 744.627 189
-373.779 747.119 189
-368.311 748.765 189
-362.842 750.353 189
-357.961 752.691 189
-353.067 754.982 189
-348.161 757.225 189
-342.676 758.596 189
-337.752 760.739 189
-331.714 761.165 189
-326.239 762.364 189
-320.768 763.505 189
-315.832 765.437 189
-309.842 765.616 189
-305.418 768.3 189
-300.463 770.084 189
-283.5 751.036 189
-273.295 743.047 189
-268.584 744.539 189
-261.483 741.592 189
-266.66 761.514 189
-268.738 776.24 189
-263.314 776.784 189
-257.902 777.272 189
-253.378 779.503 189
-247.544 778.987 189
-242.16 779.314 189
-236.79 779.588 189
-231.84 780.721 189
-226.489 780.89 189
-221.545 781.926 189
-216.216 781.992 189
-211.278 782.932 189
-206.34 783.825 189
-200.686 782.805 189
-195.416 782.663 189
-190.163 782.469 189
-184.929 782.223 189
-180.365 783.817 189
-175.152 783.475 189
-169.959 783.081 189
-165.087 783.591 189
-160.22 784.055 189
-154.788 782.557 189
-149.947 782.926 189
-144.843 782.288 189
-139.762 781.6 189
-134.955 781.832 189
-129.912 781.049 189
-125.127 781.19 189
-120.349 781.288 189
-115.146 779.389 189
-110.401 779.396 189
-105.864 780.34 189
-100.938 779.281 189
-95.8558 777.192 189
-91.1652 777.024 189
-86.4849 776.814 189
-81.8152 776.561 189
-77.0087 775.277 189
-72.2308 773.949 189
-67.6125 773.568 189
-62.8845 772.154 189
-58.0732 769.702 189
-53.7276 771.184 189
-49.073 769.643 189
-44.3622 767.063 189
-39.7787 765.437 189
-35.4362 766.763 189
-30.8905 765.056 189
-26.3249 762.311 189
-21.9405 762.521 189
-17.4846 760.695 189
-13.0361 757.829 189
-8.69126 757.924 189
-4.33705 756.981 189
3.7296e-05 754 189
4.30222 752.981 189
8.58662 751.925 189
12.8267 749.832 189
17.0659 748.702 189
21.2863 747.536 189
25.4353 745.334 189
29.5475 743.097 189
33.5529 739.828 189
37.7389 739.517 189
41.7476 737.177 189
45.9101 736.795 189
49.9646 735.381 189
53.998 733.934 189
58.0098 732.452 189
61.8694 729.945 189
65.8289 728.397 189
69.1748 722.859 189
73.0549 721.25 189
76.9122 719.609 189
81.0937 719.905 189
84.9218 718.197 189
88.7262 716.457 189
92.5068 714.685 189
96.0552 711.904 189
99.5623 709.096 189
103.253 707.236 189
106.918 705.345 189
110.316 702.455 189
114.173 701.475 189
117.504 698.53 189
120.792 695.561 189
124.312 693.529 189
127.523 690.51 189
130.398 686.512 189
134.716 687.265 189
137.822 684.171 189
141.201 682.004 189
144.878 680.756 189
146.875 674.762 189
151.173 675.344 189
154.441 673.072 189
157.324 669.842 189
159.795 665.662 189
164.078 666.107 189
166.85 662.811 189
169.968 660.42 189
173.456 658.921 189
176.117 655.565 189
178.733 652.193 189
181.726 649.712 189
184.259 646.306 189
187.185 643.785 189
190.526 642.137 189
193.4 639.569 189
195.781 636.093 189
199.056 634.37 189
201.838 631.74 189
204.59 629.09 189
206.818 625.549 189
209 621.999 189
212.659 621.023 189
215.286 618.296 189
217.882 615.551 189
219.917 611.94 189
222.979 610.007 189
224.936 606.371 189
227.95 604.395 189
230.387 601.563 189
232.227 597.892 189
234.019 594.214 189
237.508 592.973 189
240.404 590.888 189
241.498 586.366 189
245.541 585.843 189
246.548 581.308 189
248.727 578.356 189
250.251 574.608 189
252.987 572.413 189
255.703 570.193 189
259.043 568.716 189
261.078 565.683 189
262.424 561.884 189
263.723 558.084 189
266.314 555.772 189
268.885 553.436 189
270.071 549.616 189
272.588 547.248 189
273.695 543.42 189
277.56 542.447 189
277.186 537.186 189
281.021 536.158 189
281.981 532.306 189
283.621 529.147 189
284.497 525.297 189
287.538 523.48 189
289.083 520.292 189
291.344 517.759 189
293.582 515.207 189
294.277 511.336 189
294.927 507.473 189
297.847 505.526 189
299.201 502.288 189
302.087 500.291 189
303.384 497.03 189
305.441 494.373 189
307.475 491.699 189
308.681 488.412 189
309.854 485.122 189
311.806 482.409 189
312.097 478.533 189
315.64 476.934 189
315.863 473.052 189
317.711 470.288 189
317.856 466.418 189
321.332 464.711 189
321.41 460.839 189
322.298 457.504 189
324.866 455.199 189
323.973 450.834 189
326.492 448.5 189
328.124 445.644 189
330.606 443.258 189
329.556 438.935 189
331.988 436.521 189
335.29 434.541 189
335.018 430.7 189
334.705 426.878 189
337.048 424.389 189
338.469 421.442 189
339.865 418.482 189
342.145 415.925 189
340.752 411.713 189
342.063 408.733 189
343.348 405.743 189
344.607 402.741 189
343.985 398.979 189
346.115 396.338 189
348.226 393.671 189
349.379 390.627 189
349.566 387.231 189
349.72 383.842 189
351.733 381.111 189
351.828 377.72 189
349.989 373.718 189
353.829 371.562 189
353.833 368.178 189
355.722 365.37 189
355.667 361.986 189
357.507 359.145 189
356.427 355.504 189
357.246 352.39 189
357.069 349.027 189
357.832 345.908 189
360.517 343.232 189
361.23 340.083 189
361.915 336.927 189
359.632 333.168 189
361.239 330.218 189
363.804 327.427 189
362.409 323.903 189
361.967 320.572 189
362.482 317.411 189
365.936 314.689 189
367.389 311.633 189
365.843 308.164 189
364.264 304.726 189
366.628 301.772 189
365.984 298.466 189
367.301 295.367 189
366.6 292.073 189
368.859 289.03 189
367.104 285.67 189
368.312 282.527 189
368.494 279.312 189
367.65 276.052 189
368.775 272.878 189
367.874 269.633 189
367.944 266.422 189
368.986 263.22 189
368 260 189
369.986 256.771 189
368.944 253.56 189
368.874 250.341 189
369.775 247.087 189
369.648 243.861 189
368.494 240.688 189
370.308 237.351 189
370.096 234.12 189
369.856 230.892 189
369.588 227.665 189
369.292 224.441 189
369.962 221.115 189
368.615 218.002 189
370.22 214.543 189
368.817 211.444 189
368.38 208.228 189
368.903 204.867 189
369.395 201.494 189
366.898 198.602 189
367.333 195.229 189
366.754 192.026 189
365.165 189.019 189
363.552 186.034 189
365.827 182.241 189
364.158 179.268 189
0 260 189
0 260 189
0 260 189
0 260 189
0 260 189
0 260 189
0 260 189
0 260 189
71.7229 238.072 189
71.5288 237.447 189
0 260 189
0 260 189
0 260 189
38.6483 246.314 189
39.4671 245.635 189
36.5302 246.342 189
35.4761 246.382 189
36.2863 245.706 189
35.233 245.765 189
34.1835 245.841 189
34.0587 245.543 189
33.9312 245.246 189
32.8876 245.357 189
32.7586 245.071 189
33.5334 244.363 189
33.3957 244.071 189
32.3566 244.219 189
33.1126 243.491 189
31.1852 244.11 189
31.0454 243.839 189
30.0202 244.038 189
29.001 244.254 189
28.8625 244.001 189
28.7217 243.75 189
28.5788 243.5 189
28.4338 243.251 189
29.1437 242.489 189
28.9898 242.235 189
27.9856 242.513 189
28.6753 241.732 189
27.6761 242.027 189
27.5182 241.786 189
26.5292 242.106 189
25.5479 242.441 189
25.3937 242.219 189
26.0517 241.418 189
24.2705 242.366 189
23.3118 242.75 189
23.9591 241.946 189
34.9075 233.214 189
40.9766 227.986 189
33.6522 233.232 189
24.8687 239.862 189
26.2352 238.373 189
23.7474 240.074 189
0 260 189
0 260 189
0 260 189
0 260 189
0 260 189
0 260 189
0 260 189
0 260 189
0 260 189
0 260 189
0 260 189
