-0 260 127
-0 260 127
-0 260 127
-0 260 127
-0 260 127
-0 260 127
-0 260 127
-0 260 127
-16.6036 245.567 127
-22.8122 240.517 127
-26.0455 238.145 127
-27.0069 237.737 127
-33.4173 232.939 127
-41.4782 227.007 127
-41.7646 227.37 127
-26.974 239.302 127
-26.355 240.14 127
-27.3311 239.776 127
-27.5066 240.015 127
-26.8658 240.837 127
-26.2129 241.646 127
-25.5479 242.441 127
-26.5292 242.106 127
-26.6843 242.338 127
-26.8375 242.572 127
-26.9885 242.806 127
-27.9856 242.513 127
-27.2845 243.28 127
-28.2865 243.004 127
-28.4338 243.251 127
-27.7128 244 127
-26.981 244.735 127
-27.9878 244.486 127
-29.8798 243.777 127
-30.0202 244.038 127
-31.0454 243.839 127
-31.1852 244.11 127
-31.3227 244.383 127
-31.4578 244.657 127
-31.5905 244.932 127
-31.7208 245.208 127
-31.8486 245.486 127
-33.8012 244.951 127
-33.0142 245.645 127
-34.0587 245.543 127
-34.1835 245.841 127
-36.1602 245.39 127
-35.3559 246.073 127
-36.4096 246.024 127
-36.5302 246.342 127
-40.4068 245.293 127
-0 260 127
-0 260 127
-0 260 127
-73.2314 236.206 127
-71.5288 237.447 127
-0 260 127
-71.9115 238.699 127
-0 260 127
-0 260 127
-0 260 127
-0 260 127
-0 260 127
-0 260 127
-0 260 127
-0 260 127
-0 260 127
-0 260 127
-0 260 127
-0 260 127
-0 260 127
-0 260 127
-698.296 149.401 127
-698.245 155.647 127
-699.129 161.744 127
-698.969 167.979 127
-699.745 174.082 127
-701.462 180.079 127
-701.138 186.308 127
-701.754 192.429 127
-701.321 198.642 127
-701.83 204.765 127
-703.283 210.822 127
-703.685 216.961 127
-703.035 223.156 127
-703.33 229.292 127
-702.572 235.466 127
-703.759 241.572 127
-702.893 247.731 127
-703.973 253.857 127
-703 260 127
-702.973 266.135 127
-702.893 272.269 127
-701.759 278.376 127
-701.572 284.5 127
-700.333 290.577 127
-700.039 296.688 127
-699.692 302.795 127
-699.292 308.899 127
-697.842 314.921 127
-698.332 321.096 127
-696.777 327.092 127
-695.171 333.065 127
-694.507 339.129 127
-693.79 345.187 127
-692.029 351.107 127
-691.207 357.143 127
-690.333 363.171 127
-688.419 369.035 127
-686.455 374.873 127
-683.457 380.512 127
-683.362 386.654 127
-682.231 392.612 127
-681.048 398.561 127
-679.813 404.499 127
-676.573 409.993 127
-674.264 415.666 127
-671.908 421.311 127
-671.445 427.41 127
-667.054 432.512 127
-666.489 438.585 127
-664.905 444.395 127
-662.309 449.914 127
-659.668 455.403 127
-657.938 461.152 127
-655.204 466.585 127
-653.376 472.295 127
-650.55 477.671 127
-646.735 482.689 127
-644.767 488.324 127
-641.81 493.6 127
-638.81 498.842 127
-636.702 504.407 127
-633.614 509.587 127
-630.485 514.733 127
-626.39 519.459 127
-624.102 524.916 127
-619.016 529.156 127
-618.47 535.361 127
-614.224 539.918 127
-609.945 544.422 127
-607.44 549.734 127
-604.888 555.024 127
-600.501 559.399 127
-597.865 564.628 127
-594.297 569.372 127
-589.809 573.607 127
-587.929 579.219 127
-584.246 583.853 127
-579.657 587.954 127
-575.041 592 127
-572.983 597.513 127
-569.159 601.985 127
-564.448 605.894 127
-560.56 610.277 127
-557.482 615.155 127
-552.684 618.917 127
-549.531 623.727 127
-545.507 627.949 127
-541.451 632.129 127
-535.725 635.119 127
-532.432 639.78 127
-528.288 643.824 127
-524.115 647.825 127
-519.912 651.782 127
-515.68 655.695 127
-511.419 659.564 127
-507.13 663.39 127
-502.813 667.17 127
-498.469 670.907 127
-493.333 673.955 127
-488.941 677.595 127
-485.278 681.846 127
-478.583 683.414 127
-475.613 688.244 127
-469.646 690.351 127
-466.604 695.115 127
-461.338 697.794 127
-456.781 701.108 127
-452.201 704.377 127
-446.184 706.184 127
-442.274 710.061 127
-436.94 712.465 127
-432.287 715.535 127
-426.931 717.827 127
-422.244 720.798 127
-417.537 723.722 127
-412.812 726.599 127
-407.413 728.675 127
-402.008 730.691 127
-398.528 734.948 127
-393.732 737.636 127
-387.661 738.722 127
-382.846 741.304 127
-378.016 743.839 127
-373.779 747.119 127
-367.709 747.966 127
-362.842 750.353 127
-357.373 751.882 127
-352.487 754.168 127
-347.587 756.406 127
-342.676 758.596 127
-337.193 759.91 127
-332.266 761.999 127
-327.328 764.041 127
-321.305 764.348 127
-316.362 766.285 127
-312.454 769.879 127
-306.448 770.015 127
-301.478 771.808 127
-296 772.687 127
-291.022 774.38 127
-277.311 760.283 127
-264.823 747.744 127
-257.74 744.738 127
-252.576 745.195 127
-253.327 757.182 127
-258.795 779.062 127
-253.817 780.402 127
-249.266 782.597 127
-243.851 782.94 127
-239.278 785.048 127
-234.28 786.202 127
-228.084 784.558 127
-223.107 785.608 127
-218.13 786.611 127
-213.151 787.568 127
-207.44 786.616 127
-202.836 788.407 127
-197.867 789.22 127
-192.557 789.047 127
-187.266 788.822 127
-181.993 788.545 127
-177.056 789.165 127
-171.813 788.787 127
-166.892 789.313 127
-161.974 789.793 127
-157.344 791.186 127
-152.152 790.616 127
-146.981 789.997 127
-141.833 789.327 127
-136.707 788.609 127
-132.089 789.781 127
-126.994 788.969 127
-122.148 789.083 127
-116.877 787.2 127
-112.064 787.222 127
-107.459 788.179 127
-102.464 787.134 127
-97.496 786.041 127
-92.7281 785.887 127
-87.9703 785.69 127
-83.2231 785.45 127
-78.3389 784.178 127
-73.7617 784.842 127
-68.6567 781.5 127
-64.1032 782.079 127
-59.4316 781.625 127
-54.6683 780.135 127
-50.0314 779.597 127
-45.4081 779.017 127
-40.7987 778.397 127
-36.1338 776.738 127
-31.501 775.038 127
-26.9006 773.296 127
-22.4203 773.511 127
-17.8685 771.688 127
-13.4026 771.825 127
-8.90069 769.922 127
-4.44177 768.981 127
3.83529e-05 768 127
4.42439 766.981 127
8.8135 764.923 127
13.1409 761.828 127
17.4847 760.695 127
21.8097 759.524 127
26.1157 758.316 127
30.4022 757.071 127
34.669 755.789 127
38.8373 753.474 127
43.1421 753.116 127
46.9645 747.744 127
51.428 749.305 127
55.5828 747.844 127
59.716 746.348 127
63.5663 742.834 127
67.7773 742.261 127
71.8354 740.662 127
75.4014 736.066 127
79.3879 734.403 127
83.5248 733.693 127
87.4731 731.962 127
91.3975 730.199 127
95.2979 728.404 127
98.5502 723.642 127
102.809 723.741 127
106.852 722.826 127
110.653 720.903 127
113.945 717.009 127
118.179 716.966 127
121.386 713.019 127
125.335 711.943 127
128.998 709.87 127
132.635 707.769 127
135.953 704.682 127
139.227 701.571 127
142.457 698.437 127
146.277 697.177 127
150.087 695.884 127
153.217 692.672 127
157.329 692.259 127
160.395 688.996 127
164.133 687.58 127
167.125 684.27 127
170.071 680.941 127
172.59 676.67 127
176.61 676.068 127
179.836 673.594 127
182.625 670.182 127
185.783 667.663 127
189.756 666.932 127
192.438 663.456 127
195.952 661.761 127
197.666 656.456 127
201.572 655.607 127
204.555 652.946 127
207.506 650.263 127
210.904 648.437 127
213.801 645.707 127
216.666 642.956 127
218.5 638.453 127
221.794 636.532 127
223.527 632.011 127
227.809 631.751 127
229.985 628.053 127
232.113 624.345 127
235.829 623.144 127
238.989 621.073 127
241.012 617.315 127
243.555 614.374 127
245.491 610.597 127
248.541 608.441 127
250.397 604.641 127
254.584 604.051 127
256.975 601.017 127
258.724 597.175 127
260.425 593.329 127
262.701 590.261 127
264.944 587.178 127
266.517 583.311 127
270.614 582.505 127
273.418 580.131 127
274.889 576.223 127
276.313 572.315 127
278.358 569.148 127
281.046 566.707 127
284.393 564.974 127
285.667 561.03 127
288.283 558.526 127
290.176 555.286 127
292.742 552.742 127
294.572 549.476 127
296.368 546.199 127
297.404 542.225 127
298.392 538.255 127
301.546 536.316 127
302.46 532.336 127
305.574 530.349 127
307.922 527.672 127
310.246 524.975 127
312.546 522.257 127
313.28 518.248 127
314.744 514.875 127
317.739 512.741 127
318.356 508.727 127
320.515 505.94 127
321.051 501.93 127
323.954 499.714 127
326.843 497.465 127
327.274 493.443 127
328.48 490.004 127
331.299 487.695 127
332.444 484.236 127
333.554 480.775 127
336.307 478.4 127
338.2 475.457 127
337.523 470.908 127
340.203 468.477 127
341.153 464.985 127
342.067 461.493 127
345.544 459.5 127
345.531 455.492 127
346.349 451.985 127
349.769 449.909 127
351.413 446.85 127
350.369 442.391 127
352.839 439.78 127
354.394 436.694 127
355.922 433.595 127
355.619 429.621 127
357.085 426.512 127
358.525 423.389 127
359.937 420.254 127
359.488 416.31 127
361.758 413.557 127
363.085 410.395 127
364.383 407.22 127
365.654 404.035 127
365.964 400.48 127
366.239 396.931 127
368.36 394.072 127
370.458 391.186 127
368.752 386.972 127
368.898 383.432 127
371.863 380.826 127
371.95 377.275 127
373.915 374.317 127
373.94 370.766 127
374.892 367.499 127
374.852 363.956 127
375.745 360.681 127
376.609 357.398 127
377.445 354.108 127
377.28 350.577 127
379.03 347.506 127
378.803 343.979 127
380.499 340.878 127
382.171 337.753 127
381.853 334.225 127
382.486 330.89 127
383.09 327.549 127
382.679 324.038 127
382.235 320.54 127
384.727 317.498 127
385.214 314.138 127
384.681 310.644 127
385.108 307.285 127
384.512 303.81 127
386.869 300.662 127
388.205 297.38 127
385.527 293.729 127
386.804 290.442 127
389.05 287.205 127
389.273 283.809 127
389.466 280.411 127
387.631 276.924 127
388.763 273.576 127
387.867 270.157 127
388.941 266.789 127
387.985 263.386 127
389 260 127
389.985 256.597 127
387.941 253.228 127
387.867 249.843 127
388.763 246.424 127
389.629 242.988 127
388.467 239.641 127
387.276 236.313 127
388.052 232.865 127
389.795 229.322 127
388.516 226.009 127
387.209 222.716 127
388.858 219.129 127
388.487 215.738 127
388.086 212.349 127
386.663 209.095 127
387.195 205.583 127
387.694 202.059 127
388.162 198.521 127
387.61 195.136 127
385.06 192.104 127
384.453 188.746 127
384.798 185.203 127
384.13 181.848 127
382.456 178.707 127
382.708 175.156 127
0 260 127
0 260 127
0 260 127
0 260 127
0 260 127
0 260 127
0 260 127
0 260 127
70.7666 238.364 127
71.5288 237.447 127
73.2314 236.206 127
0 260 127
0 260 127
39.5909 245.98 127
38.5274 245.977 127
37.4669 245.992 127
36.4096 246.024 127
36.2863 245.706 127
36.1602 245.39 127
35.1074 245.458 127
34.0587 245.543 127
33.9312 245.246 127
33.8012 244.951 127
32.7586 245.071 127
33.5334 244.363 127
33.3957 244.071 127
33.2554 243.78 127
34.0075 243.044 127
32.0762 243.656 127
31.0454 243.839 127
30.9032 243.568 127
30.7586 243.299 127
30.6117 243.032 127
29.5921 243.258 127
28.5788 243.5 127
28.4338 243.251 127
29.1437 242.489 127
28.9898 242.235 127
27.9856 242.513 127
29.5187 241.195 127
29.3535 240.938 127
28.3521 241.234 127
27.3582 241.547 127
27.1962 241.309 127
27.032 241.072 127
26.0517 241.418 127
24.2705 242.366 127
24.1157 242.155 127
24.7577 241.344 127
35.7009 232.606 127
40.9766 227.986 127
32.0869 234.477 127
27.2001 237.974 127
27.0069 237.737 127
22.9813 240.716 127
0 260 127
0 260 127
0 260 127
0 260 127
0 260 127
0 260 127
0 260 127
0 260 127
0 260 127
0 260 127
0 260 127
