-0 260 246
-0 260 246
-0 260 246
-0 260 246
-0 260 246
-0 260 246
-0 260 246
-0 260 246
-16.6036 245.567 246
-22.0518 241.166 246
-26.0455 238.145 246
-27.0069 237.737 246
-34.1944 232.31 246
-41.4782 227.007 246
-40.1886 228.601 246
-27.7674 238.693 246
-27.1536 239.538 246
-26.5273 240.371 246
-27.5066 240.015 246
-26.8658 240.837 246
-26.2129 241.646 246
-26.372 241.875 246
-26.5292 242.106 246
-27.5182 241.786 246
-27.6761 242.027 246
-27.8319 242.269 246
-27.1375 243.043 246
-28.1371 242.758 246
-28.2865 243.004 246
-27.5721 243.759 246
-27.7128 244 246
-26.981 244.735 246
-27.1132 244.971 246
-29.001 244.254 246
-30.0202 244.038 246
-31.0454 243.839 246
-31.1852 244.11 246
-30.4278 244.829 246
-31.4578 244.657 246
-31.5905 244.932 246
-30.8145 245.631 246
-32.7586 245.071 246
-33.8012 244.951 246
-33.9312 245.246 246
-34.0587 245.543 246
-35.1074 245.458 246
-33.3786 246.514 246
-35.3559 246.073 246
-36.4096 246.024 246
-36.5302 246.342 246
-40.4068 245.293 246
-42.4189 244.979 246
-0 260 246
-0 260 246
-71.3292 236.824 246
-71.5288 237.447 246
-0 260 246
-0 260 246
-0 260 246
-0 260 246
-0 260 246
-0 260 246
-0 260 246
-0 260 246
-0 260 246
-0 260 246
-0 260 246
-0 260 246
-0 260 246
-0 260 246
-0 260 246
-0 260 246
-683.48 151.747 246
-684.399 157.716 246
-685.266 163.692 246
-685.088 169.807 246
-686.842 175.667 246
-686.558 181.777 246
-687.215 187.771 246
-686.823 193.867 246
-688.371 199.775 246
-687.873 205.863 246
-688.319 211.868 246
-687.715 217.938 246
-688.056 223.941 246
-689.343 229.903 246
-689.58 235.919 246
-689.764 241.938 246
-689.895 247.958 246
-689.974 253.979 246
-690 260 246
-688.974 266.013 246
-688.895 272.025 246
-688.764 278.036 246
-687.581 284.011 246
-688.344 290.054 246
-687.057 296.007 246
-686.717 302.001 246
-686.324 307.993 246
-684.882 313.901 246
-684.386 319.876 246
-683.837 325.846 246
-682.242 331.707 246
-680.597 337.544 246
-679.894 343.481 246
-679.14 349.411 246
-677.343 355.194 246
-674.509 360.806 246
-675.579 367.001 246
-673.633 372.728 246
-670.654 378.255 246
-670.58 384.285 246
-669.47 390.132 246
-668.309 395.969 246
-667.097 401.796 246
-664.858 407.395 246
-661.597 412.742 246
-660.239 418.509 246
-659.801 424.507 246
-657.372 430.008 246
-653.932 435.221 246
-652.378 440.92 246
-650.774 446.607 246
-648.162 451.994 246
-645.506 457.351 246
-643.759 462.977 246
-641.012 468.278 246
-639.17 473.863 246
-635.388 478.782 246
-633.455 484.318 246
-630.534 489.496 246
-627.57 494.639 246
-624.565 499.748 246
-622.449 505.189 246
-618.432 509.863 246
-616.228 515.25 246
-613.056 520.227 246
-608.928 524.769 246
-606.594 530.073 246
-604.214 535.356 246
-599.976 539.773 246
-597.511 544.998 246
-594.103 549.763 246
-588.867 553.598 246
-587.173 559.18 246
-584.54 564.292 246
-579.214 567.973 246
-576.504 573.016 246
-573.75 578.035 246
-569.213 582.045 246
-565.515 586.5 246
-563.505 591.93 246
-558.873 595.805 246
-555.921 600.669 246
-551.231 604.448 246
-546.518 608.17 246
-543.458 612.926 246
-540.358 617.655 246
-536.387 621.798 246
-533.21 626.465 246
-528.353 629.957 246
-524.29 633.973 246
-519.389 637.358 246
-514.468 640.687 246
-512.724 646.365 246
-506.159 648.39 246
-502.751 652.792 246
-497.739 655.919 246
-495.042 660.877 246
-489.982 663.91 246
-485.672 667.527 246
-480.577 670.451 246
-476.222 673.973 246
-471.093 676.788 246
-468.181 681.552 246
-463.747 684.946 246
-458.559 687.613 246
-454.81 691.598 246
-449.587 694.162 246
-445.068 697.367 246
-439.82 699.82 246
-435.265 702.929 246
-429.993 705.271 246
-426.091 709.007 246
-421.475 711.977 246
-416.839 714.9 246
-412.184 717.777 246
-406.186 719.11 246
-403.476 724.146 246
-396.813 724.608 246
-392.1 727.287 246
-387.372 729.919 246
-382.627 732.505 246
-377.866 735.043 246
-373.091 737.535 246
-367.692 739.185 246
-362.894 741.577 246
-358.083 743.922 246
-353.259 746.219 246
-348.422 748.469 246
-342.999 749.853 246
-338.144 752.003 246
-332.72 753.277 246
-328.402 756.162 246
-322.971 757.332 246
-317.544 758.444 246
-312.652 760.348 246
-307.752 762.205 246
-302.842 764.014 246
-298.433 766.638 246
-292.5 766.625 246
-287.575 768.288 246
-282.644 769.903 246
-276.752 769.714 246
-271.824 771.227 246
-262.735 764.709 246
-247.879 746.49 246
-240.947 743.265 246
-236.72 745.349 246
-231.184 744.688 246
-238.357 771.158 246
-236.375 778.678 246
-231.026 778.894 246
-226.091 779.973 246
-221.154 781.006 246
-216.216 781.992 246
-210.903 782.005 246
-205.974 782.895 246
-200.686 782.805 246
-196.116 784.536 246
-190.847 784.349 246
-185.93 785.051 246
-180.69 784.763 246
-175.787 785.371 246
-170.886 785.934 246
-165.689 785.498 246
-161.097 786.924 246
-155.64 785.433 246
-150.774 785.81 246
-145.912 786.142 246
-140.798 785.464 246
-136.207 786.672 246
-131.122 785.9 246
-126.294 786.052 246
-121.249 785.185 246
-116.661 786.224 246
-111.649 785.265 246
-106.861 785.24 246
-102.083 785.171 246
-97.1315 784.075 246
-92.3808 783.918 246
-87.4752 782.731 246
-82.7538 782.487 246
-78.0433 782.2 246
-73.3442 781.871 246
-68.5262 780.509 246
-63.8595 780.094 246
-59.2052 779.638 246
-54.4593 778.146 246
-49.8397 777.606 246
-45.2338 777.025 246
-40.6418 776.403 246
-36.0641 775.741 246
-31.44 774.039 246
-26.9006 773.296 246
-22.4203 773.511 246
-17.8685 771.688 246
-13.3764 770.825 246
-8.91814 770.922 246
-4.44177 768.981 246
3.82774e-05 767 246
4.42439 766.981 246
8.79605 763.923 246
13.1409 761.828 246
17.4847 760.695 246
21.7661 758.525 246
26.168 759.315 246
30.4633 758.069 246
34.7388 756.787 246
38.8373 753.474 246
43.1421 753.116 246
47.3478 751.726 246
51.5326 750.299 246
55.696 748.837 246
59.8379 747.34 246
63.9579 745.808 246
68.0557 744.241 246
72.131 742.64 246
75.7143 738.041 246
80.0481 738.349 246
84.0457 736.647 246
88.0198 734.912 246
91.97 733.144 246
95.896 731.344 246
99.7976 729.511 246
103.675 727.646 246
107.527 725.749 246
110.887 721.876 246
114.913 720.89 246
118.68 718.902 246
122.163 715.917 246
125.602 712.906 246
129.274 710.832 246
133.487 710.645 246
137.122 708.507 246
141.031 707.293 246
143.693 702.241 246
147.864 701.919 246
151.389 699.666 246
154.886 697.386 246
158.355 695.078 246
161.446 691.806 246
164.849 689.447 246
167.858 686.131 246
171.944 685.577 246
174.886 682.213 246
178.564 680.671 246
181.83 678.179 246
185.065 675.663 246
188.271 673.122 246
191.869 671.464 246
193.73 666.163 246
198.144 666.255 246
200.789 662.72 246
204.296 660.953 246
207.325 658.268 246
210.323 655.561 246
212.813 651.952 246
215.255 648.331 246
218.144 645.568 246
221 642.783 246
225.347 642.563 246
228.162 639.725 246
230.422 636.014 246
233.164 633.141 246
236.412 631.092 246
239.097 628.176 246
241.196 624.408 246
243.808 621.46 246
245.82 617.671 246
250.079 617.15 246
251.444 612.512 246
255.687 611.922 246
257.558 608.07 246
259.382 604.212 246
262.376 601.935 246
264.734 598.845 246
267.681 596.521 246
269.349 592.618 246
272.241 590.255 246
275.113 587.867 246
277.964 585.454 246
278.169 579.997 246
282.276 579.055 246
284.381 575.837 246
287.126 573.343 246
287.803 568.631 246
290.486 566.108 246
293.146 563.561 246
296.485 561.705 246
296.985 556.985 246
300.278 555.083 246
300.684 550.367 246
303.206 547.732 246
304.975 544.393 246
305.97 540.37 246
309.148 538.358 246
311.566 535.65 246
313.959 532.921 246
316.329 530.17 246
317.142 526.114 246
318.681 522.7 246
320.184 519.28 246
324 517.721 246
325.448 514.268 246
326.862 510.81 246
329.038 507.948 246
331.189 505.067 246
330.888 500.404 246
333.787 498.088 246
335.852 495.166 246
336.243 491.094 246
339.076 488.71 246
341.059 485.742 246
343.016 482.757 246
344.947 479.756 246
346.004 476.207 246
347.025 472.657 246
348.01 469.105 246
351.545 467.076 246
351.606 463 246
352.494 459.432 246
355.096 456.833 246
355.921 453.249 246
356.711 449.667 246
358.352 446.546 246
359.076 442.958 246
361.553 440.264 246
360.416 435.787 246
362.839 433.065 246
366.148 430.738 246
366.714 427.121 246
368.159 423.915 246
368.658 420.297 246
370.963 417.465 246
370.476 413.456 246
370.874 409.843 246
373.097 406.967 246
373.432 403.347 246
376.542 400.783 246
374.937 396.466 246
376.114 393.189 246
378.207 390.227 246
379.329 386.922 246
378.52 382.989 246
379.579 379.681 246
380.609 376.364 246
382.569 373.322 246
382.582 369.704 246
384.489 366.628 246
384.438 363.01 246
385.323 359.651 246
385.207 356.043 246
387.003 352.911 246
384.876 348.856 246
388.566 346.143 246
390.281 342.957 246
390.01 339.348 246
390.688 335.942 246
391.335 332.53 246
390.969 328.938 246
390.569 325.359 246
394.088 322.417 246
393.628 318.828 246
396.107 315.669 246
393.604 311.819 246
394.041 308.382 246
395.442 305.055 246
397.809 301.811 246
397.163 298.242 246
395.489 294.601 246
396.773 291.227 246
398.028 287.833 246
397.258 284.297 246
396.456 280.777 246
395.623 277.273 246
396.758 273.855 246
395.864 270.366 246
396.94 266.929 246
397.985 263.473 246
399 260 246
398.985 256.518 246
396.94 253.071 246
397.864 249.582 246
398.757 246.075 246
398.62 242.596 246
400.45 239.013 246
398.256 235.642 246
400.023 232.028 246
399.764 228.538 246
398.478 225.138 246
397.163 221.758 246
397.809 218.189 246
397.429 214.719 246
397.018 211.252 246
397.569 207.659 246
398.088 204.052 246
398.573 200.433 246
396.063 197.27 246
395.501 193.816 246
393.923 190.541 246
393.302 187.106 246
391.669 183.867 246
392.95 180.053 246
392.237 176.627 246
391.495 173.208 246
0 260 246
0 260 246
0 260 246
0 260 246
0 260 246
0 260 246
0 260 246
0 260 246
71.7229 238.072 246
72.4825 237.146 246
0 260 246
0 260 246
0 260 246
39.5909 245.98 246
38.5274 245.977 246
37.4669 245.992 246
36.4096 246.024 246
35.3559 246.073 246
36.1602 245.39 246
35.1074 245.458 246
34.9792 245.152 246
34.8483 244.848 246
33.8012 244.951 246
32.7586 245.071 246
33.5334 244.363 246
34.2982 243.641 246
33.2554 243.78 246
32.2176 243.937 246
32.0762 243.656 246
31.0454 243.839 246
30.9032 243.568 246
29.8798 243.777 246
29.7371 243.516 246
29.5921 243.258 246
27.7128 244 246
28.4338 243.251 246
29.1437 242.489 246
28.9898 242.235 246
29.6817 241.453 246
28.6753 241.732 246
28.5148 241.482 246
28.3521 241.234 246
26.5292 242.106 246
27.1962 241.309 246
25.3937 242.219 246
26.8658 240.837 246
25.8885 241.191 246
24.9196 241.56 246
24.7577 241.344 246
34.9075 233.214 246
40.9766 227.986 246
34.4348 232.609 246
27.2001 237.974 246
26.2352 238.373 246
22.2153 241.359 246
0 260 246
0 260 246
0 260 246
0 260 246
0 260 246
0 260 246
0 260 246
0 260 246
0 260 246
0 260 246
0 260 246
