-0 260 94
-0 260 94
-0 260 94
-0 260 94
-0 260 94
-0 260 94
-0 260 94
-0 260 94
-16.6036 245.567 94
-22.8122 240.517 94
-26.0455 238.145 94
-24.692 239.646 94
-33.4173 232.939 94
-42.2608 226.384 94
-41.7646 227.37 94
-27.7674 238.693 94
-26.355 240.14 94
-25.7234 240.966 94
-26.6976 240.603 94
-26.0517 241.418 94
-25.3937 242.219 94
-25.5479 242.441 94
-26.5292 242.106 94
-27.5182 241.786 94
-27.6761 242.027 94
-26.9885 242.806 94
-26.2895 243.573 94
-28.1371 242.758 94
-29.1437 242.489 94
-27.5721 243.759 94
-28.5788 243.5 94
-26.981 244.735 94
-27.9878 244.486 94
-29.001 244.254 94
-28.2543 244.977 94
-30.1584 244.301 94
-30.2942 244.564 94
-30.4278 244.829 94
-29.6602 245.534 94
-31.5905 244.932 94
-32.6271 244.786 94
-30.9387 245.9 94
-32.8876 245.357 94
-33.9312 245.246 94
-34.0587 245.543 94
-36.0313 245.075 94
-35.233 245.765 94
-34.4255 246.439 94
-36.4096 246.024 94
-37.4669 245.992 94
-39.4671 245.635 94
-0 260 94
-0 260 94
-0 260 94
-71.3292 236.824 94
-72.4825 237.146 94
-0 260 94
-0 260 94
-0 260 94
-0 260 94
-0 260 94
-0 260 94
-0 260 94
-0 260 94
-0 260 94
-0 260 94
-0 260 94
-0 260 94
-0 260 94
-0 260 94
-0 260 94
-0 260 94
-707.185 147.993 94
-706.157 154.464 94
-707.051 160.631 94
-706.9 166.935 94
-708.678 172.985 94
-708.417 179.286 94
-708.1 185.576 94
-709.718 191.662 94
-709.291 197.945 94
-709.805 204.137 94
-709.268 210.403 94
-709.674 216.595 94
-709.027 222.842 94
-710.323 228.987 94
-710.567 235.187 94
-709.757 241.414 94
-709.892 247.609 94
-708.973 253.813 94
-710 260 94
-707.973 266.178 94
-707.892 272.356 94
-707.757 278.533 94
-707.569 284.709 94
-706.327 290.839 94
-706.031 297.002 94
-705.681 303.161 94
-705.278 309.318 94
-703.824 315.392 94
-702.317 321.445 94
-701.754 327.571 94
-701.138 333.693 94
-698.481 339.582 94
-697.76 345.674 94
-696.986 351.76 94
-694.178 357.56 94
-694.289 363.762 94
-692.37 369.661 94
-691.386 375.698 94
-688.381 381.38 94
-688.278 387.565 94
-685.176 393.185 94
-683.987 399.159 94
-681.769 404.915 94
-679.502 410.642 94
-678.162 416.566 94
-673.852 421.778 94
-672.415 427.652 94
-670.926 433.513 94
-669.387 439.362 94
-665.869 444.662 94
-665.193 450.741 94
-662.544 456.255 94
-658.894 461.444 94
-656.157 466.886 94
-651.474 471.677 94
-651.498 477.988 94
-648.626 483.34 94
-645.709 488.658 94
-643.689 494.284 94
-639.747 499.192 94
-636.702 504.407 94
-631.753 508.854 94
-629.558 514.358 94
-626.39 519.459 94
-623.182 524.525 94
-619.933 529.554 94
-617.557 534.954 94
-614.224 539.918 94
-610.851 544.845 94
-605.635 548.873 94
-603.091 554.147 94
-599.606 558.953 94
-596.083 563.72 94
-593.41 568.91 94
-589.809 573.607 94
-586.171 578.265 94
-581.622 582.398 94
-579.657 587.954 94
-575.041 592 94
-570.398 595.99 94
-567.445 600.955 94
-561.89 604.327 94
-558.864 609.217 94
-555.795 614.081 94
-551.845 618.373 94
-547.863 622.623 94
-543.849 626.831 94
-539.803 630.996 94
-534.906 634.545 94
-530.803 638.618 94
-525.052 641.473 94
-522.507 646.635 94
-516.717 649.374 94
-496.639 641.085 94
-472.806 629.397 94
-470.347 634.131 94
-476.39 645.773 94
-493.84 667.09 94
-491.8 672.67 94
-485.899 674.997 94
-482.259 679.222 94
-477.834 682.752 94
-473.383 686.236 94
-468.908 689.675 94
-462.947 691.705 94
-458.437 695.04 94
-453.184 697.635 94
-448.634 700.872 94
-444.77 704.77 94
-439.47 707.208 94
-434.161 709.587 94
-430.222 713.359 94
-423.521 714.171 94
-420.217 718.587 94
-414.192 720.007 94
-409.499 722.855 94
-404.788 725.656 94
-399.41 727.65 94
-395.314 731.117 94
-389.28 732.234 94
-385.773 736.391 94
-379.734 737.391 94
-374.938 739.899 94
-369.518 741.566 94
-364.7 743.973 94
-359.273 745.53 94
-354.434 747.837 94
-349.583 750.098 94
-344.146 751.491 94
-338.711 752.827 94
-334.397 755.765 94
-328.954 756.996 94
-323.516 758.17 94
-319.156 760.975 94
-313.182 761.196 94
-307.752 762.205 94
-303.872 765.729 94
-297.925 765.776 94
-293 767.491 94
-288.068 769.158 94
-282.159 769.029 94
-277.229 770.593 94
-271.824 771.227 94
-266.429 771.805 94
-261.498 773.22 94
-256.117 773.692 94
-251.187 775.009 94
-246.683 777.181 94
-240.892 776.595 94
-235.546 776.858 94
-230.62 777.98 94
-225.293 778.139 94
-220.372 779.165 94
-215.068 779.22 94
-210.529 781.077 94
-205.241 781.034 94
-199.969 780.938 94
-195.065 781.726 94
-189.479 780.59 94
-184.929 782.223 94
-180.039 782.872 94
-174.835 782.526 94
-169.65 782.13 94
-164.787 782.637 94
-159.635 782.142 94
-154.788 782.557 94
-149.671 781.965 94
-144.843 782.288 94
-140.021 782.566 94
-134.704 780.863 94
-129.912 781.049 94
-125.36 782.163 94
-120.124 780.314 94
-115.579 781.342 94
-110.609 780.375 94
-106.064 781.32 94
-100.938 779.281 94
-96.2203 779.159 94
-91.3389 778.009 94
-86.815 778.786 94
-81.9716 777.549 94
-77.4521 778.244 94
-72.5091 775.93 94
-67.8736 775.551 94
-63.2501 775.131 94
-58.6392 774.67 94
-53.9366 773.173 94
-49.2647 771.634 94
-44.7109 771.048 94
-40.171 770.422 94
-35.6455 769.755 94
-31.1347 769.049 94
-26.5866 767.304 94
-22.1586 767.516 94
-17.6242 764.692 94
-13.2193 764.827 94
-8.77852 762.923 94
-4.38068 761.981 94
3.77489e-05 760 94
4.34585 757.981 94
8.69134 757.924 94
12.9838 755.83 94
17.3102 755.698 94
21.5916 754.529 94
25.8017 752.324 94
29.9749 750.084 94
34.111 747.809 94
38.2096 745.499 94
42.4449 745.147 94
46.6769 744.758 94
50.6963 742.343 94
54.7904 740.889 94
58.7411 738.407 94
62.7831 736.885 94
66.8031 735.329 94
70.9485 734.728 94
74.7757 732.115 94
78.5627 729.472 94
82.6566 728.768 94
86.3797 726.063 94
90.4435 725.291 94
93.703 720.565 94
97.9264 720.708 94
101.943 719.835 94
105.502 716.98 94
109.252 715.069 94
112.736 712.158 94
116.677 711.157 94
120.092 708.19 94
123.999 707.125 94
127.344 704.103 94
130.931 702.016 94
133.906 697.988 94
126.898 662.469 94
127.006 650.884 94
130.412 649.761 94
134.46 650.499 94
138.53 651.196 94
142.622 651.852 94
150.239 661.832 94
161.624 681.045 94
164.559 677.757 94
167.449 674.451 94
171.06 672.974 94
174.657 671.466 94
177.842 669.009 94
180.998 666.528 94
183.709 663.113 94
186.797 660.588 94
185.55 649.014 94
181.047 631.202 94
183.834 628.713 94
187.498 627.986 94
191.626 628.109 94
194.831 626.423 94
198.021 624.709 94
201.681 623.842 94
204.848 622.068 94
208.5 621.133 94
218.242 630.501 94
221.466 628.582 94
224.152 625.783 94
227.865 624.661 94
230.502 621.815 94
232.016 617.274 94
235.677 616.069 94
237.657 612.341 94
240.156 609.429 94
242.049 605.682 94
245.637 604.371 94
248.633 602.214 94
250.42 598.424 94
253.364 596.226 94
255.071 592.415 94
257.962 590.176 94
259.589 586.348 94
261.797 583.293 94
265.245 581.767 94
267.4 578.674 94
270.17 576.329 94
272.921 573.959 94
274.325 570.068 94
276.351 566.919 94
277.668 563.021 94
280.983 561.318 94
281.537 556.678 94
284.81 554.929 94
285.971 551.006 94
289.914 549.914 94
290.293 545.27 94
292.052 542.031 94
293.777 538.784 94
297.661 537.573 94
297.86 532.938 94
300.231 530.329 94
302.578 527.698 94
304.148 524.392 94
305.683 521.078 94
307.184 517.758 94
309.421 515.067 94
311.636 512.357 94
313.043 509.006 94
313.628 505.033 94
317.341 503.505 94
319.454 500.726 94
321.543 497.929 94
321.18 493.351 94
323.204 490.539 94
326.023 488.283 94
326.354 484.297 94
328.299 481.44 94
329.385 478.015 94
332.114 475.677 94
333.983 472.771 94
335.827 469.848 94
335.94 465.864 94
337.724 462.925 94
341.205 460.985 94
342.08 457.5 94
342.05 453.522 94
343.726 450.53 94
345.375 447.523 94
346.998 444.502 94
346.821 440.544 94
348.384 437.51 94
349.919 434.463 94
349.631 430.526 94
351.106 427.469 94
353.46 424.821 94
355.795 422.145 94
357.196 419.034 94
356.736 415.113 94
358.076 411.994 94
359.389 408.864 94
360.675 405.722 94
361.002 402.202 94
361.296 398.688 94
363.429 395.88 94
365.54 393.046 94
366.688 389.851 94
365.916 385.995 94
367.95 383.114 94
369.01 379.899 94
367.181 375.772 94
368.177 372.563 94
371.063 369.914 94
372.97 366.947 94
372.925 363.421 94
372.847 359.904 94
373.705 356.647 94
374.534 353.382 94
373.39 349.643 94
375.132 346.606 94
376.85 343.546 94
376.587 340.046 94
377.271 336.757 94
377.926 333.461 94
379.536 330.343 94
378.166 326.681 94
378.734 323.378 94
381.248 320.384 94
380.771 316.907 94
382.243 313.721 94
382.698 310.383 94
381.138 306.798 94
381.532 303.47 94
381.896 300.139 94
382.232 296.805 94
381.543 293.381 94
382.816 290.128 94
383.065 286.786 94
385.28 283.565 94
384.472 280.149 94
385.633 276.837 94
384.765 273.436 94
385.868 270.104 94
382.942 266.684 94
384.985 263.36 94
387 260 94
385.985 256.632 94
385.941 253.263 94
385.868 249.896 94
384.765 246.564 94
387.631 243.076 94
384.472 239.851 94
385.28 236.435 94
386.057 233.004 94
386.804 229.558 94
384.531 226.358 94
384.223 223.004 94
384.88 219.547 94
385.506 216.077 94
384.115 212.837 94
383.689 209.486 94
384.224 206.001 94
384.727 202.502 94
385.198 198.991 94
384.651 195.631 94
383.09 192.451 94
381.503 189.293 94
380.871 185.966 94
382.171 182.247 94
380.499 179.122 94
377.827 176.238 94
0 260 94
0 260 94
0 260 94
0 260 94
0 260 94
0 260 94
0 260 94
0 260 94
71.7229 238.072 94
71.5288 237.447 94
0 260 94
0 260 94
0 260 94
38.6483 246.314 94
37.5877 246.319 94
36.5302 246.342 94
36.4096 246.024 94
36.2863 245.706 94
35.233 245.765 94
35.1074 245.458 94
34.9792 245.152 94
33.9312 245.246 94
32.8876 245.357 94
31.8486 245.486 94
32.6271 244.786 94
34.2982 243.641 94
32.3566 244.219 94
33.1126 243.491 94
31.1852 244.11 94
30.1584 244.301 94
30.9032 243.568 94
30.7586 243.299 94
29.7371 243.516 94
28.7217 243.75 94
28.5788 243.5 94
28.4338 243.251 94
29.1437 242.489 94
28.9898 242.235 94
29.6817 241.453 94
26.9885 242.806 94
29.3535 240.938 94
28.3521 241.234 94
27.3582 241.547 94
27.1962 241.309 94
26.2129 241.646 94
26.0517 241.418 94
25.8885 241.191 94
24.1157 242.155 94
23.9591 241.946 94
35.7009 232.606 94
41.7646 227.37 94
32.8695 233.854 94
25.6458 239.232 94
27.0069 237.737 94
22.2153 241.359 94
0 260 94
0 260 94
0 260 94
0 260 94
0 260 94
0 260 94
0 260 94
0 260 94
0 260 94
0 260 94
0 260 94
