-0 260 235
-0 260 235
-0 260 235
-0 260 235
-0 260 235
-0 260 235
-0 260 235
-0 260 235
-15.8489 246.223 235
-22.8122 240.517 235
-26.0455 238.145 235
-27.0069 237.737 235
-32.6401 233.569 235
-44.6087 224.517 235
-41.7646 227.37 235
-28.5607 238.085 235
-25.5563 240.742 235
-25.7234 240.966 235
-26.6976 240.603 235
-26.8658 240.837 235
-27.032 241.072 235
-26.372 241.875 235
-27.3582 241.547 235
-27.5182 241.786 235
-26.8375 242.572 235
-26.9885 242.806 235
-27.9856 242.513 235
-28.1371 242.758 235
-27.4294 243.519 235
-28.4338 243.251 235
-28.5788 243.5 235
-27.8514 244.242 235
-28.8625 244.001 235
-29.001 244.254 235
-29.1373 244.507 235
-31.0454 243.839 235
-30.2942 244.564 235
-30.4278 244.829 235
-30.559 245.095 235
-31.5905 244.932 235
-31.7208 245.208 235
-31.8486 245.486 235
-32.8876 245.357 235
-33.9312 245.246 235
-34.0587 245.543 235
-35.1074 245.458 235
-33.3786 246.514 235
-35.3559 246.073 235
-36.4096 246.024 235
-37.4669 245.992 235
-39.4671 245.635 235
-0 260 235
-0 260 235
-0 260 235
-71.3292 236.824 235
-70.5751 237.748 235
-0 260 235
-0 260 235
-0 260 235
-0 260 235
-0 260 235
-0 260 235
-0 260 235
-0 260 235
-0 260 235
-0 260 235
-0 260 235
-0 260 235
-0 260 235
-0 260 235
-0 260 235
-0 260 235
-700.271 149.088 235
-702.201 155.055 235
-701.11 161.466 235
-701.943 167.588 235
-703.715 173.595 235
-702.455 179.965 235
-702.132 186.203 235
-703.745 192.237 235
-703.313 198.468 235
-703.824 204.608 235
-703.283 210.822 235
-703.685 216.961 235
-703.035 223.156 235
-704.329 229.248 235
-703.571 235.431 235
-702.759 241.598 235
-702.893 247.731 235
-703.973 253.857 235
-703 260 235
-701.973 266.126 235
-701.893 272.252 235
-701.759 278.376 235
-700.573 284.465 235
-700.333 290.577 235
-700.039 296.688 235
-699.692 302.795 235
-698.295 308.83 235
-696.845 314.843 235
-697.336 321.009 235
-694.787 326.9 235
-694.176 332.961 235
-692.52 338.903 235
-691.805 344.943 235
-690.046 350.846 235
-689.227 356.865 235
-689.344 363.023 235
-686.443 368.722 235
-684.482 374.543 235
-683.457 380.512 235
-681.396 386.289 235
-680.268 392.231 235
-678.108 397.963 235
-675.9 403.667 235
-674.621 409.56 235
-671.341 414.991 235
-668.99 420.611 235
-667.563 426.442 235
-665.117 432.011 235
-662.625 437.55 235
-660.087 443.058 235
-657.503 448.536 235
-655.833 454.267 235
-653.156 459.69 235
-650.435 465.081 235
-648.621 470.75 235
-645.808 476.085 235
-642.953 481.386 235
-639.111 486.321 235
-635.232 491.206 235
-633.19 496.74 235
-630.167 501.898 235
-628.032 507.388 235
-624.922 512.485 235
-621.771 517.546 235
-618.579 522.571 235
-614.43 527.162 235
-611.162 532.107 235
-607.854 537.015 235
-604.507 541.886 235
-601.122 546.72 235
-598.597 551.955 235
-595.131 556.722 235
-591.628 561.45 235
-588.088 566.139 235
-583.628 570.321 235
-580.898 575.402 235
-576.374 579.49 235
-574.435 585 235
-568.979 588.5 235
-566.952 593.96 235
-563.159 598.38 235
-558.479 602.237 235
-554.623 606.567 235
-549.048 609.782 235
-545.974 614.56 235
-542.026 618.759 235
-538.045 622.916 235
-534.858 627.598 235
-529.991 631.104 235
-526.733 635.715 235
-522.625 639.709 235
-518.488 643.661 235
-513.523 646.967 235
-508.539 650.216 235
-503.539 653.408 235
-500.869 658.409 235
-496.596 662.136 235
-491.525 665.182 235
-487.97 669.456 235
-483.618 673.049 235
-477.731 675.285 235
-474.089 679.439 235
-468.181 681.552 235
-464.485 685.622 235
-460.021 688.977 235
-455.535 692.287 235
-450.307 694.856 235
-446.495 698.769 235
-440.527 700.528 235
-435.966 703.642 235
-430.688 705.991 235
-426.091 709.007 235
-421.475 711.977 235
-416.839 714.9 235
-412.854 718.52 235
-408.174 721.357 235
-402.82 723.392 235
-397.462 725.368 235
-392.1 727.287 235
-387.372 729.919 235
-381.997 731.728 235
-377.244 734.261 235
-373.091 737.535 235
-367.692 739.185 235
-362.894 741.577 235
-358.083 743.922 235
-352.083 744.601 235
-347.841 747.655 235
-342.425 749.034 235
-336.445 749.531 235
-331.601 751.619 235
-326.195 752.827 235
-321.882 755.654 235
-317.544 758.444 235
-311.592 758.652 235
-306.184 759.647 235
-301.297 761.443 235
-296.402 763.191 235
-291 764.027 235
-286.59 766.547 235
-274.887 755.909 235
-260.529 739.834 235
-253.984 737.675 235
-248.882 738.099 235
-246.517 743.817 235
-253.887 769.218 235
-250.31 773.211 235
-244.961 773.571 235
-240.047 774.783 235
-235.131 775.948 235
-230.213 777.067 235
-224.894 777.222 235
-219.591 777.324 235
-214.303 777.373 235
-209.405 778.296 235
-204.874 780.103 235
-199.253 779.071 235
-194.715 780.79 235
-189.479 780.59 235
-184.261 780.338 235
-179.388 780.981 235
-174.2 780.63 235
-169.341 781.179 235
-164.185 780.729 235
-159.343 781.186 235
-154.22 780.639 235
-149.395 781.004 235
-144.576 781.324 235
-139.762 781.6 235
-134.955 781.832 235
-129.912 781.049 235
-125.127 781.19 235
-120.124 780.314 235
-115.146 779.389 235
-110.609 780.375 235
-105.266 777.4 235
-100.747 778.299 235
-96.0381 778.175 235
-91.1652 777.024 235
-86.815 778.786 235
-81.8152 776.561 235
-77.1565 776.266 235
-72.37 774.939 235
-67.8736 775.551 235
-63.2501 775.131 235
-58.6392 774.67 235
-53.9366 773.173 235
-49.3605 772.629 235
-44.798 772.044 235
-40.2495 771.419 235
-35.6455 769.755 235
-31.0737 768.051 235
-26.5866 767.304 235
-22.115 766.517 235
-17.6591 765.692 235
-13.2193 764.827 235
-8.79597 763.923 235
-4.38068 761.981 235
3.78999e-05 762 235
4.37203 760.981 235
8.70879 758.924 235
13.0362 757.829 235
17.3102 755.698 235
21.5916 754.529 235
25.854 753.323 235
30.0359 751.082 235
34.3202 750.802 235
38.445 748.489 235
42.6192 747.139 235
46.7728 745.753 235
50.8009 743.338 235
55.0168 742.876 235
59.1067 741.385 235
62.9137 737.876 235
67.0815 737.309 235
71.2442 736.706 235
74.9321 733.103 235
78.7277 730.458 235
82.8302 729.753 235
86.9264 729.013 235
90.6343 726.273 235
94.5004 724.484 235
98.3423 722.664 235
102.376 721.788 235
105.952 718.928 235
109.252 715.069 235
113.461 715.069 235
116.927 712.125 235
120.61 710.121 235
124.533 709.052 235
128.171 706.987 235
131.499 703.934 235
134.783 700.856 235
138.625 699.664 235
141.53 695.584 235
145.643 695.281 235
149.11 693.047 235
152.55 690.787 235
155.961 688.5 235
159.344 686.186 235
162.699 683.846 235
165.659 680.549 235
168.948 678.16 235
172.208 675.746 235
175.829 674.227 235
179.437 672.677 235
181.405 667.441 235
184.539 664.933 235
188.91 665.12 235
192.008 662.553 235
193.76 657.267 235
198.112 657.351 235
200.21 652.934 235
204.093 652.059 235
207.037 649.38 235
208.518 644.043 235
212.831 643.958 235
215.189 640.345 235
219 639.319 235
221.287 635.67 235
224.042 632.868 235
226.764 630.046 235
229.985 628.053 235
232.651 625.188 235
234.739 621.467 235
237.333 618.571 235
239.335 614.828 235
241.855 611.902 235
245.491 610.597 235
247.379 606.813 235
250.984 605.45 235
252.205 600.835 235
255.17 598.621 235
257.506 595.588 235
261.04 594.117 235
262.079 589.478 235
264.315 586.401 235
267.789 584.854 235
270.614 582.505 235
273.418 580.131 235
273.577 574.714 235
276.975 573.063 235
279.027 569.891 235
281.721 567.445 235
283.711 564.243 235
285.667 561.03 235
287.589 557.807 235
290.176 555.286 235
292.742 552.742 235
294.572 549.476 235
295.649 545.505 235
298.129 542.914 235
300.586 540.301 235
300.809 535.641 235
303.946 533.674 235
304.825 529.686 235
306.412 526.36 235
309.485 524.325 235
309.482 519.686 235
312.508 517.612 235
314.744 514.875 235
315.391 510.873 235
318.356 508.727 235
320.515 505.94 235
321.051 501.93 235
323.954 499.714 235
326.034 496.877 235
327.274 493.443 235
327.661 489.431 235
328.826 485.996 235
330.786 483.118 235
332.72 480.223 235
335.468 477.856 235
336.513 474.383 235
335.827 469.848 235
339.351 467.954 235
340.295 464.47 235
341.205 460.985 235
343.812 458.5 235
344.661 455 235
346.349 451.985 235
348.012 448.955 235
347.881 444.972 235
348.595 441.467 235
351.057 438.872 235
351.709 435.356 235
352.327 431.841 235
354.716 429.191 235
355.273 425.666 235
357.615 422.974 235
358.11 419.441 235
360.405 416.708 235
359.917 412.776 235
362.161 410.012 235
363.456 406.846 235
363.793 403.302 235
365.03 400.122 235
365.302 396.581 235
366.48 393.388 235
366.688 389.851 235
366.861 386.32 235
369.846 383.749 235
369.01 379.899 235
370.042 376.674 235
372.003 373.733 235
372.022 370.198 235
373.931 367.223 235
372.925 363.421 235
373.813 360.163 235
374.673 356.897 235
375.504 353.624 235
375.335 350.11 235
377.081 347.056 235
378.803 343.979 235
377.565 340.254 235
377.271 336.757 235
376.945 333.271 235
378.553 330.161 235
380.136 327.028 235
379.72 323.543 235
381.248 320.384 235
381.76 317.054 235
382.243 313.721 235
379.723 309.992 235
382.13 306.92 235
382.525 303.583 235
381.896 300.139 235
385.218 297.092 235
383.535 293.555 235
384.81 290.285 235
385.06 286.926 235
382.286 283.382 235
382.475 280.045 235
384.634 276.793 235
383.766 273.401 235
383.868 270.052 235
384.941 266.719 235
385.985 263.368 235
384 260 235
383.985 256.649 235
384.941 253.281 235
385.868 249.896 235
385.765 246.529 235
386.632 243.119 235
384.472 239.851 235
385.28 236.435 235
386.057 233.004 235
384.81 229.715 235
382.539 226.532 235
384.223 223.004 235
382.891 219.757 235
383.519 216.304 235
385.108 212.715 235
383.689 209.486 235
383.234 206.14 235
381.76 202.946 235
381.248 199.616 235
381.693 196.127 235
381.121 192.798 235
378.553 189.839 235
379.89 186.157 235
378.251 183.044 235
378.543 179.538 235
375.874 176.671 235
0 260 235
0 260 235
0 260 235
0 260 235
0 260 235
0 260 235
0 260 235
0 260 235
70.7666 238.364 235
70.5751 237.748 235
0 260 235
0 260 235
0 260 235
39.5909 245.98 235
38.5274 245.977 235
36.5302 246.342 235
36.4096 246.024 235
35.3559 246.073 235
36.1602 245.39 235
36.0313 245.075 235
35.8997 244.761 235
33.9312 245.246 235
33.8012 244.951 235
32.7586 245.071 235
33.5334 244.363 235
34.2982 243.641 235
32.3566 244.219 235
33.1126 243.491 235
32.0762 243.656 235
31.0454 243.839 235
30.0202 244.038 235
29.8798 243.777 235
28.8625 244.001 235
28.7217 243.75 235
29.4449 243 235
29.2954 242.744 235
29.1437 242.489 235
28.9898 242.235 235
29.6817 241.453 235
27.8319 242.269 235
28.5148 241.482 235
28.3521 241.234 235
26.5292 242.106 235
26.372 241.875 235
27.032 241.072 235
26.8658 240.837 235
25.8885 241.191 235
24.1157 242.155 235
24.7577 241.344 235
34.9075 233.214 235
40.1885 228.601 235
32.0869 234.477 235
26.423 238.603 235
26.2352 238.373 235
24.5134 239.431 235
0 260 235
0 260 235
0 260 235
0 260 235
0 260 235
0 260 235
0 260 235
0 260 235
0 260 235
0 260 235
0 260 235
