-0 260 74
-0 260 74
-0 260 74
-0 260 74
-0 260 74
-0 260 74
-0 260 74
-0 260 74
-16.6036 245.567 74
-23.5726 239.867 74
-27.5776 236.86 74
-25.4636 239.009 74
-32.6401 233.569 74
-43.0435 225.762 74
-40.9766 227.986 74
-27.7674 238.693 74
-26.355 240.14 74
-27.3311 239.776 74
-26.6976 240.603 74
-26.8658 240.837 74
-27.032 241.072 74
-24.7238 243.008 74
-26.5292 242.106 74
-26.6843 242.338 74
-27.6761 242.027 74
-27.8319 242.269 74
-27.1375 243.043 74
-27.2845 243.28 74
-28.2865 243.004 74
-29.2954 242.744 74
-28.5788 243.5 74
-28.7217 243.75 74
-27.9878 244.486 74
-29.001 244.254 74
-30.0202 244.038 74
-31.0454 243.839 74
-31.1852 244.11 74
-30.4278 244.829 74
-32.3566 244.219 74
-31.5905 244.932 74
-31.7208 245.208 74
-31.8486 245.486 74
-31.9741 245.764 74
-34.8483 244.848 74
-34.0587 245.543 74
-35.1074 245.458 74
-35.233 245.765 74
-34.4255 246.439 74
-36.4096 246.024 74
-37.4669 245.992 74
-40.4068 245.293 74
-0 260 74
-0 260 74
-0 260 74
-72.2803 236.515 74
-72.4825 237.146 74
-0 260 74
-0 260 74
-0 260 74
-0 260 74
-0 260 74
-0 260 74
-0 260 74
-0 260 74
-0 260 74
-0 260 74
-0 260 74
-0 260 74
-0 260 74
-0 260 74
-0 260 74
-0 260 74
-700.271 149.088 74
-699.234 155.499 74
-699.129 161.744 74
-699.96 167.849 74
-699.745 174.082 74
-701.462 180.079 74
-700.143 186.412 74
-700.759 192.525 74
-701.321 198.642 74
-702.827 204.686 74
-701.288 210.961 74
-701.689 217.083 74
-702.037 223.208 74
-701.332 229.379 74
-702.572 235.466 74
-701.759 241.624 74
-701.893 247.749 74
-700.973 253.883 74
-701 260 74
-699.973 266.109 74
-698.894 272.199 74
-698.76 278.298 74
-698.574 284.395 74
-697.336 290.446 74
-697.043 296.531 74
-695.7 302.551 74
-695.302 308.62 74
-693.854 314.608 74
-693.352 320.66 74
-691.8 326.613 74
-690.198 332.543 74
-689.539 338.563 74
-687.834 344.456 74
-687.071 350.455 74
-686.256 356.447 74
-685.388 362.432 74
-682.493 368.096 74
-681.523 374.048 74
-679.517 379.817 74
-677.463 385.56 74
-675.359 391.277 74
-674.188 397.165 74
-671.987 402.835 74
-669.739 408.478 74
-667.443 414.092 74
-664.129 419.443 74
-662.712 425.233 74
-661.245 431.01 74
-658.761 436.515 74
-656.232 441.989 74
-654.619 447.709 74
-652.956 453.415 74
-649.331 458.52 74
-646.62 463.879 74
-642.914 468.896 74
-641.067 474.498 74
-638.225 479.759 74
-636.283 485.32 74
-632.413 490.18 74
-629.444 495.339 74
-627.366 500.823 74
-624.31 505.922 74
-621.213 510.986 74
-616.228 515.25 74
-613.977 520.618 74
-610.762 525.567 74
-607.508 530.48 74
-604.214 535.356 74
-600.882 540.196 74
-596.609 544.568 74
-593.204 549.325 74
-589.762 554.044 74
-587.173 559.18 74
-583.653 563.831 74
-580.979 568.912 74
-576.504 573.016 74
-572.876 577.55 74
-569.213 582.045 74
-565.515 586.5 74
-561.782 590.915 74
-558.016 595.29 74
-552.511 598.579 74
-550.383 603.918 74
-537.24 602.26 74
-530.878 604.757 74
-521.179 604.961 74
-517.319 608.936 74
-512.606 612.305 74
-518.523 623.074 74
-519.406 630.489 74
-516.153 635.007 74
-513.664 640.092 74
-509.529 643.958 74
-506.159 648.39 74
-489.355 642.326 74
-463.304 628.529 74
-457.739 630.67 74
-461.431 640.375 74
-480.31 663.028 74
-479.816 669.802 74
-476.222 673.973 74
-471.093 676.788 74
-466.695 680.214 74
-463.01 684.271 74
-457.096 686.249 74
-452.634 689.533 74
-448.149 692.772 74
-442.928 695.265 74
-437.699 697.699 74
-433.863 701.502 74
-429.993 705.271 74
-425.403 708.281 74
-419.429 709.783 74
-415.488 713.426 74
-410.177 715.548 74
-405.523 718.361 74
-400.852 721.128 74
-396.163 723.848 74
-390.815 725.755 74
-385.463 727.605 74
-381.997 731.728 74
-376.621 733.478 74
-371.244 735.171 74
-365.257 736.012 74
-361.691 739.98 74
-356.894 742.314 74
-350.908 742.983 74
-346.68 746.027 74
-341.852 748.215 74
-337.012 750.355 74
-331.601 751.619 74
-326.747 753.66 74
-320.792 753.977 74
-315.932 755.914 74
-311.592 758.652 74
-306.184 759.647 74
-301.297 761.443 74
-295.387 761.468 74
-291.5 764.893 74
-286.098 765.677 74
-280.705 766.405 74
-275.798 767.956 74
-271.355 770.344 74
-265.967 770.918 74
-260.137 770.547 74
-255.671 772.797 74
-250.748 774.11 74
-244.961 773.571 74
-240.892 776.595 74
-235.131 775.948 74
-230.213 777.067 74
-225.293 778.139 74
-220.372 779.165 74
-215.451 780.144 74
-209.78 779.223 74
-205.607 781.964 74
-199.969 780.938 74
-194.715 780.79 74
-189.821 781.529 74
-184.929 782.223 74
-179.714 781.926 74
-174.518 781.578 74
-169.959 783.081 74
-164.787 782.637 74
-159.927 783.099 74
-154.788 782.557 74
-150.222 783.888 74
-145.11 783.251 74
-140.28 783.532 74
-135.205 782.8 74
-130.396 782.989 74
-125.127 781.19 74
-120.799 783.237 74
-115.795 782.318 74
-111.025 782.331 74
-106.263 782.3 74
-101.32 781.244 74
-96.5848 781.125 74
-91.8598 780.963 74
-87.1451 780.759 74
-82.2845 779.524 74
-77.5999 779.233 74
-72.7875 777.91 74
-68.1346 777.534 74
-63.4939 777.117 74
-58.7524 775.664 74
-54.2502 776.157 74
-49.5522 774.62 74
-45.0595 775.033 74
-40.3279 772.416 74
-35.8548 772.748 74
-31.2568 771.045 74
-26.7436 770.3 74
-22.2458 769.515 74
-17.7289 767.691 74
-13.2717 766.826 74
-8.83088 765.923 74
-4.40686 764.981 74
3.78999e-05 762 74
4.38076 761.981 74
8.76115 761.924 74
13.1147 760.828 74
17.38 757.697 74
21.6789 756.527 74
25.9587 755.32 74
30.2191 754.077 74
34.4597 752.797 74
38.6804 751.48 74
42.7935 749.132 74
46.9645 747.744 74
51.219 747.316 74
55.2432 744.863 74
59.3504 743.37 74
63.4358 741.842 74
67.0815 737.309 74
71.392 737.695 74
75.4014 736.066 74
79.553 735.39 74
83.5248 733.693 74
87.2908 730.979 74
91.2067 729.218 74
95.0985 727.424 74
98.966 725.598 74
102.809 723.741 74
106.402 720.877 74
110.42 719.931 74
114.187 717.98 74
117.929 715.998 74
121.645 713.985 74
125.068 710.979 74
128.998 709.87 74
132.351 706.81 74
135.953 704.682 74
139.528 702.525 74
143.075 700.339 74
146.277 697.177 74
144.878 680.756 74
138.196 650.254 74
142.28 650.912 74
144.986 647.782 74
148.723 647.436 74
152.831 647.984 74
159.582 654.98 74
173.738 679.441 74
176.61 676.068 74
180.633 675.428 74
183.845 672.923 74
186.197 668.573 74
190.178 667.838 74
192.438 663.456 74
196.39 662.66 74
199.004 659.141 74
202.48 657.389 74
205.478 654.72 74
207.037 649.38 74
211.859 650.195 74
213.801 645.707 74
216.666 642.956 74
220 641.051 74
223.317 639.117 74
225.587 635.439 74
228.854 633.456 74
232.105 631.445 74
234.8 628.562 74
236.918 624.822 74
238.989 621.073 74
242.131 618.973 74
244.121 615.198 74
247.785 613.874 74
250.864 611.698 74
253.335 608.686 74
256.369 606.462 74
258.179 602.615 74
260.55 599.555 74
263.503 597.269 74
265.191 593.391 74
268.091 591.064 74
270.333 587.94 74
273.185 585.569 74
275.366 582.412 74
277.513 579.242 74
278.963 575.31 74
281.035 572.121 74
283.748 569.656 74
287.121 567.9 74
289.109 564.657 74
291.062 561.403 74
292.98 558.139 74
295.571 555.571 74
296.712 551.578 74
299.965 549.673 74
300.305 544.979 74
303.512 543.029 74
304.496 539.019 74
308.405 537.689 74
308.57 532.999 74
311.695 530.952 74
311.766 526.274 74
314.078 523.543 74
315.594 520.156 74
318.63 518.021 74
320.087 514.608 74
322.296 511.806 74
324.482 508.983 74
326.642 506.142 74
326.366 501.498 74
330.079 499.816 74
329.717 495.185 74
332.576 492.872 74
333.771 489.395 74
334.931 485.914 74
336.056 482.431 74
339.662 480.579 74
339.887 476.532 74
340.915 473.028 74
342.761 470.044 74
344.581 467.045 74
346.375 464.03 74
348.142 461 74
349.013 457.462 74
351.597 454.893 74
350.648 450.386 74
352.296 447.319 74
353.03 443.776 74
354.621 440.688 74
355.289 437.141 74
357.72 434.472 74
359.229 431.343 74
361.617 428.625 74
361.255 424.633 74
361.764 421.068 74
362.239 417.506 74
364.52 414.73 74
365.856 411.543 74
367.165 408.344 74
367.515 404.768 74
368.764 401.555 74
369.986 398.332 74
370.239 394.756 74
370.458 391.186 74
373.48 388.599 74
374.588 385.335 74
374.716 381.753 74
375.764 378.478 74
377.74 375.487 74
378.734 372.186 74
379.698 368.877 74
378.707 365.025 74
378.643 361.457 74
379.514 358.149 74
379.386 354.591 74
381.169 351.511 74
381.953 348.181 74
382.708 344.844 74
384.412 341.709 74
384.13 338.152 74
383.816 334.606 74
385.436 331.436 74
384.075 327.723 74
386.624 324.699 74
386.186 321.166 74
387.694 317.941 74
387.195 314.417 74
386.663 310.905 74
388.086 307.651 74
389.48 304.376 74
387.864 300.766 74
388.205 297.38 74
389.512 294.078 74
389.795 290.678 74
390.048 287.275 74
390.271 283.87 74
390.464 280.463 74
389.629 277.012 74
392.761 273.716 74
389.866 270.209 74
391.94 266.841 74
391.985 263.421 74
393 260 74
393.985 256.562 74
392.94 253.141 74
393.865 249.686 74
390.762 246.354 74
389.629 242.988 74
391.463 239.484 74
389.273 236.191 74
391.045 232.655 74
389.795 229.322 74
390.508 225.835 74
389.2 222.524 74
388.858 219.129 74
389.48 215.624 74
390.071 212.105 74
390.629 208.573 74
390.166 205.166 74
389.672 201.763 74
389.149 198.365 74
387.61 195.136 74
388.014 191.583 74
387.402 188.199 74
387.743 184.63 74
387.07 181.25 74
387.346 177.667 74
382.708 175.156 74
0 260 74
0 260 74
0 260 74
0 260 74
0 260 74
0 260 74
0 260 74
0 260 74
72.6792 237.78 74
71.5288 237.447 74
0 260 74
0 260 74
0 260 74
39.5909 245.98 74
37.5877 246.319 74
36.5302 246.342 74
36.4096 246.024 74
36.2863 245.706 74
35.233 245.765 74
36.0313 245.075 74
34.9792 245.152 74
33.9312 245.246 74
32.8876 245.357 74
32.7586 245.071 74
33.5334 244.363 74
33.3957 244.071 74
33.2554 243.78 74
33.1126 243.491 74
32.0762 243.656 74
31.9324 243.377 74
30.9032 243.568 74
30.7586 243.299 74
29.7371 243.516 74
28.7217 243.75 74
27.7128 244 74
28.4338 243.251 74
29.1437 242.489 74
29.8424 241.713 74
28.8336 241.983 74
29.5187 241.195 74
28.5148 241.482 74
28.3521 241.234 74
27.3582 241.547 74
26.372 241.875 74
26.2129 241.646 74
26.8658 240.837 74
25.8885 241.191 74
25.7234 240.966 74
24.7577 241.344 74
33.3208 234.432 74
40.1885 228.601 74
34.4348 232.609 74
26.423 238.603 74
27.0069 237.737 74
24.5134 239.431 74
0 260 74
0 260 74
0 260 74
0 260 74
0 260 74
0 260 74
0 260 74
0 260 74
0 260 74
0 260 74
0 260 74
