-0 260 2
-0 260 2
-0 260 2
-0 260 2
-0 260 2
-0 260 2
-0 260 2
-0 260 2
-15.0942 246.879 2
-23.5726 239.867 2
-26.8116 237.502 2
-27.0069 237.737 2
-32.6401 233.569 2
-43.0435 225.762 2
-40.1886 228.601 2
-26.974 239.302 2
-26.355 240.14 2
-27.3311 239.776 2
-27.5066 240.015 2
-26.0517 241.418 2
-26.2129 241.646 2
-26.372 241.875 2
-26.5292 242.106 2
-26.6843 242.338 2
-27.6761 242.027 2
-27.8319 242.269 2
-27.1375 243.043 2
-27.2845 243.28 2
-27.4294 243.519 2
-27.5721 243.759 2
-27.7128 244 2
-26.1107 245.227 2
-27.1132 244.971 2
-29.001 244.254 2
-29.1373 244.507 2
-29.2714 244.762 2
-31.1852 244.11 2
-29.5328 245.275 2
-31.4578 244.657 2
-31.5905 244.932 2
-31.7208 245.208 2
-32.7586 245.071 2
-33.8012 244.951 2
-33.0142 245.645 2
-34.0587 245.543 2
-35.1074 245.458 2
-34.3058 246.14 2
-36.2863 245.706 2
-34.5425 246.74 2
-37.4669 245.992 2
-39.4671 245.635 2
-0 260 2
-0 260 2
-0 260 2
-69.4271 237.442 2
-71.5288 237.447 2
-0 260 2
-0 260 2
-0 260 2
-0 260 2
-0 260 2
-0 260 2
-0 260 2
-0 260 2
-0 260 2
-0 260 2
-0 260 2
-0 260 2
-0 260 2
-0 260 2
-0 260 2
-0 260 2
-906.698 116.393 2
-907.917 124.311 2
-900.154 133.492 2
-904.198 140.96 2
-895.277 150.074 2
-902.163 157.212 2
-897.059 165.715 2
-880.926 175.177 2
-882.629 182.78 2
-878.284 190.878 2
-873.866 198.893 2
-887.342 205.728 2
-887.782 213.473 2
-896.146 220.874 2
-897.453 228.66 2
-921.684 235.865 2
-912.861 244.066 2
-905.966 252.094 2
-886 260 2
-874.967 267.636 2
-880.866 275.376 2
-1122.62 289.397 2
-885.46 290.921 2
-859.181 297.513 2
-866.81 305.428 2
-855.402 312.319 2
-853.915 319.712 2
-852.364 327.083 2
-856.727 334.954 2
-857.036 342.523 2
-859.267 350.313 2
-847.517 356.562 2
-861.53 365.783 2
-850.66 371.992 2
-854.601 380.107 2
-824.97 442.892 2
-792.163 442.885 2
-783.73 448.157 2
-772.355 452.57 2
-760.964 456.799 2
-783.366 469.902 2
-787.286 478.334 2
-752.668 475.824 2
-754.591 483.52 2
-784.17 499.745 2
-809.706 515.299 2
-766.552 509.068 2
-732.106 504.959 2
-727.104 510.362 2
-741.859 522.706 2
-765.849 538.747 2
-755.894 542.617 2
-744.064 545.619 2
-757.36 558.332 2
-755.655 565.304 2
-752.038 571.504 2
-752.973 579.618 2
-0 260 2
-0 260 2
-0 260 2
-0 260 2
-0 260 2
-0 260 2
-0 260 2
-0 260 2
-0 260 2
-0 260 2
-0 260 2
-0 260 2
-0 260 2
-0 260 2
-0 260 2
-0 260 2
-0 260 2
-0 260 2
-0 260 2
-0 260 2
-0 260 2
-0 260 2
-0 260 2
-0 260 2
-0 260 2
-0 260 2
-0 260 2
-0 260 2
-0 260 2
-0 260 2
-0 260 2
-0 260 2
-0 260 2
-0 260 2
-0 260 2
-0 260 2
-0 260 2
-0 260 2
-0 260 2
-0 260 2
-0 260 2
-0 260 2
-0 260 2
-0 260 2
-0 260 2
-0 260 2
-0 260 2
-0 260 2
-0 260 2
-0 260 2
-0 260 2
-0 260 2
-0 260 2
-0 260 2
-0 260 2
-0 260 2
-0 260 2
-0 260 2
-0 260 2
-0 260 2
-0 260 2
-0 260 2
-0 260 2
-0 260 2
-0 260 2
-0 260 2
-0 260 2
-0 260 2
-0 260 2
-0 260 2
-0 260 2
-0 260 2
-0 260 2
-0 260 2
-0 260 2
-0 260 2
-0 260 2
-0 260 2
-0 260 2
-0 260 2
-0 260 2
-0 260 2
-0 260 2
-0 260 2
-0 260 2
-0 260 2
-0 260 2
-0 260 2
-0 260 2
-0 260 2
-0 260 2
-0 260 2
-0 260 2
-0 260 2
-0 260 2
-0 260 2
-0 260 2
-0 260 2
-0 260 2
-0 260 2
-0 260 2
-0 260 2
-0 260 2
-0 260 2
-0 260 2
-0 260 2
-0 260 2
-0 260 2
-0 260 2
-0 260 2
-0 260 2
-0 260 2
-0 260 2
-0 260 2
-0 260 2
-0 260 2
-0 260 2
-0 260 2
-0 260 2
-0 260 2
-0 260 2
-0 260 2
-0 260 2
-0 260 2
-0 260 2
-0 260 2
-0 260 2
-0 260 2
-0 260 2
-0 260 2
-0 260 2
-0 260 2
-0 260 2
0 260 2
0 260 2
0 260 2
0 260 2
0 260 2
0 260 2
0 260 2
0 260 2
0 260 2
0 260 2
0 260 2
0 260 2
0 260 2
0 260 2
0 260 2
0 260 2
0 260 2
0 260 2
0 260 2
0 260 2
0 260 2
0 260 2
0 260 2
0 260 2
0 260 2
0 260 2
0 260 2
0 260 2
0 260 2
0 260 2
0 260 2
0 260 2
0 260 2
0 260 2
0 260 2
0 260 2
0 260 2
0 260 2
0 260 2
0 260 2
0 260 2
0 260 2
0 260 2
0 260 2
0 260 2
0 260 2
0 260 2
0 260 2
0 260 2
0 260 2
0 260 2
0 260 2
0 260 2
0 260 2
0 260 2
0 260 2
0 260 2
0 260 2
0 260 2
0 260 2
0 260 2
0 260 2
0 260 2
0 260 2
0 260 2
0 260 2
0 260 2
0 260 2
0 260 2
0 260 2
0 260 2
0 260 2
0 260 2
0 260 2
0 260 2
0 260 2
0 260 2
0 260 2
0 260 2
0 260 2
0 260 2
0 260 2
0 260 2
0 260 2
0 260 2
0 260 2
0 260 2
0 260 2
0 260 2
0 260 2
0 260 2
0 260 2
0 260 2
0 260 2
0 260 2
0 260 2
0 260 2
0 260 2
0 260 2
0 260 2
0 260 2
0 260 2
0 260 2
0 260 2
0 260 2
0 260 2
0 260 2
0 260 2
0 260 2
0 260 2
0 260 2
0 260 2
0 260 2
0 260 2
0 260 2
0 260 2
0 260 2
0 260 2
0 260 2
0 260 2
0 260 2
0 260 2
0 260 2
0 260 2
0 260 2
0 260 2
0 260 2
0 260 2
0 260 2
0 260 2
0 260 2
0 260 2
0 260 2
0 260 2
0 260 2
0 260 2
0 260 2
0 260 2
0 260 2
0 260 2
0 260 2
0 260 2
0 260 2
0 260 2
0 260 2
0 260 2
0 260 2
0 260 2
0 260 2
0 260 2
0 260 2
0 260 2
0 260 2
0 260 2
0 260 2
0 260 2
0 260 2
0 260 2
0 260 2
0 260 2
0 260 2
0 260 2
0 260 2
0 260 2
0 260 2
1090.59 403.579 2
1084.85 393.203 2
1071.07 382.033 2
1052.2 370.591 2
1028.24 359.009 2
1033.05 350.381 2
1026.82 340.813 2
1039.46 332.686 2
1021.09 322.453 2
997.631 312.284 2
983.063 302.921 2
981.402 294.271 2
980.664 285.68 2
977.851 277.068 2
974.963 268.508 2
986 260 2
1029.96 251.012 2
979.851 242.897 2
1041.64 232.724 2
1047.36 223.425 2
1037.01 214.723 2
1061.54 204.367 2
1027.08 197.181 2
0 260 2
382.816 229.872 2
368.592 227.752 2
369.292 224.441 2
378.913 220.175 2
393.454 215.172 2
391.063 211.983 2
1057.3 83.069 2
1062.61 72.6336 2
1138.61 48.9713 2
1103.35 45.5307 2
1053.42 45.6795 2
1050.53 36.7029 2
1026.09 32.522 2
0 260 2
0 260 2
0 260 2
0 260 2
0 260 2
0 260 2
0 260 2
0 260 2
72.6792 237.78 2
71.5288 237.447 2
0 260 2
0 260 2
0 260 2
39.5909 245.98 2
37.5877 246.319 2
36.5302 246.342 2
36.4096 246.024 2
35.3559 246.073 2
35.233 245.765 2
35.1074 245.458 2
34.0587 245.543 2
33.9312 245.246 2
32.8876 245.357 2
31.8486 245.486 2
33.5334 244.363 2
32.4931 244.502 2
33.2554 243.78 2
33.1126 243.491 2
32.0762 243.656 2
30.1584 244.301 2
30.0202 244.038 2
29.001 244.254 2
29.7371 243.516 2
28.7217 243.75 2
28.5788 243.5 2
28.4338 243.251 2
29.1437 242.489 2
28.9898 242.235 2
28.8336 241.983 2
27.8319 242.269 2
28.5148 241.482 2
26.6843 242.338 2
25.7002 242.665 2
26.372 241.875 2
27.032 241.072 2
26.8658 240.837 2
25.0795 241.779 2
24.1157 242.155 2
23.9591 241.946 2
34.9075 233.214 2
39.4005 229.217 2
33.6522 233.232 2
25.6458 239.232 2
27.0069 237.737 2
23.7474 240.074 2
0 260 2
0 260 2
0 260 2
0 260 2
0 260 2
0 260 2
0 260 2
0 260 2
0 260 2
0 260 2
0 260 2
