-0 260 170
-0 260 170
-0 260 170
-0 260 170
-0 260 170
-0 260 170
-0 260 170
-0 260 170
-16.6036 245.567 170
-22.8122 240.517 170
-26.8116 237.502 170
-27.7785 237.101 170
-31.863 234.198 170
-41.4782 227.007 170
-40.9766 227.986 170
-26.1807 239.911 170
-26.355 240.14 170
-27.3311 239.776 170
-26.6976 240.603 170
-26.0517 241.418 170
-26.2129 241.646 170
-26.372 241.875 170
-25.7002 242.665 170
-26.6843 242.338 170
-28.5148 241.482 170
-27.8319 242.269 170
-27.1375 243.043 170
-28.1371 242.758 170
-28.2865 243.004 170
-27.5721 243.759 170
-28.5788 243.5 170
-26.981 244.735 170
-27.9878 244.486 170
-29.001 244.254 170
-30.0202 244.038 170
-30.1584 244.301 170
-31.1852 244.11 170
-30.4278 244.829 170
-30.559 245.095 170
-31.5905 244.932 170
-30.8145 245.631 170
-31.8486 245.486 170
-33.8012 244.951 170
-33.0142 245.645 170
-34.0587 245.543 170
-34.1835 245.841 170
-34.3058 246.14 170
-34.4255 246.439 170
-36.4096 246.024 170
-37.4669 245.992 170
-39.4671 245.635 170
-0 260 170
-0 260 170
-0 260 170
-71.3292 236.824 170
-71.5288 237.447 170
-0 260 170
-72.8703 238.415 170
-0 260 170
-0 260 170
-0 260 170
-0 260 170
-0 260 170
-0 260 170
-0 260 170
-0 260 170
-0 260 170
-0 260 170
-0 260 170
-0 260 170
-0 260 170
-0 260 170
-713.111 147.054 170
-715.058 153.134 170
-715.964 159.378 170
-715.823 165.76 170
-715.626 172.132 170
-716.365 178.381 170
-718.045 184.531 170
-717.681 190.895 170
-718.256 197.161 170
-718.777 203.431 170
-718.246 209.775 170
-718.657 216.045 170
-718.015 222.371 170
-718.316 228.638 170
-718.562 234.907 170
-718.754 241.179 170
-717.891 247.469 170
-716.973 253.743 170
-718 260 170
-716.973 266.257 170
-717.891 272.531 170
-715.755 278.743 170
-716.563 285.023 170
-715.319 291.232 170
-715.019 297.473 170
-713.666 303.65 170
-713.258 309.876 170
-712.796 316.098 170
-712.279 322.316 170
-710.713 328.434 170
-709.094 334.529 170
-707.423 340.601 170
-707.685 346.893 170
-705.909 352.935 170
-704.081 358.952 170
-702.201 364.945 170
-701.259 371.069 170
-699.276 377.019 170
-698.229 383.117 170
-696.144 389.023 170
-694.01 394.902 170
-691.827 400.754 170
-690.572 406.786 170
-688.289 412.59 170
-685.957 418.366 170
-684.548 424.346 170
-683.088 430.313 170
-679.64 435.767 170
-677.114 441.432 170
-674.541 447.067 170
-672.883 452.946 170
-667.339 457.675 170
-667.501 464.076 170
-664.741 469.592 170
-662.886 475.385 170
-660.033 480.844 170
-656.19 485.944 170
-653.251 491.328 170
-651.207 497.02 170
-648.177 502.344 170
-645.104 507.632 170
-641.058 512.519 170
-637.902 517.729 170
-634.705 522.904 170
-630.546 527.651 170
-628.186 533.143 170
-624.865 538.208 170
-621.504 543.236 170
-618.102 548.226 170
-614.661 553.178 170
-611.18 558.092 170
-608.555 563.415 170
-604.102 567.806 170
-600.506 572.604 170
-595.99 576.893 170
-592.323 581.605 170
-590.368 587.247 170
-584.879 590.909 170
-580.237 595 170
-579.015 601.066 170
-573.445 604.561 170
-569.564 609.029 170
-564.8 612.926 170
-561.699 617.842 170
-557.716 622.185 170
-554.534 627.038 170
-548.823 630.186 170
-545.571 634.961 170
-540.64 638.561 170
-537.316 643.264 170
-532.333 646.763 170
-528.134 650.799 170
-522.308 653.587 170
-519.646 658.739 170
-514.571 662.027 170
-510.26 665.88 170
-504.368 668.429 170
-501.556 673.451 170
-496.397 676.526 170
-491.222 679.543 170
-486.033 682.502 170
-480.081 684.74 170
-477.099 689.582 170
-472.595 693.053 170
-466.604 695.115 170
-462.789 699.17 170
-457.5 701.803 170
-451.487 703.676 170
-446.891 706.892 170
-443.676 711.488 170
-438.329 713.903 170
-432.287 715.535 170
-428.295 719.29 170
-423.595 722.273 170
-418.876 725.209 170
-412.812 726.599 170
-406.757 727.92 170
-402.658 731.452 170
-397.885 734.182 170
-393.096 736.864 170
-387.661 738.722 170
-382.224 740.521 170
-377.4 743.051 170
-371.953 744.739 170
-366.505 746.369 170
-361.652 748.745 170
-356.198 750.264 170
-350.745 751.726 170
-345.867 753.949 170
-340.977 756.124 170
-335.516 757.423 170
-331.162 760.332 170
-325.149 760.686 170
-319.693 761.818 170
-314.772 763.741 170
-309.319 764.763 170
-304.387 766.586 170
-294.88 760.607 170
-280 744.974 170
-271.818 740.436 170
-267.615 742.79 170
-262.437 743.349 170
-269.946 767.695 170
-267.814 774.466 170
-262.406 775.002 170
-257.01 775.482 170
-252.063 776.807 170
-246.683 777.181 170
-241.315 777.502 170
-235.96 777.768 170
-231.026 778.894 170
-225.692 779.056 170
-220.372 779.165 170
-215.451 780.144 170
-210.529 781.077 170
-204.874 780.103 170
-199.969 780.938 170
-194.715 780.79 170
-190.163 782.469 170
-184.929 782.223 170
-179.714 781.926 170
-174.518 781.578 170
-169.341 781.179 170
-164.486 781.683 170
-159.343 781.186 170
-154.504 781.598 170
-149.395 781.004 170
-144.576 781.324 170
-139.503 780.634 170
-134.704 780.863 170
-129.912 781.049 170
-124.66 779.246 170
-120.124 780.314 170
-115.146 779.389 170
-109.985 777.44 170
-105.466 778.38 170
-100.556 777.318 170
-95.8558 777.192 170
-91.1652 777.024 170
-86.1548 774.841 170
-81.8152 776.561 170
-76.8609 774.288 170
-72.2308 773.949 170
-67.482 772.577 170
-62.7627 771.161 170
-58.2996 771.69 170
-53.6231 770.19 170
-49.073 769.643 170
-44.3622 767.063 170
-39.9356 767.431 170
-35.3665 765.765 170
-30.8905 765.056 170
-26.4296 764.308 170
-21.8969 761.522 170
-17.4846 760.695 170
-13.0884 759.829 170
-8.70871 758.924 170
-4.31087 753.981 170
3.73715e-05 755 170
4.31967 754.981 170
8.58662 751.925 170
12.8791 751.831 170
17.1357 750.701 170
21.2863 747.536 170
25.54 747.331 170
29.5475 743.097 170
33.9017 744.816 170
37.9742 742.508 170
42.0091 740.166 170
45.9101 736.795 170
50.1737 737.371 170
54.2244 735.921 170
58.1317 733.445 170
61.8694 729.945 170
66.1073 730.377 170
70.0617 728.794 170
73.6807 725.201 170
77.4074 722.568 170
80.9201 718.92 170
84.9218 718.197 170
88.917 717.438 170
92.9055 716.645 170
96.679 714.839 170
100.428 713.001 170
103.927 710.159 170
107.385 707.29 170
111.284 706.336 170
113.923 700.507 170
117.504 698.53 170
121.861 699.415 170
125.139 696.413 170
128.943 695.304 170
132.152 692.25 170
135.919 691.08 170
138.749 687.024 170
142.47 685.797 170
145.855 683.592 170
148.544 679.475 170
152.541 679.103 170
155.492 675.882 170
158.399 672.643 170
162.36 672.175 170
164.827 667.961 170
167.998 665.583 170
170.359 661.34 170
174.652 661.672 170
177.337 658.306 170
179.977 654.923 170
183.839 654.244 170
186.842 651.722 170
188.938 647.38 170
191.865 644.822 170
194.308 641.351 170
197.628 639.641 170
199.995 636.136 170
203.747 635.255 170
207.014 633.463 170
209.28 629.901 170
211 625.463 170
213.674 622.746 170
217.346 621.725 170
218.404 616.404 170
222.566 616.18 170
225.129 613.381 170
227.114 609.726 170
229.606 606.896 170
232.624 604.88 170
234.492 601.188 170
237.461 599.129 170
238.669 594.601 170
242.755 594.124 170
245.662 591.993 170
246.142 586.642 170
250.201 586.068 170
252.421 583.084 170
253.986 579.304 170
255.504 575.521 170
257.612 572.508 170
260.329 570.248 170
263.676 568.725 170
265.048 564.903 170
266.373 561.08 170
268.991 558.744 170
270.236 554.911 170
273.481 553.273 170
274.653 549.424 170
277.169 547.017 170
278.962 543.874 170
280.014 540.014 170
283.16 538.261 170
285.578 535.779 170
287.248 532.588 170
287.422 528.025 170
289.75 525.507 170
291.313 522.299 170
292.842 519.084 170
295.846 517.175 170
298.079 514.584 170
299.523 511.33 170
301.705 508.707 170
302.31 504.806 170
304.435 502.158 170
304.96 498.261 170
306.234 494.982 170
310.669 494.106 170
309.485 489.007 170
312.281 486.885 170
315.063 484.732 170
314.554 480.253 170
316.464 477.5 170
318.35 474.73 170
319.378 471.392 170
319.533 467.507 170
323.019 465.786 170
323.954 462.429 170
325.709 459.594 170
327.438 456.745 170
327.419 452.865 170
329.09 450 170
328.994 446.136 170
329.732 442.773 170
333.072 440.843 170
333.754 437.46 170
335.29 434.541 170
337.691 432.062 170
335.6 427.324 170
336.149 423.951 170
339.372 421.872 170
340.772 418.904 170
340.326 415.095 170
341.666 412.119 170
342.063 408.733 170
344.269 406.133 170
345.531 403.124 170
345.84 399.728 170
346.115 396.338 170
346.358 392.955 170
346.569 389.577 170
348.626 386.889 170
349.72 383.842 170
347.951 379.809 170
351.828 377.72 170
350.94 374.027 170
353.829 371.562 170
353.833 368.178 170
353.804 364.802 170
353.744 361.435 170
356.543 358.878 170
356.427 355.504 170
358.215 352.641 170
357.069 349.027 170
357.832 345.908 170
358.568 342.782 170
358.301 339.433 170
359.958 336.511 170
358.652 332.969 170
360.257 330.027 170
360.855 326.88 170
361.424 323.729 170
359.994 320.242 170
361.494 317.255 170
362.969 314.246 170
362.438 310.937 170
361.877 307.642 170
364.264 304.726 170
364.641 301.546 170
364.99 298.362 170
364.315 295.08 170
364.607 291.899 170
365.869 288.794 170
363.113 285.391 170
364.319 282.283 170
365.498 279.155 170
365.652 275.965 170
366.776 272.808 170
365.875 269.581 170
366.944 266.405 170
366.986 263.203 170
366 260 170
364.986 256.815 170
365.944 253.612 170
366.874 250.393 170
367.776 247.157 170
366.651 243.992 170
365.498 240.845 170
367.314 237.534 170
366.106 234.399 170
365.869 231.206 170
364.607 228.101 170
365.31 224.825 170
365.984 221.534 170
365.634 218.341 170
364.264 215.274 170
364.852 211.966 170
363.428 208.923 170
362.969 205.754 170
362.482 202.589 170
363.939 199.097 170
363.394 195.924 170
361.838 192.937 170
359.276 190.164 170
361.592 186.433 170
358.98 183.696 170
357.324 180.783 170
0 260 170
0 260 170
0 260 170
0 260 170
0 260 170
0 260 170
0 260 170
0 260 170
72.6792 237.78 170
70.5751 237.748 170
0 260 170
0 260 170
43.4939 245.024 170
38.6483 246.314 170
38.5274 245.977 170
37.4669 245.992 170
37.3432 245.665 170
36.2863 245.706 170
36.1602 245.39 170
35.1074 245.458 170
34.9792 245.152 170
33.0142 245.645 170
33.8012 244.951 170
32.7586 245.071 170
33.5334 244.363 170
34.2982 243.641 170
33.2554 243.78 170
33.1126 243.491 170
31.1852 244.11 170
31.9324 243.377 170
30.0202 244.038 170
29.001 244.254 170
30.6117 243.032 170
28.7217 243.75 170
28.5788 243.5 170
29.2954 242.744 170
29.1437 242.489 170
28.9898 242.235 170
28.8336 241.983 170
29.5187 241.195 170
28.5148 241.482 170
29.186 240.682 170
27.3582 241.547 170
28.0203 240.742 170
27.032 241.072 170
26.0517 241.418 170
25.8885 241.191 170
24.1157 242.155 170
23.9591 241.946 170
34.1142 233.823 170
40.9766 227.986 170
32.8695 233.854 170
26.423 238.603 170
26.2352 238.373 170
23.7474 240.074 170
0 260 170
0 260 170
0 260 170
0 260 170
0 260 170
0 260 170
0 260 170
0 260 170
0 260 170
0 260 170
0 260 170
