-0 260 212
-0 260 212
-0 260 212
-0 260 212
-0 260 212
-0 260 212
-0 260 212
-0 260 212
-15.0942 246.879 212
-22.8122 240.517 212
-26.0455 238.145 212
-27.0069 237.737 212
-32.6401 233.569 212
-43.0435 225.762 212
-41.7646 227.37 212
-27.7674 238.693 212
-25.5563 240.742 212
-26.5273 240.371 212
-26.6976 240.603 212
-26.0517 241.418 212
-26.2129 241.646 212
-25.5479 242.441 212
-25.7002 242.665 212
-25.8505 242.89 212
-27.6761 242.027 212
-26.9885 242.806 212
-26.2895 243.573 212
-27.2845 243.28 212
-28.2865 243.004 212
-27.5721 243.759 212
-27.7128 244 212
-26.981 244.735 212
-27.9878 244.486 212
-28.1222 244.731 212
-30.0202 244.038 212
-29.2714 244.762 212
-30.2942 244.564 212
-29.5328 245.275 212
-30.559 245.095 212
-30.6879 245.363 212
-31.7208 245.208 212
-31.8486 245.486 212
-32.8876 245.357 212
-33.0142 245.645 212
-34.0587 245.543 212
-34.1835 245.841 212
-34.3058 246.14 212
-34.4255 246.439 212
-35.4761 246.382 212
-36.5302 246.342 212
-39.4671 245.635 212
-41.4762 245.313 212
-0 260 212
-0 260 212
-71.3292 236.824 212
-69.6213 238.048 212
-0 260 212
-0 260 212
-0 260 212
-0 260 212
-0 260 212
-0 260 212
-0 260 212
-0 260 212
-0 260 212
-0 260 212
-0 260 212
-0 260 212
-0 260 212
-0 260 212
-0 260 212
-0 260 212
-728.914 144.551 212
-729.894 150.917 212
-730.818 157.29 212
-729.703 163.933 212
-731.507 170.182 212
-732.262 176.569 212
-731.968 183.067 212
-732.612 189.458 212
-733.199 195.853 212
-733.731 202.254 212
-733.21 208.729 212
-732.631 215.19 212
-732.994 221.586 212
-732.302 228.027 212
-732.553 234.419 212
-732.749 240.812 212
-732.888 247.207 212
-732.972 253.604 212
-733 260 212
-732.972 266.397 212
-731.889 272.775 212
-729.75 279.109 212
-730.555 285.512 212
-730.304 291.886 212
-728.001 298.153 212
-727.64 304.504 212
-727.224 310.853 212
-726.753 317.197 212
-725.23 323.449 212
-723.653 329.68 212
-722.023 335.888 212
-721.333 342.186 212
-720.588 348.477 212
-718.798 354.632 212
-717.944 360.901 212
-715.058 366.866 212
-713.111 372.946 212
-712.098 379.164 212
-711.031 385.374 212
-707.944 391.21 212
-707.753 397.573 212
-705.546 403.545 212
-703.288 409.489 212
-700.004 415.187 212
-698.623 421.29 212
-695.244 426.914 212
-693.761 432.974 212
-692.226 439.022 212
-689.671 444.797 212
-687.068 450.541 212
-684.418 456.254 212
-681.721 461.935 212
-678.976 467.584 212
-676.185 473.201 212
-672.397 478.475 212
-669.516 484.017 212
-667.536 489.851 212
-663.62 495 212
-661.544 500.782 212
-657.544 505.846 212
-654.44 511.216 212
-651.292 516.551 212
-648.101 521.85 212
-644.868 527.113 212
-640.671 531.949 212
-637.357 537.131 212
-634.001 542.275 212
-631.513 547.797 212
-628.071 552.875 212
-623.686 557.483 212
-619.269 562.038 212
-616.61 567.43 212
-613.012 572.346 212
-608.489 576.76 212
-605.702 582.058 212
-601.99 586.854 212
-597.365 591.125 212
-593.583 595.833 212
-589.763 600.5 212
-585.908 605.126 212
-580.302 608.681 212
-578.09 614.254 212
-571.584 617.166 212
-570.133 623.215 212
-564.425 626.542 212
-559.537 630.35 212
-556.284 635.219 212
-552.165 639.492 212
-548.013 643.723 212
-542.201 646.748 212
-537.187 650.289 212
-533.761 654.962 212
-529.495 659.003 212
-524.407 662.391 212
-519.299 665.721 212
-515.739 670.237 212
-510.585 673.464 212
-504.642 675.995 212
-500.993 680.383 212
-495.785 683.44 212
-492.825 688.407 212
-486.821 690.703 212
-481.558 693.597 212
-477.756 697.783 212
-472.454 700.571 212
-465.69 701.924 212
-461.816 705.971 212
-457.193 709.283 212
-451.841 711.841 212
-447.18 715.054 212
-442.497 718.22 212
-436.417 719.887 212
-432.387 723.678 212
-426.973 725.959 212
-421.552 728.181 212
-416.788 731.093 212
-411.349 733.203 212
-405.256 734.493 212
-401.742 738.778 212
-395.005 739.179 212
-391.437 743.385 212
-385.337 744.434 212
-380.479 746.991 212
-374.388 747.912 212
-368.913 749.564 212
-363.437 751.157 212
-358.549 753.5 212
-353.648 755.796 212
-348.734 758.044 212
-343.809 760.245 212
-338.312 761.568 212
-331.714 761.165 212
-326.783 763.202 212
-321.842 765.192 212
-313.712 762.045 212
-294.689 740.889 212
-285.846 735.728 212
-280.669 736.481 212
-276.5 738.912 212
-287.083 767.417 212
-284.583 773.402 212
-278.661 773.229 212
-274.171 775.641 212
-268.738 776.24 212
-262.86 775.893 212
-258.348 778.167 212
-252.94 778.604 212
-247.974 779.889 212
-242.16 779.314 212
-236.79 779.588 212
-231.84 780.721 212
-226.489 780.89 212
-221.154 781.006 212
-215.833 781.068 212
-210.903 782.005 212
-205.607 781.964 212
-200.328 781.871 212
-195.416 782.663 212
-190.163 782.469 212
-184.929 782.223 212
-179.388 780.981 212
-174.518 781.578 212
-169.341 781.179 212
-164.787 782.637 212
-159.927 783.099 212
-154.504 781.598 212
-149.395 781.004 212
-144.576 781.324 212
-139.503 780.634 212
-134.704 780.863 212
-129.912 781.049 212
-124.66 779.246 212
-119.899 779.339 212
-114.929 778.413 212
-109.985 777.44 212
-105.266 777.4 212
-100.365 776.336 212
-95.6736 776.209 212
-90.818 775.054 212
-86.3199 775.827 212
-81.1894 772.61 212
-76.5652 772.31 212
-71.8133 770.978 212
-67.2209 770.594 212
-62.5189 769.176 212
-57.96 768.709 212
-53.3095 767.206 212
-48.6896 765.661 212
-44.1008 764.075 212
-39.6218 763.443 212
-35.0875 761.775 212
-30.6463 761.064 212
-26.1679 759.315 212
-21.7224 757.526 212
-17.3799 757.697 212
-12.9837 755.83 212
-8.6389 754.925 212
-4.29342 751.981 212
3.70695e-05 751 212
4.26731 748.981 212
8.48191 745.926 212
12.722 745.833 212
16.8565 742.706 212
21.1118 743.539 212
25.226 741.339 212
29.3644 740.103 212
33.4831 738.831 212
37.425 735.53 212
41.4862 734.189 212
45.5268 732.813 212
49.442 730.409 212
53.5452 729.959 212
57.2786 726.497 212
61.2168 724.988 212
65.133 723.445 212
69.027 721.87 212
72.7421 719.275 212
76.4171 716.65 212
80.3991 715.966 212
84.0106 713.281 212
87.3905 709.585 212
91.3105 708.806 212
94.5998 705.057 212
98.2636 703.238 212
101.903 701.39 212
105.751 700.484 212
109.349 698.574 212
112.421 694.698 212
116.21 693.701 212
119.723 691.706 212
122.934 688.723 212
126.103 685.716 212
128.936 681.73 212
132.912 681.543 212
136.277 679.416 212
139.614 677.262 212
142.599 674.137 212
145.874 671.934 212
148.779 668.766 212
151.99 666.516 212
155.532 665.174 212
157.229 659.149 212
161.081 658.689 212
164.171 656.344 212
166.842 653.056 212
171.063 653.419 212
173.677 650.084 212
175.415 644.914 212
178.768 643.368 212
182.537 642.696 212
185.431 640.19 212
187.403 635.872 212
190.676 634.223 212
193.011 630.771 212
195.3 627.306 212
198.975 626.467 212
201.681 623.842 212
203.371 619.457 212
206 616.802 212
209.613 615.853 212
212.196 613.153 212
214.224 609.582 212
217.267 607.7 212
219.218 604.104 212
222.213 602.178 212
223.534 597.724 212
225.914 594.931 212
229.395 593.771 212
231.725 590.937 212
234.604 588.903 212
236.877 586.034 212
238.524 582.347 212
240.726 579.454 212
243.505 577.341 212
246.265 575.204 212
247.138 570.695 212
250.47 569.304 212
252.523 566.335 212
253.901 562.588 212
256.532 560.36 212
257.831 556.601 212
259.747 553.591 212
261.63 550.57 212
264.831 549.013 212
265.297 544.497 212
267.082 541.445 212
269.527 539.104 212
269.85 534.601 212
273.65 533.65 212
274.601 529.85 212
276.946 527.443 212
277.818 523.64 212
280.108 521.205 212
282.377 518.751 212
284.624 516.277 212
286.101 513.121 212
286.79 509.302 212
288.954 506.79 212
291.097 504.259 212
292.446 501.074 212
292.984 497.254 212
295.826 495.311 212
297.868 492.72 212
299.094 489.503 212
300.287 486.282 212
301.446 483.059 212
302.572 479.832 212
305.293 477.764 212
304.725 473.37 212
308.223 471.836 212
310.06 469.138 212
311.873 466.424 212
310.308 461.516 212
312.898 459.338 212
315.474 457.13 212
316.33 453.847 212
318.009 451.079 212
317.08 446.774 212
320.429 445 212
321.161 441.704 212
322.735 438.895 212
322.526 435.117 212
325.808 433.235 212
324.646 429 212
325.217 425.707 212
328.441 423.755 212
328.06 420.005 212
330.346 417.567 212
329.896 413.833 212
331.226 410.948 212
332.531 408.052 212
334.727 405.543 212
335.064 402.226 212
337.216 399.679 212
335.641 395.608 212
337.742 393.04 212
339.823 390.446 212
340.012 387.125 212
338.289 383.127 212
341.236 380.838 212
341.332 377.53 212
340.448 373.912 212
341.429 370.937 212
344.292 368.555 212
345.226 365.546 212
346.134 362.53 212
346.054 359.229 212
346.907 356.206 212
346.767 352.916 212
345.629 349.386 212
347.366 346.608 212
347.136 343.34 212
349.799 340.757 212
350.49 337.702 212
350.177 334.432 212
349.833 331.174 212
351.423 328.31 212
351.022 325.058 212
351.576 321.992 212
353.09 319.087 212
353.592 316.004 212
354.068 312.916 212
354.516 309.824 212
354.937 306.728 212
355.332 303.629 212
354.705 300.414 212
354.05 297.212 212
355.356 294.217 212
355.642 291.115 212
355.899 288.01 212
357.128 284.973 212
354.338 281.672 212
356.511 278.684 212
355.661 275.529 212
356.783 272.459 212
356.878 269.345 212
357.945 266.248 212
357.986 263.124 212
358 260 212
357.986 256.876 212
356.946 253.769 212
357.877 250.629 212
358.781 247.471 212
355.661 244.471 212
358.508 241.211 212
359.329 238.023 212
358.125 234.957 212
356.896 231.912 212
356.638 228.798 212
358.343 225.496 212
356.039 222.579 212
355.699 219.473 212
356.324 216.249 212
356.92 213.011 212
357.487 209.759 212
356.046 206.789 212
356.555 203.527 212
355.063 200.583 212
353.546 197.66 212
352.989 194.577 212
352.404 191.5 212
351.793 188.427 212
352.133 185.152 212
349.514 182.515 212
0 260 212
0 260 212
0 260 212
0 260 212
0 260 212
0 260 212
0 260 212
0 260 212
70.7666 238.364 212
72.4825 237.146 212
0 260 212
0 260 212
42.5483 245.349 212
38.6483 246.314 212
37.5877 246.319 212
36.5302 246.342 212
35.4761 246.382 212
36.2863 245.706 212
35.233 245.765 212
35.1074 245.458 212
34.0587 245.543 212
33.9312 245.246 212
32.8876 245.357 212
31.8486 245.486 212
31.7208 245.208 212
31.5905 244.932 212
32.3566 244.219 212
32.2176 243.937 212
31.1852 244.11 212
31.0454 243.839 212
30.0202 244.038 212
29.8798 243.777 212
28.8625 244.001 212
28.7217 243.75 212
28.5788 243.5 212
28.4338 243.251 212
28.2865 243.004 212
29.8424 241.713 212
27.9856 242.513 212
27.8319 242.269 212
28.5148 241.482 212
28.3521 241.234 212
25.7002 242.665 212
26.372 241.875 212
26.2129 241.646 212
26.0517 241.418 212
25.0795 241.779 212
24.9196 241.56 212
23.9591 241.946 212
34.9075 233.214 212
39.4005 229.217 212
32.0869 234.477 212
25.6458 239.232 212
26.2352 238.373 212
22.9813 240.716 212
0 260 212
0 260 212
0 260 212
0 260 212
0 260 212
0 260 212
0 260 212
0 260 212
0 260 212
0 260 212
0 260 212
