-0 260 210
-0 260 210
-0 260 210
-0 260 210
-0 260 210
-0 260 210
-0 260 210
-0 260 210
-16.6036 245.567 210
-22.8122 240.517 210
-26.8116 237.502 210
-26.2352 238.373 210
-33.4173 232.939 210
-43.8261 225.139 210
-40.9766 227.986 210
-27.7674 238.693 210
-25.5563 240.742 210
-25.7234 240.966 210
-26.6976 240.603 210
-26.0517 241.418 210
-25.3937 242.219 210
-26.372 241.875 210
-24.8711 243.224 210
-26.6843 242.338 210
-27.6761 242.027 210
-26.9885 242.806 210
-27.1375 243.043 210
-27.2845 243.28 210
-28.2865 243.004 210
-27.5721 243.759 210
-27.7128 244 210
-26.981 244.735 210
-27.1132 244.971 210
-29.001 244.254 210
-30.0202 244.038 210
-30.1584 244.301 210
-31.1852 244.11 210
-29.5328 245.275 210
-29.6602 245.534 210
-31.5905 244.932 210
-32.6271 244.786 210
-31.8486 245.486 210
-32.8876 245.357 210
-33.0142 245.645 210
-33.1382 245.934 210
-34.1835 245.841 210
-34.3058 246.14 210
-34.4255 246.439 210
-35.4761 246.382 210
-36.5302 246.342 210
-40.4068 245.293 210
-42.4189 244.979 210
-0 260 210
-0 260 210
-70.3782 237.133 210
-69.6213 238.048 210
-0 260 210
-70.9527 238.983 210
-0 260 210
-0 260 210
-0 260 210
-0 260 210
-0 260 210
-0 260 210
-0 260 210
-0 260 210
-0 260 210
-0 260 210
-0 260 210
-0 260 210
-0 260 210
-0 260 210
-728.914 144.551 210
-730.883 150.769 210
-730.818 157.29 210
-730.695 163.802 210
-732.499 170.061 210
-732.262 176.569 210
-732.963 182.963 210
-732.612 189.458 210
-735.192 195.679 210
-733.731 202.254 210
-735.205 208.59 210
-733.629 215.129 210
-734.991 221.481 210
-734.3 227.94 210
-735.552 234.314 210
-733.748 240.786 210
-733.888 247.19 210
-734.972 253.586 210
-733 260 210
-733.972 266.405 210
-733.888 272.81 210
-731.749 279.162 210
-732.553 285.581 210
-731.303 291.93 210
-729.998 298.258 210
-730.635 304.688 210
-728.222 310.922 210
-727.75 317.275 210
-727.222 323.624 210
-725.644 329.872 210
-725.006 336.201 210
-722.327 342.299 210
-721.581 348.599 210
-720.78 354.893 210
-718.935 361.04 210
-717.036 367.162 210
-716.074 373.415 210
-714.071 379.495 210
-713.001 385.721 210
-710.893 391.756 210
-708.735 397.764 210
-706.526 403.744 210
-704.266 409.697 210
-702.933 415.837 210
-700.572 421.74 210
-698.162 427.614 210
-695.702 433.458 210
-693.194 439.272 210
-690.637 445.056 210
-688.996 451.076 210
-685.38 456.53 210
-682.68 462.219 210
-681.845 468.461 210
-677.139 473.501 210
-674.299 479.093 210
-672.361 484.969 210
-669.427 490.502 210
-665.505 495.668 210
-662.483 501.124 210
-659.417 506.546 210
-656.307 511.933 210
-653.153 517.284 210
-649.029 522.225 210
-645.792 527.496 210
-641.592 532.34 210
-638.274 537.529 210
-635.828 543.089 210
-632.423 548.212 210
-628.978 553.297 210
-625.492 558.344 210
-621.965 563.353 210
-616.61 567.43 210
-614.794 573.254 210
-610.263 577.683 210
-607.468 582.997 210
-602.868 587.331 210
-599.989 592.579 210
-595.323 596.818 210
-591.495 601.5 210
-587.631 606.141 210
-582.017 609.711 210
-577.237 613.732 210
-574.129 618.755 210
-570.133 623.215 210
-566.941 628.176 210
-562.873 632.558 210
-557.942 636.337 210
-552.989 640.059 210
-548.832 644.296 210
-543.829 647.91 210
-539.614 652.053 210
-536.172 656.747 210
-530.294 659.605 210
-525.993 663.609 210
-521.663 667.568 210
-517.304 671.482 210
-511.362 674.093 210
-506.957 677.903 210
-501.759 681.026 210
-497.305 684.739 210
-492.825 688.407 210
-487.57 691.366 210
-483.044 694.935 210
-477.756 697.783 210
-472.454 700.571 210
-467.866 703.989 210
-463.255 707.36 210
-457.193 709.283 210
-451.841 711.841 210
-447.18 715.054 210
-443.192 718.939 210
-438.482 722.064 210
-431.705 722.947 210
-427.649 726.697 210
-421.552 728.181 210
-417.451 731.842 210
-412.005 733.958 210
-407.204 736.775 210
-401.099 738.012 210
-395.641 739.951 210
-390.808 742.608 210
-385.959 745.217 210
-380.479 746.991 210
-374.997 748.706 210
-369.514 750.362 210
-365.221 753.568 210
-359.137 754.309 210
-354.229 756.611 210
-349.308 758.864 210
-343.809 760.245 210
-337.752 760.739 210
-332.818 762.833 210
-327.328 764.041 210
-322.38 766.035 210
-305.233 748.476 210
-292.599 737.479 210
-286.361 736.585 210
-282.191 739.066 210
-285.5 754.501 210
-289.053 770.899 210
-284.098 772.527 210
-279.138 774.108 210
-274.171 775.641 210
-267.814 774.466 210
-263.768 777.675 210
-258.348 778.167 210
-253.378 779.503 210
-247.544 778.987 210
-242.16 779.314 210
-236.79 779.588 210
-231.84 780.721 210
-226.091 779.973 210
-221.545 781.926 210
-215.833 781.068 210
-211.278 782.932 210
-205.241 781.034 210
-200.328 781.871 210
-195.416 782.663 210
-190.163 782.469 210
-185.263 783.166 210
-179.714 781.926 210
-175.152 783.475 210
-169.65 782.13 210
-164.486 781.683 210
-159.343 781.186 210
-154.22 780.639 210
-149.671 781.965 210
-144.576 781.324 210
-139.503 780.634 210
-134.454 779.895 210
-129.912 781.049 210
-124.66 779.246 210
-119.674 778.365 210
-114.929 778.413 210
-109.985 777.44 210
-105.067 776.42 210
-100.175 775.354 210
-95.4914 775.226 210
-90.818 775.054 210
-86.1548 774.841 210
-81.1894 772.61 210
-76.713 773.299 210
-71.9525 771.969 210
-67.2209 770.594 210
-62.5189 769.176 210
-57.96 768.709 210
-53.3095 767.206 210
-48.7854 766.657 210
-44.1879 765.071 210
-39.6218 763.443 210
-35.1572 762.772 210
-30.6463 761.064 210
-26.2203 760.313 210
-21.8097 759.524 210
-17.3799 757.697 210
-12.9837 755.83 210
-8.58655 751.925 210
-4.29342 751.981 210
3.70695e-05 751 210
4.27604 749.981 210
8.53426 748.926 210
12.7482 746.833 210
16.9263 744.705 210
21.1118 743.539 210
25.1736 740.341 210
29.3033 739.105 210
33.3436 736.836 210
37.5035 736.526 210
41.4862 734.189 210
45.5268 732.813 210
49.442 730.409 210
53.4319 728.966 210
57.2786 726.497 210
60.9558 723.005 210
65.2722 724.436 210
68.8792 720.881 210
72.7421 719.275 210
76.4171 716.65 210
80.3991 715.966 210
84.0106 713.281 210
87.5814 710.567 210
90.9118 706.846 210
94.3919 704.079 210
98.4801 704.215 210
102.128 702.364 210
105.751 700.484 210
109.349 698.574 210
112.17 693.73 210
115.692 691.769 210
119.188 689.779 210
122.934 688.723 210
126.103 685.716 210
129.813 684.599 210
132.611 680.589 210
135.968 678.465 210
139.614 677.262 210
142.924 675.083 210
145.874 671.934 210
148.779 668.766 210
152.34 667.452 210
155.173 664.24 210
158.695 662.871 210
161.83 660.543 210
164.937 658.192 210
167.624 654.897 210
170.266 651.585 210
173.27 649.17 210
176.659 647.643 210
179.613 645.181 210
182.106 641.794 210
184.993 639.291 210
187.849 636.767 210
190.222 633.332 210
193.011 630.771 210
195.77 628.189 210
198.021 624.709 210
200.711 622.093 210
203.863 620.327 210
207 618.535 210
210.121 616.714 210
211.166 611.439 210
214.224 609.582 210
215.677 605.156 210
218.681 603.26 210
220.034 598.823 210
223.534 597.724 210
226.473 595.76 210
229.395 593.771 210
231.725 590.937 210
234.023 588.089 210
236.29 585.225 210
237.929 581.543 210
240.726 579.454 210
242.287 575.755 210
245.033 573.628 210
247.761 571.478 210
250.47 569.304 210
251.251 564.792 210
253.258 561.821 210
255.233 558.84 210
256.519 555.091 210
258.422 552.093 210
261.63 550.57 210
263.48 547.538 210
265.297 544.497 210
267.082 541.445 210
269.527 539.104 210
270.551 535.315 210
272.236 532.236 210
273.175 528.448 210
276.226 526.749 210
277.093 522.951 210
279.377 520.523 210
280.903 517.4 210
282.395 514.27 210
283.854 511.133 210
286.79 509.302 210
287.433 505.491 210
288.799 502.331 210
291.674 500.438 210
292.984 497.254 210
294.261 494.065 210
295.504 490.873 210
297.508 488.286 210
297.891 484.477 210
301.446 483.059 210
301.763 479.244 210
302.037 475.441 210
304.725 473.37 210
306.575 470.703 210
305.915 466.342 210
308.538 464.217 210
309.469 460.972 210
311.211 458.264 210
312.082 455.01 210
313.772 452.279 210
315.438 449.534 210
317.08 446.774 210
318.697 444 210
318.55 440.227 210
320.111 437.44 210
320.768 434.163 210
321.393 430.888 210
321.985 427.615 210
324.326 425.253 210
326.651 422.862 210
327.161 419.567 210
325.833 415.414 210
328.99 413.41 210
327.586 409.29 210
328.876 406.425 210
330.142 403.55 210
332.302 401.054 210
331.673 397.383 210
332.859 394.484 210
334.02 391.574 210
335.155 388.654 210
337.202 386.075 210
335.47 382.101 210
337.466 379.503 210
338.496 376.553 210
341.397 374.23 210
340.478 370.628 210
342.384 367.953 210
341.401 364.377 210
342.299 361.393 210
342.209 358.127 210
342.089 354.87 210
343.87 352.14 210
345.629 349.386 210
344.455 345.882 210
346.164 343.107 210
345.901 339.858 210
346.585 336.836 210
347.242 333.809 210
346.893 330.576 210
346.514 327.356 210
349.055 324.694 210
349.607 321.645 210
350.131 318.592 210
349.642 315.378 210
350.112 312.325 210
349.565 309.128 210
350.971 306.206 210
351.361 303.142 210
349.737 299.848 210
353.055 297.108 210
352.37 293.929 210
350.661 290.679 210
351.912 287.696 210
351.143 284.554 210
351.343 281.489 210
353.515 278.527 210
353.663 275.441 210
354.784 272.389 210
354.878 269.293 210
352.946 266.161 210
354.986 263.098 210
354 260 210
353.987 256.911 210
353.946 253.822 210
351.879 250.786 210
353.784 247.646 210
354.662 244.515 210
353.515 241.473 210
354.338 238.328 210
354.135 235.236 210
352.909 232.225 210
353.649 229.06 210
354.361 225.879 210
353.055 222.892 210
351.724 219.926 210
351.361 216.858 210
352.954 213.533 210
352.535 210.454 210
352.09 207.38 210
351.617 204.309 210
352.104 201.078 210
351.576 198.008 210
349.055 195.306 210
349.459 192.072 210
349.833 188.826 210
348.221 185.983 210
345.609 183.38 210
0 260 210
0 260 210
0 260 210
0 260 210
0 260 210
0 260 210
0 260 210
0 260 210
71.7229 238.072 210
72.4825 237.146 210
74.1824 235.897 210
0 260 210
42.5483 245.349 210
38.6483 246.314 210
38.5274 245.977 210
37.4669 245.992 210
35.4761 246.382 210
35.3559 246.073 210
36.1602 245.39 210
35.1074 245.458 210
34.0587 245.543 210
33.0142 245.645 210
32.8876 245.357 210
32.7586 245.071 210
31.7208 245.208 210
32.4931 244.502 210
32.3566 244.219 210
33.1126 243.491 210
32.0762 243.656 210
30.1584 244.301 210
30.0202 244.038 210
29.8798 243.777 210
29.7371 243.516 210
28.7217 243.75 210
28.5788 243.5 210
28.4338 243.251 210
28.2865 243.004 210
28.9898 242.235 210
27.9856 242.513 210
28.6753 241.732 210
28.5148 241.482 210
27.5182 241.786 210
26.5292 242.106 210
27.1962 241.309 210
26.2129 241.646 210
26.8658 240.837 210
25.0795 241.779 210
24.1157 242.155 210
24.7577 241.344 210
34.1142 233.823 210
40.9766 227.986 210
32.8695 233.854 210
26.423 238.603 210
26.2352 238.373 210
22.2153 241.359 210
0 260 210
0 260 210
0 260 210
0 260 210
0 260 210
0 260 210
0 260 210
0 260 210
0 260 210
0 260 210
0 260 210
