-0 260 228
-0 260 228
-0 260 228
-0 260 228
-0 260 228
-0 260 228
-0 260 228
-0 260 228
-16.6036 245.567 228
-23.5726 239.867 228
-26.8116 237.502 228
-27.7785 237.101 228
-34.9716 231.681 228
-43.0435 225.762 228
-41.7646 227.37 228
-26.974 239.302 228
-26.355 240.14 228
-27.3311 239.776 228
-26.6976 240.603 228
-26.8658 240.837 228
-27.032 241.072 228
-27.1962 241.309 228
-25.7002 242.665 228
-27.5182 241.786 228
-28.5148 241.482 228
-26.9885 242.806 228
-27.1375 243.043 228
-28.1371 242.758 228
-28.2865 243.004 228
-29.2954 242.744 228
-28.5788 243.5 228
-26.981 244.735 228
-27.9878 244.486 228
-29.001 244.254 228
-30.0202 244.038 228
-31.0454 243.839 228
-31.1852 244.11 228
-31.3227 244.383 228
-31.4578 244.657 228
-31.5905 244.932 228
-31.7208 245.208 228
-32.7586 245.071 228
-32.8876 245.357 228
-33.9312 245.246 228
-35.8997 244.761 228
-36.0313 245.075 228
-35.233 245.765 228
-35.3559 246.073 228
-37.3432 245.665 228
-37.4669 245.992 228
-39.4671 245.635 228
-0 260 228
-0 260 228
-0 260 228
-73.2314 236.206 228
-72.4825 237.146 228
-0 260 228
-0 260 228
-0 260 228
-0 260 228
-0 260 228
-0 260 228
-0 260 228
-0 260 228
-0 260 228
-0 260 228
-0 260 228
-0 260 228
-0 260 228
-0 260 228
-0 260 228
-0 260 228
-718.049 146.272 228
-718.026 152.69 228
-718.935 158.96 228
-720.78 165.108 228
-720.589 171.523 228
-719.346 178.041 228
-721.028 184.217 228
-720.667 190.608 228
-722.241 196.812 228
-720.771 203.274 228
-720.241 209.636 228
-721.651 215.862 228
-723.008 222.109 228
-722.312 228.463 228
-720.561 234.838 228
-720.753 241.127 228
-720.89 247.417 228
-720.973 253.708 228
-721 260 228
-719.973 266.283 228
-719.89 272.566 228
-719.753 278.848 228
-719.561 285.128 228
-717.317 291.319 228
-716.017 297.525 228
-715.663 303.772 228
-715.253 310.015 228
-713.793 316.177 228
-712.279 322.316 228
-711.708 328.53 228
-711.083 334.738 228
-709.41 340.827 228
-708.678 347.015 228
-706.9 353.065 228
-706.061 359.231 228
-704.179 365.24 228
-702.246 371.225 228
-700.263 377.184 228
-698.229 383.117 228
-697.128 389.205 228
-694.01 394.902 228
-691.827 400.754 228
-690.572 406.786 228
-688.289 412.59 228
-685.957 418.366 228
-683.576 424.112 228
-682.118 430.071 228
-678.671 435.516 228
-678.08 441.691 228
-673.578 446.8 228
-669.999 452.119 228
-668.297 457.959 228
-666.544 463.783 228
-663.787 469.291 228
-660.984 474.767 228
-657.188 479.892 228
-654.299 485.293 228
-652.308 490.994 228
-648.388 495.994 228
-645.367 501.293 228
-642.303 506.557 228
-638.266 511.42 228
-636.048 516.98 228
-631.934 521.756 228
-628.705 526.869 228
-624.518 531.548 228
-622.124 536.988 228
-617.864 541.577 228
-614.477 546.535 228
-611.05 551.456 228
-607.585 556.339 228
-604.081 561.184 228
-600.538 565.99 228
-596.958 570.757 228
-593.341 575.485 228
-589.686 580.174 228
-585.995 584.823 228
-583.138 589.924 228
-578.505 594 228
-574.707 598.528 228
-570.873 603.015 228
-567.858 607.984 228
-563.104 611.866 228
-557.482 615.155 228
-555.2 620.551 228
-550.365 624.278 228
-545.507 627.949 228
-542.275 632.695 228
-537.364 636.266 228
-533.246 640.361 228
-529.906 644.999 228
-524.115 647.825 228
-520.71 652.383 228
-515.68 655.695 228
-511.419 659.564 228
-507.913 664.012 228
-502.813 667.17 228
-498.469 670.907 228
-493.333 673.955 228
-489.701 678.245 228
-485.278 681.846 228
-478.583 683.414 228
-474.869 687.575 228
-470.383 691.027 228
-465.141 693.751 228
-460.613 697.105 228
-456.781 701.108 228
-451.487 703.676 228
-446.184 706.184 228
-440.872 708.635 228
-436.245 711.745 228
-430.91 714.084 228
-425.567 716.365 228
-421.568 720.061 228
-416.868 722.979 228
-410.824 724.353 228
-406.757 727.92 228
-402.008 730.691 228
-396.6 732.649 228
-391.188 734.549 228
-385.773 736.391 228
-381.601 739.739 228
-376.169 741.475 228
-371.344 743.946 228
-366.505 746.369 228
-361.652 748.745 228
-355.61 749.455 228
-350.745 751.726 228
-344.719 752.31 228
-340.41 755.3 228
-335.516 757.423 228
-330.61 759.498 228
-325.149 760.686 228
-319.156 760.975 228
-314.772 763.741 228
-309.842 765.616 228
-303.872 765.729 228
-291.327 754.575 228
-277.5 740.644 228
-272.31 741.307 228
-265.676 739.292 228
-261.96 742.471 228
-270.416 768.578 228
-267.814 774.466 228
-261.952 774.111 228
-257.456 776.377 228
-252.063 776.807 228
-246.683 777.181 228
-241.738 778.408 228
-236.375 778.678 228
-231.84 780.721 228
-226.489 780.89 228
-220.763 780.085 228
-216.216 781.992 228
-210.903 782.005 228
-205.607 781.964 228
-200.686 782.805 228
-195.416 782.663 228
-190.163 782.469 228
-184.929 782.223 228
-180.69 784.763 228
-175.152 783.475 228
-170.268 784.032 228
-165.087 783.591 228
-160.22 784.055 228
-155.072 783.516 228
-150.222 783.888 228
-144.843 782.288 228
-140.28 783.532 228
-135.205 782.8 228
-130.154 782.019 228
-125.594 783.135 228
-120.574 782.262 228
-115.579 781.342 228
-110.817 781.353 228
-105.864 780.34 228
-100.938 779.281 228
-96.5848 781.125 228
-91.5125 778.994 228
-86.98 779.773 228
-81.9716 777.549 228
-77.3043 777.255 228
-72.5091 775.93 228
-67.7431 774.56 228
-63.2501 775.131 228
-58.526 773.677 228
-53.9366 773.173 228
-49.2647 771.634 228
-44.7109 771.048 228
-40.0926 769.425 228
-35.5758 768.758 228
-31.0737 768.051 228
-26.5343 766.305 228
-22.0278 764.519 228
-17.5893 763.693 228
-13.167 762.828 228
-8.74362 760.924 228
-4.36323 759.981 228
3.76735e-05 759 228
4.34585 757.981 228
8.65643 755.924 228
12.9314 753.831 228
17.2055 752.7 228
21.4608 751.532 228
25.697 750.327 228
29.8528 748.088 228
33.9714 745.814 228
38.1312 744.502 228
42.3577 744.151 228
46.3894 741.772 228
50.4873 740.354 228
54.4508 737.908 228
58.3754 735.43 228
62.3916 733.911 228
66.3856 732.358 228
70.3573 730.772 228
74.15 728.164 228
78.2326 727.499 228
81.962 724.829 228
85.6507 722.13 228
89.1078 718.42 228
93.3042 718.605 228
97.3027 717.773 228
100.644 713.978 228
104.602 713.082 228
107.852 709.235 228
111.768 708.277 228
115.425 706.316 228
119.057 704.326 228
122.395 701.343 228
125.966 699.297 228
129.795 698.181 228
133.029 695.119 228
136.52 692.987 228
139.985 690.829 228
143.104 687.694 228
146.506 685.483 228
149.879 683.246 228
153.225 680.982 228
156.193 677.756 228
159.832 676.377 228
163.093 674.036 228
166.7 672.597 228
169.529 669.279 228
171.922 665.022 228
175.45 663.506 228
178.557 661.046 228
181.636 658.563 228
184.684 656.056 228
188.133 654.43 228
190.691 650.975 228
194.096 649.296 228
197.032 646.697 228
199.937 644.076 228
202.342 640.55 228
205.178 637.891 228
208.468 636.086 228
211.25 633.383 228
213.5 629.793 228
216.719 627.916 228
218.376 623.439 228
222.584 623.225 228
224.156 618.724 228
226.203 615.068 228
229.293 613.08 228
231.814 610.232 228
234.861 608.196 228
237.891 606.133 228
240.329 603.225 228
242.153 599.486 228
245.106 597.36 228
246.851 593.601 228
249.151 590.635 228
251.418 587.655 228
254.884 586.236 228
255.231 580.869 228
258.651 579.407 228
261.428 577.138 228
262.9 573.312 228
264.975 570.246 228
267.672 567.921 228
270.349 565.574 228
272.336 562.46 228
273.614 558.597 228
277.573 557.661 228
278.784 553.777 228
279.253 549.175 228
283.167 548.153 228
284.964 544.964 228
285.3 540.364 228
287.736 537.863 228
290.15 535.342 228
291.079 531.435 228
294.174 529.56 228
295.029 525.645 228
296.586 522.398 228
298.11 519.143 228
301.121 517.181 228
302.588 513.901 228
304.792 511.251 228
306.973 508.582 228
309.13 505.893 228
310.476 502.571 228
310.995 498.634 228
313.065 495.911 228
314.308 492.576 228
315.517 489.236 228
316.691 485.893 228
320.288 484.268 228
321.409 480.898 228
321.667 476.967 228
323.548 474.152 228
325.404 471.32 228
327.236 468.472 228
327.347 464.549 228
329.119 461.684 228
331.724 459.32 228
334.312 456.925 228
335.152 453.5 228
335.087 449.583 228
336.729 446.652 228
335.708 442.275 228
338.169 439.808 228
337.951 435.926 228
342.147 434.332 228
343.655 431.34 228
345.137 428.335 228
343.885 424.025 228
345.303 421.018 228
346.695 417.998 228
348.974 415.373 228
348.483 411.525 228
350.712 408.869 228
350.15 405.037 228
352.33 402.35 228
353.559 399.27 228
356.628 396.897 228
354.999 392.729 228
356.144 389.626 228
358.204 386.847 228
357.406 383.065 228
359.415 380.258 228
360.45 377.117 228
361.459 373.967 228
361.483 370.516 228
363.393 367.642 228
363.357 364.191 228
363.289 360.749 228
363.188 357.316 228
365.96 354.644 228
364.831 350.963 228
366.583 348.009 228
367.338 344.807 228
367.087 341.381 228
367.783 338.175 228
370.412 335.361 228
371.055 332.126 228
368.721 328.338 228
370.288 325.292 228
372.816 322.388 228
372.359 318.976 228
371.87 315.576 228
373.331 312.468 228
374.766 309.339 228
374.19 305.945 228
373.583 302.564 228
374.935 299.407 228
375.264 296.134 228
375.565 292.858 228
375.838 289.579 228
376.082 286.298 228
375.299 282.954 228
375.485 279.678 228
375.642 276.401 228
376.77 273.157 228
377.87 269.895 228
377.942 266.597 228
376.986 263.29 228
378 260 228
376.986 256.71 228
377.942 253.403 228
377.87 250.105 228
376.77 246.843 228
378.639 243.468 228
378.481 240.165 228
379.291 236.802 228
377.079 233.632 228
378.829 230.186 228
375.565 227.142 228
375.264 223.866 228
376.924 220.384 228
377.557 216.983 228
376.175 213.812 228
377.74 210.27 228
376.302 207.114 228
376.815 203.685 228
375.322 200.555 228
374.789 197.282 228
374.227 194.014 228
374.62 190.568 228
374 187.302 228
374.331 183.841 228
370.718 181.201 228
370.992 177.753 228
0 260 228
0 260 228
0 260 228
0 260 228
0 260 228
0 260 228
0 260 228
0 260 228
71.7229 238.072 228
72.4825 237.146 228
73.2314 236.206 228
0 260 228
0 260 228
41.4762 245.312 228
39.4671 245.635 228
36.5302 246.342 228
36.4096 246.024 228
35.3559 246.073 228
37.0874 245.016 228
35.1074 245.458 228
34.9792 245.152 228
33.9312 245.246 228
33.8012 244.951 228
32.7586 245.071 228
32.6271 244.786 228
34.2982 243.641 228
34.1542 243.342 228
34.0075 243.044 228
32.0762 243.656 228
31.9324 243.377 228
30.9032 243.568 228
29.8798 243.777 228
29.7371 243.516 228
28.7217 243.75 228
29.4449 243 228
29.2954 242.744 228
29.1437 242.489 228
29.8424 241.713 228
27.9856 242.513 228
28.6753 241.732 228
28.5148 241.482 228
28.3521 241.234 228
27.3582 241.547 228
27.1962 241.309 228
27.032 241.072 228
26.0517 241.418 228
25.8885 241.191 228
24.9196 241.56 228
24.7577 241.344 228
35.7009 232.606 228
40.9766 227.986 228
32.8695 233.854 228
27.9773 237.344 228
27.0069 237.737 228
23.7474 240.074 228
0 260 228
0 260 228
0 260 228
0 260 228
0 260 228
0 260 228
0 260 228
0 260 228
0 260 228
0 260 228
0 260 228
