-0 260 18
-0 260 18
-0 260 18
-0 260 18
-0 260 18
-0 260 18
-0 260 18
-0 260 18
-16.6036 245.567 18
-23.5726 239.867 18
-26.8116 237.502 18
-27.7785 237.101 18
-33.4173 232.939 18
-43.0435 225.762 18
-40.1886 228.601 18
-27.7674 238.693 18
-25.5563 240.742 18
-27.3311 239.776 18
-27.5066 240.015 18
-26.0517 241.418 18
-27.032 241.072 18
-25.5479 242.441 18
-26.5292 242.106 18
-25.8505 242.89 18
-26.8375 242.572 18
-27.8319 242.269 18
-27.1375 243.043 18
-28.1371 242.758 18
-28.2865 243.004 18
-28.4338 243.251 18
-27.7128 244 18
-27.8514 244.242 18
-27.1132 244.971 18
-28.1222 244.731 18
-30.9032 243.569 18
-31.0454 243.839 18
-30.2942 244.564 18
-30.4278 244.829 18
-31.4578 244.657 18
-31.5905 244.932 18
-31.7208 245.208 18
-30.9387 245.9 18
-32.8876 245.357 18
-33.9312 245.246 18
-33.1382 245.934 18
-35.1074 245.458 18
-34.3058 246.14 18
-34.4255 246.439 18
-36.4096 246.024 18
-36.5302 246.342 18
-40.4068 245.293 18
-0 260 18
-0 260 18
-0 260 18
-72.2803 236.515 18
-71.5288 237.447 18
-0 260 18
-0 260 18
-0 260 18
-0 260 18
-0 260 18
-0 260 18
-0 260 18
-0 260 18
-0 260 18
-0 260 18
-0 260 18
-0 260 18
-0 260 18
-0 260 18
-0 260 18
-0 260 18
-678.542 152.53 18
-679.454 158.455 18
-882.329 135.997 18
-872.471 145.137 18
-870.463 153.121 18
-870.369 160.834 18
-876.174 167.911 18
-864.004 176.806 18
-838.796 186.615 18
-849.374 193.153 18
-849.925 200.568 18
-853.405 207.804 18
-851.831 215.358 18
-851.189 222.836 18
-854.479 230.161 18
-865.703 237.331 18
-867.868 244.851 18
-873.967 252.373 18
-879 260 18
-885.966 267.732 18
-890.864 275.55 18
-947.675 284.816 18
-975.405 294.062 18
-980.066 302.791 18
-961.68 310.4 18
-953.219 318.301 18
-994.571 329.547 18
-1006.89 339.244 18
-1110.76 357.179 18
-1111.86 367.06 18
-1050.22 370.382 18
-1005.49 374.562 18
-1005.45 383.454 18
-1011.27 393.137 18
-1099.2 414.482 18
-986.701 416.278 18
-991.217 425.873 18
-988.747 434.343 18
-1006.85 446.609 18
-1002.24 454.816 18
-1058.32 475.318 18
-1055.42 484.337 18
-1057.33 494.404 18
-1073.76 507.896 18
-1100.72 524.26 18
-1065.38 525.63 18
-1030.11 526.404 18
-1040.3 538.748 18
-1102.39 565.721 18
-1105.45 576.983 18
-1082.51 580.653 18
-1056.72 583.071 18
-1048.13 590.476 18
-1033.8 595.902 18
-1029.88 604.593 18
-1026.83 613.567 18
-1034.08 626.186 18
-1034.6 636.564 18
-1035.02 646.979 18
-0 260 18
-0 260 18
-0 260 18
-0 260 18
-0 260 18
-0 260 18
-0 260 18
-0 260 18
-0 260 18
-0 260 18
-0 260 18
-0 260 18
-0 260 18
-0 260 18
-0 260 18
-0 260 18
-0 260 18
-0 260 18
-0 260 18
-0 260 18
-0 260 18
-0 260 18
-0 260 18
-0 260 18
-0 260 18
-0 260 18
-0 260 18
-0 260 18
-0 260 18
-0 260 18
-0 260 18
-0 260 18
-0 260 18
-0 260 18
-0 260 18
-0 260 18
-0 260 18
-0 260 18
-0 260 18
-0 260 18
-0 260 18
-0 260 18
-0 260 18
-0 260 18
-0 260 18
-0 260 18
-0 260 18
-0 260 18
-0 260 18
-0 260 18
-0 260 18
-0 260 18
-0 260 18
-0 260 18
-0 260 18
-0 260 18
-0 260 18
-0 260 18
-0 260 18
-0 260 18
-0 260 18
-0 260 18
-0 260 18
-0 260 18
-0 260 18
-0 260 18
-0 260 18
-0 260 18
-0 260 18
-0 260 18
-0 260 18
-0 260 18
-0 260 18
-0 260 18
-0 260 18
-0 260 18
-0 260 18
-0 260 18
-0 260 18
-0 260 18
-0 260 18
-0 260 18
-0 260 18
-0 260 18
-0 260 18
-0 260 18
-0 260 18
-0 260 18
-0 260 18
-0 260 18
-0 260 18
-0 260 18
-0 260 18
-0 260 18
-0 260 18
-0 260 18
-0 260 18
-0 260 18
-0 260 18
-0 260 18
-0 260 18
-0 260 18
-0 260 18
-0 260 18
-0 260 18
-0 260 18
-0 260 18
-0 260 18
-0 260 18
-0 260 18
-0 260 18
-0 260 18
-0 260 18
-0 260 18
-0 260 18
-0 260 18
-0 260 18
0 260 18
0 260 18
0 260 18
0 260 18
0 260 18
0 260 18
0 260 18
0 260 18
0 260 18
0 260 18
0 260 18
0 260 18
0 260 18
0 260 18
0 260 18
0 260 18
0 260 18
0 260 18
0 260 18
0 260 18
0 260 18
0 260 18
0 260 18
0 260 18
0 260 18
0 260 18
0 260 18
0 260 18
0 260 18
0 260 18
0 260 18
0 260 18
0 260 18
0 260 18
0 260 18
0 260 18
0 260 18
0 260 18
0 260 18
0 260 18
0 260 18
0 260 18
0 260 18
0 260 18
0 260 18
0 260 18
0 260 18
0 260 18
0 260 18
0 260 18
0 260 18
0 260 18
0 260 18
0 260 18
0 260 18
0 260 18
0 260 18
0 260 18
0 260 18
0 260 18
0 260 18
0 260 18
0 260 18
0 260 18
0 260 18
0 260 18
0 260 18
0 260 18
0 260 18
0 260 18
0 260 18
0 260 18
0 260 18
0 260 18
0 260 18
0 260 18
0 260 18
0 260 18
0 260 18
0 260 18
0 260 18
0 260 18
0 260 18
0 260 18
0 260 18
0 260 18
0 260 18
0 260 18
0 260 18
0 260 18
0 260 18
0 260 18
0 260 18
0 260 18
0 260 18
0 260 18
0 260 18
0 260 18
0 260 18
0 260 18
0 260 18
0 260 18
0 260 18
0 260 18
0 260 18
0 260 18
0 260 18
0 260 18
0 260 18
0 260 18
0 260 18
0 260 18
0 260 18
0 260 18
0 260 18
0 260 18
0 260 18
0 260 18
0 260 18
0 260 18
0 260 18
0 260 18
0 260 18
0 260 18
0 260 18
0 260 18
0 260 18
0 260 18
0 260 18
0 260 18
0 260 18
0 260 18
0 260 18
0 260 18
0 260 18
0 260 18
0 260 18
0 260 18
0 260 18
0 260 18
0 260 18
0 260 18
0 260 18
0 260 18
0 260 18
0 260 18
0 260 18
0 260 18
0 260 18
0 260 18
0 260 18
0 260 18
0 260 18
0 260 18
0 260 18
0 260 18
0 260 18
0 260 18
0 260 18
0 260 18
0 260 18
0 260 18
0 260 18
0 260 18
0 260 18
0 260 18
0 260 18
0 260 18
0 260 18
0 260 18
0 260 18
0 260 18
0 260 18
0 260 18
0 260 18
0 260 18
0 260 18
0 260 18
502.923 268.779 18
502.981 264.389 18
0 260 18
0 260 18
0 260 18
723.752 241.048 18
720.561 234.837 18
0 260 18
0 260 18
0 260 18
0 260 18
0 260 18
0 260 18
1194.73 81.4462 18
1153.62 77.2846 18
1100.69 75.8069 18
1095.11 66.9032 18
1089.45 58.083 18
1075.86 50.8734 18
1073.02 41.6921 18
1073.03 31.9209 18
1066.12 23.648 18
0 260 18
0 260 18
0 260 18
0 260 18
0 260 18
0 260 18
0 260 18
0 260 18
71.7229 238.072 18
72.4825 237.146 18
0 260 18
0 260 18
0 260 18
38.6483 246.314 18
38.5274 245.977 18
38.4036 245.641 18
36.4096 246.024 18
36.2863 245.706 18
35.233 245.765 18
35.1074 245.458 18
34.0587 245.543 18
33.9312 245.246 18
32.8876 245.357 18
32.7586 245.071 18
31.7208 245.208 18
33.3957 244.071 18
34.1542 243.342 18
34.0075 243.044 18
31.1852 244.11 18
31.0454 243.839 18
30.9032 243.568 18
29.8798 243.777 18
28.8625 244.001 18
29.5921 243.258 18
29.4449 243 18
29.2954 242.744 18
28.2865 243.004 18
29.8424 241.713 18
27.9856 242.513 18
28.6753 241.732 18
29.3535 240.938 18
27.5182 241.786 18
27.3582 241.547 18
27.1962 241.309 18
26.2129 241.646 18
26.8658 240.837 18
25.0795 241.779 18
24.1157 242.155 18
23.9591 241.946 18
36.4943 231.997 18
40.9766 227.986 18
32.0869 234.477 18
25.6458 239.232 18
25.4636 239.009 18
22.9813 240.716 18
0 260 18
0 260 18
0 260 18
0 260 18
0 260 18
0 260 18
0 260 18
0 260 18
0 260 18
0 260 18
0 260 18
