-0 260 20
-0 260 20
-0 260 20
-0 260 20
-0 260 20
-0 260 20
-0 260 20
-0 260 20
-16.6036 245.567 20
-22.8122 240.517 20
-26.8116 237.502 20
-27.7785 237.101 20
-34.9716 231.681 20
-43.0435 225.762 20
-40.9766 227.986 20
-26.1807 239.911 20
-27.1536 239.538 20
-25.7234 240.966 20
-26.6976 240.603 20
-26.8658 240.837 20
-26.2129 241.646 20
-26.372 241.875 20
-25.7002 242.665 20
-27.5182 241.786 20
-25.9988 243.116 20
-27.8319 242.269 20
-27.1375 243.043 20
-28.9898 242.235 20
-29.1437 242.489 20
-27.5721 243.759 20
-28.5788 243.5 20
-27.8514 244.242 20
-27.1132 244.971 20
-29.001 244.254 20
-30.0202 244.038 20
-30.1584 244.301 20
-30.2942 244.564 20
-29.5328 245.275 20
-30.559 245.095 20
-31.5905 244.932 20
-31.7208 245.208 20
-31.8486 245.486 20
-32.8876 245.357 20
-33.9312 245.246 20
-34.0587 245.543 20
-35.1074 245.458 20
-34.3058 246.14 20
-34.4255 246.439 20
-36.4096 246.024 20
-37.4669 245.992 20
-39.4671 245.635 20
-0 260 20
-0 260 20
-0 260 20
-71.3292 236.824 20
-71.5288 237.447 20
-0 260 20
-71.9115 238.699 20
-0 260 20
-0 260 20
-0 260 20
-0 260 20
-0 260 20
-0 260 20
-0 260 20
-0 260 20
-0 260 20
-0 260 20
-0 260 20
-0 260 20
-0 260 20
-0 260 20
-670.64 153.781 20
-854.51 132.293 20
-868.465 137.945 20
-879.412 144.223 20
-883.366 151.536 20
-873.35 160.495 20
-879.157 167.597 20
-877.939 175.464 20
-874.659 183.477 20
-860.34 192.29 20
-849.925 200.568 20
-833.443 209.025 20
-831.858 216.404 20
-835.204 223.534 20
-838.489 230.719 20
-840.712 237.985 20
-850.87 245.148 20
-913.965 252.024 20
-1027 260 20
-1021.96 268.919 20
-1010.85 277.645 20
-1006.65 286.36 20
-1006.39 295.144 20
-998.049 303.576 20
-995.634 312.179 20
-993.144 320.743 20
-995.569 329.617 20
-1001.9 338.852 20
-1001.18 347.592 20
-978.474 354.217 20
-975.626 362.543 20
-966.745 370.147 20
-955.822 377.36 20
-973.599 388.177 20
-1017.01 402.931 20
-988.027 407.662 20
-979.787 415.183 20
-627.278 364.97 20
-623.383 369.919 20
-624.367 375.72 20
-624.315 381.355 20
-997.563 462.957 20
-967.388 465.625 20
-980.201 477.306 20
-997.755 490.35 20
-1002.51 500.682 20
-1161.44 549.581 20
-1160.81 560.206 20
-1151.38 568.512 20
-1121.67 571.066 20
-1106.41 577.259 20
-1096.89 584.914 20
-1090.19 593.304 20
-1088.19 603.105 20
-1107.03 619.696 20
-1131.35 638.545 20
-1137.46 651.659 20
-1117.03 655.561 20
-1109.78 663.926 20
-1117.45 677.798 20
-1108.16 685.383 20
-1103.48 694.671 20
-1101.49 705.033 20
-1096.64 714.245 20
-1126.7 738.255 20
-1106.89 741.29 20
-1127.32 761.913 20
-1102.87 762.608 20
-1070.35 759.112 20
-1047 759.393 20
-1050.69 772.456 20
-1037.23 777.143 20
-1034.46 787.083 20
-1090.14 827.489 20
-0 260 20
-0 260 20
-0 260 20
-0 260 20
-0 260 20
-0 260 20
-0 260 20
-0 260 20
-0 260 20
-0 260 20
-0 260 20
-0 260 20
-0 260 20
-0 260 20
-0 260 20
-0 260 20
-0 260 20
-0 260 20
-0 260 20
-0 260 20
-0 260 20
-0 260 20
-0 260 20
-0 260 20
-0 260 20
-0 260 20
-0 260 20
-0 260 20
-0 260 20
-0 260 20
-0 260 20
-0 260 20
-0 260 20
-0 260 20
-0 260 20
-0 260 20
-0 260 20
-0 260 20
-0 260 20
-0 260 20
-0 260 20
-0 260 20
-0 260 20
-0 260 20
-0 260 20
-0 260 20
-0 260 20
-0 260 20
-0 260 20
-0 260 20
-0 260 20
-0 260 20
-0 260 20
-0 260 20
-0 260 20
-0 260 20
-0 260 20
-0 260 20
-0 260 20
-0 260 20
-0 260 20
-0 260 20
-0 260 20
-0 260 20
-0 260 20
-0 260 20
-0 260 20
-0 260 20
-0 260 20
-0 260 20
-0 260 20
-0 260 20
-0 260 20
-0 260 20
-0 260 20
-0 260 20
-0 260 20
-0 260 20
-0 260 20
-0 260 20
-0 260 20
-0 260 20
-0 260 20
-0 260 20
-0 260 20
-0 260 20
-0 260 20
-0 260 20
-0 260 20
-0 260 20
-0 260 20
-0 260 20
-0 260 20
0 260 20
0 260 20
0 260 20
0 260 20
0 260 20
0 260 20
0 260 20
0 260 20
0 260 20
0 260 20
0 260 20
0 260 20
0 260 20
0 260 20
0 260 20
0 260 20
0 260 20
0 260 20
0 260 20
0 260 20
0 260 20
0 260 20
0 260 20
0 260 20
0 260 20
0 260 20
0 260 20
0 260 20
0 260 20
0 260 20
0 260 20
0 260 20
0 260 20
0 260 20
0 260 20
0 260 20
0 260 20
0 260 20
0 260 20
0 260 20
0 260 20
0 260 20
0 260 20
0 260 20
0 260 20
0 260 20
0 260 20
0 260 20
0 260 20
0 260 20
0 260 20
0 260 20
0 260 20
0 260 20
0 260 20
0 260 20
0 260 20
0 260 20
0 260 20
0 260 20
0 260 20
0 260 20
0 260 20
0 260 20
0 260 20
0 260 20
0 260 20
0 260 20
0 260 20
0 260 20
0 260 20
0 260 20
0 260 20
0 260 20
0 260 20
0 260 20
0 260 20
0 260 20
0 260 20
0 260 20
0 260 20
0 260 20
0 260 20
0 260 20
0 260 20
0 260 20
0 260 20
0 260 20
0 260 20
0 260 20
0 260 20
0 260 20
0 260 20
0 260 20
0 260 20
0 260 20
0 260 20
0 260 20
0 260 20
0 260 20
0 260 20
0 260 20
0 260 20
0 260 20
0 260 20
0 260 20
0 260 20
0 260 20
0 260 20
0 260 20
0 260 20
0 260 20
0 260 20
0 260 20
0 260 20
0 260 20
0 260 20
0 260 20
0 260 20
0 260 20
0 260 20
0 260 20
0 260 20
0 260 20
0 260 20
0 260 20
0 260 20
0 260 20
0 260 20
0 260 20
0 260 20
0 260 20
0 260 20
0 260 20
0 260 20
0 260 20
0 260 20
0 260 20
0 260 20
0 260 20
0 260 20
0 260 20
0 260 20
0 260 20
0 260 20
0 260 20
0 260 20
0 260 20
0 260 20
0 260 20
0 260 20
0 260 20
0 260 20
0 260 20
0 260 20
0 260 20
0 260 20
0 260 20
0 260 20
0 260 20
0 260 20
0 260 20
0 260 20
0 260 20
0 260 20
0 260 20
0 260 20
484.863 315.243 20
466.431 309.024 20
454.896 303.802 20
452.272 299.569 20
453.597 295.699 20
459.877 292.158 20
447.164 287.35 20
450.382 283.604 20
445.576 279.454 20
452.724 275.809 20
450.845 271.806 20
456.93 267.976 20
468.982 264.093 20
481 260 20
465.982 255.933 20
462.929 251.92 20
461.842 247.906 20
463.717 243.807 20
468.554 239.543 20
469.356 235.402 20
462.136 231.735 20
457.882 227.982 20
456.588 224.066 20
459.246 219.821 20
463.855 215.336 20
463.447 211.29 20
458.037 207.813 20
477.415 201.381 20
479.859 196.825 20
472.358 193.614 20
467.805 190.086 20
467.177 186.007 20
468.486 181.602 20
478.617 175.607 20
479.828 171.069 20
470.199 168.602 20
476.243 163.107 20
1073.03 31.9209 20
1061.23 24.7302 20
0 260 20
0 260 20
0 260 20
0 260 20
0 260 20
0 260 20
0 260 20
0 260 20
71.7229 238.072 20
72.4825 237.146 20
0 260 20
0 260 20
0 260 20
39.5909 245.98 20
38.5274 245.977 20
36.5302 246.342 20
36.4096 246.024 20
35.3559 246.073 20
36.1602 245.39 20
34.1835 245.841 20
34.0587 245.543 20
33.9312 245.246 20
33.8012 244.951 20
31.8486 245.486 20
33.5334 244.363 20
33.3957 244.071 20
33.2554 243.78 20
34.0075 243.044 20
30.2942 244.564 20
31.0454 243.839 20
30.0202 244.038 20
29.001 244.254 20
29.7371 243.516 20
28.7217 243.75 20
28.5788 243.5 20
29.2954 242.744 20
29.1437 242.489 20
28.9898 242.235 20
29.6817 241.453 20
27.8319 242.269 20
27.6761 242.027 20
27.5182 241.786 20
27.3582 241.547 20
26.372 241.875 20
27.032 241.072 20
26.0517 241.418 20
25.8885 241.191 20
24.1157 242.155 20
24.7577 241.344 20
34.1142 233.823 20
40.1885 228.601 20
32.0869 234.477 20
27.2001 237.974 20
26.2352 238.373 20
22.9813 240.716 20
0 260 20
0 260 20
0 260 20
0 260 20
0 260 20
0 260 20
0 260 20
0 260 20
0 260 20
0 260 20
0 260 20
