-0 260 177
-0 260 177
-0 260 177
-0 260 177
-0 260 177
-0 260 177
-0 260 177
-0 260 177
-15.8489 246.223 177
-22.8122 240.517 177
-26.8116 237.502 177
-27.0069 237.737 177
-33.4173 232.939 177
-42.2608 226.384 177
-40.9766 227.986 177
-26.974 239.302 177
-25.5563 240.742 177
-27.3311 239.776 177
-25.8885 241.191 177
-26.8658 240.837 177
-25.3937 242.219 177
-26.372 241.875 177
-26.5292 242.106 177
-26.6843 242.338 177
-25.9988 243.116 177
-26.9885 242.806 177
-27.1375 243.043 177
-28.1371 242.758 177
-27.4294 243.519 177
-27.5721 243.759 177
-28.5788 243.5 177
-26.981 244.735 177
-27.1132 244.971 177
-27.2433 245.208 177
-30.0202 244.038 177
-30.1584 244.301 177
-30.2942 244.564 177
-30.4278 244.829 177
-30.559 245.095 177
-31.5905 244.932 177
-31.7208 245.208 177
-32.7586 245.071 177
-31.9741 245.764 177
-33.0142 245.645 177
-34.0587 245.543 177
-34.1835 245.841 177
-33.3786 246.514 177
-34.4255 246.439 177
-36.4096 246.024 177
-37.4669 245.992 177
-39.4671 245.635 177
-42.4189 244.979 177
-0 260 177
-0 260 177
-72.2803 236.515 177
-72.4825 237.146 177
-0 260 177
-71.9115 238.699 177
-0 260 177
-0 260 177
-0 260 177
-0 260 177
-0 260 177
-0 260 177
-0 260 177
-0 260 177
-0 260 177
-0 260 177
-0 260 177
-0 260 177
-0 260 177
-0 260 177
-722.988 145.49 177
-721.982 152.099 177
-722.896 158.404 177
-723.755 164.716 177
-724.559 171.035 177
-726.301 177.249 177
-725.006 183.799 177
-725.644 190.129 177
-726.226 196.464 177
-725.756 202.882 177
-727.224 209.148 177
-726.642 215.557 177
-728.001 221.847 177
-727.307 228.245 177
-727.557 234.593 177
-727.751 240.943 177
-727.889 247.295 177
-726.972 253.656 177
-727 260 177
-725.972 266.336 177
-726.889 272.688 177
-726.751 279.031 177
-725.558 285.337 177
-724.31 291.624 177
-723.008 297.891 177
-723.648 304.26 177
-722.236 310.504 177
-721.768 316.804 177
-720.249 323.014 177
-719.671 329.297 177
-720.034 335.679 177
-718.352 341.846 177
-717.611 348.112 177
-714.832 354.109 177
-713.983 360.344 177
-712.091 366.423 177
-711.136 372.633 177
-709.139 378.669 177
-708.077 384.853 177
-705.977 390.845 177
-703.827 396.81 177
-702.606 402.947 177
-700.354 408.865 177
-699.028 414.971 177
-696.675 420.84 177
-695.244 426.914 177
-692.791 432.732 177
-690.289 438.521 177
-687.739 444.279 177
-686.105 450.274 177
-682.496 455.703 177
-679.803 461.367 177
-677.064 466.999 177
-675.232 472.9 177
-672.397 478.475 177
-668.568 483.7 177
-665.645 489.2 177
-663.62 495 177
-660.604 500.44 177
-656.607 505.495 177
-654.44 511.216 177
-651.292 516.551 177
-648.101 521.85 177
-644.868 527.113 177
-641.592 532.34 177
-638.274 537.529 177
-634.914 542.682 177
-629.693 546.968 177
-628.071 552.875 177
-623.686 557.483 177
-620.168 562.476 177
-617.505 567.877 177
-613.903 572.8 177
-609.376 577.221 177
-605.702 582.058 177
-601.99 586.854 177
-596.491 590.64 177
-593.583 595.833 177
-590.629 601 177
-585.908 605.126 177
-582.017 609.711 177
-578.09 614.254 177
-574.129 618.755 177
-570.133 623.215 177
-565.264 627.087 177
-561.205 631.454 177
-556.284 635.219 177
-552.165 639.492 177
-548.832 644.296 177
-543.829 647.91 177
-539.614 652.053 177
-535.369 656.152 177
-530.294 659.605 177
-525.993 663.609 177
-520.875 666.952 177
-516.521 670.86 177
-511.362 674.093 177
-506.957 677.903 177
-502.525 681.669 177
-497.305 684.739 177
-492.825 688.407 177
-488.319 692.028 177
-483.044 694.935 177
-477.756 697.783 177
-472.454 700.571 177
-467.866 703.989 177
-463.974 708.055 177
-458.62 710.685 177
-453.255 713.255 177
-448.582 716.48 177
-443.192 718.939 177
-437.793 721.338 177
-433.751 725.141 177
-429 728.171 177
-422.89 729.668 177
-418.113 732.591 177
-412.661 734.712 177
-407.204 736.775 177
-403.028 740.31 177
-396.913 741.494 177
-390.808 742.608 177
-385.959 745.217 177
-379.863 746.203 177
-375.606 749.499 177
-371.32 752.758 177
-365.221 753.568 177
-360.312 755.927 177
-355.39 758.239 177
-348.734 758.044 177
-343.809 760.245 177
-338.871 762.397 177
-333.37 763.667 177
-328.417 765.718 177
-322.917 766.878 177
-317.952 768.829 177
-312.977 770.731 177
-306.963 770.872 177
-294.372 759.745 177
-279 743.242 177
-272.803 742.177 177
-267.615 742.79 177
-268.163 753.895 177
-274.171 775.641 177
-270.123 778.901 177
-264.222 778.566 177
-259.241 779.957 177
-253.817 780.402 177
-248.835 781.694 177
-243.428 782.033 177
-237.619 781.408 177
-232.247 781.634 177
-227.686 783.641 177
-222.717 784.688 177
-216.981 783.84 177
-211.653 783.859 177
-206.707 784.756 177
-201.403 784.672 177
-196.466 785.473 177
-190.847 784.349 177
-185.597 784.109 177
-181.016 785.708 177
-175.787 785.371 177
-170.577 784.983 177
-165.388 784.544 177
-160.22 784.055 177
-155.356 784.474 177
-150.498 784.849 177
-145.378 784.215 177
-140.28 783.532 177
-134.955 781.832 177
-130.396 782.989 177
-125.36 782.163 177
-120.349 781.288 177
-115.579 781.342 177
-110.609 780.375 177
-105.665 779.36 177
-100.938 779.281 177
-96.0381 778.175 177
-91.1652 777.024 177
-86.6499 777.8 177
-81.8152 776.561 177
-77.0087 775.277 177
-72.2308 773.949 177
-67.6125 773.568 177
-63.0064 773.146 177
-58.1864 770.696 177
-53.5185 769.195 177
-49.073 769.643 177
-44.3622 767.063 177
-39.9356 767.431 177
-35.3665 765.765 177
-30.8295 764.058 177
-26.3249 762.311 177
-21.9405 762.521 177
-17.4846 760.695 177
-13.0099 756.83 177
-8.67381 756.924 177
-4.32832 755.981 177
3.7296e-05 754 177
4.30222 752.981 177
8.58662 751.925 177
12.8267 749.832 177
17.0659 748.702 177
21.2427 746.536 177
25.383 744.335 177
29.4865 742.099 177
33.6924 741.823 177
37.5819 737.523 177
41.8348 738.173 177
45.9101 736.795 177
49.7556 733.392 177
53.8848 732.94 177
57.5224 728.482 177
61.6084 727.962 177
65.5506 726.416 177
69.4705 724.837 177
73.2114 722.238 177
76.7472 718.623 177
80.9201 718.92 177
84.5573 716.23 177
88.3446 714.493 177
91.9086 711.745 177
95.4315 708.97 177
99.3458 708.12 177
102.803 705.287 177
106.451 703.401 177
110.316 702.455 177
113.422 698.571 177
116.986 696.598 177
120.257 693.634 177
124.037 692.568 177
126.955 688.592 177
130.398 686.512 177
134.416 686.311 177
136.895 681.318 177
140.566 680.107 177
143.576 676.974 177
147.543 676.648 177
149.805 671.585 177
153.741 671.199 177
156.248 667.041 177
159.795 665.662 177
162.954 663.325 177
166.085 660.964 177
168.796 657.658 177
172.26 656.17 177
174.49 651.911 177
177.074 648.553 177
180.458 646.993 177
183.398 644.501 177
185.869 641.089 177
190.08 641.242 177
192.946 638.678 177
194.858 634.319 177
197.178 630.838 177
200.407 629.103 177
203.135 626.466 177
204.356 621.198 177
209 621.999 177
211.136 618.438 177
214.256 616.582 177
216.837 613.846 177
218.857 610.244 177
221.905 608.321 177
224.391 605.532 177
225.19 600.225 177
228.71 599.076 177
231.094 596.243 177
232.872 592.576 177
236.346 591.345 177
238.641 588.461 177
239.714 583.954 177
243.133 582.649 177
245.331 579.721 177
248.112 577.568 177
249.006 573.043 177
252.357 571.636 177
253.795 567.878 177
255.829 564.886 177
259.13 563.402 177
260.455 559.62 177
263.06 557.335 177
262.968 552.056 177
265.507 549.75 177
267.343 546.691 177
269.835 544.347 177
270.917 540.543 177
273.355 538.168 177
275.772 535.772 177
277.454 532.654 177
278.385 528.833 177
279.995 525.705 177
282.303 523.251 177
284.589 520.778 177
286.854 518.284 177
287.599 514.446 177
289.808 511.927 177
291.235 508.739 177
294.161 506.83 177
293.989 502.346 177
297.647 501.03 177
298.956 497.801 177
298.656 493.336 177
301.474 491.329 177
302.683 488.088 177
303.054 484.248 177
305.808 482.183 177
306.922 478.925 177
308.001 475.665 177
310.696 473.535 177
311.718 470.257 177
314.375 468.08 177
315.34 464.784 177
315.428 460.95 177
318.018 458.72 177
319.74 455.937 177
320.581 452.624 177
320.526 448.804 177
323.894 447 177
324.643 443.674 177
326.233 440.834 177
327.799 437.98 177
328.457 434.643 177
329.081 431.309 177
328.781 427.522 177
330.231 424.647 177
331.655 421.759 177
333.054 418.859 177
335.334 416.369 177
334.866 412.607 177
335.271 409.272 177
337.478 406.74 177
338.746 403.789 177
340.912 401.21 177
339.349 397.106 177
340.533 394.139 177
342.624 391.521 177
342.822 388.176 177
342.988 384.837 177
344.064 381.839 177
344.169 378.507 177
345.19 375.499 177
346.185 372.482 177
344.292 368.555 177
349.051 366.716 177
349.01 363.382 177
348.938 360.056 177
349.798 357.008 177
351.597 354.21 177
350.469 350.638 177
350.277 347.334 177
351.026 344.274 177
353.696 341.657 177
354.395 338.568 177
355.068 335.472 177
352.773 331.772 177
355.349 329.073 177
353.972 325.605 177
355.516 322.687 177
356.049 319.582 177
357.543 316.629 177
359.013 313.655 177
357.487 310.241 177
357.912 307.12 177
358.309 303.995 177
358.679 300.866 177
357.033 297.526 177
359.338 294.6 177
359.626 291.463 177
360.884 288.402 177
360.121 285.182 177
359.329 281.977 177
359.507 278.841 177
361.655 275.79 177
359.781 272.564 177
361.876 269.476 177
360.945 266.3 177
360.986 263.15 177
362 260 177
359.986 256.858 177
360.945 253.7 177
361.876 250.524 177
360.78 247.401 177
360.656 244.253 177
362.503 241.002 177
360.327 237.961 177
362.116 234.678 177
360.884 231.598 177
360.622 228.45 177
362.324 225.112 177
361.011 222.056 177
358.679 219.134 177
359.302 215.883 177
359.894 212.619 177
360.458 209.341 177
360.002 206.197 177
358.531 203.214 177
359.008 199.923 177
359.455 196.618 177
358.888 193.484 177
356.331 190.736 177
356.693 187.43 177
357.024 184.112 177
353.419 181.649 177
0 260 177
0 260 177
0 260 177
0 260 177
0 260 177
0 260 177
0 260 177
71.9115 238.699 177
71.7229 238.072 177
70.5751 237.748 177
74.1824 235.897 177
0 260 177
0 260 177
39.5909 245.98 177
37.5877 246.319 177
36.5302 246.342 177
36.4096 246.024 177
35.3559 246.073 177
35.233 245.765 177
35.1074 245.458 177
34.0587 245.543 177
33.0142 245.645 177
31.9741 245.764 177
31.8486 245.486 177
32.6271 244.786 177
32.4931 244.502 177
32.3566 244.219 177
33.1126 243.491 177
32.0762 243.656 177
30.1584 244.301 177
30.0202 244.038 177
29.001 244.254 177
29.7371 243.516 177
28.7217 243.75 177
28.5788 243.5 177
28.4338 243.251 177
28.2865 243.004 177
28.9898 242.235 177
28.8336 241.983 177
27.8319 242.269 177
27.6761 242.027 177
28.3521 241.234 177
25.7002 242.665 177
27.1962 241.309 177
26.2129 241.646 177
26.0517 241.418 177
25.0795 241.779 177
24.1157 242.155 177
24.7577 241.344 177
35.7009 232.606 177
40.9766 227.986 177
32.0869 234.477 177
26.423 238.603 177
26.2352 238.373 177
23.7474 240.074 177
0 260 177
0 260 177
0 260 177
0 260 177
0 260 177
0 260 177
0 260 177
0 260 177
0 260 177
0 260 177
0 260 177
