-0 260 29
-0 260 29
-0 260 29
-0 260 29
-0 260 29
-0 260 29
-0 260 29
-0 260 29
-15.8489 246.223 29
-22.8122 240.517 29
-26.8116 237.502 29
-27.0069 237.737 29
-31.863 234.198 29
-39.913 228.252 29
-39.4005 229.217 29
-26.974 239.302 29
-26.355 240.14 29
-26.5273 240.371 29
-26.6976 240.603 29
-26.0517 241.418 29
-26.2129 241.646 29
-25.5479 242.441 29
-26.5292 242.106 29
-25.8505 242.89 29
-26.8375 242.572 29
-26.9885 242.806 29
-27.9856 242.513 29
-28.1371 242.758 29
-27.4294 243.519 29
-27.5721 243.759 29
-28.5788 243.5 29
-27.8514 244.242 29
-27.1132 244.971 29
-29.001 244.254 29
-29.1373 244.507 29
-30.1584 244.301 29
-30.2942 244.564 29
-30.4278 244.829 29
-30.559 245.095 29
-30.6879 245.363 29
-30.8145 245.631 29
-30.9387 245.9 29
-31.9741 245.764 29
-33.9312 245.246 29
-33.1382 245.934 29
-34.1835 245.841 29
-35.233 245.765 29
-34.4255 246.439 29
-36.4096 246.024 29
-37.4669 245.992 29
-38.5274 245.977 29
-42.4189 244.979 29
-0 260 29
-0 260 29
-72.2803 236.515 29
-72.4825 237.146 29
-0 260 29
-0 260 29
-0 260 29
-0 260 29
-0 260 29
-0 260 29
-0 260 29
-0 260 29
-0 260 29
-0 260 29
-0 260 29
-0 260 29
-0 260 29
-0 260 29
-0 260 29
-0 260 29
-827.683 128.908 29
-828.795 136.136 29
-713.983 159.656 29
-723.755 164.716 29
-826.791 158.483 29
-754.121 174.079 29
-741.913 182.022 29
-717.681 190.895 29
-722.241 196.812 29
-726.753 202.803 29
-785.083 205.102 29
-588.9 223.981 29
-594.185 228.86 29
-584.443 234.483 29
-721.56 234.803 29
-720.753 241.127 29
-577.912 249.913 29
-584.978 254.895 29
-586 260 29
-603.977 265.271 29
-586.911 270.245 29
-593.796 275.549 29
-578.647 280.207 29
-584.443 285.517 29
-577.208 290.25 29
-599.879 296.69 29
-580.582 300.598 29
-584.194 305.977 29
-591.74 311.771 29
-577.33 315.591 29
-589.751 321.985 29
-573.291 325.318 29
-557.811 328.491 29
-555.209 333.095 29
-551.579 337.519 29
-540.003 340.704 29
-552.118 347.447 29
-585.854 358.038 29
-601.718 366.099 29
-605.685 372.257 29
-632.168 382.881 29
-677.128 397.763 29
-639.709 395.974 29
-727.341 421.248 29
-722.008 426.689 29
-720.526 432.983 29
-682.118 430.071 29
-653.5 429.007 29
-668.421 439.103 29
-694.778 452.679 29
-683.457 455.978 29
-663.503 456.539 29
-667.501 464.076 29
-667.602 470.494 29
-644.816 469.514 29
-648.653 477.036 29
-643.898 481.712 29
-637.226 485.654 29
-641.81 493.6 29
-632.254 496.39 29
-626.432 500.465 29
-629.893 508.121 29
-636.975 517.355 29
-642.096 525.965 29
-629.625 527.26 29
-636.44 536.732 29
-765.551 600.845 29
-768.917 610.416 29
-795.738 631.059 29
-747.341 616.463 29
-783.748 642.26 29
-807.231 662.471 29
-776.067 655.426 29
-759.281 655.257 29
-743.442 655.295 29
-738.206 660.813 29
-749.549 675.482 29
-833.801 731.742 29
-866.025 760 29
-900.402 790.378 29
-883.739 791.004 29
-898.683 810.714 29
-914.196 831.253 29
-907.489 838.134 29
-904.925 847.666 29
-900.597 856.092 29
-889.557 860.014 29
-885.936 868.887 29
-859.29 861.682 29
-841.795 860.447 29
-834.096 866.007 29
-836.011 878.616 29
-813.011 872.648 29
-790.18 866.326 29
-784.071 872.583 29
-770.086 872.554 29
-745.283 863.518 29
-736.13 866.819 29
-728.508 871.291 29
-725.427 879.574 29
-723.012 888.505 29
-713.755 891.477 29
-708.96 898.351 29
-0 260 29
-0 260 29
-0 260 29
-0 260 29
-0 260 29
-0 260 29
-0 260 29
-0 260 29
-0 260 29
-0 260 29
-0 260 29
-0 260 29
-0 260 29
-0 260 29
-0 260 29
-0 260 29
-0 260 29
-0 260 29
-0 260 29
-0 260 29
-0 260 29
-0 260 29
-0 260 29
-0 260 29
-0 260 29
-0 260 29
-0 260 29
-0 260 29
-0 260 29
-0 260 29
-0 260 29
-0 260 29
-0 260 29
-0 260 29
-0 260 29
-0 260 29
-0 260 29
-0 260 29
-0 260 29
-0 260 29
-0 260 29
-0 260 29
-0 260 29
-0 260 29
-0 260 29
-0 260 29
-0 260 29
-0 260 29
-0 260 29
-0 260 29
-0 260 29
-0 260 29
-0 260 29
-0 260 29
-0 260 29
-0 260 29
-0 260 29
-0 260 29
-0 260 29
-0 260 29
-0 260 29
-0 260 29
-0 260 29
-0 260 29
-0 260 29
-0 260 29
-0 260 29
-0 260 29
-0 260 29
-0 260 29
-0 260 29
-0 260 29
-0 260 29
-0 260 29
-0 260 29
-0 260 29
-0 260 29
-0 260 29
-0 260 29
-0 260 29
-0 260 29
-0 260 29
-0 260 29
-0 260 29
-0 260 29
-0 260 29
-0 260 29
-0 260 29
-0 260 29
0 260 29
0 260 29
0 260 29
0 260 29
0 260 29
0 260 29
0 260 29
0 260 29
0 260 29
0 260 29
0 260 29
0 260 29
0 260 29
0 260 29
0 260 29
0 260 29
0 260 29
0 260 29
0 260 29
0 260 29
0 260 29
0 260 29
0 260 29
0 260 29
0 260 29
0 260 29
0 260 29
0 260 29
0 260 29
0 260 29
0 260 29
0 260 29
0 260 29
0 260 29
0 260 29
0 260 29
0 260 29
0 260 29
0 260 29
0 260 29
0 260 29
0 260 29
0 260 29
0 260 29
0 260 29
0 260 29
0 260 29
0 260 29
0 260 29
0 260 29
0 260 29
0 260 29
0 260 29
0 260 29
0 260 29
0 260 29
0 260 29
0 260 29
0 260 29
0 260 29
0 260 29
0 260 29
0 260 29
0 260 29
0 260 29
0 260 29
0 260 29
0 260 29
0 260 29
0 260 29
0 260 29
0 260 29
0 260 29
0 260 29
0 260 29
0 260 29
0 260 29
0 260 29
0 260 29
0 260 29
0 260 29
0 260 29
0 260 29
0 260 29
0 260 29
0 260 29
0 260 29
0 260 29
0 260 29
0 260 29
0 260 29
0 260 29
0 260 29
0 260 29
0 260 29
0 260 29
0 260 29
0 260 29
0 260 29
0 260 29
0 260 29
0 260 29
0 260 29
0 260 29
0 260 29
0 260 29
0 260 29
0 260 29
0 260 29
0 260 29
0 260 29
0 260 29
0 260 29
0 260 29
0 260 29
0 260 29
0 260 29
0 260 29
0 260 29
0 260 29
0 260 29
0 260 29
0 260 29
0 260 29
0 260 29
0 260 29
0 260 29
0 260 29
0 260 29
0 260 29
0 260 29
0 260 29
0 260 29
0 260 29
0 260 29
0 260 29
0 260 29
0 260 29
0 260 29
0 260 29
0 260 29
0 260 29
0 260 29
0 260 29
0 260 29
0 260 29
0 260 29
0 260 29
0 260 29
0 260 29
0 260 29
0 260 29
0 260 29
0 260 29
0 260 29
0 260 29
0 260 29
0 260 29
0 260 29
0 260 29
0 260 29
0 260 29
0 260 29
0 260 29
0 260 29
0 260 29
0 260 29
0 260 29
0 260 29
0 260 29
0 260 29
0 260 29
0 260 29
0 260 29
0 260 29
0 260 29
0 260 29
0 260 29
0 260 29
0 260 29
0 260 29
0 260 29
0 260 29
0 260 29
1140.41 58.9154 29
1110.09 54.2561 29
1094.51 47.248 29
1024.02 51.6605 29
973.257 53.1279 29
962.628 46.5906 29
0 260 29
0 260 29
0 260 29
0 260 29
0 260 29
0 260 29
0 260 29
71.9115 238.699 29
72.6792 237.78 29
71.5288 237.447 29
0 260 29
0 260 29
0 260 29
38.6483 246.314 29
37.5877 246.319 29
37.4669 245.992 29
35.4761 246.382 29
36.2863 245.706 29
35.233 245.765 29
35.1074 245.458 29
34.9792 245.152 29
34.8483 244.848 29
32.8876 245.357 29
32.7586 245.071 29
31.7208 245.208 29
34.2982 243.641 29
33.2554 243.78 29
32.2176 243.937 29
32.0762 243.656 29
31.0454 243.839 29
30.9032 243.568 29
29.001 244.254 29
30.6117 243.032 29
29.5921 243.258 29
29.4449 243 29
28.4338 243.251 29
30.0009 241.974 29
28.9898 242.235 29
28.8336 241.983 29
27.8319 242.269 29
28.5148 241.482 29
27.5182 241.786 29
26.5292 242.106 29
27.1962 241.309 29
26.2129 241.646 29
26.0517 241.418 29
25.0795 241.779 29
24.1157 242.155 29
24.7577 241.344 29
32.5275 235.041 29
40.9766 227.986 29
32.0869 234.477 29
26.423 238.603 29
26.2352 238.373 29
23.7474 240.074 29
0 260 29
0 260 29
0 260 29
0 260 29
0 260 29
0 260 29
0 260 29
0 260 29
0 260 29
0 260 29
0 260 29
