-0 260 89
-0 260 89
-0 260 89
-0 260 89
-0 260 89
-0 260 89
-0 260 89
-0 260 89
-16.6036 245.567 89
-23.5726 239.867 89
-25.2795 238.788 89
-25.4636 239.009 89
-34.1944 232.31 89
-42.2608 226.384 89
-40.1886 228.601 89
-26.974 239.302 89
-26.355 240.14 89
-27.3311 239.776 89
-26.6976 240.603 89
-25.2376 241.998 89
-27.032 241.072 89
-25.5479 242.441 89
-27.3582 241.547 89
-25.8505 242.89 89
-26.8375 242.572 89
-26.1451 243.344 89
-27.1375 243.043 89
-27.2845 243.28 89
-28.2865 243.004 89
-27.5721 243.759 89
-27.7128 244 89
-27.8514 244.242 89
-27.9878 244.486 89
-29.001 244.254 89
-29.1373 244.507 89
-30.1584 244.301 89
-29.4032 245.018 89
-29.5328 245.275 89
-30.559 245.095 89
-30.6879 245.363 89
-31.7208 245.208 89
-31.8486 245.486 89
-32.8876 245.357 89
-33.0142 245.645 89
-33.1382 245.934 89
-34.1835 245.841 89
-35.233 245.765 89
-34.4255 246.439 89
-36.4096 246.024 89
-37.4669 245.992 89
-38.5274 245.977 89
-0 260 89
-0 260 89
-0 260 89
-71.3292 236.824 89
-69.6213 238.048 89
-0 260 89
-71.9115 238.699 89
-0 260 89
-0 260 89
-0 260 89
-0 260 89
-0 260 89
-0 260 89
-0 260 89
-0 260 89
-0 260 89
-0 260 89
-0 260 89
-0 260 89
-0 260 89
-0 260 89
-695.333 149.87 89
-695.278 156.09 89
-696.158 162.161 89
-696.986 168.24 89
-696.767 174.448 89
-697.487 180.531 89
-698.154 186.621 89
-696.777 192.908 89
-699.329 198.817 89
-698.839 205 89
-699.292 211.101 89
-698.694 217.266 89
-699.041 223.365 89
-698.335 229.51 89
-699.574 235.57 89
-698.76 241.702 89
-697.894 247.818 89
-697.973 253.909 89
-698 260 89
-697.973 266.091 89
-696.894 272.164 89
-696.761 278.245 89
-696.575 284.325 89
-696.337 290.403 89
-695.046 296.426 89
-693.704 302.429 89
-694.305 308.551 89
-692.858 314.529 89
-692.355 320.573 89
-690.805 326.517 89
-690.198 332.543 89
-688.545 338.45 89
-687.834 344.456 89
-687.071 350.455 89
-685.265 356.308 89
-684.399 362.284 89
-682.493 368.096 89
-680.537 373.883 89
-679.517 379.817 89
-678.446 385.743 89
-676.341 391.467 89
-673.208 396.966 89
-671.987 402.835 89
-669.739 408.478 89
-668.418 414.317 89
-667.046 420.144 89
-663.682 425.475 89
-662.213 431.26 89
-660.693 437.032 89
-658.16 442.524 89
-655.58 447.985 89
-652.956 453.415 89
-649.331 458.52 89
-647.574 464.179 89
-644.816 469.514 89
-642.015 474.815 89
-640.116 480.41 89
-637.226 485.654 89
-634.292 490.864 89
-631.317 496.04 89
-629.233 501.54 89
-625.241 506.289 89
-622.14 511.361 89
-618.999 516.398 89
-615.818 521.399 89
-613.513 526.763 89
-610.248 531.7 89
-606.034 536.186 89
-602.695 541.041 89
-600.219 546.29 89
-595.9 550.64 89
-592.447 555.383 89
-589.846 560.542 89
-584.54 564.292 89
-581.862 569.382 89
-579.14 574.448 89
-575.5 579.005 89
-571.824 583.522 89
-568.979 588.5 89
-564.367 592.438 89
-559.73 596.32 89
-555.921 600.669 89
-544.447 600.208 89
-533.867 600.111 89
-530.878 604.757 89
-522.846 606.065 89
-516.49 608.377 89
-508.486 609.473 89
-514.427 620.206 89
-523.476 633.392 89
-516.153 635.007 89
-512.057 638.902 89
-507.932 642.754 89
-504.573 647.172 89
-494.083 646.02 89
-468 632.264 89
-460.848 633.187 89
-459.117 638.467 89
-471.117 655.314 89
-482.097 671.75 89
-476.222 673.973 89
-471.842 677.451 89
-468.181 681.552 89
-464.485 685.622 89
-459.29 688.295 89
-454.81 691.598 89
-448.868 693.467 89
-444.355 696.667 89
-439.82 699.82 89
-434.564 702.215 89
-430.688 705.991 89
-426.091 709.007 89
-420.793 711.245 89
-416.164 714.163 89
-411.515 717.034 89
-406.849 719.859 89
-401.508 721.882 89
-397.462 725.368 89
-390.815 725.755 89
-387.372 729.919 89
-381.997 731.728 89
-377.866 735.043 89
-373.091 737.535 89
-367.083 738.392 89
-361.691 739.98 89
-356.894 742.314 89
-352.671 745.41 89
-346.68 746.027 89
-341.852 748.215 89
-337.012 750.355 89
-332.72 753.277 89
-326.747 753.66 89
-321.337 754.816 89
-316.469 756.758 89
-312.122 759.5 89
-307.229 761.352 89
-300.782 760.586 89
-295.895 762.33 89
-291 764.027 89
-286.59 766.547 89
-280.705 766.405 89
-275.798 767.956 89
-270.885 769.461 89
-265.505 770.031 89
-260.137 770.547 89
-254.779 771.008 89
-250.31 773.211 89
-244.961 773.571 89
-240.047 774.783 89
-234.716 775.038 89
-229.806 776.153 89
-225.293 778.139 89
-219.591 777.324 89
-214.685 778.296 89
-209.405 778.296 89
-204.508 779.173 89
-199.611 780.004 89
-194.365 779.853 89
-189.479 780.59 89
-183.928 779.395 89
-179.388 780.981 89
-174.518 781.578 89
-169.341 781.179 89
-164.486 781.683 89
-159.635 782.142 89
-154.788 782.557 89
-149.395 781.004 89
-144.843 782.288 89
-139.503 780.634 89
-134.704 780.863 89
-129.912 781.049 89
-125.127 781.19 89
-120.124 780.314 89
-115.362 780.366 89
-110.401 779.396 89
-105.665 779.36 89
-100.938 779.281 89
-96.2203 779.159 89
-91.3389 778.009 89
-86.6499 777.8 89
-81.9716 777.549 89
-77.3043 777.255 89
-72.6483 776.92 89
-67.8736 775.551 89
-63.372 776.124 89
-58.526 773.677 89
-54.0412 774.168 89
-49.4564 773.624 89
-44.8852 773.04 89
-40.2495 771.419 89
-35.5758 768.758 89
-31.1958 770.047 89
-26.6913 769.301 89
-22.1586 767.516 89
-17.694 766.691 89
-13.2193 764.827 89
-8.79597 763.923 89
-4.38941 762.981 89
3.78999e-05 762 89
4.36331 759.981 89
8.69134 757.924 89
13.0362 757.829 89
17.3451 756.697 89
21.5916 754.529 89
25.9063 754.322 89
30.158 753.079 89
34.2505 749.804 89
38.445 748.489 89
42.7063 748.135 89
46.7728 745.753 89
50.8009 743.338 89
55.13 743.869 89
59.1067 741.385 89
63.1747 739.859 89
67.2206 738.299 89
71.2442 736.706 89
74.9321 733.103 89
78.8928 731.445 89
83.0039 730.738 89
86.7441 728.029 89
90.8251 727.255 89
94.6998 725.464 89
98.7581 724.62 89
102.376 721.788 89
106.177 719.903 89
109.252 715.069 89
113.703 716.039 89
117.178 713.093 89
120.869 711.087 89
124.533 709.052 89
127.62 705.064 89
132.067 705.851 89
135.368 702.769 89
138.325 698.71 89
142.457 698.437 89
145.96 696.229 89
143.25 676.028 89
136.861 646.483 89
140.912 647.153 89
144.285 645.909 89
148.006 645.569 89
151.365 644.262 89
158.833 653.126 89
172.59 676.67 89
175.829 674.227 89
179.038 671.76 89
182.625 670.182 89
186.197 668.573 89
187.643 662.401 89
191.577 661.65 89
194.198 658.166 89
196.773 654.666 89
201.118 654.716 89
204.093 652.059 89
206.568 648.497 89
210.427 647.558 89
213.801 645.707 89
215.189 640.345 89
219 639.319 89
220.779 634.809 89
223.012 631.153 89
227.287 630.898 89
230.515 628.901 89
233.188 626.032 89
234.739 621.467 89
237.885 619.405 89
241.571 618.144 89
243.555 614.374 89
246.638 612.235 89
248.541 608.441 89
250.397 604.641 89
253.989 603.247 89
255.17 598.621 89
258.724 597.175 89
260.425 593.329 89
263.324 591.043 89
265.573 587.956 89
269.061 586.397 89
269.971 581.739 89
274.067 580.891 89
276.857 578.487 89
278.963 575.31 89
280.366 571.378 89
282.397 568.182 89
284.393 564.974 89
286.356 561.756 89
288.978 559.245 89
291.578 556.712 89
294.156 554.156 89
296.712 551.578 89
297.087 546.894 89
299.58 544.29 89
301.318 540.983 89
303.021 537.668 89
306.176 535.682 89
307.072 531.674 89
310.186 529.64 89
312.527 526.923 89
314.078 523.543 89
314.051 518.884 89
316.298 516.133 89
320.087 514.608 89
319.144 509.343 89
322.101 507.157 89
323.447 503.735 89
327.17 502.093 89
327.652 498.053 89
328.903 494.604 89
331.757 492.298 89
333.771 489.395 89
333.273 484.796 89
336.056 482.431 89
337.984 479.49 89
340.73 477.069 89
340.915 473.028 89
344.467 471.089 89
344.581 467.045 89
345.513 463.523 89
347.276 460.5 89
349.013 457.462 89
349.848 453.924 89
352.406 451.341 89
354.945 448.728 89
355.691 445.161 89
355.512 441.142 89
356.184 437.587 89
356.821 434.033 89
358.326 430.913 89
362.523 429.047 89
361.255 424.633 89
362.678 421.474 89
363.156 417.905 89
365.44 415.12 89
366.78 411.925 89
368.092 408.719 89
368.445 405.134 89
369.698 401.914 89
370.922 398.682 89
372.118 395.44 89
375.171 392.855 89
374.425 388.925 89
374.588 385.335 89
376.618 382.371 89
376.718 378.779 89
375.828 374.902 89
378.734 372.186 89
380.66 369.152 89
381.598 365.826 89
380.575 361.975 89
381.45 358.65 89
382.297 355.317 89
385.058 352.444 89
382.927 348.406 89
383.684 345.061 89
385.39 341.917 89
387.07 338.75 89
386.761 335.179 89
386.419 331.619 89
387.029 328.244 89
388.597 325.029 89
388.162 321.479 89
388.683 318.089 89
390.166 314.834 89
391.621 311.558 89
390.071 307.895 89
390.474 304.489 89
391.842 301.184 89
392.186 297.763 89
391.505 294.252 89
391.789 290.834 89
392.043 287.414 89
394.263 284.114 89
395.457 280.725 89
393.625 277.186 89
393.76 273.75 89
394.865 270.34 89
395.94 266.911 89
394.985 263.447 89
395 260 89
393.985 256.562 89
394.94 253.106 89
395.864 249.634 89
394.759 246.215 89
395.623 242.727 89
396.456 239.223 89
396.26 235.764 89
395.035 232.376 89
395.776 228.852 89
396.485 225.312 89
396.168 221.853 89
393.831 218.607 89
394.448 215.058 89
394.041 211.618 89
392.612 208.312 89
392.146 204.887 89
393.628 201.172 89
393.1 197.739 89
394.514 193.981 89
391.953 190.888 89
389.369 187.835 89
390.688 184.058 89
390.01 180.652 89
390.281 177.043 89
388.566 173.857 89
0 260 89
0 260 89
0 260 89
0 260 89
0 260 89
0 260 89
0 260 89
0 260 89
71.7229 238.072 89
70.5751 237.748 89
72.2803 236.515 89
0 260 89
41.6028 245.675 89
38.6483 246.314 89
38.5274 245.977 89
35.5935 246.692 89
35.4761 246.382 89
35.3559 246.073 89
36.1602 245.39 89
35.1074 245.458 89
34.0587 245.543 89
33.9312 245.246 89
32.8876 245.357 89
32.7586 245.071 89
31.7208 245.208 89
33.3957 244.071 89
32.3566 244.219 89
33.1126 243.491 89
30.2942 244.564 89
31.0454 243.839 89
30.0202 244.038 89
29.001 244.254 89
29.7371 243.516 89
28.7217 243.75 89
28.5788 243.5 89
28.4338 243.251 89
28.2865 243.004 89
28.9898 242.235 89
28.8336 241.983 89
28.6753 241.732 89
28.5148 241.482 89
26.6843 242.338 89
26.5292 242.106 89
27.1962 241.309 89
26.2129 241.646 89
26.0517 241.418 89
25.0795 241.779 89
24.1157 242.155 89
24.7577 241.344 89
34.9075 233.214 89
40.9766 227.986 89
31.3043 235.099 89
26.423 238.603 89
24.692 239.645 89
22.9813 240.716 89
0 260 89
0 260 89
0 260 89
0 260 89
0 260 89
0 260 89
0 260 89
0 260 89
0 260 89
0 260 89
0 260 89
