-0 260 115
-0 260 115
-0 260 115
-0 260 115
-0 260 115
-0 260 115
-0 260 115
-0 260 115
-16.6036 245.567 115
-22.0518 241.166 115
-26.0455 238.145 115
-27.7785 237.101 115
-35.7487 231.051 115
-43.8261 225.139 115
-41.7646 227.37 115
-26.974 239.302 115
-25.5563 240.742 115
-27.3311 239.776 115
-27.5066 240.015 115
-26.8658 240.837 115
-27.032 241.072 115
-27.1962 241.309 115
-26.5292 242.106 115
-26.6843 242.338 115
-26.8375 242.572 115
-26.9885 242.806 115
-27.9856 242.513 115
-28.9898 242.235 115
-28.2865 243.004 115
-29.2954 242.744 115
-27.7128 244 115
-27.8514 244.242 115
-27.9878 244.486 115
-29.8798 243.777 115
-30.0202 244.038 115
-30.1584 244.301 115
-30.2942 244.564 115
-30.4278 244.829 115
-31.4578 244.657 115
-31.5905 244.932 115
-31.7208 245.208 115
-32.7586 245.071 115
-32.8876 245.357 115
-33.9312 245.246 115
-34.9792 245.152 115
-35.1074 245.458 115
-34.3058 246.14 115
-35.3559 246.073 115
-36.4096 246.024 115
-38.4036 245.642 115
-39.4671 245.635 115
-0 260 115
-0 260 115
-0 260 115
-71.3292 236.824 115
-71.5288 237.447 115
-0 260 115
-71.9115 238.699 115
-0 260 115
-0 260 115
-0 260 115
-0 260 115
-0 260 115
-0 260 115
-0 260 115
-0 260 115
-0 260 115
-0 260 115
-0 260 115
-0 260 115
-0 260 115
-0 260 115
-692.37 150.34 115
-693.3 156.386 115
-693.188 162.579 115
-693.02 168.762 115
-691.805 175.057 115
-694.507 180.871 115
-694.176 187.039 115
-695.782 193.004 115
-696.34 199.078 115
-693.854 205.393 115
-696.3 211.31 115
-696.698 217.388 115
-696.045 223.522 115
-696.337 229.597 115
-695.576 235.71 115
-695.762 241.781 115
-695.894 247.853 115
-696.973 253.918 115
-697 260 115
-695.973 266.074 115
-694.894 272.13 115
-695.761 278.219 115
-693.577 284.22 115
-693.339 290.272 115
-693.049 296.321 115
-692.706 302.368 115
-693.307 308.481 115
-690.864 314.372 115
-690.363 320.399 115
-690.805 326.517 115
-687.215 332.229 115
-686.558 338.224 115
-686.842 344.334 115
-686.08 350.324 115
-684.275 356.169 115
-683.41 362.136 115
-682.493 368.096 115
-679.551 373.718 115
-679.517 379.817 115
-676.479 385.378 115
-675.359 391.277 115
-674.188 397.165 115
-671.987 402.835 115
-670.715 408.694 115
-669.392 414.541 115
-667.046 420.144 115
-664.653 425.717 115
-663.181 431.51 115
-659.727 436.773 115
-657.196 442.257 115
-656.542 448.26 115
-653.915 453.699 115
-651.244 459.105 115
-649.481 464.781 115
-646.718 470.132 115
-642.963 475.133 115
-641.062 480.735 115
-637.226 485.654 115
-635.232 491.206 115
-633.19 496.74 115
-630.167 501.898 115
-627.101 507.022 115
-624.922 512.485 115
-620.847 517.163 115
-618.579 522.571 115
-616.264 527.959 115
-611.162 532.107 115
-608.764 537.43 115
-606.32 542.732 115
-602.024 547.151 115
-600.394 552.832 115
-596.921 557.614 115
-591.628 561.45 115
-588.975 566.601 115
-584.511 570.79 115
-581.777 575.879 115
-578.124 580.459 115
-574.435 585 115
-570.711 589.5 115
-568.675 594.975 115
-564.016 598.895 115
-559.332 602.759 115
-555.471 607.097 115
-552.421 611.931 115
-548.491 616.194 115
-544.527 620.415 115
-541.361 625.153 115
-535.682 628.164 115
-533.268 633.398 115
-528.361 636.876 115
-524.243 640.885 115
-519.291 644.256 115
-515.12 648.171 115
-510.92 652.042 115
-506.691 655.87 115
-503.217 660.277 115
-498.151 663.394 115
-494.611 667.726 115
-490.268 671.384 115
-484.379 673.698 115
-480.75 677.91 115
-475.587 680.764 115
-471.154 684.229 115
-467.434 688.324 115
-463.678 692.387 115
-459.162 695.728 115
-453.903 698.329 115
-447.921 700.171 115
-443.356 703.356 115
-438.769 706.495 115
-433.467 708.868 115
-429.533 712.634 115
-424.885 715.633 115
-420.217 718.587 115
-415.53 721.493 115
-410.162 723.604 115
-404.788 725.656 115
-399.41 727.65 115
-395.957 731.883 115
-389.28 732.234 115
-385.773 736.391 115
-380.979 738.956 115
-376.169 741.475 115
-371.344 743.946 115
-365.903 745.57 115
-360.463 747.137 115
-355.61 749.455 115
-350.164 750.912 115
-345.867 753.949 115
-340.41 755.3 115
-336.634 759.081 115
-330.61 759.498 115
-325.694 761.525 115
-320.768 763.505 115
-314.772 763.741 115
-309.842 765.616 115
-304.387 766.586 115
-298.94 767.5 115
-294.5 770.089 115
-290.037 772.64 115
-276.826 759.408 115
-262.437 743.349 115
-256.331 742.089 115
-252.115 744.308 115
-249.695 750.054 115
-257.01 775.482 115
-252.94 778.604 115
-247.974 779.889 115
-242.583 780.221 115
-238.449 783.228 115
-232.653 782.548 115
-227.686 783.641 115
-222.717 784.688 115
-217.364 784.764 115
-212.027 784.786 115
-207.44 786.616 115
-202.478 787.473 115
-197.167 787.346 115
-192.215 788.107 115
-186.932 787.879 115
-181.667 787.599 115
-176.739 788.216 115
-171.504 787.836 115
-166.591 788.359 115
-161.682 788.837 115
-156.776 789.269 115
-151.6 788.694 115
-146.714 789.033 115
-141.574 788.361 115
-136.707 788.609 115
-131.847 788.811 115
-126.994 788.969 115
-121.923 788.109 115
-117.094 788.176 115
-112.064 787.222 115
-107.459 788.179 115
-102.655 788.115 115
-97.6782 787.025 115
-92.7281 785.887 115
-88.1354 786.677 115
-83.2231 785.45 115
-78.3389 784.178 115
-73.7617 784.842 115
-68.7873 782.491 115
-64.2251 783.072 115
-59.4316 781.625 115
-54.7729 781.129 115
-50.1273 780.592 115
-45.4081 779.017 115
-40.7202 777.4 115
-36.1338 776.738 115
-31.6231 777.034 115
-27.0053 775.293 115
-22.4639 774.51 115
-17.9383 773.687 115
-13.4287 772.824 115
-8.91814 770.922 115
-4.44177 768.981 115
3.84284e-05 769 115
4.42439 766.981 115
8.83096 765.923 115
13.2194 764.827 115
17.5545 762.694 115
21.9406 762.521 115
26.168 759.315 115
30.4633 758.069 115
34.7388 756.787 115
38.9942 755.468 115
43.1421 753.116 115
47.3478 751.726 115
51.6371 751.294 115
55.8092 749.831 115
59.8379 747.34 115
63.8273 744.817 115
68.0557 744.241 115
71.9832 741.651 115
75.8707 739.029 115
80.2132 739.335 115
84.2194 737.632 115
88.0198 734.912 115
91.97 733.144 115
95.896 731.344 115
99.5897 728.533 115
103.675 727.646 115
107.527 725.749 115
110.887 721.876 115
114.913 720.89 115
118.68 718.902 115
122.421 716.883 115
126.137 714.834 115
129.55 711.793 115
133.203 709.686 115
136.538 706.594 115
140.129 704.432 115
144.311 704.143 115
147.864 701.919 115
151.389 699.666 115
154.886 697.386 115
158.013 694.138 115
161.446 691.806 115
164.849 689.447 115
167.858 686.131 115
171.57 684.65 115
174.886 682.213 115
178.564 680.671 115
181.431 677.262 115
185.065 675.663 115
187.441 671.302 115
191.023 669.651 115
193.3 665.261 115
197.267 664.457 115
199.897 660.931 115
202.934 658.28 115
206.863 657.381 115
209.854 654.678 115
212.813 651.952 115
215.255 648.331 115
218.636 646.438 115
219.5 640.185 115
224.332 640.84 115
226.617 637.154 115
230.422 636.014 115
232.635 632.293 115
234.8 628.562 115
237.463 625.66 115
241.196 624.408 115
242.69 619.802 115
245.82 617.671 115
248.932 615.512 115
252.025 613.326 115
255.099 611.113 115
256.963 607.266 115
259.984 605.011 115
262.376 601.935 115
264.734 598.845 115
265.814 594.174 115
269.349 592.618 115
271.605 589.484 115
273.185 585.569 115
276.665 583.933 115
278.825 580.752 115
280.288 576.808 115
283.042 574.35 115
286.45 572.606 115
288.485 569.363 115
290.486 566.108 115
293.146 563.561 115
294.382 559.565 115
296.985 556.985 115
296.712 551.578 115
299.965 549.673 115
301.756 546.355 115
304.975 544.393 115
306.707 541.046 115
306.919 536.351 115
310.068 534.325 115
311.695 530.952 115
312.527 526.923 115
315.61 524.828 115
317.909 522.064 115
320.184 519.28 115
321.652 515.854 115
323.872 513.037 115
324.482 508.983 115
327.441 506.744 115
327.974 502.688 115
330.888 500.404 115
332.973 497.507 115
333.395 493.446 115
335.419 490.527 115
339.076 488.71 115
340.225 485.19 115
342.178 482.213 115
342.417 478.144 115
345.156 475.677 115
346.172 472.134 115
346.296 468.075 115
349.821 466.061 115
350.74 462.5 115
351.624 458.939 115
354.221 456.348 115
354.163 452.295 115
356.711 449.667 115
358.352 446.546 115
358.185 442.504 115
359.764 439.372 115
363.113 437.102 115
363.742 433.496 115
366.148 430.738 115
364.894 426.292 115
368.159 423.915 115
367.741 419.898 115
370.043 417.074 115
368.628 412.691 115
370.874 409.843 115
373.097 406.967 115
375.299 404.064 115
373.732 399.733 115
375.877 396.808 115
376.114 393.189 115
377.262 389.902 115
379.329 386.922 115
379.472 383.298 115
380.533 379.982 115
381.566 376.656 115
383.528 373.606 115
383.543 369.979 115
383.525 366.361 115
383.473 362.751 115
384.355 359.401 115
385.207 356.043 115
386.031 352.678 115
387.799 349.531 115
389.542 346.359 115
387.346 342.333 115
389.03 339.149 115
390.688 335.942 115
390.352 332.348 115
391.953 329.112 115
391.555 325.524 115
391.125 321.948 115
393.628 318.828 115
392.146 315.113 115
393.604 311.819 115
394.041 308.382 115
393.454 304.828 115
394.825 301.498 115
393.181 297.859 115
394.493 294.514 115
394.779 291.07 115
395.035 287.624 115
397.258 284.297 115
396.456 280.777 115
395.623 277.273 115
398.757 273.925 115
396.864 270.392 115
398.939 266.964 115
398.985 263.482 115
399 260 115
397.985 256.527 115
397.939 253.054 115
397.864 249.582 115
399.756 246.04 115
399.619 242.552 115
399.452 239.066 115
400.252 235.52 115
399.026 232.097 115
397.77 228.695 115
398.478 225.138 115
397.163 221.758 115
396.814 218.293 115
398.422 214.606 115
398.011 211.13 115
398.561 207.528 115
398.088 204.052 115
396.595 200.728 115
396.063 197.27 115
395.501 193.816 115
395.893 190.193 115
394.285 186.924 115
394.614 183.295 115
393.93 179.854 115
394.193 176.212 115
391.495 173.208 115
0 260 115
0 260 115
0 260 115
0 260 115
0 260 115
0 260 115
0 260 115
0 260 115
71.7229 238.072 115
71.5288 237.447 115
0 260 115
0 260 115
0 260 115
39.5909 245.98 115
37.5877 246.319 115
37.4669 245.992 115
35.4761 246.382 115
36.2863 245.706 115
37.0874 245.016 115
35.1074 245.458 115
34.0587 245.543 115
33.9312 245.246 115
34.7147 244.544 115
32.7586 245.071 115
33.5334 244.363 115
34.2982 243.641 115
33.2554 243.78 115
34.0075 243.044 115
32.9672 243.202 115
31.9324 243.377 115
30.9032 243.568 115
29.8798 243.777 115
30.6117 243.032 115
27.8514 244.242 115
28.5788 243.5 115
29.2954 242.744 115
29.1437 242.489 115
28.9898 242.235 115
28.8336 241.983 115
28.6753 241.732 115
29.3535 240.938 115
29.186 240.682 115
28.1873 240.987 115
26.372 241.875 115
27.032 241.072 115
26.8658 240.837 115
25.0795 241.779 115
24.1157 242.155 115
24.7577 241.344 115
34.1142 233.823 115
40.1885 228.601 115
33.6522 233.232 115
26.423 238.603 115
27.7785 237.101 115
22.9813 240.716 115
0 260 115
0 260 115
0 260 115
0 260 115
0 260 115
0 260 115
0 260 115
0 260 115
0 260 115
0 260 115
0 260 115
