-0 260 119
-0 260 119
-0 260 119
-0 260 119
-0 260 119
-0 260 119
-0 260 119
-0 260 119
-15.8489 246.223 119
-23.5726 239.867 119
-25.2795 238.788 119
-27.0069 237.737 119
-34.1944 232.31 119
-43.8261 225.139 119
-39.4005 229.217 119
-26.974 239.302 119
-25.5563 240.742 119
-26.5273 240.371 119
-28.3156 239.428 119
-26.8658 240.837 119
-26.2129 241.646 119
-26.372 241.875 119
-26.5292 242.106 119
-26.6843 242.338 119
-25.9988 243.116 119
-26.9885 242.806 119
-27.9856 242.513 119
-28.1371 242.758 119
-28.2865 243.004 119
-28.4338 243.251 119
-28.5788 243.5 119
-27.8514 244.242 119
-28.8625 244.001 119
-27.2433 245.208 119
-30.0202 244.038 119
-31.0454 243.839 119
-30.2942 244.564 119
-31.3227 244.383 119
-30.559 245.095 119
-31.5905 244.932 119
-31.7208 245.208 119
-31.8486 245.486 119
-31.9741 245.764 119
-33.9312 245.246 119
-34.0587 245.543 119
-35.1074 245.458 119
-35.233 245.765 119
-35.3559 246.073 119
-36.4096 246.024 119
-38.4036 245.642 119
-38.5274 245.977 119
-0 260 119
-0 260 119
-0 260 119
-71.3292 236.824 119
-70.5751 237.748 119
-0 260 119
-70.9527 238.983 119
-0 260 119
-0 260 119
-0 260 119
-0 260 119
-0 260 119
-0 260 119
-0 260 119
-0 260 119
-0 260 119
-0 260 119
-0 260 119
-0 260 119
-0 260 119
-0 260 119
-694.345 150.027 119
-694.289 156.238 119
-696.158 162.161 119
-696.986 168.24 119
-695.775 174.57 119
-697.487 180.531 119
-698.154 186.621 119
-698.768 192.716 119
-699.329 198.817 119
-698.839 205 119
-698.295 211.171 119
-698.694 217.266 119
-700.039 223.313 119
-698.335 229.51 119
-699.574 235.57 119
-698.76 241.702 119
-698.894 247.801 119
-698.973 253.9 119
-699 260 119
-697.973 266.091 119
-697.894 272.182 119
-698.76 278.298 119
-696.575 284.325 119
-696.337 290.403 119
-694.048 296.374 119
-695.7 302.551 119
-694.305 308.551 119
-693.854 314.608 119
-692.355 320.573 119
-691.8 326.613 119
-691.193 332.647 119
-687.552 338.337 119
-687.834 344.456 119
-687.071 350.455 119
-685.265 356.308 119
-682.421 361.989 119
-683.48 368.253 119
-681.523 374.048 119
-680.502 379.991 119
-678.446 385.743 119
-677.323 391.658 119
-674.188 397.165 119
-672.966 403.043 119
-671.692 408.911 119
-669.392 414.541 119
-668.018 420.377 119
-665.623 425.959 119
-663.181 431.51 119
-660.693 437.032 119
-658.16 442.524 119
-657.503 448.536 119
-653.915 453.699 119
-652.2 459.398 119
-648.527 464.48 119
-645.767 469.823 119
-643.912 475.45 119
-641.062 480.735 119
-638.168 485.987 119
-635.232 491.206 119
-633.19 496.74 119
-629.233 501.54 119
-627.101 507.022 119
-623.995 512.11 119
-620.847 517.163 119
-617.659 522.181 119
-615.347 527.561 119
-611.162 532.107 119
-607.854 537.015 119
-605.414 542.309 119
-601.122 546.72 119
-598.597 551.955 119
-595.131 556.722 119
-591.628 561.45 119
-588.088 566.139 119
-583.628 570.321 119
-580.898 575.402 119
-577.249 579.974 119
-573.564 584.507 119
-570.711 589.5 119
-566.09 593.453 119
-563.159 598.38 119
-559.332 602.759 119
-553.775 606.037 119
-551.578 611.394 119
-546.813 615.105 119
-542.86 619.311 119
-539.703 624.035 119
-535.682 628.164 119
-531.63 632.251 119
-527.547 636.296 119
-523.434 640.297 119
-518.488 643.661 119
-515.12 648.171 119
-510.126 651.434 119
-505.903 655.255 119
-501.652 659.032 119
-497.373 662.765 119
-493.068 666.454 119
-489.502 670.741 119
-483.618 673.049 119
-478.486 675.941 119
-474.838 680.101 119
-471.154 684.229 119
-465.959 686.973 119
-461.484 690.341 119
-457.711 694.352 119
-451.745 696.246 119
-447.921 700.171 119
-443.356 703.356 119
-437.367 705.068 119
-433.467 708.868 119
-428.156 711.183 119
-424.203 714.902 119
-419.541 717.849 119
-414.861 720.75 119
-408.837 722.106 119
-404.788 725.656 119
-399.41 727.65 119
-395.314 731.117 119
-389.916 733.006 119
-383.885 734.059 119
-379.734 737.391 119
-375.553 740.687 119
-370.127 742.359 119
-365.302 744.772 119
-359.273 745.53 119
-353.847 747.028 119
-349.583 750.098 119
-344.719 752.31 119
-339.277 753.652 119
-334.397 755.765 119
-330.058 758.664 119
-324.605 759.848 119
-320.231 762.661 119
-314.772 763.741 119
-309.319 764.763 119
-304.387 766.586 119
-298.94 767.5 119
-293.5 768.357 119
-289.053 770.899 119
-281.674 768.154 119
-266.255 750.38 119
-258.209 745.621 119
-251.653 743.421 119
-246.971 744.708 119
-253.887 769.218 119
-252.94 778.604 119
-247.113 778.084 119
-242.16 779.314 119
-238.034 782.318 119
-233.467 784.375 119
-227.686 783.641 119
-222.717 784.688 119
-217.364 784.764 119
-212.402 785.713 119
-207.073 785.686 119
-201.761 785.606 119
-197.167 787.346 119
-191.531 786.228 119
-186.598 786.937 119
-181.667 787.599 119
-176.421 787.268 119
-171.504 787.836 119
-166.591 788.359 119
-161.389 787.88 119
-156.776 789.269 119
-151.325 787.733 119
-146.447 788.07 119
-141.315 787.396 119
-136.457 787.64 119
-131.364 786.871 119
-126.527 787.025 119
-121.698 787.134 119
-116.877 787.2 119
-112.064 787.222 119
-107.26 787.2 119
-102.464 787.134 119
-97.496 786.041 119
-92.7281 785.887 119
-87.8053 784.704 119
-83.2231 785.45 119
-78.3389 784.178 119
-73.4834 782.862 119
-68.7873 782.491 119
-63.9814 781.087 119
-59.4316 781.625 119
-54.7729 781.129 119
-50.1273 780.592 119
-45.4081 779.017 119
-40.7987 778.397 119
-36.1338 776.738 119
-31.501 775.038 119
-26.953 774.294 119
-22.3767 772.512 119
-17.9034 772.687 119
-13.4026 771.825 119
-8.91814 770.922 119
-4.44177 768.981 119
3.82774e-05 767 119
4.42439 766.981 119
8.83096 765.923 119
13.2194 764.827 119
17.5545 762.694 119
21.897 761.522 119
26.168 759.315 119
30.4633 758.069 119
34.7388 756.787 119
38.9942 755.468 119
43.055 752.12 119
47.3478 751.726 119
51.5326 750.299 119
55.696 748.837 119
59.716 746.348 119
63.9579 745.808 119
67.9165 743.251 119
71.9832 741.651 119
76.0272 740.017 119
79.718 736.376 119
83.8721 735.662 119
87.8376 733.929 119
91.5883 731.181 119
95.896 731.344 119
99.5897 728.533 119
103.242 725.693 119
107.302 724.775 119
110.653 720.903 119
114.671 719.92 119
117.679 715.029 119
121.904 714.951 119
125.335 711.943 119
129.55 711.793 119
133.203 709.686 119
136.83 707.551 119
140.129 704.432 119
144.002 703.192 119
147.547 700.97 119
150.738 697.775 119
154.219 695.5 119
157.329 692.259 119
160.745 689.933 119
164.133 687.58 119
167.858 686.131 119
170.821 682.796 119
173.738 679.441 119
178.173 679.75 119
181.431 677.262 119
184.252 673.836 119
187.856 672.212 119
190.178 667.838 119
194.161 667.066 119
197.267 664.457 119
199.004 659.141 119
202.934 658.28 119
206.863 657.381 119
209.854 654.678 119
212.813 651.952 119
215.255 648.331 119
218.636 646.438 119
221.5 643.649 119
224.332 640.84 119
225.587 635.439 119
229.899 635.162 119
232.635 632.293 119
235.875 630.249 119
238.552 627.338 119
241.196 624.408 119
243.249 620.631 119
245.254 616.847 119
247.785 613.874 119
252.025 613.326 119
253.923 609.495 119
255.774 605.658 119
259.382 604.212 119
261.159 600.349 119
264.119 598.057 119
266.436 594.956 119
268.091 591.064 119
269.697 587.169 119
273.828 586.335 119
276.015 583.173 119
278.825 580.752 119
280.288 576.808 119
283.042 574.35 119
284.423 570.394 119
288.485 569.363 119
289.109 564.657 119
291.757 562.123 119
294.382 559.565 119
296.278 556.278 119
297.425 552.279 119
299.965 549.673 119
301.756 546.355 119
303.512 543.029 119
306.707 541.046 119
308.405 537.689 119
310.068 534.325 119
312.45 531.608 119
314.808 528.871 119
316.376 525.471 119
316.366 520.792 119
320.184 519.28 119
321.652 515.854 119
323.084 512.421 119
325.275 509.592 119
329.038 507.948 119
330.385 504.472 119
330.888 500.404 119
333.787 498.088 119
334.214 494.019 119
335.419 490.527 119
336.589 487.032 119
338.558 484.086 119
341.339 481.668 119
343.26 478.681 119
344.308 475.147 119
346.172 472.134 119
347.153 468.59 119
349.821 466.061 119
350.74 462.5 119
350.753 458.447 119
352.472 455.378 119
355.042 452.772 119
356.711 449.667 119
357.465 446.085 119
358.185 442.504 119
359.764 439.372 119
359.518 435.348 119
361.034 432.204 119
363.429 429.47 119
365.804 426.707 119
366.332 423.101 119
364.99 418.702 119
366.361 415.511 119
369.552 413.073 119
369.946 409.468 119
370.306 405.867 119
371.565 402.63 119
373.732 399.733 119
374.937 396.466 119
374.229 392.521 119
375.371 389.251 119
377.433 386.287 119
378.52 382.989 119
378.626 379.38 119
378.697 375.779 119
380.651 372.754 119
380.66 369.152 119
383.525 366.361 119
382.507 362.492 119
384.355 359.401 119
384.237 355.801 119
383.114 351.977 119
386.825 349.306 119
386.613 345.71 119
387.346 342.333 119
389.03 339.149 119
389.706 335.751 119
388.386 331.983 119
388.999 328.591 119
388.597 325.029 119
391.125 321.948 119
390.661 318.385 119
392.146 315.113 119
393.604 311.819 119
393.048 308.26 119
392.461 304.715 119
393.831 301.393 119
392.186 297.763 119
392.501 294.339 119
393.782 290.991 119
395.035 287.624 119
394.263 284.114 119
394.459 280.673 119
394.624 277.23 119
393.76 273.75 119
394.865 270.34 119
394.94 266.894 119
394.985 263.447 119
396 260 119
396.985 256.536 119
396.94 253.071 119
394.865 249.66 119
395.759 246.18 119
397.621 242.639 119
394.459 239.327 119
395.261 235.825 119
396.033 232.307 119
396.773 228.773 119
397.482 225.225 119
397.163 221.758 119
395.82 218.398 119
395.442 214.945 119
394.041 211.618 119
395.587 207.92 119
395.117 204.47 119
395.606 200.876 119
395.075 197.426 119
394.514 193.981 119
392.938 190.714 119
392.319 187.288 119
392.651 183.676 119
390.01 180.652 119
390.281 177.043 119
387.59 174.073 119
0 260 119
0 260 119
0 260 119
0 260 119
0 260 119
0 260 119
0 260 119
0 260 119
72.6792 237.78 119
71.5288 237.447 119
0 260 119
0 260 119
0 260 119
39.5909 245.98 119
37.5877 246.319 119
37.4669 245.992 119
35.4761 246.382 119
37.2167 245.34 119
36.1602 245.39 119
35.1074 245.458 119
34.0587 245.543 119
33.0142 245.645 119
33.8012 244.951 119
32.7586 245.071 119
33.5334 244.363 119
33.3957 244.071 119
34.1542 243.342 119
32.2176 243.937 119
32.0762 243.656 119
30.1584 244.301 119
30.0202 244.038 119
29.001 244.254 119
29.7371 243.516 119
29.5921 243.258 119
27.7128 244 119
29.2954 242.744 119
28.2865 243.004 119
28.9898 242.235 119
28.8336 241.983 119
28.6753 241.732 119
28.5148 241.482 119
28.3521 241.234 119
27.3582 241.547 119
26.372 241.875 119
26.2129 241.646 119
26.8658 240.837 119
25.0795 241.779 119
24.9196 241.56 119
23.9591 241.946 119
35.7009 232.606 119
41.7646 227.37 119
32.8695 233.854 119
26.423 238.603 119
27.0069 237.737 119
23.7474 240.074 119
0 260 119
0 260 119
0 260 119
0 260 119
0 260 119
0 260 119
0 260 119
0 260 119
0 260 119
0 260 119
0 260 119
