-0 260 21
-0 260 21
-0 260 21
-0 260 21
-0 260 21
-0 260 21
-0 260 21
-0 260 21
-17.3583 244.911 21
-23.5726 239.867 21
-26.8116 237.502 21
-26.2352 238.373 21
-34.1944 232.31 21
-43.0435 225.762 21
-40.9766 227.986 21
-28.5607 238.085 21
-26.355 240.14 21
-26.5273 240.371 21
-27.5066 240.015 21
-26.0517 241.418 21
-27.032 241.072 21
-26.372 241.875 21
-25.7002 242.665 21
-27.5182 241.786 21
-26.8375 242.572 21
-26.9885 242.806 21
-26.2895 243.573 21
-27.2845 243.28 21
-28.2865 243.004 21
-28.4338 243.251 21
-28.5788 243.5 21
-27.8514 244.242 21
-27.9878 244.486 21
-28.1222 244.731 21
-30.0202 244.038 21
-31.0454 243.839 21
-30.2942 244.564 21
-30.4278 244.829 21
-30.559 245.095 21
-31.5905 244.932 21
-32.6271 244.786 21
-32.7586 245.071 21
-32.8876 245.357 21
-33.9312 245.246 21
-34.9792 245.152 21
-34.1835 245.841 21
-34.3058 246.14 21
-35.3559 246.073 21
-35.4761 246.382 21
-37.4669 245.992 21
-39.4671 245.635 21
-0 260 21
-0 260 21
-0 260 21
-72.2803 236.515 21
-71.5288 237.447 21
-0 260 21
-69.035 239.551 21
-0 260 21
-0 260 21
-0 260 21
-0 260 21
-0 260 21
-0 260 21
-0 260 21
-0 260 21
-0 260 21
-0 260 21
-0 260 21
-0 260 21
-0 260 21
-656.866 150.078 21
-666.69 154.407 21
-887.147 127.415 21
-894.212 134.327 21
-887.343 143.179 21
-895.277 150.074 21
-876.33 160.155 21
-877.168 167.806 21
-877.939 175.464 21
-876.651 183.303 21
-880.278 190.721 21
-861.895 199.731 21
-858.396 207.498 21
-850.832 215.41 21
-850.19 222.88 21
-858.477 230.021 21
-861.705 237.436 21
-869.867 244.817 21
-876.967 252.347 21
-876 260 21
-865.967 267.557 21
-868.868 275.166 21
-864.704 282.643 21
-860.475 290.049 21
-868.173 297.905 21
-873.801 305.794 21
-864.385 312.868 21
-858.903 320.06 21
-852.364 327.083 21
-851.746 334.518 21
-850.068 341.852 21
-852.305 349.581 21
-854.472 357.355 21
-825.798 361.395 21
-831.822 369.512 21
-833.806 377.184 21
-817.916 382.239 21
-813.855 388.902 21
-812.699 395.999 21
-819.36 404.475 21
-808.236 409.798 21
-810.824 417.608 21
-817.257 426.273 21
-831.425 436.725 21
-818.136 441.377 21
-831.138 451.883 21
-839.155 461.463 21
-799.787 474.302 21
-792.777 502.376 21
-1056.72 593.182 21
-1082.3 611.661 21
-1059.28 614.429 21
-1038.18 617.474 21
-1037.85 627.521 21
-1199.95 819.547 21
-1175.17 820.526 21
-1184.61 837.773 21
-1161.62 839.165 21
-1161.87 852.004 21
-1149.57 858.426 21
-1153.13 873.13 21
-0 260 21
-0 260 21
-0 260 21
-0 260 21
-0 260 21
-0 260 21
-0 260 21
-0 260 21
-0 260 21
-0 260 21
-0 260 21
-0 260 21
-0 260 21
-0 260 21
-0 260 21
-0 260 21
-0 260 21
-0 260 21
-0 260 21
-0 260 21
-0 260 21
-0 260 21
-0 260 21
-0 260 21
-0 260 21
-0 260 21
-0 260 21
-0 260 21
-0 260 21
-0 260 21
-0 260 21
-0 260 21
-0 260 21
-0 260 21
-0 260 21
-0 260 21
-0 260 21
-0 260 21
-0 260 21
-0 260 21
-0 260 21
-0 260 21
-0 260 21
-0 260 21
-0 260 21
-0 260 21
-0 260 21
-0 260 21
-0 260 21
-0 260 21
-0 260 21
-0 260 21
-0 260 21
-0 260 21
-0 260 21
-0 260 21
-0 260 21
-0 260 21
-0 260 21
-0 260 21
-0 260 21
-0 260 21
-0 260 21
-0 260 21
-0 260 21
-0 260 21
-0 260 21
-0 260 21
-0 260 21
-0 260 21
-0 260 21
-0 260 21
-0 260 21
-0 260 21
-0 260 21
-0 260 21
-0 260 21
-0 260 21
-0 260 21
-0 260 21
-0 260 21
-0 260 21
-0 260 21
-0 260 21
-0 260 21
-0 260 21
-0 260 21
-0 260 21
-0 260 21
-0 260 21
-0 260 21
-0 260 21
-0 260 21
-0 260 21
-0 260 21
-0 260 21
-0 260 21
-0 260 21
-0 260 21
-0 260 21
-0 260 21
-0 260 21
-0 260 21
-0 260 21
-0 260 21
-0 260 21
-0 260 21
-0 260 21
-0 260 21
-0 260 21
-0 260 21
-0 260 21
0 260 21
0 260 21
0 260 21
0 260 21
0 260 21
0 260 21
0 260 21
0 260 21
0 260 21
0 260 21
0 260 21
0 260 21
0 260 21
0 260 21
0 260 21
0 260 21
0 260 21
0 260 21
0 260 21
0 260 21
0 260 21
0 260 21
0 260 21
0 260 21
0 260 21
0 260 21
0 260 21
0 260 21
0 260 21
0 260 21
0 260 21
0 260 21
0 260 21
0 260 21
0 260 21
0 260 21
0 260 21
0 260 21
0 260 21
0 260 21
0 260 21
0 260 21
0 260 21
0 260 21
0 260 21
0 260 21
0 260 21
0 260 21
0 260 21
0 260 21
0 260 21
0 260 21
0 260 21
0 260 21
0 260 21
0 260 21
0 260 21
0 260 21
0 260 21
0 260 21
0 260 21
0 260 21
0 260 21
0 260 21
0 260 21
0 260 21
0 260 21
0 260 21
0 260 21
0 260 21
0 260 21
0 260 21
0 260 21
0 260 21
0 260 21
0 260 21
0 260 21
0 260 21
0 260 21
0 260 21
0 260 21
0 260 21
0 260 21
0 260 21
0 260 21
0 260 21
0 260 21
0 260 21
0 260 21
0 260 21
0 260 21
0 260 21
0 260 21
0 260 21
0 260 21
0 260 21
0 260 21
0 260 21
0 260 21
0 260 21
0 260 21
0 260 21
0 260 21
0 260 21
0 260 21
0 260 21
0 260 21
0 260 21
0 260 21
0 260 21
0 260 21
0 260 21
0 260 21
0 260 21
0 260 21
0 260 21
0 260 21
0 260 21
0 260 21
0 260 21
0 260 21
0 260 21
0 260 21
0 260 21
0 260 21
0 260 21
0 260 21
0 260 21
0 260 21
0 260 21
0 260 21
0 260 21
0 260 21
0 260 21
0 260 21
0 260 21
0 260 21
0 260 21
0 260 21
0 260 21
0 260 21
0 260 21
0 260 21
0 260 21
0 260 21
0 260 21
0 260 21
0 260 21
0 260 21
0 260 21
0 260 21
0 260 21
0 260 21
0 260 21
0 260 21
0 260 21
0 260 21
0 260 21
0 260 21
0 260 21
0 260 21
0 260 21
0 260 21
0 260 21
0 260 21
0 260 21
0 260 21
0 260 21
0 260 21
0 260 21
0 260 21
0 260 21
0 260 21
0 260 21
0 260 21
0 260 21
0 260 21
0 260 21
0 260 21
0 260 21
0 260 21
0 260 21
0 260 21
0 260 21
0 260 21
0 260 21
0 260 21
0 260 21
0 260 21
0 260 21
0 260 21
1186.79 40.0417 21
1156.36 35.227 21
1129.85 30.1288 21
1107.26 24.644 21
1074.9 21.7 21
0 260 21
0 260 21
0 260 21
0 260 21
0 260 21
0 260 21
0 260 21
0 260 21
70.7666 238.364 21
70.5751 237.748 21
0 260 21
0 260 21
0 260 21
39.5909 245.98 21
39.4671 245.635 21
37.4669 245.992 21
35.4761 246.382 21
35.3559 246.073 21
37.0874 245.016 21
35.1074 245.458 21
34.0587 245.543 21
33.9312 245.246 21
33.8012 244.951 21
32.7586 245.071 21
32.6271 244.786 21
33.3957 244.071 21
32.3566 244.219 21
34.0075 243.044 21
31.1852 244.11 21
31.0454 243.839 21
30.0202 244.038 21
29.8798 243.777 21
29.7371 243.516 21
28.7217 243.75 21
28.5788 243.5 21
29.2954 242.744 21
29.1437 242.489 21
28.9898 242.235 21
28.8336 241.983 21
28.6753 241.732 21
28.5148 241.482 21
27.5182 241.786 21
27.3582 241.547 21
25.5479 242.441 21
27.032 241.072 21
26.8658 240.837 21
25.0795 241.779 21
24.1157 242.155 21
24.7577 241.344 21
34.9075 233.214 21
40.1885 228.601 21
32.0869 234.477 21
26.423 238.603 21
27.0069 237.737 21
23.7474 240.074 21
0 260 21
0 260 21
0 260 21
0 260 21
0 260 21
0 260 21
0 260 21
0 260 21
0 260 21
0 260 21
0 260 21
