-0 260 38
-0 260 38
-0 260 38
-0 260 38
-0 260 38
-0 260 38
-0 260 38
-0 260 38
-16.6036 245.567 38
-23.5726 239.867 38
-26.8116 237.502 38
-27.0069 237.737 38
-32.6401 233.569 38
-41.4782 227.007 38
-41.7646 227.37 38
-26.974 239.302 38
-25.5563 240.742 38
-25.7234 240.966 38
-27.5066 240.015 38
-27.6799 240.256 38
-25.3937 242.219 38
-25.5479 242.441 38
-26.5292 242.106 38
-27.5182 241.786 38
-26.8375 242.572 38
-26.9885 242.806 38
-27.1375 243.043 38
-28.1371 242.758 38
-28.2865 243.004 38
-27.5721 243.759 38
-28.5788 243.5 38
-26.981 244.735 38
-27.1132 244.971 38
-29.001 244.254 38
-30.9032 243.569 38
-30.1584 244.301 38
-31.1852 244.11 38
-30.4278 244.829 38
-30.559 245.095 38
-31.5905 244.932 38
-31.7208 245.208 38
-31.8486 245.486 38
-32.8876 245.357 38
-33.0142 245.645 38
-34.9792 245.152 38
-35.1074 245.458 38
-35.233 245.765 38
-34.4255 246.439 38
-36.4096 246.024 38
-37.4669 245.992 38
-39.4671 245.635 38
-0 260 38
-0 260 38
-0 260 38
-71.3292 236.824 38
-71.5288 237.447 38
-0 260 38
-0 260 38
-0 260 38
-0 260 38
-0 260 38
-0 260 38
-0 260 38
-0 260 38
-0 260 38
-0 260 38
-0 260 38
-0 260 38
-0 260 38
-0 260 38
-0 260 38
-0 260 38
-693.357 150.183 38
-694.289 156.238 38
-694.178 162.44 38
-695.003 168.501 38
-695.775 174.57 38
-696.494 180.645 38
-696.165 186.83 38
-697.773 192.812 38
-698.332 198.904 38
-699.836 204.922 38
-699.292 211.101 38
-699.693 217.205 38
-699.041 223.365 38
-702.331 229.336 38
-702.572 235.466 38
-700.76 241.65 38
-700.893 247.766 38
-703.973 253.857 38
-1018 260 38
-1154.96 270.079 38
-1186.82 280.716 38
-1144.61 289.973 38
-1160.29 300.518 38
-1186.06 611.327 38
-0 260 38
-0 260 38
-0 260 38
-0 260 38
-0 260 38
-0 260 38
-0 260 38
-0 260 38
-0 260 38
-0 260 38
-0 260 38
-0 260 38
-0 260 38
-0 260 38
-0 260 38
-0 260 38
-0 260 38
-0 260 38
-0 260 38
-0 260 38
-0 260 38
-0 260 38
-0 260 38
-0 260 38
-0 260 38
-0 260 38
-0 260 38
-0 260 38
-0 260 38
-0 260 38
-0 260 38
-0 260 38
-0 260 38
-0 260 38
-0 260 38
-0 260 38
-0 260 38
-0 260 38
-0 260 38
-0 260 38
-0 260 38
-0 260 38
-0 260 38
-0 260 38
-0 260 38
-0 260 38
-0 260 38
-0 260 38
-0 260 38
-0 260 38
-0 260 38
-0 260 38
-0 260 38
-0 260 38
-0 260 38
-0 260 38
-0 260 38
-0 260 38
-0 260 38
-0 260 38
-0 260 38
-0 260 38
-0 260 38
-0 260 38
-0 260 38
-0 260 38
-0 260 38
-0 260 38
-0 260 38
-0 260 38
-0 260 38
-0 260 38
-0 260 38
-0 260 38
-0 260 38
-0 260 38
-0 260 38
-0 260 38
-0 260 38
-0 260 38
-0 260 38
-0 260 38
-0 260 38
-0 260 38
-0 260 38
-0 260 38
-0 260 38
-0 260 38
-0 260 38
-0 260 38
-0 260 38
-0 260 38
-0 260 38
-0 260 38
-0 260 38
-0 260 38
-0 260 38
-0 260 38
-0 260 38
-0 260 38
-0 260 38
-0 260 38
-0 260 38
-0 260 38
-0 260 38
-0 260 38
-0 260 38
-0 260 38
-0 260 38
-0 260 38
-0 260 38
-0 260 38
-0 260 38
-0 260 38
0 260 38
0 260 38
0 260 38
0 260 38
0 260 38
0 260 38
0 260 38
0 260 38
0 260 38
0 260 38
0 260 38
0 260 38
0 260 38
0 260 38
0 260 38
0 260 38
0 260 38
0 260 38
0 260 38
0 260 38
0 260 38
0 260 38
0 260 38
0 260 38
0 260 38
0 260 38
0 260 38
0 260 38
0 260 38
0 260 38
0 260 38
0 260 38
0 260 38
0 260 38
0 260 38
0 260 38
0 260 38
0 260 38
0 260 38
0 260 38
0 260 38
0 260 38
0 260 38
0 260 38
0 260 38
0 260 38
0 260 38
0 260 38
0 260 38
0 260 38
0 260 38
0 260 38
0 260 38
0 260 38
0 260 38
0 260 38
0 260 38
0 260 38
0 260 38
0 260 38
0 260 38
0 260 38
0 260 38
0 260 38
0 260 38
0 260 38
0 260 38
0 260 38
0 260 38
0 260 38
0 260 38
0 260 38
0 260 38
0 260 38
0 260 38
0 260 38
0 260 38
0 260 38
0 260 38
0 260 38
0 260 38
0 260 38
0 260 38
0 260 38
0 260 38
0 260 38
0 260 38
0 260 38
0 260 38
0 260 38
0 260 38
0 260 38
0 260 38
0 260 38
0 260 38
0 260 38
0 260 38
0 260 38
0 260 38
0 260 38
0 260 38
0 260 38
0 260 38
0 260 38
0 260 38
0 260 38
0 260 38
0 260 38
0 260 38
0 260 38
0 260 38
0 260 38
0 260 38
0 260 38
0 260 38
0 260 38
0 260 38
0 260 38
0 260 38
0 260 38
0 260 38
0 260 38
0 260 38
0 260 38
0 260 38
0 260 38
0 260 38
0 260 38
0 260 38
0 260 38
0 260 38
0 260 38
0 260 38
0 260 38
0 260 38
0 260 38
0 260 38
0 260 38
0 260 38
0 260 38
0 260 38
0 260 38
0 260 38
0 260 38
0 260 38
0 260 38
0 260 38
0 260 38
0 260 38
381.598 365.826 38
383.473 362.751 38
385.323 359.651 38
387.148 356.527 38
385.058 352.444 38
387.799 349.531 38
387.59 345.927 38
387.346 342.333 38
390.01 339.348 38
389.706 335.751 38
392.319 332.712 38
390.969 328.938 38
391.555 325.524 38
393.1 322.261 38
395.606 319.124 38
391.156 314.973 38
393.604 311.819 38
396.026 308.626 38
397.429 305.281 38
396.814 301.707 38
397.163 298.242 38
396.485 294.688 38
396.773 291.227 38
396.033 287.693 38
398.256 284.358 38
398.453 280.882 38
398.62 277.404 38
398.757 273.925 38
397.864 270.418 38
398.939 266.964 38
398.985 263.482 38
399 260 38
398.985 256.518 38
400.939 253.002 38
400.863 249.503 38
400.756 246.005 38
399.619 242.552 38
399.452 239.066 38
400.252 235.52 38
400.023 232.028 38
399.764 228.538 38
398.478 225.138 38
399.154 221.566 38
400.792 217.875 38
400.409 214.379 38
399.004 211.009 38
399.552 207.398 38
397.097 204.192 38
398.573 200.433 38
399.026 196.8 38
398.459 193.321 38
396.878 190.02 38
398.218 186.195 38
397.559 182.722 38
394.91 179.655 38
394.193 176.212 38
394.424 172.558 38
0 260 38
0 260 38
0 260 38
0 260 38
0 260 38
0 260 38
0 260 38
0 260 38
72.6792 237.78 38
69.6213 238.048 38
73.2314 236.206 38
0 260 38
0 260 38
39.5909 245.98 38
38.5274 245.977 38
37.4669 245.992 38
36.4096 246.024 38
37.2167 245.34 38
35.233 245.765 38
35.1074 245.458 38
34.9792 245.152 38
33.9312 245.246 38
32.8876 245.357 38
31.8486 245.486 38
33.5334 244.363 38
34.2982 243.641 38
34.1542 243.342 38
33.1126 243.491 38
32.0762 243.656 38
31.9324 243.377 38
30.0202 244.038 38
29.8798 243.777 38
29.7371 243.516 38
29.5921 243.258 38
28.5788 243.5 38
30.157 242.236 38
30.0009 241.974 38
28.9898 242.235 38
28.8336 241.983 38
27.8319 242.269 38
28.5148 241.482 38
28.3521 241.234 38
28.1873 240.987 38
26.372 241.875 38
27.032 241.072 38
26.8658 240.837 38
25.0795 241.779 38
23.3118 242.75 38
24.7577 241.344 38
34.9075 233.214 38
41.7646 227.37 38
34.4348 232.609 38
27.2001 237.974 38
25.4636 239.009 38
23.7474 240.074 38
0 260 38
0 260 38
0 260 38
0 260 38
0 260 38
0 260 38
0 260 38
0 260 38
0 260 38
0 260 38
0 260 38
