-0 260 113
-0 260 113
-0 260 113
-0 260 113
-0 260 113
-0 260 113
-0 260 113
-0 260 113
-16.6036 245.567 113
-23.5726 239.867 113
-27.5776 236.86 113
-27.0069 237.737 113
-34.9716 231.681 113
-43.8261 225.139 113
-40.1886 228.601 113
-27.7674 238.693 113
-26.355 240.14 113
-27.3311 239.776 113
-26.6976 240.603 113
-26.8658 240.837 113
-26.2129 241.646 113
-24.7238 243.008 113
-26.5292 242.106 113
-26.6843 242.338 113
-27.6761 242.027 113
-26.9885 242.806 113
-27.9856 242.513 113
-27.2845 243.28 113
-28.2865 243.004 113
-27.5721 243.759 113
-27.7128 244 113
-27.8514 244.242 113
-27.9878 244.486 113
-29.001 244.254 113
-30.0202 244.038 113
-31.9324 243.377 113
-31.1852 244.11 113
-31.3227 244.383 113
-31.4578 244.657 113
-30.6879 245.363 113
-31.7208 245.208 113
-32.7586 245.071 113
-32.8876 245.357 113
-34.8483 244.848 113
-34.9792 245.152 113
-35.1074 245.458 113
-34.3058 246.14 113
-35.3559 246.073 113
-36.4096 246.024 113
-37.4669 245.992 113
-39.4671 245.635 113
-0 260 113
-0 260 113
-0 260 113
-70.3782 237.133 113
-72.4825 237.146 113
-0 260 113
-72.8703 238.415 113
-0 260 113
-0 260 113
-0 260 113
-0 260 113
-0 260 113
-0 260 113
-0 260 113
-0 260 113
-0 260 113
-0 260 113
-0 260 113
-0 260 113
-0 260 113
-0 260 113
-687.431 151.122 113
-689.344 156.977 113
-686.256 163.553 113
-689.054 169.284 113
-689.82 175.301 113
-691.526 181.211 113
-691.193 187.353 113
-690.805 193.483 113
-691.359 199.514 113
-691.861 205.549 113
-692.309 211.589 113
-692.706 217.632 113
-691.052 223.784 113
-693.339 229.728 113
-693.577 235.78 113
-693.762 241.833 113
-692.894 247.906 113
-693.974 253.944 113
-693 260 113
-692.974 266.048 113
-692.894 272.095 113
-690.763 278.088 113
-692.578 284.185 113
-692.34 290.228 113
-691.052 296.217 113
-690.709 302.246 113
-688.319 308.132 113
-688.87 314.215 113
-689.367 320.312 113
-687.819 326.23 113
-684.231 331.916 113
-685.565 338.11 113
-683.864 343.968 113
-684.097 350.063 113
-682.295 355.89 113
-680.443 361.693 113
-679.53 367.627 113
-678.564 373.553 113
-677.548 379.47 113
-675.496 385.196 113
-674.378 391.086 113
-672.228 396.766 113
-671.009 402.628 113
-668.763 408.261 113
-667.443 414.092 113
-665.101 419.677 113
-662.712 425.233 113
-661.245 431.01 113
-658.761 436.515 113
-657.196 442.257 113
-654.619 447.709 113
-652.956 453.415 113
-650.287 458.813 113
-647.574 464.179 113
-644.816 469.514 113
-642.963 475.133 113
-641.062 480.735 113
-638.168 485.987 113
-635.232 491.206 113
-632.254 496.39 113
-630.167 501.898 113
-627.101 507.022 113
-623.995 512.11 113
-620.847 517.163 113
-618.579 522.571 113
-613.513 526.763 113
-612.075 532.514 113
-606.944 536.6 113
-604.507 541.886 113
-602.927 547.581 113
-598.597 551.955 113
-596.026 557.168 113
-591.628 561.45 113
-589.862 567.063 113
-584.511 570.79 113
-581.777 575.879 113
-578.124 580.459 113
-575.305 585.492 113
-571.577 590 113
-567.814 594.468 113
-564.016 598.895 113
-559.332 602.759 113
-556.32 607.627 113
-551.578 611.394 113
-549.329 616.739 113
-545.361 620.967 113
-540.532 624.594 113
-537.33 629.297 113
-533.268 633.398 113
-526.733 635.715 113
-525.052 641.473 113
-520.899 645.445 113
-516.717 649.374 113
-511.713 652.651 113
-508.267 657.102 113
-503.217 660.277 113
-498.928 664.024 113
-494.611 667.726 113
-489.502 670.741 113
-485.899 674.997 113
-480.75 677.91 113
-475.587 680.764 113
-472.64 685.567 113
-467.434 688.324 113
-462.215 691.023 113
-458.437 695.04 113
-453.903 698.329 113
-448.634 700.872 113
-443.356 703.356 113
-440.171 707.921 113
-434.161 709.587 113
-430.222 713.359 113
-424.885 715.633 113
-420.217 718.587 113
-415.53 721.493 113
-410.824 724.353 113
-404.788 725.656 113
-401.359 729.931 113
-395.314 731.117 113
-389.916 733.006 113
-386.403 737.168 113
-380.356 738.174 113
-376.169 741.475 113
-371.344 743.946 113
-365.302 744.772 113
-361.057 747.941 113
-356.198 750.264 113
-350.745 751.726 113
-344.719 752.31 113
-340.977 756.124 113
-335.516 757.423 113
-331.162 760.332 113
-325.694 761.525 113
-319.693 761.818 113
-315.832 765.437 113
-309.842 765.616 113
-304.902 767.443 113
-299.448 768.361 113
-293.5 768.357 113
-289.545 771.769 113
-277.311 760.283 113
-264.346 746.865 113
-257.74 744.738 113
-252.576 745.195 113
-251.057 752.727 113
-257.01 775.482 113
-253.817 780.402 113
-247.974 779.889 113
-243.005 781.127 113
-238.449 783.228 113
-232.653 782.548 113
-227.686 783.641 113
-223.107 785.608 113
-217.364 784.764 113
-212.402 785.713 113
-207.073 785.686 113
-202.119 786.539 113
-197.517 788.283 113
-191.531 786.228 113
-186.932 787.879 113
-182.318 789.49 113
-176.739 788.216 113
-171.813 788.787 113
-166.892 789.313 113
-161.682 788.837 113
-156.776 789.269 113
-151.876 789.655 113
-146.714 789.033 113
-141.833 789.327 113
-136.958 789.577 113
-131.605 787.841 113
-126.994 788.969 113
-122.148 789.083 113
-117.094 788.176 113
-112.272 788.2 113
-107.26 787.2 113
-102.464 787.134 113
-97.6782 787.025 113
-92.7281 785.887 113
-87.9703 785.69 113
-83.2231 785.45 113
-78.4868 785.167 113
-73.6225 783.852 113
-69.0483 784.474 113
-64.1032 782.079 113
-59.5448 782.619 113
-54.7729 781.129 113
-50.1273 780.592 113
-45.4081 779.017 113
-40.7987 778.397 113
-36.2733 778.733 113
-31.5621 776.036 113
-27.0576 776.291 113
-22.5076 775.509 113
-17.9383 773.687 113
-13.4287 772.824 113
-8.93559 771.922 113
-4.45922 770.981 113
3.84284e-05 769 113
4.43312 767.981 113
8.8135 764.923 113
13.1932 763.827 113
17.5894 763.693 113
21.9406 762.521 113
26.168 759.315 113
30.5243 759.067 113
34.5992 754.792 113
39.0727 756.465 113
43.2293 754.113 113
47.4437 752.721 113
51.6371 751.294 113
55.8092 749.831 113
59.9598 748.333 113
64.0884 746.799 113
68.1949 745.231 113
72.2788 743.629 113
76.3401 741.992 113
80.0481 738.349 113
83.8721 735.662 113
88.202 735.895 113
91.97 733.144 113
95.896 731.344 113
99.7976 729.511 113
103.891 728.622 113
107.527 725.749 113
111.353 723.82 113
114.671 719.92 113
118.931 719.87 113
122.421 716.883 113
125.602 712.906 113
129.825 712.754 113
133.487 710.645 113
137.122 708.507 113
140.73 706.34 113
144.62 705.094 113
147.229 700.022 113
151.064 698.721 113
155.22 698.328 113
158.355 695.078 113
161.796 692.743 113
164.849 689.447 113
168.591 687.992 113
171.944 685.577 113
175.269 683.137 113
178.173 679.75 113
181.431 677.262 113
185.065 675.663 113
188.271 673.122 113
191.869 671.464 113
195.022 668.871 113
197.705 665.356 113
200.343 661.826 113
202.934 658.28 113
206.863 657.381 113
210.323 655.561 113
212.336 651.074 113
216.225 650.08 113
219.129 647.308 113
220.5 641.917 113
224.84 641.702 113
227.132 638.011 113
230.422 636.014 113
233.164 633.141 113
236.412 631.092 113
239.097 628.176 113
241.196 624.408 113
243.249 620.631 113
246.387 618.495 113
248.932 615.512 113
251.444 612.512 113
253.923 609.495 113
257.558 608.07 113
259.984 605.011 113
262.985 602.729 113
264.119 598.057 113
267.681 596.521 113
269.978 593.396 113
272.241 590.255 113
273.828 586.335 113
275.366 582.412 113
279.481 581.506 113
280.951 577.557 113
284.381 575.837 113
286.45 572.606 113
287.121 567.9 113
289.797 565.383 113
292.451 562.842 113
293.681 558.852 113
295.571 555.571 113
298.852 553.681 113
299.965 549.673 113
303.206 547.732 113
304.243 543.711 113
305.97 540.37 113
308.405 537.689 113
310.817 534.987 113
313.204 532.264 113
314.808 528.871 113
317.908 526.757 113
319.453 523.336 113
320.184 519.28 113
322.435 516.476 113
324.66 513.653 113
325.275 509.592 113
327.441 506.744 113
329.581 503.877 113
332.506 501.58 113
334.601 498.669 113
335.852 495.166 113
337.068 491.66 113
338.247 488.151 113
339.392 484.638 113
343.016 482.757 113
344.104 479.218 113
344.308 475.147 113
346.172 472.134 113
350.581 470.651 113
350.683 466.568 113
349.874 462 113
353.364 459.924 113
352.472 455.378 113
355.042 452.772 113
356.711 449.667 113
359.239 447.008 113
359.076 442.958 113
361.553 440.264 113
362.214 436.664 113
362.839 433.065 113
363.429 429.47 113
364.894 426.292 113
367.245 423.508 113
369.575 420.696 113
371.884 417.855 113
372.323 414.221 113
370.874 409.843 113
374.028 407.333 113
376.233 404.422 113
376.542 400.783 113
376.817 397.15 113
378.942 394.19 113
379.153 390.553 113
381.226 387.556 113
379.472 383.298 113
381.487 380.282 113
382.522 376.949 113
382.569 373.322 113
383.543 369.979 113
386.416 367.163 113
386.37 363.528 113
388.227 360.402 113
388.118 356.769 113
388.948 353.378 113
389.748 349.98 113
388.566 346.143 113
388.325 342.541 113
390.99 339.548 113
390.688 335.942 113
391.335 332.53 113
393.923 329.459 113
393.528 325.854 113
394.088 322.417 113
394.617 318.976 113
395.117 315.53 113
394.595 311.949 113
397.018 308.748 113
396.435 305.168 113
397.809 301.811 113
396.168 298.147 113
398.478 294.862 113
397.77 291.305 113
397.03 287.763 113
398.256 284.358 113
399.452 280.934 113
400.618 277.491 113
397.758 273.89 113
399.863 270.471 113
398.939 266.964 113
399.985 263.491 113
399 260 113
398.985 256.518 113
399.939 253.019 113
399.863 249.529 113
402.755 245.936 113
400.618 242.509 113
400.45 239.013 113
400.252 235.52 113
400.023 232.028 113
402.755 228.303 113
399.474 225.051 113
400.149 221.47 113
401.787 217.771 113
402.397 214.153 113
399.004 211.009 113
401.535 207.137 113
400.068 203.774 113
397.584 200.581 113
401.001 196.488 113
398.459 193.321 113
396.878 190.02 113
398.218 186.195 113
395.596 183.104 113
396.87 179.256 113
394.193 176.212 113
395.4 172.342 113
0 260 113
0 260 113
0 260 113
0 260 113
0 260 113
0 260 113
0 260 113
0 260 113
73.6355 237.487 113
72.4825 237.146 113
0 260 113
0 260 113
0 260 113
40.5336 245.646 113
37.5877 246.319 113
37.4669 245.992 113
36.4096 246.024 113
36.2863 245.706 113
36.1602 245.39 113
36.0313 245.075 113
34.9792 245.152 113
33.9312 245.246 113
34.7147 244.544 113
31.8486 245.486 113
33.5334 244.363 113
35.2008 243.21 113
34.1542 243.342 113
34.9024 242.598 113
31.1852 244.11 113
31.0454 243.839 113
31.7861 243.099 113
29.8798 243.777 113
29.7371 243.516 113
29.5921 243.258 113
28.5788 243.5 113
29.2954 242.744 113
29.1437 242.489 113
28.9898 242.235 113
29.6817 241.453 113
27.8319 242.269 113
28.5148 241.482 113
28.3521 241.234 113
27.3582 241.547 113
27.1962 241.309 113
26.2129 241.646 113
26.8658 240.837 113
25.8885 241.191 113
24.1157 242.155 113
24.7577 241.344 113
35.7009 232.606 113
40.9766 227.986 113
34.4348 232.609 113
27.2001 237.974 113
27.0069 237.737 113
23.7474 240.074 113
0 260 113
0 260 113
0 260 113
0 260 113
0 260 113
0 260 113
0 260 113
0 260 113
0 260 113
0 260 113
0 260 113
