-0 260 207
-0 260 207
-0 260 207
-0 260 207
-0 260 207
-0 260 207
-0 260 207
-0 260 207
-15.8489 246.223 207
-22.8122 240.517 207
-27.5776 236.86 207
-27.7785 237.101 207
-34.9716 231.681 207
-41.4782 227.007 207
-41.7646 227.37 207
-27.7674 238.693 207
-27.1536 239.538 207
-27.3311 239.776 207
-27.5066 240.015 207
-26.8658 240.837 207
-27.032 241.072 207
-25.5479 242.441 207
-25.7002 242.665 207
-25.8505 242.89 207
-27.6761 242.027 207
-26.9885 242.806 207
-26.2895 243.573 207
-28.1371 242.758 207
-28.2865 243.004 207
-28.4338 243.251 207
-27.7128 244 207
-27.8514 244.242 207
-27.9878 244.486 207
-29.001 244.254 207
-30.0202 244.038 207
-30.1584 244.301 207
-30.2942 244.564 207
-31.3227 244.383 207
-30.559 245.095 207
-32.4931 244.502 207
-30.8145 245.631 207
-31.8486 245.486 207
-32.8876 245.357 207
-33.9312 245.246 207
-34.0587 245.543 207
-35.1074 245.458 207
-35.233 245.765 207
-35.3559 246.073 207
-35.4761 246.382 207
-37.4669 245.992 207
-39.4671 245.635 207
-0 260 207
-0 260 207
-0 260 207
-72.2803 236.515 207
-70.5751 237.748 207
-0 260 207
-71.9115 238.699 207
-0 260 207
-0 260 207
-0 260 207
-0 260 207
-0 260 207
-0 260 207
-0 260 207
-0 260 207
-0 260 207
-0 260 207
-0 260 207
-0 260 207
-0 260 207
-0 260 207
-733.852 143.769 207
-734.839 150.178 207
-735.769 156.595 207
-734.661 163.28 207
-736.469 169.573 207
-736.237 176.117 207
-737.935 182.44 207
-737.589 188.978 207
-737.184 195.505 207
-738.716 201.862 207
-738.197 208.38 207
-739.618 214.763 207
-738.986 221.272 207
-739.296 227.722 207
-738.55 234.209 207
-738.747 240.655 207
-738.887 247.103 207
-738.972 253.551 207
-739 260 207
-737.972 266.44 207
-738.887 272.897 207
-736.747 279.293 207
-735.552 285.686 207
-735.299 292.104 207
-735.99 298.572 207
-733.629 304.871 207
-733.21 311.271 207
-732.734 317.668 207
-731.207 323.972 207
-730.621 330.351 207
-728.985 336.619 207
-728.288 342.978 207
-726.544 349.208 207
-725.738 355.545 207
-723.886 361.736 207
-722.971 368.049 207
-722 374.354 207
-719.002 380.32 207
-716.94 386.416 207
-715.81 392.668 207
-714.625 398.909 207
-711.425 404.741 207
-710.135 410.944 207
-706.838 416.702 207
-705.444 422.865 207
-703.996 429.015 207
-700.553 434.668 207
-698.034 440.524 207
-696.432 446.609 207
-694.778 452.679 207
-691.147 458.183 207
-687.474 463.639 207
-685.67 469.631 207
-682.861 475.305 207
-680.956 481.256 207
-676.155 486.238 207
-673.209 491.805 207
-671.161 497.671 207
-668.121 503.176 207
-665.037 508.647 207
-661.908 514.083 207
-657.805 519.116 207
-654.592 524.472 207
-651.335 529.792 207
-648.035 535.075 207
-643.776 539.922 207
-641.309 545.529 207
-637.883 550.7 207
-635.322 556.255 207
-631.81 561.358 207
-626.459 565.545 207
-622.874 570.554 207
-620.141 575.977 207
-613.811 579.53 207
-611.883 585.344 207
-607.263 589.717 207
-603.488 594.519 207
-599.675 599.28 207
-595.825 604 207
-591.078 608.171 207
-587.16 612.801 207
-583.206 617.389 207
-577.521 620.875 207
-574.35 625.901 207
-570.296 630.355 207
-565.375 634.213 207
-561.258 638.574 207
-557.933 643.457 207
-552.928 647.164 207
-547.086 650.232 207
-542.85 654.404 207
-537.78 657.937 207
-533.488 662.012 207
-529.96 666.653 207
-524.815 670.031 207
-520.434 673.972 207
-516.025 677.869 207
-510.815 681.084 207
-506.355 684.883 207
-500.347 687.337 207
-495.089 690.375 207
-490.566 694.016 207
-486.017 697.611 207
-480.705 700.485 207
-476.111 703.981 207
-470.768 706.742 207
-466.132 710.139 207
-460.046 712.087 207
-454.67 714.67 207
-449.984 717.907 207
-445.276 721.097 207
-439.859 723.514 207
-435.115 726.604 207
-429.675 728.908 207
-424.898 731.897 207
-418.776 733.34 207
-413.973 736.222 207
-408.503 738.295 207
-403.028 740.31 207
-396.913 741.494 207
-392.696 744.939 207
-387.827 747.565 207
-382.326 749.355 207
-377.432 751.879 207
-371.922 753.557 207
-365.816 754.372 207
-360.312 755.927 207
-355.971 759.053 207
-349.882 759.683 207
-344.375 761.069 207
-339.43 763.226 207
-333.37 763.667 207
-329.507 767.396 207
-322.38 766.035 207
-306.293 750.172 207
-293.122 738.331 207
-287.906 739.157 207
-281.684 738.204 207
-287.5 757.965 207
-291.022 774.38 207
-285.068 774.276 207
-280.569 776.744 207
-274.641 776.524 207
-269.199 777.127 207
-263.768 777.675 207
-259.241 779.957 207
-252.94 778.604 207
-248.405 780.792 207
-243.428 782.033 207
-238.034 782.318 207
-232.653 782.548 207
-226.888 781.807 207
-221.545 781.926 207
-216.599 782.916 207
-211.653 783.859 207
-205.241 781.034 207
-201.044 783.739 207
-196.116 784.536 207
-190.505 783.409 207
-185.263 783.166 207
-180.039 782.872 207
-175.152 783.475 207
-169.959 783.081 207
-164.787 782.637 207
-159.635 782.142 207
-154.788 782.557 207
-149.671 781.965 207
-144.576 781.324 207
-139.503 780.634 207
-134.454 779.895 207
-129.67 780.079 207
-124.66 779.246 207
-119.674 778.365 207
-114.713 777.437 207
-109.985 777.44 207
-104.867 775.44 207
-100.175 775.354 207
-95.3091 774.242 207
-90.6443 774.07 207
-85.8247 772.869 207
-81.033 771.623 207
-76.4174 771.321 207
-71.8133 770.978 207
-66.9599 768.611 207
-62.3971 768.184 207
-57.8468 767.715 207
-53.2049 766.212 207
-48.5938 764.666 207
-44.0136 763.078 207
-39.4649 761.449 207
-35.0177 760.777 207
-30.4632 758.069 207
-26.1156 758.316 207
-21.6788 756.527 207
-17.2403 753.699 207
-12.9314 753.831 207
-8.55164 749.925 207
-4.26724 748.981 207
3.6843e-05 748 207
4.25859 747.981 207
8.42955 742.926 207
12.6435 742.834 207
16.8216 741.706 207
20.981 740.542 207
25.069 738.344 207
29.1812 737.108 207
33.2041 734.84 207
37.1896 732.539 207
41.2247 731.2 207
45.1434 728.832 207
49.1284 727.425 207
52.9791 724.992 207
56.6693 721.534 207
60.8252 722.013 207
64.5764 719.484 207
68.1402 715.936 207
71.9599 714.337 207
75.7569 712.705 207
79.1836 709.072 207
83.2817 709.347 207
86.8181 706.64 207
90.7124 705.866 207
93.9761 702.123 207
97.6143 700.309 207
101.228 698.467 207
104.584 695.622 207
107.655 691.782 207
111.419 690.826 207
114.398 686.939 207
118.387 686.888 207
121.832 684.878 207
125.251 682.839 207
128.351 679.818 207
131.408 676.774 207
135.04 675.612 207
138.028 672.521 207
140.971 669.41 207
144.205 667.221 207
147.753 665.947 207
150.589 662.769 207
153.74 660.506 207
156.496 657.288 207
159.208 654.053 207
162.64 652.649 207
164.498 647.533 207
167.873 646.082 207
170.829 643.689 207
174.586 643.094 207
177.077 639.743 207
179.093 635.475 207
182.362 633.898 207
185.172 631.398 207
188.406 629.768 207
190.702 626.335 207
193.422 623.774 207
196.112 621.194 207
198.772 618.594 207
201.894 616.846 207
204 613.338 207
206.568 610.683 207
208.59 607.153 207
211.089 604.467 207
213.028 600.915 207
216.532 599.887 207
218.945 597.146 207
221.879 595.222 207
223.118 590.786 207
225.43 588.002 207
227.136 584.384 207
229.958 582.39 207
233.351 581.18 207
234.955 577.523 207
236.513 573.864 207
239.243 571.788 207
241.339 568.9 207
244.026 566.782 207
246.064 563.864 207
248.707 561.705 207
250.044 557.991 207
251.986 555.038 207
253.895 552.073 207
256.434 549.846 207
256.946 545.368 207
259.427 543.114 207
261.887 540.84 207
262.951 537.093 207
263.97 533.349 207
265.645 530.322 207
268.701 528.701 207
271.035 526.346 207
272.63 523.276 207
273.466 519.51 207
275.72 517.113 207
277.954 514.697 207
278.679 510.924 207
280.858 508.483 207
281.507 504.71 207
284.392 502.894 207
284.969 499.117 207
287.044 496.621 207
289.098 494.107 207
289.565 490.33 207
293.14 489.026 207
292.747 484.633 207
293.898 481.468 207
296.623 479.49 207
299.336 477.481 207
300.409 474.279 207
301.448 471.076 207
303.278 468.437 207
304.257 465.224 207
304.368 461.457 207
306.115 458.793 207
308.681 456.652 207
308.69 452.891 207
310.361 450.189 207
311.152 446.959 207
311.91 443.729 207
314.367 441.5 207
315.939 438.75 207
315.738 435.016 207
316.374 431.777 207
318.744 429.479 207
320.211 426.691 207
318.98 422.529 207
322.176 420.631 207
323.566 417.814 207
324.028 414.553 207
323.552 410.875 207
324.856 408.045 207
327.963 406.018 207
328.308 402.752 207
329.541 399.882 207
328.901 396.235 207
331.005 393.735 207
331.229 390.474 207
332.355 387.579 207
332.519 384.324 207
334.531 381.759 207
334.638 378.501 207
336.605 375.902 207
336.655 372.643 207
337.625 369.701 207
335.708 365.848 207
338.532 363.5 207
337.505 359.973 207
339.325 357.3 207
339.198 354.068 207
340.006 351.104 207
341.756 348.384 207
341.544 345.157 207
342.274 342.173 207
342.978 339.183 207
343.656 336.187 207
343.33 332.977 207
343.954 329.978 207
344.551 326.974 207
346.106 324.147 207
346.652 321.124 207
346.186 317.932 207
347.666 315.065 207
348.134 312.029 207
346.594 308.711 207
348.989 305.945 207
349.376 302.898 207
349.737 299.848 207
349.077 296.689 207
349.384 293.642 207
349.664 290.592 207
350.915 287.618 207
350.145 284.485 207
351.343 281.489 207
352.516 278.475 207
351.665 275.354 207
350.786 272.25 207
351.879 269.214 207
352.946 266.161 207
352.987 263.08 207
353 260 207
349.987 256.946 207
352.946 253.839 207
353.879 250.733 207
352.785 247.68 207
353.663 244.559 207
351.518 241.578 207
353.34 238.389 207
350.145 235.515 207
351.912 232.304 207
351.657 229.234 207
353.366 225.975 207
353.055 222.892 207
350.731 220.039 207
352.354 216.736 207
351.963 213.663 207
349.565 210.872 207
350.112 207.675 207
350.629 204.466 207
351.118 201.243 207
350.592 198.181 207
349.055 195.306 207
347.496 192.454 207
347.873 189.224 207
347.242 186.191 207
344.632 183.597 207
0 260 207
0 260 207
0 260 207
0 260 207
0 260 207
0 260 207
72.0946 239.327 207
0 260 207
72.6792 237.78 207
71.5288 237.447 207
0 260 207
0 260 207
0 260 207
39.5909 245.98 207
37.5877 246.319 207
37.4669 245.992 207
36.4096 246.024 207
36.2863 245.706 207
36.1602 245.39 207
35.1074 245.458 207
33.1382 245.934 207
33.0142 245.645 207
33.8012 244.951 207
32.7586 245.071 207
32.6271 244.786 207
33.3957 244.071 207
34.1542 243.342 207
33.1126 243.491 207
31.1852 244.11 207
31.0454 243.839 207
30.9032 243.568 207
29.8798 243.777 207
29.7371 243.516 207
29.5921 243.258 207
28.5788 243.5 207
28.4338 243.251 207
29.1437 242.489 207
29.8424 241.713 207
28.8336 241.983 207
27.8319 242.269 207
27.6761 242.027 207
28.3521 241.234 207
27.3582 241.547 207
27.1962 241.309 207
26.2129 241.646 207
26.0517 241.418 207
25.0795 241.779 207
24.1157 242.155 207
24.7577 241.344 207
34.1142 233.823 207
40.9766 227.986 207
33.6522 233.232 207
27.2001 237.974 207
25.4636 239.009 207
22.9813 240.716 207
0 260 207
0 260 207
0 260 207
0 260 207
0 260 207
0 260 207
0 260 207
0 260 207
0 260 207
0 260 207
0 260 207
