-0 260 157
-0 260 157
-0 260 157
-0 260 157
-0 260 157
-0 260 157
-0 260 157
-0 260 157
-15.0942 246.879 157
-23.5726 239.867 157
-26.8116 237.502 157
-25.4636 239.009 157
-33.4173 232.939 157
-43.0435 225.762 157
-40.9766 227.986 157
-27.7674 238.693 157
-25.5563 240.742 157
-27.3311 239.776 157
-26.6976 240.603 157
-27.6799 240.256 157
-26.2129 241.646 157
-26.372 241.875 157
-27.3582 241.547 157
-26.6843 242.338 157
-27.6761 242.027 157
-27.8319 242.269 157
-27.9856 242.513 157
-28.9898 242.235 157
-27.4294 243.519 157
-28.4338 243.251 157
-28.5788 243.5 157
-27.8514 244.242 157
-27.9878 244.486 157
-29.8798 243.777 157
-30.0202 244.038 157
-31.0454 243.839 157
-32.0762 243.656 157
-30.4278 244.829 157
-31.4578 244.657 157
-30.6879 245.363 157
-31.7208 245.208 157
-31.8486 245.486 157
-33.8012 244.951 157
-33.9312 245.246 157
-34.0587 245.543 157
-36.0313 245.075 157
-35.233 245.765 157
-35.3559 246.073 157
-36.4096 246.024 157
-37.4669 245.992 157
-39.4671 245.635 157
-0 260 157
-0 260 157
-0 260 157
-72.2803 236.515 157
-72.4825 237.146 157
-0 260 157
-71.9115 238.699 157
-0 260 157
-0 260 157
-0 260 157
-0 260 157
-0 260 157
-0 260 157
-0 260 157
-0 260 157
-0 260 157
-0 260 157
-0 260 157
-0 260 157
-0 260 157
-0 260 157
-714.099 146.898 157
-713.08 153.43 157
-713.983 159.656 157
-714.832 165.891 157
-713.641 172.376 157
-715.372 178.494 157
-717.05 184.635 157
-716.685 190.991 157
-717.26 197.248 157
-716.784 203.588 157
-717.249 209.845 157
-717.659 216.106 157
-717.016 222.423 157
-716.318 228.725 157
-716.563 234.977 157
-716.754 241.231 157
-716.891 247.487 157
-717.973 253.734 157
-716 260 157
-715.973 266.248 157
-715.891 272.496 157
-715.755 278.743 157
-715.564 284.988 157
-714.319 291.188 157
-713.021 297.368 157
-711.67 303.528 157
-712.261 309.806 157
-710.802 315.941 157
-710.287 322.142 157
-708.722 328.242 157
-708.1 334.424 157
-706.43 340.488 157
-705.7 346.649 157
-703.926 352.674 157
-703.09 358.813 157
-702.201 364.945 157
-699.283 370.756 157
-698.29 376.854 157
-696.259 382.769 157
-694.178 388.658 157
-693.029 394.711 157
-690.847 400.554 157
-689.594 406.578 157
-688.289 412.59 157
-685.957 418.366 157
-683.576 424.112 157
-681.148 429.829 157
-678.671 435.516 157
-674.216 440.656 157
-674.541 447.067 157
-670.961 452.395 157
-669.256 458.243 157
-666.544 463.783 157
-662.833 468.991 157
-660.984 474.767 157
-658.137 480.21 157
-656.19 485.944 157
-651.365 490.661 157
-650.267 496.678 157
-646.304 501.643 157
-644.17 507.274 157
-641.058 512.519 157
-636.975 517.355 157
-634.705 522.904 157
-630.546 527.651 157
-627.269 532.744 157
-621.211 536.581 157
-619.684 542.406 157
-617.196 547.803 157
-613.758 552.748 157
-611.18 558.092 157
-606.765 562.522 157
-603.211 567.352 157
-599.619 572.142 157
-595.107 576.424 157
-591.444 581.128 157
-588.619 586.277 157
-584.879 590.909 157
-581.969 596 157
-577.291 600.051 157
-574.302 605.076 157
-568.711 608.507 157
-566.496 613.986 157
-560.012 616.767 157
-556.039 621.096 157
-552.032 625.382 157
-548.823 630.186 157
-544.747 634.395 157
-541.459 639.134 157
-536.502 642.683 157
-531.524 646.175 157
-526.526 649.609 157
-523.905 654.791 157
-519.646 658.739 157
-514.571 662.027 157
-510.26 665.88 157
-505.145 669.058 157
-500.784 672.815 157
-496.397 676.526 157
-490.462 678.894 157
-486.033 682.502 157
-480.83 685.402 157
-476.356 688.913 157
-471.857 692.378 157
-467.335 695.797 157
-462.063 698.482 157
-457.5 701.803 157
-452.914 705.077 157
-447.599 707.599 157
-442.975 710.774 157
-437.635 713.184 157
-433.663 716.986 157
-428.295 719.29 157
-423.595 722.273 157
-417.537 723.722 157
-413.475 727.348 157
-408.725 730.184 157
-402.658 731.452 157
-398.528 734.948 157
-391.824 735.321 157
-387.661 738.722 157
-382.846 741.304 157
-378.016 743.839 157
-372.562 745.532 157
-367.107 747.168 157
-362.247 749.549 157
-356.786 751.073 157
-351.325 752.54 157
-345.867 753.949 157
-342.109 757.772 157
-336.075 758.252 157
-331.162 760.332 157
-325.694 761.525 157
-319.693 761.818 157
-314.772 763.741 157
-310.364 766.468 157
-300.782 760.586 157
-283.714 741.651 157
-277.5 740.644 157
-272.31 741.307 157
-267.13 741.915 157
-276.275 768.835 157
-273.232 773.876 157
-268.276 775.353 157
-262.86 775.893 157
-257.902 777.272 157
-252.502 777.705 157
-247.544 778.987 157
-242.16 779.314 157
-237.204 780.498 157
-231.84 780.721 157
-226.489 780.89 157
-221.154 781.006 157
-216.216 781.992 157
-210.903 782.005 157
-205.607 781.964 157
-200.686 782.805 157
-195.766 783.6 157
-190.847 784.349 157
-185.263 783.166 157
-180.365 783.817 157
-175.469 784.423 157
-170.268 784.032 157
-165.388 784.544 157
-160.22 784.055 157
-155.356 784.474 157
-150.222 783.888 157
-145.11 783.251 157
-140.28 783.532 157
-135.205 782.8 157
-130.396 782.989 157
-125.36 782.163 157
-120.349 781.288 157
-115.795 782.318 157
-110.817 781.353 157
-106.064 781.32 157
-101.32 781.244 157
-96.4025 780.142 157
-91.5125 778.994 157
-86.815 778.786 157
-81.9716 777.549 157
-77.3043 777.255 157
-72.5091 775.93 157
-67.8736 775.551 157
-63.2501 775.131 157
-58.6392 774.67 157
-53.9366 773.173 157
-49.2647 771.634 157
-44.7109 771.048 157
-40.0926 769.425 157
-35.5758 768.758 157
-31.0126 767.052 157
-26.5866 767.304 157
-22.0714 765.518 157
-17.6242 764.692 157
-13.167 762.828 157
-8.77852 762.923 157
-4.37196 760.981 157
3.7598e-05 758 157
4.3284 755.981 157
8.65643 755.924 157
12.9838 755.83 157
17.2055 752.7 157
21.4608 751.532 157
25.697 750.327 157
29.9138 749.086 157
34.0412 746.811 157
37.9742 742.508 157
42.1834 742.158 157
46.3894 741.772 157
50.4873 740.354 157
54.564 738.902 157
58.4973 736.422 157
62.5221 734.902 157
66.5248 733.348 157
70.2095 729.783 157
74.3064 729.152 157
78.2326 727.499 157
81.962 724.829 157
85.833 723.113 157
89.4894 720.383 157
93.5036 719.585 157
97.3027 717.773 157
101.077 715.93 157
104.377 712.108 157
108.085 710.207 157
111.526 707.306 157
115.425 706.316 157
119.057 704.326 157
122.93 703.27 157
126.242 700.258 157
129.795 698.181 157
132.737 694.162 157
135.919 691.08 157
139.985 690.829 157
143.739 689.591 157
146.831 686.429 157
149.545 682.303 157
153.567 681.922 157
156.893 679.629 157
160.19 677.31 157
162.36 672.175 157
166.325 671.67 157
169.911 670.203 157
172.703 666.863 157
175.848 664.423 157
178.151 660.133 157
181.636 658.563 157
184.684 656.056 157
188.133 654.43 157
190.691 650.975 157
193.65 648.402 157
196.578 645.806 157
199.014 642.302 157
202.812 641.433 157
206.133 639.649 157
208.468 636.086 157
210.265 631.642 157
214 630.659 157
216.719 627.916 157
218.891 624.296 157
222.062 622.372 157
224.686 619.572 157
227.278 616.755 157
229.293 613.08 157
231.814 610.232 157
235.42 609.025 157
237.891 606.133 157
239.755 602.406 157
242.153 599.486 157
245.106 597.36 157
247.446 594.404 157
249.151 590.635 157
252.636 589.242 157
254.268 585.448 157
255.854 581.652 157
258.651 579.407 157
261.428 577.138 157
264.186 574.844 157
265.624 571.006 157
267.672 567.921 157
270.349 565.574 157
272.336 562.46 157
274.965 560.072 157
274.845 554.736 157
278.784 553.777 157
279.947 549.894 157
282.466 547.44 157
284.257 544.257 157
284.587 539.663 157
287.017 537.169 157
287.974 533.277 157
290.347 530.753 157
292.699 528.209 157
295.772 526.314 157
296.586 522.398 157
298.865 519.799 157
298.84 515.233 157
301.055 512.616 157
302.477 509.343 157
304.641 506.694 157
307.565 504.648 157
308.112 500.724 157
310.201 498.026 157
312.266 495.31 157
312.7 491.386 157
314.708 488.648 157
315.877 485.313 157
318.65 483.121 157
318.937 479.199 157
320.838 476.408 157
321.046 472.496 157
323.727 470.231 157
323.862 466.323 157
326.499 464.019 157
327.414 460.639 157
328.295 457.26 157
331.727 455.402 157
332.554 452 157
334.217 449.091 157
334.105 445.197 157
335.708 442.275 157
337.286 439.338 157
338.838 436.388 157
340.364 433.424 157
340.075 429.555 157
342.441 427.019 157
343.885 424.025 157
345.303 421.018 157
343.965 416.754 157
346.234 414.153 157
347.566 411.126 157
347.951 407.696 157
347.379 403.889 157
348.621 400.852 157
350.767 398.171 157
352.893 395.463 157
352.189 391.678 157
352.385 388.258 157
354.433 385.511 157
353.624 381.762 157
354.673 378.672 157
356.646 375.881 157
357.644 372.765 157
356.702 369.055 157
358.599 366.222 157
358.551 362.813 157
360.398 359.947 157
360.29 356.539 157
360.151 353.141 157
362.891 350.479 157
361.722 346.842 157
363.44 343.907 157
363.182 340.516 157
362.893 337.135 157
363.552 333.966 157
364.184 330.79 157
365.771 327.792 157
365.364 324.423 157
366.898 321.398 157
366.432 318.037 157
364.947 314.542 157
367.389 311.633 157
368.817 308.556 157
368.235 305.214 157
366.628 301.772 157
367.973 298.676 157
369.292 295.559 157
369.588 292.335 157
369.856 289.108 157
371.094 285.949 157
369.31 282.588 157
369.493 279.364 157
368.649 276.096 157
370.774 272.948 157
369.873 269.685 157
371.943 266.492 157
371.986 263.246 157
370 260 157
370.986 256.762 157
370.943 253.525 157
370.873 250.288 157
371.773 247.017 157
368.649 243.904 157
369.493 240.636 157
371.306 237.29 157
371.094 234.051 157
370.853 230.813 157
371.581 227.491 157
368.297 224.537 157
368.968 221.22 157
370.602 217.775 157
371.212 214.421 157
367.826 211.575 157
370.36 207.949 157
367.914 205.015 157
369.395 201.494 157
367.885 198.437 157
367.333 195.229 157
366.754 192.026 157
366.147 188.828 157
365.512 185.636 157
363.871 182.657 157
364.158 179.268 157
0 260 157
0 260 157
0 260 157
0 260 157
0 260 157
0 260 157
0 260 157
0 260 157
73.6355 237.487 157
72.4825 237.146 157
0 260 157
0 260 157
0 260 157
38.6483 246.314 157
37.5877 246.319 157
37.4669 245.992 157
35.4761 246.382 157
37.2167 245.34 157
36.1602 245.39 157
35.1074 245.458 157
34.9792 245.152 157
33.9312 245.246 157
33.8012 244.951 157
32.7586 245.071 157
32.6271 244.786 157
34.2982 243.641 157
33.2554 243.78 157
33.1126 243.491 157
32.0762 243.656 157
31.0454 243.839 157
30.0202 244.038 157
29.001 244.254 157
29.7371 243.516 157
29.5921 243.258 157
29.4449 243 157
28.4338 243.251 157
29.1437 242.489 157
29.8424 241.713 157
29.6817 241.453 157
28.6753 241.732 157
27.6761 242.027 157
27.5182 241.786 157
27.3582 241.547 157
27.1962 241.309 157
27.032 241.072 157
26.0517 241.418 157
25.0795 241.779 157
24.9196 241.56 157
23.9591 241.946 157
36.4943 231.997 157
40.9766 227.986 157
32.8695 233.854 157
26.423 238.603 157
26.2352 238.373 157
22.9813 240.716 157
0 260 157
0 260 157
0 260 157
0 260 157
0 260 157
0 260 157
0 260 157
0 260 157
0 260 157
0 260 157
0 260 157
