-0 260 264
-0 260 264
-0 260 264
-0 260 264
-0 260 264
-0 260 264
-0 260 264
-0 260 264
-15.8489 246.223 264
-22.8122 240.517 264
-23.7474 240.074 264
-27.0069 237.737 264
-33.4173 232.939 264
-43.8261 225.139 264
-40.9766 227.986 264
-26.974 239.302 264
-25.5563 240.742 264
-26.5273 240.371 264
-26.6976 240.603 264
-26.0517 241.418 264
-26.2129 241.646 264
-26.372 241.875 264
-26.5292 242.106 264
-26.6843 242.338 264
-25.9988 243.116 264
-26.9885 242.806 264
-27.1375 243.043 264
-26.4318 243.803 264
-28.2865 243.004 264
-26.7105 244.266 264
-27.7128 244 264
-27.8514 244.242 264
-27.9878 244.486 264
-29.001 244.254 264
-29.1373 244.507 264
-30.1584 244.301 264
-30.2942 244.564 264
-30.4278 244.829 264
-30.559 245.095 264
-31.5905 244.932 264
-31.7208 245.208 264
-30.9387 245.9 264
-32.8876 245.357 264
-32.0971 246.044 264
-34.0587 245.543 264
-35.1074 245.458 264
-33.3786 246.514 264
-35.3559 246.073 264
-34.5425 246.74 264
-37.4669 245.992 264
-38.5274 245.977 264
-0 260 264
-0 260 264
-0 260 264
-71.3292 236.824 264
-72.4825 237.146 264
-0 260 264
-72.8703 238.415 264
-0 260 264
-0 260 264
-0 260 264
-0 260 264
-0 260 264
-0 260 264
-0 260 264
-0 260 264
-0 260 264
-0 260 264
-0 260 264
-0 260 264
-0 260 264
-0 260 264
-675.579 152.999 264
-675.498 159.046 264
-674.373 165.223 264
-676.165 170.981 264
-674.931 177.129 264
-676.622 182.909 264
-677.269 188.816 264
-676.869 194.825 264
-677.412 200.734 264
-675.91 206.805 264
-677.346 212.635 264
-677.734 218.548 264
-678.069 224.464 264
-678.354 230.383 264
-677.587 236.338 264
-677.768 242.252 264
-676.897 248.185 264
-677.974 254.084 264
-677 260 264
-676.974 265.908 264
-676.897 271.815 264
-676.768 277.722 264
-675.588 283.592 264
-675.357 289.487 264
-674.075 295.327 264
-673.741 301.208 264
-673.356 307.086 264
-670.925 312.803 264
-671.435 318.743 264
-670.897 324.6 264
-670.308 330.452 264
-668.674 336.186 264
-667.984 342.018 264
-664.268 347.453 264
-664.47 353.385 264
-662.641 359.032 264
-661.751 364.811 264
-660.811 370.582 264
-659.821 376.344 264
-656.814 381.733 264
-656.709 387.651 264
-654.59 393.178 264
-652.424 398.677 264
-651.189 404.365 264
-648.93 409.817 264
-645.654 415.008 264
-645.247 420.878 264
-643.818 426.503 264
-641.375 431.856 264
-638.887 437.179 264
-637.316 442.748 264
-633.78 447.734 264
-632.117 453.258 264
-629.453 458.466 264
-624.844 463.024 264
-623.997 468.787 264
-623.097 474.549 264
-619.315 479.311 264
-617.378 484.707 264
-614.457 489.736 264
-611.495 494.731 264
-608.493 499.692 264
-604.524 504.244 264
-600.522 508.744 264
-599.249 514.366 264
-597.006 519.586 264
-594.718 524.786 264
-589.655 528.721 264
-587.287 533.857 264
-583.973 538.541 264
-578.823 542.311 264
-577.233 547.798 264
-572.917 551.916 264
-571.235 557.366 264
-567.735 561.87 264
-564.201 566.336 264
-561.506 571.248 264
-557.028 575.151 264
-553.39 579.5 264
-550.581 584.317 264
-546.016 588.079 264
-543.984 593.354 264
-537.662 595.969 264
-534.71 600.648 264
-532.556 605.846 264
-528.684 609.928 264
-522.294 612.292 264
-519.199 616.836 264
-516.066 621.353 264
-512.893 625.843 264
-508.063 629.129 264
-504.018 632.954 264
-500.744 637.338 264
-495.846 640.476 264
-491.719 644.173 264
-488.347 648.449 264
-483.385 651.437 264
-479.179 655.005 264
-474.948 658.528 264
-469.931 661.359 264
-466.41 665.445 264
-462.106 668.837 264
-457.034 671.515 264
-453.426 675.488 264
-449.051 678.747 264
-443.929 681.273 264
-439.517 684.436 264
-435.796 688.256 264
-430.628 690.628 264
-426.854 694.37 264
-422.352 697.359 264
-417.831 700.302 264
-413.291 703.2 264
-408.732 706.053 264
-403.486 708.116 264
-398.897 710.871 264
-394.947 714.335 264
-388.37 714.723 264
-385.03 718.861 264
-381.011 722.203 264
-376.334 724.733 264
-370.396 725.652 264
-365.703 728.078 264
-360.995 730.459 264
-356.274 732.792 264
-351.54 735.079 264
-345.618 735.702 264
-342.034 739.514 264
-336.689 740.842 264
-332.48 743.762 264
-327.128 744.987 264
-322.331 746.989 264
-316.98 748.106 264
-312.708 750.854 264
-307.353 751.868 264
-302.004 752.826 264
-297.692 755.443 264
-292.85 757.16 264
-288 758.831 264
-283.143 760.455 264
-277.796 761.157 264
-273.412 763.562 264
-268.068 764.163 264
-263.197 765.596 264
-257.413 765.201 264
-245.855 753.109 264
-234.529 740.855 264
-229.032 740.175 264
-223.142 738.531 264
-219.373 741.37 264
-226.146 767.931 264
-224.097 775.388 264
-218.419 774.562 264
-213.537 775.525 264
-208.656 776.441 264
-203.775 777.312 264
-198.536 777.204 264
-193.665 777.98 264
-188.795 778.71 264
-183.928 779.395 264
-178.737 779.09 264
-173.883 779.681 264
-169.032 780.228 264
-163.885 779.776 264
-159.05 780.23 264
-154.504 781.598 264
-149.395 781.004 264
-144.576 781.324 264
-139.762 781.6 264
-134.704 780.863 264
-129.912 781.049 264
-124.893 780.218 264
-120.349 781.288 264
-115.795 782.318 264
-110.609 780.375 264
-106.064 781.32 264
-101.129 780.262 264
-96.5848 781.125 264
-91.8598 780.963 264
-86.98 779.773 264
-82.2845 779.524 264
-77.4521 778.244 264
-72.9267 778.9 264
-68.1346 777.534 264
-63.6158 778.109 264
-58.9788 777.651 264
-54.2502 776.157 264
-49.6481 775.615 264
-45.1466 776.029 264
-40.4849 774.409 264
-35.9245 773.745 264
-31.3789 773.041 264
-26.8483 772.297 264
-22.2895 770.514 264
-17.7987 769.689 264
-13.3502 769.825 264
-8.88324 768.922 264
-4.43304 767.981 264
3.82019e-05 766 264
4.39821 763.981 264
8.79605 763.923 264
13.167 762.828 264
17.4847 760.695 264
21.8533 760.523 264
26.168 759.315 264
30.4633 758.069 264
34.5295 753.794 264
38.8373 753.474 264
43.2293 754.113 264
47.3478 751.726 264
51.5326 750.299 264
55.8092 749.831 264
59.8379 747.34 264
63.9579 745.808 264
68.0557 744.241 264
72.131 742.64 264
76.1836 741.004 264
80.2132 739.335 264
84.393 738.617 264
88.3843 736.879 264
92.3516 735.108 264
96.2947 733.304 264
100.213 731.467 264
104.107 729.598 264
107.752 726.723 264
111.587 724.793 264
115.639 723.801 264
119.431 721.806 264
122.68 717.849 264
127.205 718.688 264
130.376 714.677 264
133.771 711.604 264
137.999 711.376 264
141.632 709.201 264
145.238 706.997 264
148.499 703.815 264
152.366 702.503 264
156.222 701.156 264
159.723 698.836 264
163.197 696.489 264
165.924 692.248 264
170.057 691.714 264
173.443 689.286 264
176.034 684.985 264
180.518 685.273 264
183.026 680.931 264
187.099 680.231 264
190.759 678.582 264
193.559 675.089 264
195.883 670.676 264
199.897 669.85 264
203.02 667.195 264
206.566 665.408 264
210.096 663.59 264
212.671 659.975 264
215.199 656.347 264
218.649 654.453 264
222.575 653.401 264
225.5 650.577 264
227.377 646.01 264
231.252 644.868 264
233.557 641.13 264
236.874 639.077 264
238.561 634.466 264
242.364 633.208 264
245.06 630.245 264
248.841 628.922 264
250.918 625.088 264
253.521 622.065 264
257.251 620.653 264
259.801 617.585 264
262.317 614.501 264
265.4 612.198 264
268.464 609.869 264
269.66 605.149 264
272.661 602.782 264
275.013 599.613 264
278.602 597.972 264
280.898 594.761 264
283.159 591.537 264
285.386 588.299 264
286.914 584.298 264
289.064 581.039 264
291.855 578.504 264
295.305 576.676 264
297.369 573.362 264
300.092 570.755 264
302.092 567.411 264
304.763 564.763 264
305.984 560.69 264
307.877 557.314 264
311.186 555.304 264
310.825 549.849 264
314.08 547.801 264
317.323 545.719 264
320.553 543.601 264
322.261 540.137 264
322.412 535.366 264
324.037 531.899 264
326.397 529.061 264
327.956 525.573 264
330.261 522.701 264
334.117 521.04 264
336.382 518.115 264
337.823 514.568 264
339.228 511.015 264
341.405 508.045 264
341.929 503.895 264
345.682 502.049 264
346.957 498.457 264
349.025 495.42 264
351.066 492.365 264
353.08 489.293 264
354.224 485.666 264
355.332 482.036 264
356.404 478.404 264
358.296 475.286 264
359.299 471.643 264
361.999 469 264
362.068 464.848 264
364.716 462.166 264
364.709 458.021 264
368.189 455.77 264
368.997 452.087 264
370.659 448.86 264
373.188 446.064 264
373.898 442.362 264
373.67 438.232 264
377.024 435.809 264
375.814 431.268 264
378.208 428.389 264
379.663 425.082 264
381.089 421.763 264
380.638 417.666 264
382 414.338 264
384.262 411.365 264
386.502 408.364 264
388.719 405.336 264
387.153 400.912 264
389.311 397.862 264
389.554 394.134 264
392.606 391.364 264
392.786 387.624 264
392.931 383.891 264
393.041 380.165 264
395.034 377.014 264
397.001 373.838 264
397.016 370.102 264
397.961 366.633 264
397.909 362.906 264
399.762 359.672 264
399.644 355.946 264
401.44 352.68 264
402.234 349.173 264
402.997 345.66 264
401.769 341.741 264
404.43 338.613 264
405.101 335.081 264
403.771 331.196 264
405.363 327.835 264
405.94 324.295 264
408.464 321.045 264
407.99 317.339 264
409.467 313.907 264
408.929 310.21 264
410.345 306.753 264
407.754 302.857 264
410.103 299.488 264
410.432 295.908 264
410.73 292.325 264
409.999 288.67 264
412.23 285.213 264
412.434 281.615 264
412.607 278.015 264
411.749 274.379 264
411.859 270.785 264
412.937 267.208 264
412.984 263.604 264
415 260 264
413.984 256.387 264
413.937 252.775 264
413.858 249.163 264
412.748 245.587 264
411.608 242.029 264
412.434 238.385 264
414.226 234.665 264
413.989 231.051 264
414.718 227.361 264
412.425 223.918 264
413.089 220.224 264
412.727 216.621 264
411.339 213.134 264
410.914 209.546 264
412.441 205.701 264
411.952 202.104 264
413.409 198.216 264
412.854 194.61 264
409.309 191.505 264
409.68 187.762 264
411.001 183.826 264
408.357 180.623 264
410.588 176.465 264
407.888 173.301 264
407.115 169.745 264
0 260 264
0 260 264
0 260 264
0 260 264
0 260 264
0 260 264
0 260 264
0 260 264
71.7229 238.072 264
71.5288 237.447 264
0 260 264
0 260 264
0 260 264
39.5909 245.98 264
37.5877 246.319 264
36.5302 246.342 264
35.4761 246.382 264
35.3559 246.073 264
35.233 245.765 264
35.1074 245.458 264
34.0587 245.543 264
33.9312 245.246 264
32.8876 245.357 264
32.7586 245.071 264
31.7208 245.208 264
33.3957 244.071 264
32.3566 244.219 264
32.2176 243.937 264
31.1852 244.11 264
31.0454 243.839 264
30.9032 243.568 264
29.001 244.254 264
29.7371 243.516 264
29.5921 243.258 264
27.7128 244 264
28.4338 243.251 264
27.4294 243.519 264
28.1371 242.758 264
28.8336 241.983 264
28.6753 241.732 264
27.6761 242.027 264
27.5182 241.786 264
25.7002 242.665 264
26.372 241.875 264
26.2129 241.646 264
25.2376 241.998 264
25.0795 241.779 264
23.3118 242.75 264
23.9591 241.946 264
34.9075 233.214 264
40.9766 227.986 264
33.6522 233.232 264
26.423 238.603 264
25.4636 239.009 264
22.9813 240.716 264
0 260 264
0 260 264
0 260 264
0 260 264
0 260 264
0 260 264
0 260 264
0 260 264
0 260 264
0 260 264
0 260 264
