-0 260 120
-0 260 120
-0 260 120
-0 260 120
-0 260 120
-0 260 120
-0 260 120
-0 260 120
-15.8489 246.223 120
-23.5726 239.867 120
-26.8116 237.502 120
-27.7785 237.101 120
-32.6401 233.569 120
-40.6956 227.629 120
-41.7646 227.37 120
-26.1807 239.911 120
-26.355 240.14 120
-27.3311 239.776 120
-25.8885 241.191 120
-26.8658 240.837 120
-27.032 241.072 120
-26.372 241.875 120
-26.5292 242.106 120
-27.5182 241.786 120
-27.6761 242.027 120
-27.8319 242.269 120
-26.2895 243.573 120
-26.4318 243.803 120
-29.1437 242.489 120
-28.4338 243.251 120
-28.5788 243.5 120
-27.8514 244.242 120
-27.1132 244.971 120
-29.001 244.254 120
-29.1373 244.507 120
-30.1584 244.301 120
-31.1852 244.11 120
-30.4278 244.829 120
-30.559 245.095 120
-31.5905 244.932 120
-31.7208 245.208 120
-31.8486 245.486 120
-31.9741 245.764 120
-33.9312 245.246 120
-33.1382 245.934 120
-35.1074 245.458 120
-35.233 245.765 120
-35.3559 246.073 120
-35.4761 246.382 120
-37.4669 245.992 120
-39.4671 245.635 120
-0 260 120
-0 260 120
-0 260 120
-71.3292 236.824 120
-72.4825 237.146 120
-0 260 120
-0 260 120
-0 260 120
-0 260 120
-0 260 120
-0 260 120
-0 260 120
-0 260 120
-0 260 120
-0 260 120
-0 260 120
-0 260 120
-0 260 120
-0 260 120
-0 260 120
-0 260 120
-695.333 149.87 120
-697.256 155.794 120
-697.149 162.022 120
-696.986 168.24 120
-697.76 174.326 120
-697.487 180.531 120
-699.149 186.517 120
-698.768 192.716 120
-699.329 198.817 120
-699.836 204.922 120
-699.292 211.101 120
-699.693 217.205 120
-699.041 223.365 120
-699.334 229.467 120
-699.574 235.57 120
-699.76 241.676 120
-698.894 247.801 120
-698.973 253.9 120
-700 260 120
-698.973 266.1 120
-698.894 272.199 120
-697.761 278.272 120
-695.576 284.29 120
-697.336 290.446 120
-697.043 296.531 120
-694.702 302.49 120
-695.302 308.62 120
-694.851 314.686 120
-693.352 320.66 120
-692.796 326.709 120
-691.193 332.647 120
-689.539 338.563 120
-688.827 344.577 120
-688.063 350.585 120
-685.265 356.308 120
-685.388 362.432 120
-684.468 368.409 120
-682.51 374.213 120
-680.502 379.991 120
-678.446 385.743 120
-677.323 391.658 120
-675.168 397.365 120
-673.944 403.251 120
-670.715 408.694 120
-669.392 414.541 120
-668.018 420.377 120
-665.623 425.959 120
-664.149 431.761 120
-661.659 437.291 120
-659.123 442.791 120
-656.542 448.26 120
-653.915 453.699 120
-651.244 459.105 120
-649.481 464.781 120
-646.718 470.132 120
-643.912 475.45 120
-642.007 481.061 120
-639.111 486.321 120
-635.232 491.206 120
-632.254 496.39 120
-630.167 501.898 120
-625.241 506.289 120
-623.995 512.11 120
-620.847 517.163 120
-617.659 522.181 120
-614.43 527.162 120
-611.162 532.107 120
-606.944 536.6 120
-604.507 541.886 120
-599.317 545.859 120
-598.597 551.955 120
-594.236 556.275 120
-591.628 561.45 120
-588.975 566.601 120
-584.511 570.79 120
-580.898 575.402 120
-576.374 579.49 120
-572.694 584.015 120
-568.113 588 120
-566.09 593.453 120
-563.159 598.38 120
-558.479 602.237 120
-554.623 606.567 120
-550.735 610.857 120
-547.652 615.649 120
-542.026 618.759 120
-538.045 622.916 120
-534.858 627.598 120
-530.81 631.678 120
-526.733 635.715 120
-522.625 639.709 120
-517.684 643.066 120
-513.523 646.967 120
-510.92 652.042 120
-505.115 654.639 120
-501.652 659.032 120
-495.819 661.506 120
-492.296 665.818 120
-487.97 669.456 120
-485.139 674.348 120
-479.995 677.254 120
-475.587 680.764 120
-470.411 683.56 120
-465.959 686.973 120
-460.753 689.659 120
-456.986 693.663 120
-452.465 696.94 120
-447.921 700.171 120
-444.063 704.063 120
-437.367 705.068 120
-433.467 708.868 120
-427.468 710.458 120
-422.839 713.439 120
-419.541 717.849 120
-412.854 718.52 120
-408.837 722.106 120
-403.476 724.146 120
-400.06 728.41 120
-394.672 730.351 120
-388.644 731.463 120
-384.515 734.836 120
-379.111 736.608 120
-373.706 738.323 120
-369.518 741.566 120
-364.7 743.973 120
-359.273 745.53 120
-354.434 747.837 120
-349.583 750.098 120
-344.146 751.491 120
-338.711 752.827 120
-334.397 755.765 120
-328.402 756.162 120
-323.516 758.17 120
-318.619 760.131 120
-313.712 762.045 120
-309.319 764.763 120
-303.357 764.872 120
-298.94 767.5 120
-293.5 768.357 120
-288.068 769.158 120
-279.735 764.656 120
-264.823 747.744 120
-256.801 742.972 120
-251.653 743.421 120
-246.971 744.708 120
-253.887 769.218 120
-252.063 776.807 120
-247.113 778.084 120
-242.16 779.314 120
-236.375 778.678 120
-231.84 780.721 120
-226.888 781.807 120
-221.545 781.926 120
-216.599 782.916 120
-211.278 782.932 120
-206.34 783.825 120
-201.044 783.739 120
-196.116 784.536 120
-191.189 785.288 120
-185.93 785.051 120
-181.016 785.708 120
-175.787 785.371 120
-170.577 784.983 120
-165.689 785.498 120
-160.512 785.011 120
-155.64 785.433 120
-150.774 785.81 120
-145.912 786.142 120
-140.798 785.464 120
-135.956 785.704 120
-130.88 784.93 120
-126.06 785.08 120
-121.249 785.185 120
-116.228 784.271 120
-111.441 784.287 120
-106.462 783.28 120
-101.701 783.207 120
-97.1315 784.075 120
-92.2071 782.933 120
-87.4752 782.731 120
-82.7538 782.487 120
-78.0433 782.2 120
-73.3442 781.871 120
-68.5262 780.509 120
-63.8595 780.094 120
-59.2052 779.638 120
-54.4593 778.146 120
-49.8397 777.606 120
-45.2338 777.025 120
-40.5633 775.406 120
-36.0641 775.741 120
-31.44 774.039 120
-26.953 774.294 120
-22.3767 772.512 120
-17.7987 769.689 120
-13.324 768.826 120
-8.88324 768.922 120
-4.43304 767.981 120
3.82019e-05 766 120
4.41566 765.981 120
8.7786 762.923 120
13.1409 761.828 120
17.5196 761.694 120
21.8097 759.524 120
26.0633 757.318 120
30.4022 757.071 120
34.669 755.789 120
38.8373 753.474 120
43.055 752.12 120
47.252 750.73 120
51.428 749.305 120
55.5828 747.844 120
59.716 746.348 120
63.8273 744.817 120
67.6382 741.27 120
71.8354 740.662 120
75.8707 739.029 120
79.8831 737.362 120
83.8721 735.662 120
87.4731 731.962 120
91.2067 729.218 120
95.2979 728.404 120
99.1739 726.576 120
103.242 725.693 120
107.077 723.8 120
110.653 720.903 120
114.671 719.92 120
118.43 717.934 120
121.645 713.985 120
125.602 712.906 120
129.55 711.793 120
133.203 709.686 120
136.538 706.594 120
139.528 702.525 120
143.075 700.339 120
147.229 700.022 120
150.413 696.83 120
154.219 695.5 120
158.013 694.138 120
160.745 689.933 120
164.491 688.513 120
167.491 685.201 120
170.446 681.869 120
174.886 682.213 120
177.392 677.909 120
180.235 674.511 120
184.658 674.75 120
187.856 672.212 120
191.023 669.651 120
192.438 663.456 120
195.952 661.761 120
200.343 661.826 120
203.388 659.171 120
205.478 654.72 120
208.445 652.029 120
210.904 648.437 120
214.771 647.457 120
218.144 645.568 120
221 642.783 120
224.332 640.84 120
226.617 637.154 120
229.377 634.309 120
232.635 632.293 120
235.337 629.405 120
237.463 625.66 120
240.645 623.574 120
244.367 622.289 120
246.387 618.495 120
248.932 615.512 120
252.025 613.326 120
252.748 607.877 120
256.369 606.462 120
259.984 605.011 120
261.767 601.142 120
264.119 598.057 120
266.436 594.956 120
269.349 592.618 120
270.969 588.712 120
273.185 585.569 120
275.366 582.412 120
278.825 580.752 120
280.288 576.808 120
282.373 573.607 120
285.775 571.868 120
288.485 569.363 120
289.797 565.383 120
291.757 562.123 120
294.382 559.565 120
294.156 554.156 120
298.852 553.681 120
299.965 549.673 120
302.481 547.044 120
304.243 543.711 120
305.233 539.694 120
307.662 537.02 120
308.57 532.999 120
311.695 530.952 120
314.048 528.222 120
316.376 525.471 120
318.681 522.7 120
318.63 518.021 120
321.652 515.854 120
323.084 512.421 120
325.275 509.592 120
325.843 505.541 120
329.581 503.877 120
330.079 499.816 120
332.973 497.507 120
335.033 494.593 120
336.243 491.094 120
336.589 487.032 120
339.392 484.638 120
341.339 481.668 120
340.73 477.069 120
344.308 475.147 120
345.319 471.612 120
348.01 469.105 120
348.96 465.553 120
349.008 461.5 120
351.624 458.939 120
353.346 455.863 120
355.042 452.772 120
354.945 448.728 120
355.691 445.161 120
359.076 442.958 120
359.764 439.372 120
361.315 436.225 120
361.937 432.635 120
363.429 429.47 120
364.894 426.292 120
364.505 422.288 120
365.907 419.101 120
367.281 415.902 120
369.552 413.073 120
370.874 409.843 120
372.167 406.6 120
372.499 402.989 120
372.796 399.383 120
373.058 395.782 120
375.171 392.855 120
377.262 389.902 120
378.381 386.605 120
378.52 382.989 120
378.626 379.38 120
379.653 376.072 120
379.693 372.47 120
380.66 369.152 120
382.561 366.094 120
382.507 362.492 120
384.355 359.401 120
385.207 356.043 120
384.086 352.211 120
385.851 349.081 120
385.637 345.494 120
387.346 342.333 120
387.07 338.75 120
388.724 335.56 120
387.402 331.801 120
389.984 328.765 120
389.583 325.194 120
390.137 321.792 120
390.661 318.385 120
390.166 314.834 120
390.629 311.427 120
393.048 308.26 120
392.461 304.715 120
391.842 301.184 120
393.181 297.859 120
393.497 294.427 120
394.779 291.07 120
395.035 287.624 120
396.26 284.236 120
395.457 280.725 120
395.623 277.273 120
396.758 273.855 120
396.864 270.392 120
393.94 266.876 120
394.985 263.447 120
395 260 120
395.985 256.544 120
397.939 253.054 120
395.864 249.634 120
394.759 246.215 120
396.622 242.683 120
395.457 239.275 120
396.26 235.764 120
396.033 232.307 120
393.782 229.009 120
394.493 225.486 120
395.172 221.949 120
394.825 218.502 120
396.435 214.832 120
395.033 211.496 120
394.595 208.051 120
394.127 204.609 120
392.639 201.32 120
392.112 197.896 120
393.528 194.146 120
392.938 190.714 120
393.302 187.106 120
391.669 183.867 120
390.01 180.652 120
390.281 177.043 120
388.566 173.857 120
0 260 120
0 260 120
0 260 120
0 260 120
0 260 120
0 260 120
0 260 120
0 260 120
72.6792 237.78 120
73.4362 236.846 120
0 260 120
0 260 120
0 260 120
39.5909 245.98 120
38.5274 245.977 120
37.4669 245.992 120
37.3432 245.665 120
36.2863 245.706 120
36.1602 245.39 120
35.1074 245.458 120
34.0587 245.543 120
34.8483 244.848 120
33.8012 244.951 120
32.7586 245.071 120
33.5334 244.363 120
33.3957 244.071 120
33.2554 243.78 120
33.1126 243.491 120
31.1852 244.11 120
31.0454 243.839 120
30.0202 244.038 120
28.1221 244.731 120
28.8625 244.001 120
28.7217 243.75 120
27.7128 244 120
28.4338 243.251 120
29.1437 242.489 120
29.8424 241.713 120
28.8336 241.983 120
27.8319 242.269 120
27.6761 242.027 120
27.5182 241.786 120
28.1873 240.987 120
26.372 241.875 120
27.032 241.072 120
25.2376 241.998 120
25.0795 241.779 120
25.7234 240.966 120
23.9591 241.946 120
34.9075 233.214 120
40.9766 227.986 120
32.8695 233.854 120
25.6458 239.232 120
26.2352 238.373 120
22.9813 240.716 120
0 260 120
0 260 120
0 260 120
0 260 120
0 260 120
0 260 120
0 260 120
0 260 120
0 260 120
0 260 120
0 260 120
