-0 260 258
-0 260 258
-0 260 258
-0 260 258
-0 260 258
-0 260 258
-0 260 258
-0 260 258
-17.3583 244.911 258
-22.8122 240.517 258
-25.2795 238.788 258
-27.0069 237.737 258
-34.9716 231.681 258
-43.8261 225.139 258
-40.9766 227.986 258
-26.974 239.302 258
-25.5563 240.742 258
-26.5273 240.371 258
-26.6976 240.603 258
-26.8658 240.837 258
-25.3937 242.219 258
-26.372 241.875 258
-26.5292 242.106 258
-27.5182 241.786 258
-26.8375 242.572 258
-26.9885 242.806 258
-27.1375 243.043 258
-28.1371 242.758 258
-28.2865 243.004 258
-27.5721 243.759 258
-28.5788 243.5 258
-27.8514 244.242 258
-27.9878 244.486 258
-29.001 244.254 258
-30.0202 244.038 258
-31.0454 243.839 258
-31.1852 244.11 258
-30.4278 244.829 258
-30.559 245.095 258
-31.5905 244.932 258
-31.7208 245.208 258
-31.8486 245.486 258
-31.9741 245.764 258
-33.0142 245.645 258
-34.9792 245.152 258
-36.0313 245.075 258
-34.3058 246.14 258
-35.3559 246.073 258
-36.4096 246.024 258
-36.5302 246.342 258
-39.4671 245.635 258
-42.4189 244.979 258
-0 260 258
-0 260 258
-73.2314 236.206 258
-70.5751 237.748 258
-0 260 258
-71.9115 238.699 258
-0 260 258
-0 260 258
-0 260 258
-0 260 258
-0 260 258
-0 260 258
-0 260 258
-0 260 258
-0 260 258
-0 260 258
-0 260 258
-0 260 258
-0 260 258
-0 260 258
-672.616 153.468 258
-672.531 159.49 258
-674.373 165.223 258
-676.165 170.981 258
-675.924 177.007 258
-676.622 182.909 258
-676.275 188.921 258
-675.874 194.921 258
-677.412 200.734 258
-676.907 206.726 258
-678.344 212.566 258
-677.734 218.548 258
-677.071 224.516 258
-678.354 230.383 258
-678.586 236.303 258
-676.768 242.278 258
-677.897 248.167 258
-677.974 254.084 258
-678 260 258
-677.974 265.917 258
-677.897 271.833 258
-676.768 277.722 258
-677.587 283.662 258
-675.357 289.487 258
-675.074 295.379 258
-675.737 301.33 258
-674.353 307.155 258
-672.919 312.96 258
-673.428 318.917 258
-671.892 324.696 258
-671.302 330.557 258
-670.661 336.412 258
-667.984 342.018 258
-668.234 347.975 258
-666.45 353.664 258
-664.619 359.328 258
-664.714 365.28 258
-663.77 371.077 258
-661.791 376.692 258
-658.781 382.098 258
-657.69 387.842 258
-656.55 393.577 258
-655.359 399.301 258
-654.118 405.015 258
-651.854 410.492 258
-649.543 415.942 258
-648.158 421.604 258
-646.723 427.254 258
-643.307 432.374 258
-641.778 437.981 258
-639.239 443.299 258
-637.615 448.87 258
-634.986 454.135 258
-633.268 459.669 258
-631.501 465.187 258
-629.687 470.69 258
-625.933 475.526 258
-623.086 480.646 258
-621.137 486.075 258
-618.204 491.137 258
-614.296 495.806 258
-613.145 501.524 258
-610.087 506.491 258
-606.989 511.423 258
-604.772 516.71 258
-600.674 521.181 258
-596.545 525.599 258
-595.115 531.209 258
-591.819 535.97 258
-588.486 540.693 258
-585.115 545.38 258
-583.497 550.921 258
-579.154 555.094 258
-575.67 559.675 258
-573.033 564.687 258
-569.473 569.199 258
-565.879 573.672 258
-562.25 578.106 258
-558.586 582.5 258
-554.889 586.855 258
-552.016 591.685 258
-549.1 596.489 258
-543.599 599.678 258
-540.614 604.409 258
-537.588 609.114 258
-532.853 612.688 258
-528.097 616.206 258
-525.792 621.367 258
-520.981 624.795 258
-517.777 629.327 258
-513.726 633.244 258
-508.841 636.523 258
-504.738 640.347 258
-500.606 644.129 258
-497.235 648.482 258
-491.478 650.939 258
-488.048 655.213 258
-483.809 658.821 258
-480.31 663.028 258
-475.254 665.905 258
-471.693 670.037 258
-465.85 672.15 258
-461.493 675.53 258
-457.849 679.542 258
-452.708 682.157 258
-448.281 685.403 258
-444.552 689.299 258
-440.075 692.461 258
-435.578 695.578 258
-429.657 697.223 258
-425.826 700.955 258
-420.585 703.204 258
-416.019 706.126 258
-411.434 709.002 258
-406.162 711.089 258
-401.548 713.867 258
-396.916 716.599 258
-392.267 719.285 258
-386.958 721.159 258
-381.647 722.975 258
-377.592 726.288 258
-372.264 728 258
-366.934 729.654 258
-362.822 732.839 258
-358.08 735.188 258
-353.325 737.491 258
-347.381 738.129 258
-342.615 740.328 258
-337.263 741.661 258
-332.48 743.762 258
-328.246 746.645 258
-322.331 746.989 258
-318.069 749.784 258
-313.246 751.697 258
-308.413 753.564 258
-303.049 754.531 258
-297.177 754.586 258
-292.85 757.16 258
-287.5 757.965 258
-282.159 758.714 258
-277.796 761.157 258
-272.458 761.805 258
-267.129 762.397 258
-262.273 763.822 258
-256.505 763.419 258
-240.501 742.37 258
-232.775 737.26 258
-227.31 736.565 258
-222.72 737.624 258
-221.861 746.829 258
-226.552 768.845 258
-222.502 771.72 258
-217.637 772.721 258
-212.389 772.753 258
-207.157 772.733 258
-202.309 773.591 258
-197.102 773.469 258
-191.914 773.296 258
-187.427 774.952 258
-182.592 775.625 258
-177.435 775.308 258
-172.614 775.888 258
-167.487 775.473 258
-162.682 775.961 258
-157.881 776.405 258
-153.084 776.804 258
-148.293 777.159 258
-143.24 776.506 258
-138.209 775.804 258
-133.452 776.023 258
-128.702 776.197 258
-123.959 776.328 258
-118.999 775.442 258
-114.28 775.484 258
-109.777 776.462 258
-104.668 774.46 258
-100.365 776.336 258
-95.4914 775.226 258
-90.6443 774.07 258
-85.9898 773.855 258
-81.5023 774.586 258
-76.713 773.299 258
-72.0916 772.959 258
-67.482 772.577 258
-62.8845 772.154 258
-58.1864 770.696 258
-53.7276 771.184 258
-49.073 769.643 258
-44.7109 771.048 258
-40.0141 768.428 258
-35.5758 768.758 258
-31.0737 768.051 258
-26.5866 767.304 258
-22.115 766.517 258
-17.6242 764.692 258
-13.1931 763.827 258
-8.79597 763.923 258
-4.38941 762.981 258
3.78999e-05 762 258
4.36331 759.981 258
8.70879 758.924 258
13.0362 757.829 258
17.3102 755.698 258
21.6353 755.528 258
25.9063 754.322 258
30.2191 754.077 258
34.2505 749.804 258
38.6019 750.483 258
42.8807 750.128 258
46.9645 747.744 258
51.0099 745.327 258
55.3564 745.857 258
59.4723 744.363 258
63.5663 742.834 258
67.6382 741.27 258
71.6876 739.673 258
75.7143 738.041 258
79.553 735.39 258
83.3512 732.708 258
87.4731 731.962 258
91.3975 730.199 258
95.2979 728.404 258
99.1739 726.576 258
103.242 725.693 258
107.077 723.8 258
110.887 721.876 258
114.671 719.92 258
118.43 717.934 258
122.163 715.917 258
125.869 713.87 258
129.55 711.793 258
133.487 710.645 258
137.122 708.507 258
140.73 706.34 258
144.311 704.143 258
148.181 702.867 258
150.738 697.775 258
154.886 697.386 258
158.355 695.078 258
162.496 694.616 258
165.208 690.381 258
168.224 687.062 258
172.694 687.432 258
175.269 683.137 258
178.564 680.671 258
182.228 679.096 258
185.472 676.577 258
188.271 673.122 258
192.291 672.37 258
195.022 668.871 258
198.582 667.154 258
202.128 665.405 258
205.204 662.735 258
208.249 660.042 258
211.732 658.209 258
214.244 654.589 258
217.195 651.83 258
220.606 649.919 258
223.5 647.113 258
225.855 643.425 258
228.677 640.582 258
232.512 639.425 258
234.754 635.685 258
237.486 632.779 258
240.73 630.692 258
243.956 628.578 258
246.604 625.606 258
249.219 622.616 258
251.226 618.789 258
253.767 615.768 258
256.274 612.731 258
260.532 612.089 258
262.993 609.004 258
264.811 605.109 258
267.813 602.785 258
270.171 599.652 258
273.125 597.281 258
274.15 592.57 258
276.399 589.399 258
279.912 587.735 258
282.105 584.525 258
284.264 581.302 258
285.719 577.323 258
289.828 576.292 258
291.213 572.288 258
293.927 569.735 258
295.924 566.439 258
297.186 562.418 258
300.52 560.52 258
303.131 557.886 258
304.281 553.84 258
306.833 551.174 258
307.9 547.121 258
309.656 543.748 258
313.607 542.373 258
313.812 537.638 258
316.978 535.545 258
319.371 532.768 258
320.973 529.328 258
323.311 526.517 258
325.624 523.685 258
326.348 519.589 258
327.812 516.115 258
330.828 513.854 258
333.031 510.957 258
334.404 507.446 258
334.933 503.343 258
337.858 500.992 258
339.129 497.461 258
341.188 494.492 258
343.222 491.506 258
345.229 488.502 258
345.532 484.391 258
348.321 481.905 258
350.244 478.857 258
352.993 476.314 258
354.867 473.226 258
354.13 468.598 258
356.802 466 258
357.716 462.386 258
361.218 460.226 258
362.073 456.589 258
362.891 452.953 258
365.448 450.24 258
365.313 446.136 258
367.818 443.387 258
367.607 439.294 258
369.157 436.079 258
369.774 432.428 258
371.264 429.195 258
372.727 425.949 258
375.995 423.487 258
377.407 420.2 258
377.867 416.518 258
377.364 412.465 258
379.61 409.532 258
379.967 405.856 258
383.099 403.235 258
383.395 399.544 258
384.598 396.193 258
385.772 392.832 258
386.916 389.46 258
387.08 385.77 258
388.163 382.387 258
388.26 378.703 258
389.281 375.31 258
390.272 371.909 258
392.198 368.766 258
393.132 365.339 258
394.036 361.905 258
393.94 358.22 258
394.782 354.779 258
395.594 351.33 258
396.376 347.874 258
397.128 344.412 258
397.849 340.943 258
399.522 337.659 258
399.201 333.988 258
399.832 330.501 258
399.446 326.844 258
401.989 323.669 258
400.551 319.863 258
401.059 316.365 258
402.527 312.994 258
403.966 309.601 258
403.39 305.961 258
405.765 302.648 258
406.122 299.105 258
405.451 295.472 258
404.748 291.854 258
404.013 288.251 258
407.239 284.908 258
407.441 281.353 258
407.612 277.797 258
407.751 274.239 258
406.861 270.654 258
406.938 267.103 258
405.985 263.543 258
406 260 258
406.985 256.448 258
406.938 252.897 258
406.861 249.346 258
408.751 245.726 258
407.612 242.203 258
407.441 238.647 258
406.241 235.153 258
407.006 231.539 258
406.742 227.989 258
407.444 224.353 258
408.112 220.703 258
408.748 217.039 258
408.358 213.473 258
407.936 209.912 258
407.484 206.354 258
406.01 202.939 258
406.486 199.25 258
406.928 195.549 258
407.336 191.835 258
405.741 188.457 258
405.101 184.919 258
402.467 181.768 258
405.689 177.462 258
403.975 174.132 258
403.21 170.61 258
0 260 258
0 260 258
0 260 258
0 260 258
0 260 258
0 260 258
0 260 258
0 260 258
70.7666 238.364 258
71.5288 237.447 258
0 260 258
0 260 258
0 260 258
38.6483 246.314 258
38.5274 245.977 258
36.5302 246.342 258
36.4096 246.024 258
36.2863 245.706 258
35.233 245.765 258
35.1074 245.458 258
34.9792 245.152 258
33.9312 245.246 258
34.7147 244.544 258
32.7586 245.071 258
33.5334 244.363 258
34.2982 243.641 258
34.1542 243.342 258
34.0075 243.044 258
31.1852 244.11 258
31.9324 243.377 258
30.9032 243.568 258
29.8798 243.777 258
29.7371 243.516 258
28.7217 243.75 258
28.5788 243.5 258
29.2954 242.744 258
28.2865 243.004 258
29.8424 241.713 258
28.8336 241.983 258
27.8319 242.269 258
26.8375 242.572 258
27.5182 241.786 258
28.1873 240.987 258
27.1962 241.309 258
26.2129 241.646 258
26.0517 241.418 258
25.0795 241.779 258
24.1157 242.155 258
23.9591 241.946 258
34.9075 233.214 258
40.9766 227.986 258
35.2174 231.987 258
26.423 238.603 258
26.2352 238.373 258
22.9813 240.716 258
0 260 258
0 260 258
0 260 258
0 260 258
0 260 258
0 260 258
0 260 258
0 260 258
0 260 258
0 260 258
0 260 258
