-0 260 87
-0 260 87
-0 260 87
-0 260 87
-0 260 87
-0 260 87
-0 260 87
-0 260 87
-16.6036 245.567 87
-22.8122 240.517 87
-26.8116 237.502 87
-25.4636 239.009 87
-33.4173 232.939 87
-42.2608 226.384 87
-40.1886 228.601 87
-26.974 239.302 87
-25.5563 240.742 87
-26.5273 240.371 87
-26.6976 240.603 87
-26.0517 241.418 87
-26.2129 241.646 87
-25.5479 242.441 87
-25.7002 242.665 87
-26.6843 242.338 87
-26.8375 242.572 87
-26.1451 243.344 87
-27.1375 243.043 87
-28.1371 242.758 87
-28.2865 243.004 87
-27.5721 243.759 87
-28.5788 243.5 87
-27.8514 244.242 87
-27.9878 244.486 87
-28.1222 244.731 87
-30.0202 244.038 87
-30.1584 244.301 87
-30.2942 244.564 87
-29.5328 245.275 87
-31.4578 244.657 87
-31.5905 244.932 87
-30.8145 245.631 87
-31.8486 245.486 87
-31.9741 245.764 87
-33.0142 245.645 87
-34.0587 245.543 87
-34.1835 245.841 87
-34.3058 246.14 87
-35.3559 246.073 87
-34.5425 246.74 87
-36.5302 246.342 87
-39.4671 245.635 87
-42.4189 244.979 87
-0 260 87
-0 260 87
-71.3292 236.824 87
-69.6213 238.048 87
-0 260 87
-69.9938 239.267 87
-0 260 87
-0 260 87
-0 260 87
-0 260 87
-0 260 87
-0 260 87
-0 260 87
-0 260 87
-0 260 87
-0 260 87
-0 260 87
-0 260 87
-0 260 87
-0 260 87
-689.406 150.809 87
-689.344 156.977 87
-690.217 162.996 87
-691.037 169.023 87
-691.805 175.057 87
-692.52 181.097 87
-693.182 187.144 87
-692.796 193.291 87
-692.355 199.427 87
-692.858 205.471 87
-693.307 211.519 87
-691.707 217.693 87
-693.049 223.679 87
-693.339 229.728 87
-693.577 235.78 87
-693.762 241.833 87
-692.894 247.906 87
-692.974 253.953 87
-693 260 87
-692.974 266.048 87
-691.895 272.077 87
-691.763 278.115 87
-690.579 284.116 87
-690.342 290.141 87
-690.053 296.164 87
-688.713 302.124 87
-688.319 308.132 87
-686.876 314.058 87
-686.378 320.05 87
-685.828 326.038 87
-684.231 331.916 87
-683.577 337.884 87
-680.887 343.602 87
-680.131 349.541 87
-680.314 355.612 87
-677.476 361.25 87
-675.579 367.001 87
-675.606 373.058 87
-671.639 378.428 87
-669.597 384.102 87
-670.451 390.323 87
-668.309 395.969 87
-666.118 401.588 87
-664.858 407.395 87
-662.572 412.967 87
-660.239 418.509 87
-657.86 424.023 87
-656.404 429.758 87
-654.898 435.479 87
-652.378 440.92 87
-649.813 446.331 87
-647.203 451.71 87
-645.506 457.351 87
-642.805 462.676 87
-639.11 467.66 87
-636.325 472.912 87
-632.552 477.805 87
-629.684 482.983 87
-628.654 488.812 87
-625.697 493.939 87
-622.698 499.032 87
-620.588 504.456 87
-617.504 509.488 87
-613.456 514.102 87
-610.295 519.055 87
-606.177 523.573 87
-604.767 529.26 87
-601.484 534.112 87
-598.163 538.928 87
-594.804 543.707 87
-591.406 548.448 87
-586.182 552.26 87
-584.5 557.818 87
-580.992 562.445 87
-577.448 567.034 87
-573.868 571.585 87
-570.252 576.096 87
-566.602 580.568 87
-562.916 585 87
-560.059 589.9 87
-555.444 593.745 87
-550.806 597.534 87
-548.687 602.858 87
-543.144 606.021 87
-540.942 611.292 87
-537.022 615.447 87
-533.071 619.561 87
-529.089 623.633 87
-524.257 627.089 87
-521.034 631.65 87
-515.344 634.419 87
-512.057 638.902 87
-507.134 642.153 87
-504.573 647.172 87
-499.599 650.329 87
-485.217 645.959 87
-455.407 628.782 87
-452.172 632.742 87
-452.732 639.888 87
-470.691 662.008 87
-473.958 672.005 87
-468.097 674.138 87
-465.209 678.876 87
-460.798 682.244 87
-455.633 684.885 87
-451.908 688.845 87
-447.429 692.078 87
-442.215 694.564 87
-436.992 696.992 87
-432.461 700.076 87
-427.215 702.394 87
-423.338 706.105 87
-418.747 709.051 87
-413.461 711.214 87
-410.177 715.548 87
-405.523 718.361 87
-399.54 719.618 87
-394.215 721.566 87
-389.529 724.223 87
-384.827 726.833 87
-380.109 729.396 87
-375.376 731.913 87
-371.244 735.171 87
-365.866 736.805 87
-361.089 739.181 87
-355.109 739.903 87
-350.32 742.174 87
-346.099 745.213 87
-341.278 747.396 87
-335.879 748.707 87
-331.042 750.79 87
-326.747 753.66 87
-321.882 755.654 87
-315.932 755.914 87
-310.533 756.956 87
-305.662 758.795 87
-300.782 760.586 87
-295.387 761.468 87
-291 764.027 87
-285.606 764.806 87
-281.19 767.279 87
-275.798 767.956 87
-270.885 769.461 87
-265.967 770.918 87
-260.137 770.547 87
-255.671 772.797 87
-250.31 773.211 87
-245.822 775.376 87
-240.047 774.783 87
-235.131 775.948 87
-230.213 777.067 87
-224.894 777.222 87
-220.372 779.165 87
-215.068 779.22 87
-210.154 780.15 87
-204.874 780.103 87
-199.969 780.938 87
-195.416 782.663 87
-190.163 782.469 87
-185.263 783.166 87
-180.039 782.872 87
-175.152 783.475 87
-169.65 782.13 87
-165.087 783.591 87
-159.927 783.099 87
-154.788 782.557 87
-149.947 782.926 87
-145.11 783.251 87
-140.539 784.498 87
-135.456 783.768 87
-130.638 783.96 87
-125.594 783.135 87
-121.024 784.211 87
-116.012 783.295 87
-111.233 783.309 87
-106.263 782.3 87
-101.51 782.226 87
-96.767 782.108 87
-92.0335 781.948 87
-87.1451 780.759 87
-82.4409 780.512 87
-77.7477 780.222 87
-72.9267 778.9 87
-68.3957 779.517 87
-63.6158 778.109 87
-58.9788 777.651 87
-54.3548 777.151 87
-49.7439 776.611 87
-45.0595 775.033 87
-40.5633 775.406 87
-35.9245 773.745 87
-31.3789 773.041 87
-26.796 771.298 87
-22.3331 771.513 87
-17.8336 770.689 87
-13.3502 769.825 87
-8.86578 767.923 87
-4.42432 766.981 87
3.79754e-05 763 87
4.40694 764.981 87
8.7786 762.923 87
13.1147 760.828 87
17.4498 759.695 87
21.8097 759.524 87
26.0633 757.318 87
30.4022 757.071 87
34.669 755.789 87
38.9157 754.471 87
43.055 752.12 87
47.252 750.73 87
51.219 747.316 87
55.5828 747.844 87
59.5941 745.355 87
63.6968 743.825 87
67.7773 742.261 87
71.9832 741.651 87
75.8707 739.029 87
79.553 735.39 87
83.5248 733.693 87
87.6553 732.946 87
91.7792 732.163 87
95.2979 728.404 87
99.3818 727.555 87
103.458 726.669 87
107.077 723.8 87
110.653 720.903 87
114.187 717.98 87
118.179 716.966 87
122.163 715.917 87
125.869 713.87 87
129.55 711.793 87
132.351 706.81 87
137.122 708.507 87
140.43 705.386 87
144.002 703.192 87
147.864 701.919 87
150.738 697.775 87
150.881 686.074 87
143.648 654.671 87
145.686 649.656 87
149.081 648.369 87
153.564 649.845 87
156.586 647.563 87
161.875 650.801 87
173.485 668.704 87
181.83 678.179 87
184.252 673.836 87
188.685 674.032 87
191.869 671.464 87
195.022 668.871 87
198.144 666.255 87
201.235 663.615 87
202.934 658.28 87
206.863 657.381 87
210.323 655.561 87
212.813 651.952 87
216.71 650.955 87
219.621 648.179 87
221.5 643.649 87
225.347 642.563 87
227.132 638.011 87
229.899 635.162 87
232.635 632.293 87
236.412 631.092 87
239.097 628.176 87
242.3 626.076 87
244.927 623.118 87
246.953 619.319 87
250.653 617.969 87
253.187 614.954 87
255.099 611.113 87
258.153 608.874 87
261.188 606.608 87
263.594 603.522 87
265.966 600.421 87
267.681 596.521 87
269.978 593.396 87
272.241 590.255 87
276.399 589.399 87
277.964 585.454 87
279.481 581.506 87
282.939 579.804 87
284.381 575.837 87
287.126 573.343 87
290.531 571.557 87
292.551 568.284 87
293.146 563.561 87
297.186 562.418 87
298.399 558.399 87
301.705 556.485 87
303.561 553.146 87
305.383 549.797 87
307.169 546.439 87
308.182 542.397 87
310.635 539.697 87
310.817 534.987 87
314.714 533.577 87
317.089 530.82 87
319.441 528.042 87
320.996 524.609 87
321.738 520.539 87
323.217 517.099 87
325.448 514.268 87
327.655 511.418 87
329.038 507.948 87
331.993 505.662 87
333.315 502.168 87
335.416 499.25 87
338.31 496.887 87
337.892 492.227 87
339.905 489.269 87
342.727 486.846 87
343.855 483.302 87
344.947 479.756 87
346.852 476.737 87
349.582 474.224 87
348.867 469.62 87
350.683 466.568 87
354.204 464.5 87
353.364 459.924 87
355.096 456.833 87
356.8 453.726 87
357.594 450.136 87
361.013 447.932 87
362.64 444.774 87
363.343 441.156 87
364.012 437.54 87
366.45 434.787 87
365.242 430.315 87
368.534 427.951 87
369.072 424.322 87
371.409 421.493 87
372.804 418.246 87
373.247 414.604 87
373.655 410.966 87
374.958 407.7 87
374.366 403.706 87
376.542 400.783 87
378.696 397.834 87
380.827 394.858 87
380.098 390.878 87
379.329 386.922 87
383.276 384.534 87
382.44 380.583 87
382.522 376.949 87
383.528 373.606 87
385.466 370.531 87
387.379 367.43 87
388.302 364.045 87
389.195 360.653 87
388.118 356.769 87
388.948 353.378 87
390.722 350.205 87
390.518 346.576 87
391.259 343.165 87
390.01 339.348 87
392.651 336.324 87
394.285 333.076 87
393.923 329.459 87
393.528 325.854 87
395.075 322.574 87
393.628 318.828 87
394.127 315.391 87
395.587 312.08 87
397.018 308.748 87
398.422 305.394 87
397.809 301.811 87
399.154 298.434 87
398.478 294.862 87
399.764 291.462 87
400.023 287.972 87
399.254 284.419 87
400.45 280.987 87
400.618 277.491 87
399.756 273.96 87
401.862 270.523 87
401.939 267.016 87
401.985 263.508 87
400 260 87
399.985 256.509 87
400.939 253.002 87
402.862 249.451 87
401.755 245.97 87
400.618 242.509 87
401.449 238.961 87
401.25 235.458 87
399.026 232.097 87
402.755 228.303 87
400.47 224.963 87
400.149 221.47 87
401.787 217.771 87
400.409 214.379 87
399.996 210.887 87
400.544 207.267 87
398.088 204.052 87
397.584 200.581 87
399.026 196.8 87
399.446 193.156 87
399.832 189.499 87
397.235 186.377 87
395.596 183.104 87
396.87 179.256 87
396.15 175.796 87
394.424 172.558 87
0 260 87
0 260 87
0 260 87
0 260 87
0 260 87
0 260 87
0 260 87
0 260 87
71.7229 238.072 87
72.4825 237.146 87
0 260 87
0 260 87
0 260 87
39.5909 245.98 87
37.5877 246.319 87
37.4669 245.992 87
35.4761 246.382 87
35.3559 246.073 87
36.1602 245.39 87
35.1074 245.458 87
34.0587 245.543 87
33.9312 245.246 87
32.8876 245.357 87
32.7586 245.071 87
32.6271 244.786 87
33.3957 244.071 87
33.2554 243.78 87
34.0075 243.044 87
31.1852 244.11 87
31.0454 243.839 87
30.0202 244.038 87
29.8798 243.777 87
29.7371 243.516 87
28.7217 243.75 87
28.5788 243.5 87
29.2954 242.744 87
29.1437 242.489 87
28.9898 242.235 87
27.9856 242.513 87
26.9885 242.806 87
28.5148 241.482 87
28.3521 241.234 87
27.3582 241.547 87
26.372 241.875 87
26.2129 241.646 87
26.8658 240.837 87
25.0795 241.779 87
24.1157 242.155 87
23.1604 242.547 87
34.9075 233.214 87
40.1885 228.601 87
34.4348 232.609 87
25.6458 239.232 87
26.2352 238.373 87
22.9813 240.716 87
0 260 87
0 260 87
0 260 87
0 260 87
0 260 87
0 260 87
0 260 87
0 260 87
0 260 87
0 260 87
0 260 87
